#link|numall_localions numcommon_locations numdiffv4_locations numdiffv6_locations
1239 11228|2 0 1 1
1239 13462|2 0 1 1
1239 16586|7 1 6 0
1239 22906|2 1 0 1
1239 3786|2 1 1 0
12989 20446|5 3 2 0
12989 32590|8 7 1 0
12989 33438|7 5 1 1
12989 54104|12 2 10 0
13030 10310|5 1 4 0
13030 12306|2 0 1 1
13030 12329|2 0 1 1
13030 12355|2 1 0 1
13030 12399|3 0 2 1
13030 1241|2 1 1 0
13030 1248|3 2 0 1
13030 12552|4 1 0 3
13030 12576|3 1 0 2
13030 12713|3 0 2 1
13030 12715|4 1 3 0
13030 12731|2 1 1 0
13030 12779|2 0 1 1
13030 12859|2 0 1 1
13030 1299|6 3 2 1
13030 12993|2 0 1 1
13030 13237|2 0 1 1
13030 13335|12 9 3 0
13030 13768|5 3 2 0
13030 14361|2 1 1 0
13030 14413|6 2 1 3
13030 14537|3 1 0 2
13030 15133|9 1 8 0
13030 15479|2 1 0 1
13030 15557|4 1 1 2
13030 15772|3 0 2 1
13030 15830|6 2 1 3
13030 15954|2 1 0 1
13030 16242|2 1 0 1
13030 16265|2 1 0 1
13030 16276|4 0 1 3
13030 16509|5 1 2 2
13030 18106|3 2 1 0
13030 19151|3 0 1 2
13030 1921|4 2 0 2
13030 19551|5 3 2 0
13030 198249|2 1 0 1
13030 198288|2 1 0 1
13030 199092|2 1 0 1
13030 199511|2 1 0 1
13030 199714|2 1 0 1
13030 200759|3 0 1 2
13030 20080|2 1 1 0
13030 201701|2 1 0 1
13030 202109|4 2 0 2
13030 202194|2 1 0 1
13030 20473|4 3 1 0
13030 206291|2 1 0 1
13030 206484|2 1 0 1
13030 20799|4 2 0 2
13030 20932|2 0 1 1
13030 20940|10 5 4 1
13030 20988|2 1 0 1
13030 2110|4 2 0 2
13030 2119|3 2 0 1
13030 21219|2 1 1 0
13030 21232|2 1 0 1
13030 21263|2 0 1 1
13030 21320|4 1 0 3
13030 21345|4 0 1 3
13030 21371|3 1 1 1
13030 21385|2 0 1 1
13030 21396|4 2 0 2
13030 22822|3 1 1 1
13030 23393|6 3 3 0
13030 24889|2 1 0 1
13030 2497|3 2 1 0
13030 25164|2 1 0 1
13030 25180|3 1 2 0
13030 25358|2 1 0 1
13030 25375|2 1 0 1
13030 25563|2 1 0 1
13030 260|5 2 1 2
13030 2603|5 3 0 2
13030 2686|6 2 3 1
13030 28792|4 1 0 3
13030 28857|2 1 0 1
13030 29017|4 2 2 0
13030 29056|2 1 0 1
13030 2906|5 4 1 0
13030 29097|2 1 0 1
13030 29119|2 1 1 0
13030 2914|5 2 3 0
13030 29208|3 1 2 0
13030 29430|2 1 0 1
13030 29467|2 0 1 1
13030 29636|4 2 0 2
13030 29668|5 0 3 2
13030 29691|3 0 1 2
13030 29838|2 1 1 0
13030 30781|2 0 1 1
13030 31027|2 1 0 1
13030 31042|2 0 1 1
13030 31133|2 1 1 0
13030 31216|2 1 0 1
13030 31334|2 1 1 0
13030 31424|3 2 0 1
13030 31500|3 2 0 1
13030 31529|2 0 1 1
13030 31662|2 1 0 1
13030 3186|2 1 0 1
13030 3209|2 1 1 0
13030 3216|3 0 2 1
13030 3223|4 2 2 0
13030 3292|2 0 1 1
13030 32934|9 5 2 2
13030 3327|3 0 2 1
13030 33353|3 2 1 0
13030 33845|2 0 1 1
13030 33965|3 2 0 1
13030 34309|4 2 1 1
13030 34695|3 2 0 1
13030 3491|5 1 0 4
13030 34960|2 1 0 1
13030 35206|2 1 0 1
13030 35369|2 1 0 1
13030 35425|2 1 0 1
13030 35518|2 1 0 1
13030 35663|2 1 0 1
13030 35916|3 0 1 2
13030 36351|7 0 4 3
13030 36692|10 8 2 0
13030 37271|3 0 1 2
13030 3741|4 2 0 2
13030 37468|3 2 0 1
13030 38082|4 2 0 2
13030 3856|2 1 0 1
13030 38880|2 1 1 0
13030 39326|4 3 1 0
13030 39737|2 1 1 0
13030 41095|5 0 1 4
13030 41655|2 1 0 1
13030 41692|2 1 1 0
13030 41887|2 1 0 1
13030 42|9 6 3 0
13030 42184|2 1 0 1
13030 42473|5 2 2 1
13030 4250|2 1 0 1
13030 4258|2 1 1 0
13030 42585|2 1 0 1
13030 42689|4 2 0 2
13030 42708|4 0 3 1
13030 42760|2 1 0 1
13030 43531|5 0 4 1
13030 43821|2 1 0 1
13030 43996|3 2 0 1
13030 44444|6 1 5 0
13030 44654|4 1 3 0
13030 44776|3 0 1 2
13030 44788|2 1 1 0
13030 45352|2 1 1 0
13030 4589|3 1 2 0
13030 46489|3 0 2 1
13030 46786|4 3 0 1
13030 47302|2 1 0 1
13030 47622|3 2 0 1
13030 47869|3 2 0 1
13030 48173|2 0 1 1
13030 48218|2 1 0 1
13030 48362|2 0 1 1
13030 48526|2 0 1 1
13030 49544|4 2 1 1
13030 49605|3 2 0 1
13030 49820|2 1 0 1
13030 49867|2 1 0 1
13030 49983|2 1 0 1
13030 50056|2 1 0 1
13030 50384|2 0 1 1
13030 51395|2 1 0 1
13030 51468|2 0 1 1
13030 51918|4 1 0 3
13030 52075|6 3 0 3
13030 52320|2 1 1 0
13030 5400|3 2 1 0
13030 5413|3 2 0 1
13030 5588|4 0 1 3
13030 57976|7 1 1 5
13030 58299|2 1 0 1
13030 58511|4 0 1 3
13030 59318|3 1 0 2
13030 59414|3 0 1 2
13030 59761|2 1 0 1
13030 60392|2 1 0 1
13030 60804|2 1 0 1
13030 60890|2 1 0 1
13030 61049|4 2 0 2
13030 61232|2 1 0 1
13030 61287|2 1 0 1
13030 61337|4 2 0 2
13030 62240|4 0 2 2
13030 62320|2 1 0 1
13030 6461|2 1 1 0
13030 6661|2 1 0 1
13030 6663|4 2 1 1
13030 6667|3 0 2 1
13030 6724|2 1 1 0
13030 6772|2 1 0 1
13030 6776|2 1 0 1
13030 6894|4 2 2 0
13030 6908|2 1 0 1
13030 6939|6 0 2 4
13030 7342|3 1 0 2
13030 7473|5 1 4 0
13030 7713|5 1 2 2
13030 786|4 2 0 2
13030 8075|4 1 3 0
13030 8218|3 0 2 1
13030 8220|3 1 2 0
13030 8271|2 1 0 1
13030 8282|4 2 0 2
13030 8304|2 1 0 1
13030 8359|2 1 1 0
13030 8365|3 0 2 1
13030 8403|4 3 1 0
13030 8447|2 1 0 1
13030 8455|2 1 0 1
13030 8468|4 0 1 3
13030 8529|2 1 0 1
13030 8596|2 0 1 1
13030 8632|2 0 1 1
13030 8674|5 1 2 2
13030 8681|4 2 0 2
13030 8708|4 0 3 1
13030 8764|2 1 1 0
13030 8781|4 2 2 0
13030 8881|3 0 2 1
13030 8928|3 1 2 0
13030 8932|4 0 1 3
13030 8943|4 2 0 2
13030 8966|2 0 1 1
13030 9009|6 4 1 1
13030 9031|3 0 1 2
13030 9108|2 1 0 1
13030 9145|2 0 1 1
13030 9153|4 2 0 2
13030 9178|3 0 2 1
13030 9304|5 3 1 1
13030 9498|6 2 2 2
13768 36483|4 3 0 1
13768 54527|6 1 5 0
15412 18101|3 2 1 0
15412 30873|2 1 1 0
15412 45224|4 1 3 0
15412 6517|4 1 3 0
15412 9304|2 1 1 0
174 12389|2 1 1 0
174 1257|3 1 2 0
174 1273|3 2 1 0
174 12956|3 1 2 0
174 1299|4 3 1 0
174 13213|4 1 3 0
174 13335|14 5 1 8
174 14537|3 1 2 0
174 15133|9 3 6 0
174 15695|4 2 2 0
174 15701|2 1 1 0
174 15830|6 3 3 0
174 1680|3 2 1 0
174 199391|3 2 1 0
174 200612|2 0 1 1
174 200781|2 0 1 1
174 20473|2 1 1 0
174 206774|2 1 1 0
174 21320|3 1 2 0
174 21321|2 1 1 0
174 23889|2 1 1 0
174 24768|2 1 1 0
174 2686|2 1 1 0
174 286|3 1 1 1
174 29119|2 1 1 0
174 2914|4 1 2 1
174 30818|2 1 1 0
174 31510|2 0 1 1
174 31562|2 1 1 0
174 3257|6 1 4 1
174 32934|8 6 2 0
174 3320|2 1 0 1
174 33438|2 1 1 0
174 3356|6 2 2 2
174 3491|4 3 1 0
174 35028|4 0 3 1
174 36236|6 3 3 0
174 38193|2 1 1 0
174 3910|2 1 1 0
174 39351|2 1 1 0
174 42695|2 0 1 1
174 43515|2 1 1 0
174 47794|2 1 1 0
174 49604|2 1 1 0
174 5511|4 1 2 1
174 5713|2 1 1 0
174 62597|4 3 0 1
174 63008|3 1 2 0
174 64049|2 1 0 1
174 6453|4 1 3 0
174 6713|2 1 1 0
174 6774|2 1 0 1
174 6830|2 0 1 1
174 8544|2 1 1 0
174 9009|8 4 3 1
1836 12041|2 0 1 1
1836 13101|2 1 1 0
1836 2686|2 1 1 0
1836 34309|2 1 1 0
1836 42|2 1 1 0
1836 44444|2 1 1 0
1836 6939|2 1 1 0
1836 8075|2 1 1 0
1836 8220|2 1 1 0
1836 8966|2 1 1 0
19151 11686|3 0 2 1
19151 13645|2 1 1 0
19151 36383|2 1 1 0
19151 8100|2 1 1 0
20485 12389|2 0 1 1
20485 15774|12 1 11 0
20485 199524|2 1 1 0
20485 21127|5 2 3 0
20485 21191|3 2 1 0
20485 24626|3 1 2 0
20485 28745|2 1 1 0
20485 8749|2 1 1 0
20764 1103|2 1 1 0
20764 12041|2 1 0 1
20764 12301|2 1 1 0
20764 12306|2 0 1 1
20764 12329|2 0 1 1
20764 12355|2 0 1 1
20764 12399|2 0 1 1
20764 1241|2 1 1 0
20764 12552|4 1 2 1
20764 12578|4 2 2 0
20764 1267|2 1 1 0
20764 12695|2 1 1 0
20764 12715|2 1 1 0
20764 12731|2 0 1 1
20764 12759|3 1 2 0
20764 12779|2 1 1 0
20764 12849|2 1 1 0
20764 12859|3 1 2 0
20764 12883|3 1 2 0
20764 12989|3 1 2 0
20764 12993|2 1 1 0
20764 13030|2 1 0 1
20764 13101|2 0 1 1
20764 13194|2 1 1 0
20764 13237|2 1 1 0
20764 132876|2 1 1 0
20764 13414|3 0 2 1
20764 13768|3 1 2 0
20764 14061|4 3 0 1
20764 15133|4 2 2 0
20764 15169|3 1 1 1
20764 1547|3 1 2 0
20764 15547|2 1 1 0
20764 15589|2 1 1 0
20764 15600|2 1 1 0
20764 15623|2 1 1 0
20764 15763|2 0 1 1
20764 15772|3 1 1 1
20764 15830|4 1 3 0
20764 15958|2 0 1 1
20764 15966|2 0 1 1
20764 16097|2 1 1 0
20764 16211|2 1 1 0
20764 16265|4 3 1 0
20764 16276|2 1 1 0
20764 16347|2 1 1 0
20764 16637|2 1 1 0
20764 1680|3 1 2 0
20764 174|2 1 1 0
20764 1764|2 1 1 0
20764 18106|2 1 1 0
20764 18705|2 1 1 0
20764 19551|4 2 2 0
20764 19679|4 3 0 1
20764 196844|2 1 1 0
20764 196925|2 1 1 0
20764 197426|2 1 1 0
20764 199670|2 1 1 0
20764 201214|2 1 1 0
20764 202023|2 1 1 0
20764 20278|2 0 1 1
20764 20473|2 1 1 0
20764 20546|2 1 1 0
20764 20562|4 2 2 0
20764 20766|2 0 1 1
20764 20804|3 1 2 0
20764 20847|2 1 1 0
20764 20886|2 0 1 1
20764 20932|2 0 1 1
20764 20940|5 4 1 0
20764 21013|3 1 0 2
20764 21219|3 1 1 1
20764 21263|2 0 1 1
20764 21345|2 0 1 1
20764 23148|2 1 1 0
20764 23393|4 2 1 1
20764 24218|2 1 1 0
20764 24482|2 1 1 0
20764 24724|2 1 1 0
20764 2484|2 1 1 0
20764 24940|2 1 1 0
20764 25074|2 1 1 0
20764 25091|4 2 2 0
20764 25152|2 0 1 1
20764 25178|2 1 1 0
20764 25220|2 0 1 1
20764 25279|2 1 0 1
20764 25291|2 0 1 1
20764 25369|2 1 1 0
20764 25408|2 0 1 1
20764 260|2 1 1 0
20764 2611|2 1 1 0
20764 2635|4 2 2 0
20764 26415|2 0 1 1
20764 2686|2 1 1 0
20764 2854|2 1 1 0
20764 28876|2 0 1 1
20764 28917|3 1 1 1
20764 28929|2 1 1 0
20764 29014|2 0 1 1
20764 29017|2 1 1 0
20764 29049|3 1 2 0
20764 2906|4 2 2 0
20764 29075|2 1 1 0
20764 29076|2 1 0 1
20764 29119|2 1 1 0
20764 29169|3 1 2 0
20764 29208|3 1 2 0
20764 29314|3 1 2 0
20764 29329|2 0 1 1
20764 29467|2 1 1 0
20764 29632|2 1 1 0
20764 29686|2 1 0 1
20764 29697|2 1 1 0
20764 29791|2 1 1 0
20764 30844|3 1 2 0
20764 30968|2 0 1 1
20764 31019|2 1 1 0
20764 31025|2 1 0 1
20764 31027|2 1 0 1
20764 31042|2 1 1 0
20764 31078|2 0 1 1
20764 31122|3 1 2 0
20764 31133|5 1 4 0
20764 31319|2 0 1 1
20764 31323|2 0 1 1
20764 31500|5 1 2 2
20764 31510|2 0 1 1
20764 31529|2 1 1 0
20764 31595|2 1 1 0
20764 31638|2 1 1 0
20764 3252|2 1 1 0
20764 32590|4 3 1 0
20764 3267|3 1 1 1
20764 32934|4 3 1 0
20764 3327|4 3 1 0
20764 3356|2 1 1 0
20764 33873|2 0 1 1
20764 33891|4 2 1 1
20764 34019|2 0 1 1
20764 34177|2 1 1 0
20764 34288|2 1 1 0
20764 34309|2 1 1 0
20764 34695|2 1 1 0
20764 34781|2 0 1 1
20764 34863|2 0 1 1
20764 34879|2 1 1 0
20764 35000|2 1 1 0
20764 35297|3 1 2 0
20764 35320|3 2 1 0
20764 35592|2 0 1 1
20764 36236|3 1 2 0
20764 36351|3 1 2 0
20764 37009|2 1 1 0
20764 37100|3 1 2 0
20764 37179|2 1 1 0
20764 37468|2 1 1 0
20764 37497|2 1 1 0
20764 37662|3 1 2 0
20764 38082|2 1 1 0
20764 3856|2 1 0 1
20764 39063|3 1 2 0
20764 39120|2 1 1 0
20764 39122|2 1 1 0
20764 39386|3 1 2 0
20764 39537|2 1 1 0
20764 39704|2 1 1 0
20764 39737|2 1 1 0
20764 39912|2 1 0 1
20764 40676|2 1 1 0
20764 41059|2 1 1 0
20764 41313|2 1 1 0
20764 41552|3 1 2 0
20764 41690|2 1 1 0
20764 41692|2 1 0 1
20764 41722|2 1 1 0
20764 42|4 3 0 1
20764 42473|4 2 1 1
20764 42610|2 0 1 1
20764 42708|3 1 2 0
20764 43350|2 1 1 0
20764 43996|3 1 0 2
20764 44034|2 1 0 1
20764 44066|2 1 1 0
20764 44654|3 1 2 0
20764 44735|2 1 1 0
20764 4589|3 2 0 1
20764 4651|2 1 1 0
20764 46786|2 1 1 0
20764 47195|2 0 1 1
20764 47447|2 1 1 0
20764 47541|2 1 1 0
20764 47622|2 1 1 0
20764 4766|2 1 0 1
20764 47869|3 2 1 0
20764 4788|2 0 1 1
20764 48173|2 1 1 0
20764 48200|2 1 1 0
20764 48287|2 0 1 1
20764 48526|2 1 1 0
20764 48858|2 1 0 1
20764 49289|2 1 1 0
20764 49375|2 1 1 0
20764 49505|2 1 1 0
20764 49544|4 2 1 1
20764 50056|2 1 1 0
20764 50245|2 1 1 0
20764 50300|2 1 1 0
20764 50304|2 1 1 0
20764 50673|3 1 1 1
20764 52320|2 1 1 0
20764 53264|2 1 0 1
20764 54113|2 1 1 0
20764 5466|2 1 1 0
20764 55195|3 2 1 0
20764 55818|2 1 1 0
20764 5588|3 1 2 0
20764 5605|2 1 0 1
20764 56630|2 1 0 1
20764 56665|2 1 1 0
20764 56704|2 1 1 0
20764 5713|2 1 1 0
20764 57463|2 1 1 0
20764 57928|2 0 1 1
20764 57976|4 2 0 2
20764 58453|2 0 1 1
20764 58511|2 1 1 0
20764 59318|3 1 2 0
20764 60294|2 1 1 0
20764 61955|2 1 1 0
20764 63199|2 1 1 0
20764 6661|4 2 1 1
20764 6663|3 1 2 0
20764 6677|2 1 1 0
20764 6724|2 1 1 0
20764 6805|2 1 0 1
20764 6866|2 1 1 0
20764 6939|6 2 4 0
20764 7342|4 2 1 1
20764 8075|3 1 2 0
20764 8220|4 2 2 0
20764 8262|3 1 2 0
20764 8304|2 1 1 0
20764 8309|2 1 1 0
20764 8365|3 2 0 1
20764 8400|4 2 2 0
20764 8403|2 1 1 0
20764 8422|4 1 2 1
20764 8426|3 2 0 1
20764 8447|2 1 0 1
20764 8462|2 0 1 1
20764 8468|2 1 1 0
20764 8529|2 1 1 0
20764 8551|4 3 0 1
20764 8560|2 1 0 1
20764 8632|2 0 1 1
20764 8708|2 1 0 1
20764 8717|2 1 1 0
20764 8732|2 1 0 1
20764 8764|3 2 1 0
20764 8767|2 0 1 1
20764 8821|2 1 0 1
20764 8839|2 0 1 1
20764 8866|2 1 1 0
20764 8879|2 1 0 1
20764 8881|3 1 2 0
20764 8932|3 1 2 0
20764 9031|2 1 1 0
20764 9050|2 1 1 0
20764 9123|2 0 1 1
20764 9145|3 1 2 0
20764 9304|2 0 1 1
20764 9318|2 1 1 0
20764 9329|2 1 1 0
20764 9498|3 1 2 0
20764 9583|3 1 2 0
21320 2852|2 1 1 0
21320 378|2 1 1 0
23352 29997|2 0 1 1
286 10026|4 0 3 1
286 10310|6 2 3 1
286 12337|2 1 0 1
286 1239|5 2 2 1
286 12390|2 1 1 0
286 1257|2 0 1 1
286 1273|3 1 1 1
286 12956|2 0 1 1
286 12989|3 1 2 0
286 1299|4 2 1 1
286 13237|2 0 1 1
286 13335|11 9 0 2
286 13768|2 0 1 1
286 14340|3 2 0 1
286 15169|2 0 1 1
286 15412|2 1 1 0
286 16265|2 1 0 1
286 16276|2 0 1 1
286 1668|3 0 1 2
286 174|7 5 1 1
286 19151|3 1 1 1
286 20640|2 0 1 1
286 209|2 0 1 1
286 20940|9 7 0 2
286 22773|2 1 1 0
286 22822|7 4 3 0
286 2497|2 1 1 0
286 2603|3 1 1 1
286 2686|4 0 3 1
286 2818|2 0 1 1
286 2906|7 3 1 3
286 2914|5 1 3 1
286 3209|2 1 1 0
286 3257|3 0 2 1
286 3292|3 0 2 1
286 3356|6 5 1 0
286 33873|2 1 1 0
286 33891|3 0 2 1
286 3491|4 1 2 1
286 34984|3 1 2 0
286 36351|5 0 4 1
286 37100|2 0 1 1
286 3856|2 0 1 1
286 3910|2 0 1 1
286 41552|2 1 1 0
286 42|9 8 0 1
286 43531|2 0 1 1
286 44444|2 0 1 1
286 4589|3 0 2 1
286 4637|3 0 2 1
286 46489|2 0 1 1
286 47541|2 1 1 0
286 48918|2 1 1 0
286 49544|3 0 2 1
286 54104|4 1 3 0
286 5466|2 0 1 1
286 5511|2 1 0 1
286 5588|2 1 1 0
286 58453|3 0 2 1
286 6453|6 3 2 1
286 6461|6 0 5 1
286 6667|2 0 1 1
286 6730|3 1 2 0
286 6762|3 0 2 1
286 6805|2 0 1 1
286 6830|2 0 1 1
286 6939|3 0 2 1
286 7018|2 1 1 0
286 702|3 0 2 1
286 714|7 6 1 0
286 7342|2 0 1 1
286 7922|3 1 1 1
286 8075|10 0 9 1
286 8218|2 1 0 1
286 8220|4 1 2 1
286 8560|3 0 2 1
286 8928|3 2 1 0
286 9002|2 0 1 1
28917 10026|2 0 1 1
28917 12301|2 0 1 1
28917 12306|2 1 0 1
28917 12496|2 0 1 1
28917 1267|2 1 1 0
28917 12731|2 1 1 0
28917 12849|2 1 1 0
28917 12931|2 0 1 1
28917 13101|2 1 1 0
28917 13249|2 0 1 1
28917 13335|3 1 1 1
28917 13768|2 1 0 1
28917 14061|2 1 0 1
28917 15772|2 1 1 0
28917 15830|2 1 0 1
28917 15895|2 0 1 1
28917 15958|2 1 1 0
28917 16509|2 0 1 1
28917 1680|2 1 1 0
28917 199524|2 1 0 1
28917 200612|2 1 1 0
28917 20504|2 0 1 1
28917 20546|2 1 0 1
28917 20771|2 0 1 1
28917 20804|2 1 1 0
28917 20886|2 1 1 0
28917 20940|3 2 1 0
28917 29075|2 1 1 0
28917 29169|2 0 1 1
28917 29314|2 1 1 0
28917 31133|2 0 1 1
28917 32934|2 1 0 1
28917 34224|2 1 1 0
28917 37662|2 1 1 0
28917 39180|2 0 1 1
28917 39386|2 1 1 0
28917 39737|2 1 1 0
28917 41552|2 0 1 1
28917 41692|2 1 1 0
28917 42708|2 1 0 1
28917 43376|2 0 1 1
28917 43996|2 1 1 0
28917 44066|2 1 0 1
28917 44444|2 1 1 0
28917 44654|2 1 1 0
28917 44788|2 1 1 0
28917 45352|2 1 1 0
28917 46786|2 0 1 1
28917 5588|2 1 1 0
28917 56665|2 1 1 0
28917 57976|2 1 0 1
28917 58453|2 0 1 1
28917 59605|2 1 1 0
28917 63949|2 1 1 0
28917 6663|2 1 1 0
28917 7713|2 0 1 1
28917 8220|2 1 1 0
28917 8426|2 1 0 1
28917 8529|2 1 1 0
28917 8551|2 1 1 0
28917 8717|2 1 0 1
28917 8764|2 1 1 0
28917 8866|2 1 1 0
28917 9009|2 1 1 0
28917 9050|2 1 1 0
28917 9304|2 0 1 1
28917 9318|2 1 1 0
28917 9329|2 1 1 0
28917 9498|2 1 1 0
28917 9583|2 1 1 0
2914 10101|2 1 1 0
2914 10158|2 1 1 0
2914 10297|2 1 1 0
2914 11404|5 3 2 0
2914 11483|2 1 1 0
2914 12129|2 1 0 1
2914 12222|2 1 1 0
2914 12252|2 1 1 0
2914 12389|2 1 1 0
2914 1239|4 3 1 0
2914 1257|2 1 1 0
2914 12850|3 1 2 0
2914 12956|4 3 1 0
2914 1299|7 5 2 0
2914 13030|4 1 1 2
2914 131893|4 2 2 0
2914 133530|5 3 1 1
2914 13414|3 2 0 1
2914 13490|2 1 1 0
2914 135391|3 1 2 0
2914 13768|2 1 1 0
2914 14153|10 9 0 1
2914 14244|4 1 3 0
2914 14340|3 2 1 0
2914 14361|2 1 1 0
2914 14492|3 2 1 0
2914 14537|4 0 3 1
2914 14627|2 1 1 0
2914 15224|10 9 1 0
2914 15412|5 3 2 0
2914 15830|3 0 2 1
2914 16164|2 1 1 0
2914 174|12 7 4 1
2914 18501|2 1 1 0
2914 18915|2 1 1 0
2914 19271|4 1 3 0
2914 19679|5 4 1 0
2914 198018|3 1 2 0
2914 19893|2 1 0 1
2914 198949|3 1 2 0
2914 19905|4 2 0 2
2914 200077|3 1 2 0
2914 20473|14 13 1 0
2914 209|8 2 5 1
2914 21321|3 1 2 0
2914 21371|2 0 1 1
2914 23539|4 2 2 0
2914 23947|2 1 1 0
2914 24477|3 2 1 0
2914 24778|2 1 1 0
2914 2497|6 2 4 0
2914 26415|4 1 3 0
2914 2686|4 2 2 0
2914 27630|2 1 1 0
2914 2828|4 2 2 0
2914 29838|4 2 2 0
2914 30781|2 1 0 1
2914 3223|2 0 1 1
2914 3257|5 2 3 0
2914 32590|11 8 3 0
2914 3300|7 5 1 1
2914 3303|5 2 3 0
2914 33182|2 1 1 0
2914 3320|5 4 0 1
2914 3356|16 6 10 0
2914 34655|3 1 2 0
2914 3491|9 6 3 0
2914 35017|3 2 0 1
2914 3573|3 1 2 0
2914 35788|6 1 5 0
2914 35985|2 1 1 0
2914 36086|8 7 1 0
2914 36351|11 6 4 1
2914 36459|2 1 1 0
2914 38322|2 1 1 0
2914 38639|3 2 1 0
2914 39326|2 1 1 0
2914 3949|11 3 8 0
2914 41135|2 1 1 0
2914 4134|7 2 5 0
2914 4150|2 1 1 0
2914 4230|3 1 2 0
2914 43519|2 1 0 1
2914 44444|3 2 1 0
2914 45474|5 1 4 0
2914 4788|4 3 1 0
2914 4809|2 1 1 0
2914 4922|2 1 1 0
2914 52320|2 1 1 0
2914 54104|19 3 16 0
2914 5413|3 2 0 1
2914 5511|5 3 2 0
2914 55891|2 1 1 0
2914 56630|2 1 0 1
2914 5713|3 2 1 0
2914 577|2 1 1 0
2914 57976|9 4 0 5
2914 6057|2 1 1 0
2914 60793|2 1 1 0
2914 62597|13 4 0 9
2914 63399|7 2 5 0
2914 64096|2 1 1 0
2914 6453|9 4 5 0
2914 6459|3 1 2 0
2914 6461|5 3 2 0
2914 6730|3 2 1 0
2914 6739|3 1 2 0
2914 6762|6 3 3 0
2914 6830|3 2 1 0
2914 6908|4 3 1 0
2914 701|5 2 3 0
2914 7012|2 1 1 0
2914 702|4 3 1 0
2914 7029|9 6 3 0
2914 7552|2 1 1 0
2914 7575|4 3 1 0
2914 7598|2 1 1 0
2914 8151|3 2 1 0
2914 8220|5 2 3 0
2914 8403|5 3 2 0
2914 8529|3 1 2 0
2914 8674|2 1 1 0
2914 8708|3 1 2 0
2914 8717|2 1 1 0
2914 8928|6 2 4 0
2914 9009|5 4 1 0
2914 9121|6 3 3 0
2914 9293|3 1 2 0
2914 9299|6 2 3 1
2914 9304|3 1 2 0
2914 9381|2 1 1 0
2914 9498|2 1 1 0
2914 9605|2 1 1 0
3216 16345|12 1 11 0
3216 197556|3 1 2 0
3216 34352|6 1 5 0
3216 61131|2 1 1 0
3257 10030|2 1 1 0
3257 10674|2 1 1 0
3257 10835|3 1 1 1
3257 11013|2 1 1 0
3257 11019|9 1 8 0
3257 11260|3 1 2 0
3257 11404|5 3 2 0
3257 11814|3 1 2 0
3257 12083|4 1 3 0
3257 12189|3 0 2 1
3257 12389|2 1 1 0
3257 1239|7 4 3 0
3257 12678|3 1 2 0
3257 1273|6 3 3 0
3257 1299|8 3 5 0
3257 13237|4 3 1 0
3257 1341|8 1 7 0
3257 135391|2 1 1 0
3257 13730|2 0 1 1
3257 13768|10 4 6 0
3257 15133|19 18 0 1
3257 15169|2 1 0 1
3257 15412|4 1 3 0
3257 15692|2 1 1 0
3257 16509|21 20 0 1
3257 1668|2 1 1 0
3257 17012|2 1 1 0
3257 174|11 8 2 1
3257 17676|2 1 0 1
3257 19108|5 3 2 0
3257 19165|3 2 1 0
3257 19506|2 1 1 0
3257 19551|13 12 1 0
3257 19752|2 1 1 0
3257 19966|2 1 0 1
3257 20473|12 11 1 0
3257 209|8 2 5 1
3257 22822|8 2 4 2
3257 22995|4 2 2 0
3257 25148|2 1 1 0
3257 2516|2 1 1 0
3257 25286|2 1 1 0
3257 25605|5 4 1 0
3257 260|2 1 1 0
3257 26167|3 1 2 0
3257 26803|2 1 1 0
3257 2686|2 1 1 0
3257 2734|7 2 5 0
3257 27381|7 2 5 0
3257 27978|2 1 1 0
3257 2828|4 2 2 0
3257 286|2 1 1 0
3257 29119|2 1 1 0
3257 2914|10 6 4 0
3257 29551|2 1 1 0
3257 29680|2 1 1 0
3257 30148|7 5 2 0
3257 30607|4 1 3 0
3257 31252|2 1 1 0
3257 32035|5 1 4 0
3257 32780|3 1 2 0
3257 3292|3 1 2 0
3257 3303|2 1 1 0
3257 33047|15 14 0 1
3257 3320|5 3 2 0
3257 33353|3 1 2 0
3257 3356|14 5 7 2
3257 33597|6 4 2 0
3257 33724|2 1 0 1
3257 34164|6 5 1 0
3257 3491|6 4 2 0
3257 35838|2 1 1 0
3257 36007|3 1 2 0
3257 36408|19 5 14 0
3257 3737|2 1 1 0
3257 3910|2 1 1 0
3257 39120|2 1 1 0
3257 39318|2 1 1 0
3257 394354|2 1 0 1
3257 39832|4 3 0 1
3257 4250|2 1 1 0
3257 43515|3 1 2 0
3257 43519|2 1 0 1
3257 44444|4 1 3 0
3257 44786|5 0 4 1
3257 44944|2 1 1 0
3257 45430|2 1 1 0
3257 45474|2 1 1 0
3257 4589|7 4 2 1
3257 4637|6 3 3 0
3257 46562|9 6 3 0
3257 46887|4 1 3 0
3257 4766|3 2 1 0
3257 4788|4 1 0 3
3257 51865|2 1 1 0
3257 53828|3 1 1 1
3257 53889|5 3 2 0
3257 5400|3 1 2 0
3257 54103|4 2 2 0
3257 54104|16 2 14 0
3257 54540|3 2 1 0
3257 5511|3 2 1 0
3257 5580|31 13 18 0
3257 56478|2 1 1 0
3257 57976|11 4 2 5
3257 58453|2 1 1 0
3257 59605|3 2 1 0
3257 59865|2 1 1 0
3257 60068|7 2 5 0
3257 6181|2 1 1 0
3257 62597|10 3 0 7
3257 63008|5 1 4 0
3257 63119|2 1 1 0
3257 6327|2 1 1 0
3257 63399|6 4 2 0
3257 63949|6 5 1 0
3257 6453|12 4 7 1
3257 6461|6 2 3 1
3257 6517|19 1 18 0
3257 6661|2 1 1 0
3257 6762|4 2 2 0
3257 6830|3 1 2 0
3257 701|4 2 2 0
3257 7018|9 2 7 0
3257 702|3 0 2 1
3257 7029|8 6 2 0
3257 7065|2 1 1 0
3257 7795|2 1 1 0
3257 786|2 1 1 0
3257 7922|3 2 1 0
3257 8075|16 1 15 0
3257 8220|4 1 3 0
3257 8304|2 1 1 0
3257 8452|2 1 1 0
3257 8551|3 2 1 0
3257 8560|3 2 1 0
3257 8657|2 1 0 1
3257 8757|3 1 2 0
3257 8895|2 1 1 0
3257 8928|5 3 2 0
3257 9009|6 5 1 0
3257 9038|3 1 2 0
3257 9304|3 1 2 0
3257 9498|4 3 1 0
3303 12874|3 2 1 0
3303 42|2 0 1 1
3303 44530|2 1 1 0
3303 559|2 0 1 1
3303 57370|2 1 1 0
3303 6774|4 1 3 0
3320 12912|2 1 1 0
3320 13036|2 1 1 0
3320 15133|8 7 1 0
3320 1547|3 1 2 0
3320 16509|2 1 1 0
3320 3303|4 2 2 0
3320 36408|3 1 2 0
3320 44788|2 1 1 0
3320 48951|4 2 2 0
3320 5391|2 1 1 0
3320 5483|2 1 1 0
3320 6453|5 1 4 0
3356 10753|31 6 24 1
3356 11133|20 5 1 14
3356 11215|2 1 1 0
3356 11403|2 1 1 0
3356 11911|3 1 2 0
3356 12008|9 6 0 3
3356 12189|5 1 4 0
3356 1239|5 2 3 0
3356 12510|2 1 1 0
3356 1257|3 1 1 1
3356 12713|3 2 1 0
3356 1273|4 1 2 1
3356 12732|2 1 1 0
3356 12975|3 1 2 0
3356 1299|7 2 5 0
3356 1313|2 1 1 0
3356 133530|2 1 0 1
3356 13448|3 1 1 1
3356 13490|2 1 1 0
3356 13649|8 1 7 0
3356 13876|4 2 2 0
3356 13999|2 1 1 0
3356 14265|4 2 2 0
3356 14288|2 1 1 0
3356 14340|4 1 3 0
3356 14413|3 1 2 0
3356 14492|2 1 1 0
3356 14537|2 1 1 0
3356 15092|2 1 1 0
3356 15133|19 16 3 0
3356 15169|3 1 2 0
3356 15224|5 3 2 0
3356 15598|2 1 1 0
3356 15830|6 2 4 0
3356 16276|2 0 1 1
3356 16491|4 1 3 0
3356 16509|11 4 7 0
3356 16591|2 1 1 0
3356 16657|8 5 3 0
3356 1668|4 1 3 0
3356 16724|2 1 1 0
3356 16880|4 3 1 0
3356 17072|3 1 2 0
3356 17184|10 8 2 0
3356 17310|2 1 1 0
3356 174|9 3 5 1
3356 18450|2 1 1 0
3356 18501|2 1 1 0
3356 18888|2 1 1 0
3356 19071|2 1 1 0
3356 19108|4 2 2 0
3356 19151|5 1 4 0
3356 19305|2 1 1 0
3356 19400|2 1 1 0
3356 19679|7 5 2 0
3356 198018|3 1 2 0
3356 19855|6 2 4 0
3356 199391|3 1 2 0
3356 20115|8 2 6 0
3356 203759|2 1 1 0
3356 204236|2 1 1 0
3356 20464|3 1 2 0
3356 20473|3 2 1 0
3356 20521|3 1 2 0
3356 209|11 1 10 0
3356 21320|2 1 1 0
3356 21928|12 11 0 1
3356 22023|2 1 1 0
3356 22140|2 1 1 0
3356 22343|10 9 1 0
3356 22351|4 1 3 0
3356 22518|2 1 1 0
3356 22709|2 1 1 0
3356 22773|10 2 8 0
3356 23472|2 1 1 0
3356 25180|2 1 1 0
3356 25605|7 4 3 0
3356 25843|2 1 1 0
3356 2597|5 2 0 3
3356 262206|2 1 1 0
3356 2631|3 0 2 1
3356 26344|2 1 1 0
3356 26375|2 1 1 0
3356 26464|4 0 3 1
3356 26613|2 1 1 0
3356 26667|4 2 2 0
3356 26827|2 1 1 0
3356 27281|5 1 4 0
3356 27381|5 1 4 0
3356 27589|2 1 1 0
3356 2828|7 2 4 1
3356 286|5 2 3 0
3356 29119|2 1 1 0
3356 2914|12 2 10 0
3356 293|2 1 1 0
3356 29314|4 3 1 0
3356 29765|2 1 1 0
3356 29834|2 1 1 0
3356 3|2 1 1 0
3356 30021|2 1 1 0
3356 30120|3 0 2 1
3356 30217|2 1 1 0
3356 30383|3 2 1 0
3356 31216|3 1 2 0
3356 31463|3 1 2 0
3356 31953|2 1 1 0
3356 32035|2 1 1 0
3356 3257|10 1 9 0
3356 3292|4 2 2 0
3356 32934|7 2 5 0
3356 3303|4 0 3 1
3356 33069|2 1 1 0
3356 3320|6 2 4 0
3356 33517|9 7 2 0
3356 3491|6 3 3 0
3356 3549|9 3 5 1
3356 35873|4 1 3 0
3356 36089|3 2 1 0
3356 36385|2 1 1 0
3356 36692|7 1 6 0
3356 3713|2 1 1 0
3356 37271|2 1 1 0
3356 393365|2 1 1 0
3356 394895|3 1 2 0
3356 394896|3 0 2 1
3356 394901|3 1 2 0
3356 394902|3 0 2 1
3356 394903|3 1 2 0
3356 40285|2 1 1 0
3356 40428|2 1 1 0
3356 41095|12 4 1 7
3356 41135|4 1 3 0
3356 41231|2 1 1 0
3356 42473|6 2 4 0
3356 4258|3 1 2 0
3356 42695|2 1 1 0
3356 42965|2 1 1 0
3356 43515|3 1 2 0
3356 43996|3 1 2 0
3356 44788|2 1 1 0
3356 45474|3 1 2 0
3356 4637|4 1 3 0
3356 46456|3 2 1 0
3356 47631|4 2 2 0
3356 47870|4 3 0 1
3356 4809|2 1 1 0
3356 48328|4 3 1 0
3356 51865|2 1 1 0
3356 5377|2 1 1 0
3356 54086|2 1 1 0
3356 54113|17 14 1 2
3356 5511|8 3 5 0
3356 59605|2 1 1 0
3356 61097|2 1 1 0
3356 63138|2 1 1 0
3356 63199|2 1 1 0
3356 63439|3 1 2 0
3356 6453|8 3 5 0
3356 6461|4 2 2 0
3356 6498|4 1 3 0
3356 6621|11 5 6 0
3356 6623|4 2 2 0
3356 6762|9 2 6 1
3356 6830|10 0 9 1
3356 6939|4 2 2 0
3356 6984|2 1 1 0
3356 701|5 1 4 0
3356 7018|7 6 1 0
3356 702|4 1 3 0
3356 7138|2 1 1 0
3356 714|17 8 9 0
3356 7151|3 1 2 0
3356 7171|3 1 2 0
3356 7349|2 1 1 0
3356 7754|3 2 1 0
3356 7843|5 0 4 1
3356 792|2 1 1 0
3356 852|2 1 1 0
3356 8529|2 1 1 0
3356 9009|3 1 2 0
33597 16552|2 1 1 0
3549 10753|13 2 11 0
3549 30614|3 1 2 0
4589 10310|4 1 3 0
4589 12350|2 1 1 0
4589 12389|2 1 1 0
4589 1248|2 0 1 1
4589 12552|2 0 1 1
4589 1267|3 0 2 1
4589 12759|2 0 1 1
4589 12779|2 0 1 1
4589 12874|2 1 1 0
4589 12989|3 2 0 1
4589 13030|3 2 1 0
4589 13122|3 2 1 0
4589 13193|2 0 1 1
4589 15133|5 1 3 1
4589 15830|4 2 2 0
4589 16164|2 1 1 0
4589 16265|2 1 1 0
4589 16276|2 0 1 1
4589 1764|2 1 1 0
4589 20712|2 1 0 1
4589 20804|3 0 1 2
4589 2119|3 1 2 0
4589 21396|2 1 1 0
4589 22773|2 1 1 0
4589 22822|8 5 2 1
4589 23148|2 0 1 1
4589 23393|3 0 1 2
4589 2497|2 0 1 1
4589 25180|3 0 1 2
4589 2686|6 1 5 0
4589 286|2 1 1 0
4589 28716|3 0 1 2
4589 29017|3 0 1 2
4589 29119|2 1 1 0
4589 2914|6 3 3 0
4589 29636|2 1 1 0
4589 29791|4 0 3 1
4589 30740|2 1 1 0
4589 31027|2 1 0 1
4589 31216|2 1 0 1
4589 31529|2 1 1 0
4589 31638|2 1 1 0
4589 3209|3 1 2 0
4589 3257|5 2 3 0
4589 32590|2 1 0 1
4589 3292|2 1 1 0
4589 32934|8 2 6 0
4589 3303|2 0 1 1
4589 33891|2 1 1 0
4589 34803|2 0 1 1
4589 36351|3 1 2 0
4589 42473|4 1 1 2
4589 43350|2 1 1 0
4589 43996|4 3 0 1
4589 44444|4 1 3 0
4589 44788|2 1 1 0
4589 46786|3 1 2 0
4589 49605|2 0 1 1
4589 51055|2 1 1 0
4589 5400|2 1 1 0
4589 5413|2 0 1 1
4589 5459|2 1 0 1
4589 5466|3 2 1 0
4589 5631|2 1 0 1
4589 57928|2 0 1 1
4589 6461|4 1 2 1
4589 6659|2 1 1 0
4589 6663|2 0 1 1
4589 6774|2 1 1 0
4589 6939|4 2 0 2
4589 702|4 1 3 0
4589 7342|2 0 1 1
4589 7473|3 1 2 0
4589 8075|7 1 6 0
4589 8218|2 1 1 0
4589 8220|4 1 3 0
4589 8304|2 0 1 1
4589 8359|2 1 1 0
4589 8365|2 1 0 1
4589 8422|2 0 1 1
4589 8426|5 1 3 1
4589 8551|2 1 1 0
4589 8657|2 1 1 0
4589 8708|2 1 1 0
4589 8781|2 1 1 0
4589 8816|2 0 1 1
4589 8928|7 1 4 2
4589 9009|2 1 1 0
4589 9050|2 1 1 0
4589 9145|2 0 1 1
4589 9304|2 1 1 0
4589 9498|5 2 3 0
6453 11260|2 1 1 0
6453 12189|5 1 4 0
6453 12252|2 1 1 0
6453 1239|4 2 1 1
6453 1257|2 1 1 0
6453 12849|2 1 1 0
6453 12956|3 1 2 0
6453 12989|6 1 5 0
6453 1299|3 1 2 0
6453 13768|5 3 1 1
6453 14537|3 0 2 1
6453 16276|2 1 1 0
6453 174|4 2 1 1
6453 19551|3 0 1 2
6453 20940|15 14 1 0
6453 21321|2 1 1 0
6453 22351|3 1 2 0
6453 22652|2 1 1 0
6453 22822|4 1 2 1
6453 24482|3 1 2 0
6453 2497|2 1 0 1
6453 26496|6 3 0 3
6453 2686|3 0 2 1
6453 2828|2 1 1 0
6453 286|2 1 0 1
6453 2914|5 4 1 0
6453 293|2 0 1 1
6453 32787|4 3 1 0
6453 3320|5 4 0 1
6453 33517|13 10 0 3
6453 3356|6 3 3 0
6453 3491|5 4 1 0
6453 3549|2 1 0 1
6453 36492|4 1 0 3
6453 43515|3 1 2 0
6453 4637|4 1 3 0
6453 4775|3 1 2 0
6453 54104|2 1 1 0
6453 5511|4 3 1 0
6453 603|2 1 1 0
6453 63949|6 3 0 3
6453 6421|3 2 1 0
6453 6461|5 3 2 0
6453 6762|3 2 1 0
6453 701|2 1 1 0
6453 7018|3 1 2 0
6453 7545|2 1 0 1
6453 7568|2 1 1 0
6453 7843|6 1 5 0
6453 8075|2 0 1 1
6453 812|4 2 2 0
6453 8304|2 1 1 0
6453 8346|2 1 1 0
6453 8374|2 1 1 0
6453 9318|2 1 1 0
6453 9498|2 1 1 0
6762 10310|5 2 3 0
6762 1239|2 1 1 0
6762 1273|2 1 1 0
6762 12956|4 1 3 0
6762 12989|3 2 1 0
6762 1299|3 1 2 0
6762 132602|2 1 1 0
6762 14259|2 1 1 0
6762 15169|2 1 1 0
6762 16276|2 0 1 1
6762 16509|8 7 1 0
6762 17222|2 1 1 0
6762 174|4 3 1 0
6762 199524|2 1 0 1
6762 209|6 3 2 1
6762 20940|13 12 1 0
6762 22822|4 1 1 2
6762 2516|3 1 2 0
6762 2603|2 1 1 0
6762 2686|3 1 2 0
6762 2828|2 1 1 0
6762 2914|6 3 2 1
6762 297|2 0 1 1
6762 31529|2 0 1 1
6762 3216|2 1 1 0
6762 3223|5 1 4 0
6762 3257|2 1 1 0
6762 3292|2 1 1 0
6762 32934|7 6 0 1
6762 3302|2 1 1 0
6762 3356|6 2 2 2
6762 3491|3 2 1 0
6762 36351|4 3 1 0
6762 36408|2 1 1 0
6762 39386|3 2 0 1
6762 42313|3 2 1 0
6762 43515|2 1 0 1
6762 45334|2 1 1 0
6762 45430|2 1 1 0
6762 4637|4 1 2 1
6762 46489|3 2 1 0
6762 48237|4 1 3 0
6762 52468|2 0 1 1
6762 5400|2 1 1 0
6762 5511|4 1 2 1
6762 55330|2 1 1 0
6762 6453|3 1 1 1
6762 6461|3 1 2 0
6762 6568|2 1 1 0
6762 6830|4 1 2 1
6762 7018|3 1 2 0
6762 7738|3 1 2 0
6762 8075|6 1 4 1
6762 8452|3 2 1 0
6762 8674|2 1 1 0
6762 8697|2 1 1 0
6762 9009|2 1 1 0
6762 9498|2 1 1 0
6762 9680|2 1 1 0
7018 2386|7 2 5 0
7018 4466|5 3 2 0
8359 43038|2 0 1 1
8359 44267|2 0 1 1
8359 44895|2 1 1 0
8359 57629|8 2 0 6
8359 8342|2 1 1 0
9002 1248|2 0 1 1
9002 13335|11 3 7 1
9002 15133|8 2 6 0
9002 15830|3 1 2 0
9002 16509|4 0 3 1
9002 19679|3 1 2 0
9002 20473|3 1 2 0
9002 20940|9 6 2 1
9002 21385|2 1 1 0
9002 23393|2 1 1 0
9002 2497|2 1 1 0
9002 2635|6 1 5 0
9002 2906|8 7 1 0
9002 29791|2 1 1 0
9002 31133|2 0 1 1
9002 32787|2 1 1 0
9002 32934|9 1 8 0
9002 3356|2 1 1 0
9002 39063|4 1 0 3
9002 42473|4 1 2 1
9002 42708|2 1 1 0
9002 54113|3 2 1 0
9002 5413|2 0 1 1
9002 6774|2 1 1 0
9002 702|2 1 1 0
9002 714|5 3 2 0
9002 8403|4 1 3 0
9002 8551|3 1 2 0
9002 8928|2 1 1 0
9002 9009|3 1 2 0
