10026
1103
11039
11666
1239
12779
1280
12859
13030
1403
14061
15435
15547
15605
16735
18106
1836
1853
19151
1916
200130
20080
202018
202109
20764
20912
20932
22548
22652
24482
2497
25091
25152
25160
25220
262612
262750
262757
264268
264911
28329
28571
286
28917
2914
29608
29686
31019
3257
3277
3333
3356
34224
34288
34781
37100
37271
3741
38809
38880
393406
40191
41497
41695
4181
41811
4589
4739
47872
4826
49605
50300
50304
50763
513
52720
52863
53070
53364
53828
5413
54728
553
56730
57381
5769
57821
58511
6082
62567
6453
6667
6720
6762
680
6830
6939
701
7018
7575
8283
8426
8455
8596
8607
8928
9002
9189
9304
