10000
10001
10002
10006
10010
10012
10013
10014
10019
10021
10022
10024
10026
10029
10030
10031
10032
10036
10084
10089
10091
10098
10099
101
10101
10103
10105
10115
10118
10126
10130
10135
10139
10143
10146
10158
102
10201
10204
10208
10217
10226
10229
10230
10242
10255
10297
103
10310
10318
10320
10326
10343
10349
10359
10381
10384
10390
10396
10397
10405
10412
10429
10430
10439
10442
10464
10466
10474
10480
10481
10490
10497
10507
10508
10511
10515
10538
10546
10566
10569
10578
10587
10596
10598
10616
10627
10628
10653
10670
10674
10696
10697
10702
10715
10732
10733
10745
10753
10755
10771
10778
10780
10796
10812
10834
10835
10837
10838
10846
10848
10880
10881
10886
109
10908
10910
10912
10913
10914
10929
10932
10947
10954
10958
10965
10971
10973
10980
10996
1101
11013
11014
1102
1103
11030
11039
1104
11045
11049
11051
11054
11067
11071
11074
11080
11081
11084
11090
11096
11097
111
1111
11114
11115
11131
11133
11138
11142
11164
11170
11172
11176
11192
112
1120
11215
11228
11232
11234
11237
11240
11242
11250
11251
11259
1126
11260
11269
11271
11272
11274
11279
11282
11286
11287
11290
11297
11303
11315
11317
11318
1132
11328
1133
11338
11340
11351
1136
11367
11372
11383
11385
1140
11403
11404
11419
11426
11427
11429
11430
11432
11440
11442
11468
11471
11475
11478
11479
11483
11486
11488
11495
11512
11537
11540
11556
11557
11562
11563
11582
11588
11590
11598
11608
11643
11644
11647
11648
11650
11659
11664
11666
11672
11676
11686
11693
11694
11696
11706
11710
11711
11714
11722
11724
11734
11742
11745
11758
11767
11776
11795
11796
11798
11802
11807
11810
11814
11815
11816
11820
11826
11830
11831
11835
11844
11845
11847
11853
11854
11855
11870
11872
11878
11888
11911
11915
11922
11924
11942
11944
11960
11961
11963
1197
11971
11976
11978
11979
11985
11990
11992
11993
12
1200
12000
12008
12009
12019
12025
12033
12035
12036
12041
12042
12046
12055
12059
12061
12066
12079
12083
12085
12093
12097
12112
12129
1213
12136
12143
12148
1215
1216
12161
1217
12178
12179
12180
12181
12182
12188
12189
12196
122
12208
1221
12220
12222
12234
12237
1224
12243
12252
12259
1226
12260
12271
12276
12282
12287
12290
12296
12297
12301
12302
12303
12306
12307
12310
12312
12315
12316
12322
12324
12329
12331
12333
12334
12335
12337
12338
12344
12346
12347
12348
12350
12353
12355
12360
12363
1237
12374
12381
12386
12387
12389
1239
12390
12392
12395
12399
12401
12406
12409
1241
12414
12418
12422
12423
12429
12430
12437
12460
12464
12466
12470
12479
1248
12480
12491
12494
12496
12502
12506
12509
1251
12510
12511
12513
12517
12519
12525
12530
12531
12533
12541
12552
12555
12556
12557
12561
12564
12566
1257
12570
12571
12574
12576
12577
12578
12579
12581
12586
12591
12593
12594
12597
12605
12611
12615
12616
12617
12620
12625
12628
12630
12635
12637
12638
12643
12654
12657
12658
12659
12660
12664
12668
1267
12670
12672
12676
12678
12680
12683
12684
12685
12687
12688
12693
12695
127
12703
12705
12708
12709
12713
12714
12715
12716
12722
12727
1273
12731
12732
12735
12741
12750
12754
12757
12759
12767
12768
1277
12775
12776
12778
12779
12782
1280
12813
12816
12817
12822
12824
12826
12831
12833
12835
12842
12843
12849
12850
12853
12859
12871
12874
12876
12878
12880
12883
12886
12891
12895
12897
12898
1290
12902
12905
12912
12915
12926
12929
12930
12931
12935
12941
12942
12945
12956
12961
12963
12964
12969
12975
12976
12980
12984
12986
12989
1299
12990
12991
12993
12996
13
13000
13002
13003
13004
13005
13009
1301
13012
13030
13032
13036
13037
13039
13040
13041
13042
13045
13046
13054
13055
13064
13069
13075
13092
13094
131
13101
13103
13105
131090
13110
131107
131142
131143
131144
131148
131149
13115
131159
131160
131178
13118
131182
13119
1312
131207
131217
13122
131222
131236
13124
131259
131269
13127
131270
131274
131283
131284
131292
131293
131294
131297
131298
1313
131310
131317
13132
131321
131322
13135
131392
131411
131415
131429
131445
131447
131460
131475
13156
13157
131582
131584
131587
131588
131589
131590
13167
13169
131713
13172
131734
131735
131746
131749
131755
131758
131776
13178
131790
13182
13188
13189
131893
131895
131905
131910
13193
13194
13199
131999
132003
132006
132020
132022
132029
132035
132040
132043
132048
132061
132068
132084
132087
132111
132123
132125
132126
13213
132132
132134
132136
132138
13214
132142
132158
13216
132162
132172
132197
132203
132211
132215
132220
132232
13226
132264
132267
13227
132277
132280
132304
132317
132331
132335
132344
132347
132351
132361
13237
132370
132372
13238
132394
132398
132403
132405
132412
132419
132426
13243
132437
132440
132445
132454
132456
132459
13246
13247
132476
132482
13249
13250
132500
132506
132509
132519
132520
132524
13253
132556
132557
132559
132597
132602
132603
132618
132644
132647
132649
132651
132676
132679
132680
132688
132692
132696
132701
132711
132712
132717
13272
13273
132730
132753
132770
132774
132779
132789
132797
132804
132805
132816
132837
13284
132847
13285
132850
132863
132865
13287
132870
132873
132874
132876
132882
132884
132885
13289
132890
132892
132893
132894
132895
132917
13293
132933
132952
132957
13296
132986
132994
132998
132999
133045
13306
133062
13307
133075
133089
133109
133111
133124
133142
133149
133153
133156
133159
133173
133180
13319
133193
133199
133210
133217
133232
133245
133255
13326
133269
133274
13329
133293
133296
133301
13331
133318
13332
133324
133326
13333
133333
133334
133345
13335
133387
133398
133399
13340
133414
133421
13343
133444
133453
133456
133465
133466
133475
133476
133480
133481
133498
133513
133514
133530
133532
133535
133536
13354
13358
133581
133585
133612
133613
133640
133653
133657
133660
133680
1337
13370
13371
133731
133749
133750
133752
133761
133771
133798
133802
133804
133812
13383
133848
133854
133864
133882
133904
133919
133926
133928
133929
133930
133934
133942
133943
133950
133954
133959
133966
133969
133977
133985
134001
134006
134029
134053
134056
134061
134067
134069
134073
134076
134078
134079
134084
134086
134090
134091
1341
134102
134118
134119
134139
13414
134143
13415
134159
134160
1342
134204
134220
134224
134240
134255
13427
13428
134291
1343
13433
134334
134347
134358
134376
134384
134385
134386
134387
134388
134389
134390
134391
134393
134394
134395
134396
134397
134398
134399
134409
134413
134426
13443
134436
134446
13445
134451
13446
13448
134503
134515
134518
134521
134548
134550
134553
13462
134622
134632
134663
134671
134674
134697
134706
134711
134801
134809
134819
134831
134835
134839
134854
134868
13489
13490
134909
134967
134985
134993
135003
135014
135021
135025
135034
135046
13506
135099
1351
135122
135125
135132
135150
135158
135161
135162
135253
135260
135290
135292
135294
135310
135328
13533
135330
135340
135349
135352
135356
13536
135372
135373
135380
135382
135391
13541
135421
135425
13543
135431
135432
135449
135465
135469
135478
135526
135528
135543
135554
135559
135586
135605
135610
135640
135653
135666
135673
135724
13576
135781
13579
135854
135871
135884
135893
135905
13591
136019
136026
136039
136049
136050
136052
136086
136088
136098
136099
13613
13614
136171
13618
136189
13620
136237
136262
136274
136301
136324
136383
136393
136407
136439
136440
13645
13647
136475
136489
13649
136501
13654
136552
136557
136565
13657
13659
136758
13679
13683
13684
13692
13694
137
13703
13706
13722
13728
13730
13736
13739
13746
13750
13760
13765
13767
13768
13776
13789
13790
13791
13807
13810
13813
13819
13823
13833
13845
13855
13866
13868
13876
13878
13880
13893
13895
13901
13916
13917
13926
13951
13953
13959
13977
13993
13994
13995
13996
13998
13999
14
14007
14026
1403
14037
14041
14043
14048
14051
14061
14076
14080
14085
14086
14107
14116
1412
14135
14145
14148
14153
14155
14159
14166
14178
14182
14183
14187
14193
14196
14200
14203
14204
14209
1421
14210
14212
14221
14230
14232
14237
14244
14259
1426
14263
14265
14279
14280
14282
14288
14298
14299
14325
14332
14333
14340
14361
14363
14365
14371
14373
14380
14381
14382
14413
1442
14420
14432
14440
14442
14453
14454
14457
14477
14492
14513
14522
14535
14537
14543
14554
14571
14576
14579
14589
14600
14602
14607
14609
14613
14615
14616
14618
14627
14654
14713
14717
14738
14742
14743
14744
14745
14746
14754
14773
14776
14777
14779
14780
14793
14797
14803
14805
14813
14815
14818
14834
14840
14844
14860
14866
14868
14870
14877
14904
14907
14928
14935
14949
14976
14977
14987
14988
15008
15009
15011
15022
15053
15065
15072
1508
15082
15083
15084
15085
15088
15092
15095
15096
15100
15101
15102
15108
15116
15129
15130
15133
15135
15146
15154
15164
15165
15169
15176
15180
15188
15189
15191
15198
15211
15224
15226
15231
15247
15248
15256
15257
15267
15275
15290
15294
15296
15297
15301
15305
15318
15321
15324
15348
15368
15370
15372
15388
15389
15395
15398
15399
15404
15405
15412
15415
15419
15421
15425
15426
15435
15436
15440
15450
15451
15456
15465
1547
15474
15479
15486
15490
15493
15495
15497
15498
15499
15516
15517
15518
15525
15527
15533
15540
15542
15544
15547
15552
15557
15562
15566
15570
15572
15576
15582
15583
15589
15594
15595
15598
15599
156
15600
15605
15606
15614
15622
15623
15626
15630
15632
15633
15640
15644
15655
15657
15659
15663
15669
15672
15682
15683
15685
15689
15691
15692
15693
15694
15695
15698
15699
15701
15702
15703
15706
15716
15720
15723
15725
15726
15733
15734
15735
15738
15742
15743
15744
15751
15763
15766
15772
15782
15785
15793
15796
15798
158
15800
15802
15806
15814
15815
15817
15826
15830
15835
15836
15851
15854
15879
15894
15895
15897
159
15910
15913
15919
15922
15925
15930
15932
15935
15943
15945
15953
15954
15958
15960
15962
15964
15965
15966
15967
15974
15975
15982
15987
15991
15994
15997
16
16001
16004
16006
16010
16019
16022
16024
16030
16066
16073
16074
16075
16080
16082
16083
16086
16091
16095
16097
1610
16104
16107
16117
16128
16134
16138
16145
16150
16154
1616
16160
16164
16167
16171
16172
16174
16175
16178
16185
16186
16188
16190
16191
16202
16205
16206
16211
16218
16232
16234
16236
16242
16243
16244
16245
16246
16253
16265
16267
16273
16276
16281
16283
16285
16298
16300
16302
16312
16316
16326
16333
16342
16345
16347
16349
16350
16353
16354
16363
16371
16375
16376
1638
16395
16397
16399
16406
16409
16411
16413
16414
16417
16423
16430
16434
1645
16462
16463
16467
1647
16478
16491
16507
16509
16519
16527
1653
16531
16532
16539
16552
16559
16567
1657
16578
16586
1659
16591
16603
16608
16617
16621
16625
16626
16628
16633
16637
16652
16653
16657
16668
1668
16685
16686
16692
16695
16696
16700
16701
16711
16712
16713
16724
16735
16737
16787
16793
16796
1680
16807
16813
16814
16832
16838
16842
16843
16851
16863
16866
16871
16876
16880
16881
16896
16906
16920
16921
16942
16957
16958
16960
16961
16966
16967
16970
16973
16991
17
17001
17012
17018
17019
17025
17043
17044
17048
17054
17056
17069
17090
17103
17108
17113
17116
17139
17147
17149
17169
17172
17183
17184
17185
17204
17210
17213
17216
17222
17223
17225
17226
17227
17228
17229
17231
17232
17233
17234
17244
17252
17293
17306
17308
17310
17318
17324
17338
1734
17356
17365
17370
17378
17394
174
17400
17408
1741
17416
1742
17420
17421
17426
17428
17434
17435
17436
17439
17443
17444
17447
17451
17453
17457
17465
1747
17470
17477
17479
17480
17488
17492
17494
17498
17501
17506
17509
17511
17514
17516
17523
17529
17530
17534
17537
17547
17551
17552
17554
17557
17559
17564
1759
17625
17635
17639
1764
17645
17647
17648
17649
17660
17666
1767
17670
17673
17675
17676
17682
17683
17686
17689
17696
17701
17705
17707
17709
17714
17726
17727
17732
17747
17753
17754
17762
17766
17771
17787
17803
17806
17813
17819
17820
17823
17825
17828
17832
17853
17882
17884
17886
17887
17888
17894
17907
17910
17911
17916
17917
17922
17924
17927
17931
17932
17934
17937
17939
17940
17941
17944
17953
17955
17961
1797
17974
1798
17987
17990
17996
18000
18001
18004
18011
18013
18019
18020
18021
18037
18046
18049
18055
18059
18065
18067
18068
18070
18074
18075
18077
18081
18082
18085
18087
18092
18097
18101
18106
18119
18121
18123
18125
18126
18127
18134
18135
18139
18144
18148
18149
18182
18183
18187
18196
18200
18206
18207
18209
18210
18218
18219
18225
18227
18228
18229
18231
18252
18257
18260
18266
18267
18268
1828
18282
18283
18293
1832
18344
1835
18351
18353
18356
1836
18366
18368
18369
1837
18371
18379
18390
18396
18400
18402
18403
18404
18409
18418
1842
18422
18440
18450
18451
18460
18472
18474
1848
18480
1850
18501
1851
1853
18530
18531
18534
18540
18547
18588
18590
18592
18596
18598
18601
18604
18612
18616
18618
18638
18640
18676
18678
18680
18683
18686
18694
187
18703
18705
18712
18717
18734
18747
18750
18779
18786
1879
1880
18806
18809
1881
18816
18840
18845
18853
1886
18865
1887
18881
18888
18889
18907
18915
18916
18918
18923
18943
18973
18978
18981
18982
18995
19001
19008
19009
19016
19019
19021
19024
19037
1906
19071
19072
19073
19089
19092
19104
19106
19108
19114
19115
19116
19117
19133
19149
19151
1916
19165
19169
19171
19180
19192
19194
19200
1921
19210
19212
19214
19229
19237
19255
19257
19271
19285
1930
19305
19310
19318
19323
19324
19329
19331
19332
19355
19373
19381
19399
194
19400
19406
19419
19422
19427
19429
19432
19453
19470
19479
195
19506
19510
19515
19517
19526
19528
19530
19531
19541
19544
1955
19551
19554
19555
19566
19578
19582
19593
196
19603
19604
19611
19621
19624
19653
19662
196621
196640
196645
196653
196655
196670
196674
196678
196687
196689
196695
196697
1967
196705
196714
196724
196727
196728
196735
196745
196752
196760
196763
196782
19679
196810
196819
196826
196843
196844
196845
196858
196861
196865
196870
196881
196883
196890
196904
196915
196922
196925
196927
19693
196943
196954
196957
196962
196967
196976
196978
196983
196997
1970
197000
197008
197013
197019
197021
197029
197036
197046
197063
197064
197071
197075
197077
197078
197083
197087
197090
197099
197106
197113
197118
197132
197138
197140
197155
197156
197161
197164
19718
197197
197204
197212
197216
197219
197226
197227
19723
197248
197264
197269
197284
197296
197301
197307
197308
197324
197328
197332
197376
197380
197395
19740
197403
197415
197416
197422
197426
197430
197431
197439
197440
197441
197444
197451
197467
197474
197491
197495
197498
197500
19751
197518
197519
19752
197521
197524
197529
197530
19754
197540
197541
197549
197556
197558
197564
197579
197580
197581
197595
197603
197612
197613
197623
197636
197637
197638
197639
19764
197660
197662
197669
197678
197685
197690
197692
197695
197696
197698
19770
197706
197726
197727
197729
197731
197736
197742
197745
197746
197763
197790
197798
197799
19780
197815
19782
197825
19783
197830
197835
197853
197858
197862
197872
197882
197883
197888
197890
197895
197898
197902
197904
197913
197915
197922
197933
197938
197942
197943
197949
197964
197965
197973
197981
197982
197985
197990
197997
198002
198008
198018
198024
198031
19804
198046
198047
198060
198066
198068
19807
198070
198072
198082
198089
198093
198095
198096
198127
198141
198143
198147
198156
198161
198167
198168
198171
198177
198184
198203
198204
198213
198217
198225
198228
198235
198239
198249
198252
198258
198260
198264
198279
198282
198288
198290
198296
198298
198313
198325
198333
198335
198337
198342
198354
198362
198371
198381
198382
198385
198399
198403
198408
198412
19842
198420
198430
198433
198435
19844
198440
198444
198450
198454
198455
198463
198476
198477
198484
198485
198494
198499
198500
198507
198508
198520
198524
198529
198531
198537
198538
198543
198545
198549
19855
198558
198565
198568
198570
198573
198595
198602
198610
198612
19863
198632
198644
198650
198651
198656
198668
198672
198676
198682
198692
198694
19871
198710
198721
198722
198723
198725
198726
19873
198731
198738
198761
198778
198781
198785
198792
198794
198807
198815
198818
198827
198853
198859
198864
198869
198872
198877
19889
198903
198904
198913
198916
19893
198930
198931
198936
198944
198947
198949
198964
198967
198980
198985
198992
199020
19905
199055
199066
199071
199081
199087
199090
199092
199101
19911
199118
199121
199134
199135
19915
199150
199155
199159
199163
199165
199167
199178
199191
199213
199215
199216
199218
199220
199229
199233
199234
199236
199246
199247
199248
199254
199255
199256
199267
199269
199270
199277
199283
199284
199289
199290
199291
199295
199298
19930
199318
199320
199321
199324
199327
199330
199332
199339
199348
199349
199350
199351
199354
199355
199361
199363
199364
199374
199385
199386
199391
199396
19940
199405
199408
199410
199417
199420
199421
199422
199424
199425
199429
199438
199441
19945
199462
199470
199483
199484
199487
199490
199496
199508
199511
199516
199522
199524
199547
199552
199554
199567
199571
199578
199581
199587
199588
199599
1996
199600
199606
199608
199610
199612
199613
199625
199629
199644
199645
199653
199657
199659
19966
199660
199661
199664
199665
199669
199670
199672
199673
19969
199708
199711
199714
19972
199723
199728
199733
199736
199743
19975
199753
199758
199766
199768
199781
199783
199786
199791
199799
1998
199800
199803
199805
199811
199813
19982
199833
199835
199837
199843
199848
199860
199876
199879
199880
199881
199883
19990
199901
199902
199907
199909
199926
199933
199937
199938
199939
19994
199941
199943
199945
199947
199952
199964
199966
199971
199973
199987
199990
199993
199997
20
200000
200008
20001
200020
200023
200026
200030
200032
200039
200043
200045
200052
200057
200060
200062
200070
200076
200077
200081
200083
200086
200128
200133
200134
200139
200144
200155
200161
200163
200165
200168
200172
200178
200182
200183
200185
200187
20021
20033
200416
200423
200425
200428
200429
200430
200435
20044
200460
200462
200474
200478
200479
200482
200485
200487
200503
200506
200507
200517
200519
20052
200520
200521
200525
200533
200538
200542
200544
200548
200549
200552
200557
200561
200564
200566
200567
200569
20057
200576
200577
200584
200590
200600
200607
200612
200615
200623
200643
200647
200648
200651
200652
200656
200665
200667
200671
200675
200678
200691
200698
200707
200709
200711
200717
200719
200727
200730
200735
200738
200739
20074
200742
200746
200753
200758
200759
200760
200770
200780
200781
200797
20080
200801
200826
200836
200837
200846
200849
200861
200871
200874
200880
200896
200899
200906
20091
200915
200921
200924
200925
20093
200931
200932
200941
200970
200981
200983
200986
20099
200995
200999
201000
201004
201011
201014
201020
201026
201038
201050
201057
201058
201059
201080
201085
201087
20109
201094
201102
201106
201110
201127
201139
201146
20115
201155
201157
20116
201163
201165
201167
201170
201171
201175
201179
201193
201196
201199
201201
201205
201213
201214
201222
201228
201232
201234
201246
201248
20125
201254
20126
201263
20127
201271
201279
201283
201284
201287
201293
20130
201303
201304
201318
201330
201333
201335
201341
201342
20135
201365
201366
201368
201370
201373
201391
201396
201397
201400
201401
201402
201403
201405
201409
20141
201411
201419
201422
201424
201428
201436
20144
201453
201454
201456
201457
201460
201466
201471
201476
201481
201491
201494
201499
20150
201503
201505
201506
201508
201510
201518
201522
201525
201528
201529
201530
201535
201536
201547
201548
201559
201577
201580
201587
201590
201594
201597
201600
201603
20161
201612
20162
201625
201628
201630
20164
201641
201646
201648
201650
201654
201656
201659
201661
201674
201675
201682
201690
201698
201701
201702
201706
201709
201717
201718
20172
201722
201723
201727
201730
201746
201760
201764
201766
20177
201782
201785
201787
201791
2018
201808
201809
201814
201820
201822
201832
201848
201851
201859
201862
201864
201866
201873
201876
201878
201888
201890
201891
201894
201895
201896
201900
201906
201907
201909
201916
201922
201924
201932
201939
201950
201953
201955
201958
201962
201963
201964
201965
201973
201978
201983
201984
201986
201997
202012
202015
202016
202017
20202
202020
202023
202032
202040
202042
20205
202053
202060
202064
202069
20207
202077
20209
202096
202108
202113
202114
202119
202120
202128
202136
202137
202165
202177
202188
202194
202196
202204
202207
202208
202212
202214
202217
202222
202229
202230
202236
202237
202521
202524
202526
202527
202540
202545
20255
202551
202553
202556
202559
202569
202577
202585
202591
202602
202604
202605
202610
202617
202623
202625
202629
20264
202640
202659
202682
202701
202705
202711
202716
20274
202745
202751
202753
202761
202765
202773
20278
202784
202792
202796
202803
202806
202810
202812
202816
202817
202818
20283
202831
202847
202861
202865
202870
202872
202876
202877
202882
202885
202898
202905
202907
202909
20291
202910
202918
202922
202932
202933
202939
20294
202940
202941
202954
202970
202979
20299
203004
203007
203014
203017
203018
203034
203043
203049
203055
203058
20306
203070
203099
203116
203120
203130
203143
203144
203145
203148
203151
203158
203165
203179
203191
203192
203193
203194
203195
203201
203203
203208
203213
203216
203220
203223
203226
203231
203234
203240
203241
203243
203252
203256
203262
203265
203271
203293
203295
203297
203298
203299
2033
203300
203304
203311
203315
203319
203328
203329
203333
203338
203339
203340
203354
203356
203358
203361
203369
203376
203380
203382
203383
203385
203391
203396
203398
203410
203412
203416
203421
203427
203433
203434
203437
203439
203441
203443
203446
203449
203453
203457
203460
203461
203468
203471
203474
203476
203500
203507
203517
203519
203520
203536
203544
20355
203552
203568
203570
203589
203593
203596
203605
203608
203610
203618
203625
203629
203645
203653
203656
203661
203670
203672
203673
203674
203676
203688
203703
203708
203724
203729
203732
203737
203740
20375
203752
203759
203762
203774
203776
203779
203789
203791
203800
203802
203804
20381
203814
203815
203818
203833
203839
203842
203848
203854
203855
203892
203897
203898
203905
203908
203918
203924
203928
203936
203939
20394
203953
203954
203961
203964
203968
203971
203974
203975
203986
203993
204000
20401
204014
204018
204028
204030
204035
204037
204038
204046
204050
204052
204055
204056
204059
204063
204064
204074
204082
204089
204092
204101
204109
20412
204120
204136
204138
204141
204142
204147
204151
204165
204169
204171
204179
204182
204195
204196
204222
204232
204235
204236
204243
204248
204249
204251
204258
204260
204265
204273
204274
204276
204279
204281
2043
20431
20433
2044
20446
20448
20452
20464
2047
20473
20485
20488
20491
20495
20504
20507
20514
20521
20530
20535
20546
2055
20552
20555
20559
20561
20565
205662
205673
20569
20572
205724
205728
20574
205758
205763
205801
205804
205814
205818
205824
205842
205848
205857
205867
205891
205909
20594
205952
20596
20597
205986
205992
205999
206021
206052
206055
206066
206082
206084
20609
20612
206125
206130
206137
206157
206159
206163
206168
206170
206178
20618
206184
206186
20621
206235
206244
206246
20625
20626
206264
206278
206284
206288
206291
206297
206303
206310
206313
206317
20633
20634
206344
206350
206357
206372
206376
206377
206381
20640
206405
206420
206423
206429
20643
206440
206441
20645
206452
206461
206468
20647
206479
206484
206488
206491
206497
206499
20650
206520
206521
206529
206549
20655
206564
206566
206567
206569
206576
206583
206593
206594
206597
206605
206606
206610
206618
206620
206637
206650
206652
206671
206672
206674
206701
206712
206729
206746
206747
206749
206754
206758
20676
206763
206766
206768
20677
206774
206776
206782
20679
206799
20681
206812
206828
206836
206838
206873
206875
206886
206892
206894
20692
206920
206925
206928
206936
206939
20694
206943
206951
206954
206969
206970
206984
206986
206988
207003
207014
207015
207021
207023
207024
207026
207028
207031
207036
207038
20704
207042
207044
207056
207059
20708
207085
207096
207097
207098
207105
20712
207130
207142
207151
207160
207161
207187
207193
207195
207198
2072
207203
207207
207210
207220
207223
207225
20723
207242
207243
207249
20738
20740
20741
20742
20746
20755
20756
20764
20766
20769
20773
20774
20775
20783
20792
20799
20804
20810
20811
20815
20818
20830
20836
20844
20845
20847
20849
20850
20852
20853
20857
20860
20861
20867
20870
20879
20880
20886
20895
20897
209
20900
20902
20904
20910
20912
20914
20915
20917
20926
20928
20931
20932
2094
20940
20943
20953
20955
20960
20978
20984
20985
20988
210
21011
21013
21017
21032
21034
21040
21051
21056
21057
21060
21067
21069
2107
21079
2108
21083
2110
21100
21104
21107
21109
21119
21124
21127
21131
21145
21150
21155
21159
2116
21161
21162
21171
21176
2118
21182
21183
21189
2119
21191
21195
21197
21207
21211
21213
21217
21219
21221
21230
21232
21235
21246
21250
21263
21274
21277
2128
21282
21283
21286
21287
21293
21297
21299
213
21305
21309
21310
21315
21320
21321
21334
21342
21344
21345
21348
21351
21354
21360
21366
21367
21371
21378
21385
21390
21395
21396
2140
21406
21409
21412
21413
21414
21416
21430
21433
21446
21449
21453
21461
21466
21472
21473
21476
21485
2149
21497
21500
21502
21513
2152
21523
21525
21527
21528
2153
21534
21538
21547
21548
21554
21556
21557
21570
21574
21578
2158
21580
21581
21589
21599
21617
21623
21624
21627
21628
21632
21680
21688
21694
217
21713
21719
21722
21724
2173
21737
21740
21743
21766
21769
21775
21804
21814
21816
21817
21826
21837
21858
21859
21864
21869
21879
21889
21898
21911
21928
21947
21948
21949
21976
21981
2199
22
2200
22006
22023
22047
22062
22070
22079
22085
22092
22098
22110
22113
22121
22129
22132
22140
22147
22152
22169
22177
22198
22205
22208
22211
22241
22250
22264
22298
22300
22302
22317
22343
22346
22351
22355
22356
22364
22379
22381
22384
22388
22394
22395
224
22400
22414
22431
22438
22439
22442
22452
22458
22489
22512
22517
22518
22548
22552
22557
22565
22566
22571
22581
22584
226
22606
22612
22625
22626
2263
22645
22646
22651
22652
22653
22663
22667
22684
22689
22693
22698
22709
22711
22724
22732
22742
22750
22767
22768
22772
22773
2278
22781
22787
22796
22799
22803
22804
22822
22827
22828
22834
22843
22845
22847
22860
22869
22878
22894
22898
22906
22908
22911
22915
22920
22923
22925
22927
22937
22950
22953
22958
22964
22989
22990
22992
22995
23002
23005
23007
23028
23033
23036
23039
23089
23099
231
23106
23110
23114
23118
23127
23138
23148
23175
23177
23184
23201
23203
23226
23237
23243
23248
23265
23267
23273
23277
23278
23294
23307
23308
23309
23314
23318
23336
23338
23342
23352
23366
23367
23371
23376
23377
23383
23389
23393
23398
23404
23431
23454
23467
23472
23473
23487
23498
23520
23535
23539
23541
23550
23575
23576
23596
23599
23600
23616
23620
23624
23627
23629
23634
23637
23639
23641
23642
23655
23659
23661
23663
23664
23666
23673
23674
23678
23679
23682
23686
23687
23688
23693
237
23700
23708
23710
23711
23720
23728
23731
23752
23756
23762
23767
23772
23774
23775
23776
23777
23780
23783
23786
23791
2381
23816
23820
23836
23838
23855
23859
2386
23862
23869
23870
23871
23872
23875
23879
23881
23883
23884
23885
23888
23889
239
23901
23902
23903
23905
23910
23911
23930
23939
23944
23947
23951
23953
23969
24
24004
24005
24006
24028
24043
24066
24075
24085
24088
24093
24101
24107
24111
24121
24122
24130
24139
24151
24154
24155
24158
24167
24173
24175
24176
24183
24186
24187
24195
24197
24202
24203
24204
24206
24210
24211
24213
24216
24218
24220
24226
24229
24236
24245
24246
24247
24252
24255
24270
24278
24282
24284
24287
24295
24309
24313
24314
24319
24324
24334
24341
24376
24378
24390
24397
24398
24406
24409
24424
24432
24435
24436
24437
24439
24441
24442
24446
24453
24459
24466
24467
24469
24475
24477
24481
24482
24489
24490
24492
24499
24506
24514
24515
24516
24521
24523
24526
24532
24534
24535
24538
24541
24550
24557
24558
24572
24582
24586
24587
24589
24590
24592
24594
24597
24600
24603
24605
24608
24611
24626
24629
24633
24634
24637
24638
24641
24642
24651
24663
24679
24681
24693
2470
24708
24711
24713
24723
24725
24730
24739
24742
24750
24751
24753
24768
24776
24778
24785
24786
24796
24799
24800
24806
24810
24817
24818
24823
24827
24835
2484
24840
24845
24848
2485
24852
2486
24861
24863
24864
24867
24875
24877
24889
24904
24909
24916
24929
24931
2494
24940
24945
2495
24951
24953
24955
24956
24957
24958
2496
24961
24962
2497
24971
24973
24978
24989
24991
24992
24993
25
250
2500
25003
25019
25022
25046
25054
25057
25058
2506
25061
25068
25074
25081
25086
25091
25093
25098
2510
25106
25122
25133
2514
25144
25145
25146
25148
2515
25151
25152
25156
25159
2516
25160
25164
25166
25173
25176
25178
2518
25180
25182
25186
2519
25192
252
25215
25220
25222
25227
25229
25233
25234
25238
25248
25252
25255
2526
25260
2527
25273
25274
25276
25279
25286
2529
25291
25303
25308
25309
25318
25335
25341
25354
25358
25365
25369
25372
25373
25375
25376
25384
25386
25387
25394
25408
25409
25411
25415
25417
25419
25424
25428
25432
25435
25441
25447
25451
25454
25455
25459
25460
25467
25468
25472
25473
25478
25482
25486
2549
25496
25500
25501
25504
25506
25509
25511
25512
25513
25516
2552
25520
25522
25525
25532
25534
25535
25538
25540
25542
25549
25560
25562
25563
25572
25575
25577
25579
25581
25589
25590
25592
25593
25596
2560
25605
25607
25620
25623
25631
25636
25649
25660
25668
25670
25689
25694
25697
2570
2571
25710
2572
25720
25739
25746
2575
25751
2576
25771
25780
25795
25818
25820
25829
25843
25851
25853
25857
2586
25861
25865
25877
2588
25885
25887
25899
2590
25905
25914
25923
2593
25933
2594
2595
25956
2596
2597
25973
25979
2598
25983
25989
25993
25996
25999
26
260
26008
2602
26021
2603
2606
26062
2607
26077
26080
26085
2609
26094
26097
26100
26101
2611
26123
26127
2613
26134
26135
26138
2614
26153
26156
26167
26206
2621
26210
26211
262144
262145
262148
262149
262156
262168
262178
26218
262182
262184
262186
262191
262195
262199
262202
262206
262212
262214
262215
262227
26223
262230
262234
262237
262238
262239
262241
262242
262248
262249
26225
262252
262253
262266
262268
26227
262271
262272
262273
262274
26228
262282
262288
262293
262296
262301
262303
262308
262311
262312
262314
262316
262317
262318
262323
262327
262329
262332
262333
262342
262344
262346
262352
262353
262354
262362
262363
262366
262369
262372
262374
262375
262376
262377
262380
262381
262385
262388
262393
262394
262395
262401
262402
262403
262406
262407
262408
262409
26241
262411
262414
262415
262419
262420
262422
262427
262428
262429
262434
262435
262437
262441
262446
262448
262450
262453
262454
262457
262458
262459
262461
262462
262463
262464
262465
262466
262468
262470
262474
262475
262476
262478
262481
262485
262486
262487
262488
262489
262491
262492
262493
262494
262495
262496
262499
262501
262502
262505
262507
262509
262511
262512
262514
262516
262517
262518
262519
262522
262523
262524
262526
262527
26253
262530
262532
262534
262537
262539
262540
262541
262544
262546
262547
262549
262550
262551
262557
262569
262578
262581
262583
262588
262589
262590
262591
262592
262593
262595
262596
262599
262604
262605
262606
262607
262609
262611
262612
262617
262618
262620
262622
262624
262628
262631
262633
262634
262635
262637
262638
262644
262645
262650
262656
262659
262662
262664
262668
262669
262672
262673
262676
262678
262680
262681
262683
262684
262687
262688
26269
262698
262699
262700
262704
262706
26271
262711
262713
262715
262717
262719
262720
262721
262726
262728
262730
262731
262733
262737
262738
262739
262740
262741
262742
262744
262746
262747
262748
262749
262750
262753
262755
262756
262757
262759
262760
262761
262764
262765
262766
262767
262770
262772
262773
262775
262777
262778
262779
262780
262782
262784
262785
262787
262790
262792
262794
262799
262802
262805
262806
262808
262809
262811
262814
262815
262819
262822
262825
262828
262832
262839
262843
262847
262851
262853
262854
262857
262862
262865
262869
262872
262874
262877
262879
262881
262883
262887
262891
262892
262893
262900
262901
262902
262903
262907
262908
262913
26292
262922
262928
262931
262932
262938
262939
262942
262948
262950
262952
262954
262955
262957
262963
262965
262966
262968
262970
262971
262973
262977
262979
262980
262981
262983
262988
262989
262992
262993
262996
262999
263000
263003
263009
263010
263015
263018
263019
263022
263028
263041
263042
263043
263047
263049
26305
263053
263055
263057
263062
263070
263073
263075
263076
263080
263081
263083
263084
263086
263087
263089
263091
263097
263098
263099
2631
263107
263109
263110
263112
263119
263124
263125
263126
263127
263130
263142
263143
263144
263145
263152
263154
263159
263164
263165
263166
263174
263175
263186
26320
263202
263210
263218
263232
263235
263238
263246
263248
263250
263251
263252
263255
263259
263263
263264
263266
263269
263270
263271
263273
263276
263278
263279
263282
263283
263284
263287
263288
263289
263290
263292
263293
263297
263300
263306
263310
263311
263314
263319
263321
263324
263325
263327
263329
263330
263334
263336
263339
263341
263347
263349
263353
263354
263355
263356
263357
263361
263362
263367
263368
263371
263372
263373
263374
263376
263378
263386
263388
263389
263391
263393
263394
263395
263396
2634
263405
263406
263410
263413
263415
263416
263417
263420
263423
263424
263427
263432
263434
263435
263437
263439
26344
263441
263444
263449
263451
263452
263455
263458
263460
263461
263465
263468
263469
26347
263470
263472
263473
263474
263475
263478
263479
263480
263482
263483
263484
263486
263487
263489
263491
263496
263498
263499
2635
263500
263503
263504
263508
263512
263516
263520
263523
263525
263526
263527
26353
263531
263535
263536
263537
263538
263539
263541
263544
263546
263553
263562
263563
263564
263566
263567
263569
263573
263574
263576
263578
263579
263581
263582
263583
263584
263585
263586
263587
263589
263591
263596
263597
263598
2636
263603
263604
263608
263612
263613
263616
263617
263621
263622
263623
263625
263626
263627
263628
263629
263631
263632
263634
263640
263642
263646
263649
26365
263650
263651
263652
263654
263655
263656
263661
263664
263665
263668
263672
263682
263686
263692
263699
2637
263702
263713
263714
263732
263735
263749
26375
263756
263757
263762
263765
263768
263774
263776
263779
263783
263784
263785
263796
26380
263826
263829
263831
263832
263834
263836
263840
263841
263853
263855
263857
263860
263867
263875
263877
263880
263883
263886
263888
263890
263891
263897
263898
263899
263903
263904
263910
263912
263918
263923
263928
263930
263945
263946
263947
263949
263950
263952
263957
263958
263959
263960
263961
263963
263965
263967
263968
263975
263978
263979
263982
263983
263990
263991
263998
2640
264001
264002
264005
264009
264011
264013
264016
264018
26402
264020
264021
264022
264023
264027
264029
264031
264033
264035
264049
264052
264053
264062
264066
264067
264069
264070
264071
264073
264074
264075
264076
264077
264080
264083
264084
264085
264087
264094
264095
264100
264101
264102
264106
264111
264112
264114
264116
264119
264123
264124
264127
264128
26413
264130
264134
264135
26414
264142
264144
264147
26415
264152
264155
264158
264161
264162
264178
264182
264185
264186
264188
264189
26419
264191
264193
264194
264195
264196
264197
264200
264201
264202
264211
264212
264215
264217
264218
264219
264221
264224
264226
264228
264230
264233
264236
264237
264239
264241
264242
264243
264247
264253
264254
264255
264261
264262
264265
264268
264270
264273
264274
264275
264276
264277
264278
264281
264284
264285
264290
264295
264300
264306
264309
264311
264313
264315
264316
264318
264319
264321
264324
264330
264332
264336
264337
264339
264342
264347
264348
264349
264353
264355
264364
264365
264367
264372
264375
264380
264383
264390
264393
264397
264406
264409
264411
264414
264415
264417
264420
264421
264424
264425
264426
264427
264428
264432
264437
264440
264443
264444
264445
264447
264450
264452
264455
264456
264460
264461
264465
264471
264476
264478
264479
264480
264484
264485
264486
264492
264493
264495
264496
264497
264498
264499
264502
264509
264512
264513
264515
264518
264520
264522
264524
264525
264526
264531
264534
264536
264537
264538
264540
264545
264547
264552
264555
264556
264562
264564
264565
264566
264568
264572
264573
264574
264580
264581
264582
264589
264590
264592
264593
264595
264596
264597
264599
264602
264604
264605
264607
264608
26462
264630
264635
264639
26464
264647
264648
264660
264676
264683
264684
26470
264703
264709
264711
264714
264716
264718
264728
264743
264763
264773
264788
26479
264790
264798
2648
26480
264803
264806
264811
264813
264817
264823
264835
264837
264843
264844
264861
264862
264863
264872
264877
264880
264881
264890
264892
264895
264908
264909
264911
264913
264918
264919
264920
264921
264923
264925
264931
264941
264943
264944
264949
264951
264957
264959
26496
264960
264961
264967
264969
264970
264971
264972
264977
264979
264983
264984
264992
264995
264997
265008
265013
265018
265019
265032
265037
265043
265046
265048
265049
265051
265052
265053
265054
265061
265062
265063
265065
265068
265069
265074
265075
265081
265090
265100
265103
265106
265109
265110
265122
265123
265125
265128
265130
265134
265136
265137
265144
265147
265148
265151
265152
265154
265161
265169
265171
265181
265183
265184
265185
265187
265188
265194
265198
265212
265214
265221
265222
265224
265225
265227
265234
265235
265238
265240
265246
265247
265252
265256
265258
265260
265264
265266
265268
265269
265271
265272
265277
265290
265292
265300
265302
265303
265306
265307
265308
26531
265313
265317
265323
265324
265325
265326
265327
265330
265333
265335
265337
265338
265341
265343
265345
265346
265348
265351
265358
265360
265369
265373
265375
265377
265379
265380
265385
265388
265389
265392
265395
265397
265398
265399
265412
265414
265415
265422
265423
265424
265427
265429
265437
265438
265440
265442
265445
265450
265458
26546
265464
265466
265469
265474
265475
265476
265478
26548
265482
265485
26549
265490
265492
265494
265496
265497
265498
265499
265500
265506
265509
265515
26554
265575
26558
265636
265641
265652
26569
26570
265721
265892
265914
26592
26599
266020
266022
266023
266024
266025
266030
266033
266034
266037
266039
266044
266051
266064
266068
266077
266082
266083
266086
26609
266090
266094
26610
266101
266104
266105
26611
266110
266112
266117
266125
266126
266129
26613
266130
266135
266137
266138
266141
266142
26615
266152
266154
266155
266162
266165
266166
266171
266178
266180
266188
266192
266193
266194
266195
266209
266210
266211
266215
266218
266220
266226
266232
266235
266239
266250
266253
266259
266260
266265
266267
266269
266270
266277
266280
266284
266291
266297
266302
266310
266311
266314
266315
266333
266334
266337
266342
266344
266346
266347
266348
266355
266356
266357
266358
266360
266364
266365
266368
266369
266371
266372
266374
266380
266382
266388
266390
266393
266399
266400
266402
266406
266409
266413
266415
266421
266423
266426
266431
266432
266433
266434
266437
266438
266443
266445
266446
266448
266450
266452
266454
266461
266463
266464
266467
266468
266475
266480
266481
266484
266486
266487
266491
266494
266496
266498
26650
266500
266506
266515
266516
266524
266531
266534
266538
266540
266541
266544
266548
266554
266560
266567
266572
266579
266585
266598
266602
266618
266621
266622
266629
266635
26667
26677
26679
26689
26709
26710
26711
26714
26716
26721
26722
26727
26744
26749
26769
26773
26777
26785
26787
26788
26793
26794
26801
26803
26809
26810
26827
26830
26832
26848
2685
2686
26860
26868
2687
26878
2688
26914
26934
26935
26949
26955
2697
26978
2698
26988
26994
27
27008
27009
27026
27027
27030
2707
271
2711
2714
2715
2716
27176
27193
27205
2721
27216
27218
2722
27224
27250
27257
27258
27272
2728
27281
27287
27288
27298
27299
27318
27319
27322
27325
27330
2734
27348
27357
27364
27367
27381
27382
27385
27398
27400
27413
27418
27421
27425
27435
27446
27458
27471
27501
27508
27531
27552
27553
27566
27568
27577
27589
27594
27618
27625
27626
27630
27632
2764
27644
27647
27650
27651
27665
27668
27678
27686
27693
27694
27695
27696
27699
27715
27717
27720
27740
27742
27745
27747
27750
27751
27757
27773
27775
27781
27789
27790
27792
27796
278
27800
27807
27810
27813
27814
27817
27823
27826
27831
27833
27839
27841
27843
27845
27851
27859
27865
27875
27882
27884
27887
27890
27891
27892
27893
27896
27897
27916
27919
2792
27923
27924
27927
27928
27930
27932
27933
27941
27947
27951
27953
27960
27970
27971
27975
27983
27984
27986
27988
27992
28000
28001
28006
28007
28022
28024
28026
28027
28032
28036
28039
28049
28050
28058
28068
28073
28075
28086
28094
28099
28103
28104
28109
28110
28111
28114
28116
28118
28122
28124
28125
28130
28131
28132
28134
28135
28137
28140
28141
28142
28143
28145
28146
28148
28150
28153
28154
28156
28158
28160
28162
28163
28165
28169
28171
28173
28176
28177
28178
2818
28180
28182
28184
28186
28189
28191
28192
28195
28196
28197
28198
28201
28202
28210
28213
28215
28216
28218
28220
28224
28226
28229
28239
28244
28245
28247
28248
28250
28254
28255
28257
28260
28261
28262
28263
28264
28265
28267
28269
28270
28271
28274
28277
28279
2828
28280
28283
28284
28287
28292
28294
28296
28299
2830
28300
28301
28303
28305
28306
28307
28308
28309
28310
28311
28323
28328
28329
28330
28331
28334
28338
28343
28347
28349
28352
28360
28362
28366
28368
2840
28401
28415
28418
28438
28458
2847
2848
28496
28498
28499
28503
28509
2852
28539
2854
28545
28554
28555
2856
2857
28571
28573
28576
28577
28580
28586
28589
28590
28591
28598
286
2860
28601
28604
28605
28606
28609
2861
28613
28615
28616
28618
28624
28625
2863
28631
28634
28637
28638
28640
28642
28645
28646
28649
28657
28661
28663
28666
28667
28668
28669
28670
28674
28676
28678
28681
28682
28683
28684
28685
28686
28707
28708
28709
28714
28715
28716
28717
28719
28725
28726
28727
28729
28745
28747
28748
2875
28753
28757
28760
28761
28762
28768
28769
28771
28774
28775
28785
28787
28788
28792
28800
28812
28824
28839
28840
28847
28848
28851
28854
28855
28857
28859
28875
28876
28878
28884
28885
28886
28890
28892
289
28902
28907
28908
28917
28919
28920
28929
28931
28933
28940
28941
28942
2895
28952
28954
28955
28968
28972
28978
28994
28999
29
29003
29006
29008
29009
29014
29017
29028
29033
29037
29049
29053
29056
2906
29062
29063
29066
29067
2907
29072
29075
29076
29081
29083
29084
29085
29086
29090
29091
29097
291
29104
29105
29107
29108
29117
29119
29124
29134
2914
29140
29141
29147
29152
29154
29169
29170
29177
29182
29208
29216
29217
29222
29226
29236
29239
29240
29243
29246
29247
29252
29259
29263
29276
29278
29282
29287
29298
293
29301
29309
29311
29314
29316
29317
29321
29329
29355
2936
29388
29394
29396
29399
29403
29405
29413
29422
29423
29430
29432
29436
29442
29449
29452
29458
29462
29467
29468
29470
29479
29484
29485
29488
29492
29504
29505
29512
29513
29518
29527
29535
29545
29550
29551
29560
29562
29577
29581
29591
29600
29605
29607
29608
29611
29624
29632
29636
29644
29648
29649
29655
29657
29663
29668
29670
29671
29672
29680
29682
29683
29684
29686
29690
29691
29695
29697
297
29705
29713
29744
29748
29757
29760
29763
29765
29773
29789
29791
29802
29804
29825
29834
29838
29843
29848
29854
29863
29869
29873
29884
29886
29888
29889
29899
29901
29904
29906
29909
29921
29930
29933
29944
29948
29974
29990
29992
29997
3
30013
30021
30023
30027
30028
30029
30030
30036
30037
30045
30059
30060
30071
30083
30095
30120
30122
30124
30128
30129
30132
30134
30144
30148
30152
30170
30176
302
30217
30236
30238
30242
30256
30257
30259
30263
30279
30282
30313
30325
30337
30340
30350
30361
30362
30383
30387
30396
30404
3043
30447
30452
30462
30466
30475
30479
30496
30513
30517
30526
30528
30536
30539
30548
3058
30583
30600
30607
30614
30622
30633
30636
30640
30641
30674
30679
30688
30693
30714
30715
30720
30721
30722
30733
30736
30737
30738
30740
30742
30764
30766
30779
30780
30781
30782
30786
30793
30795
30798
30811
30821
30823
30827
30830
30833
30835
30836
30844
30848
30851
30857
30870
30873
30877
30880
30884
30886
30889
30892
30893
30914
30915
30919
30923
30925
30929
30931
30933
30937
30950
30954
30961
30962
30968
30969
30971
30972
30975
30985
30986
30988
30990
30999
31004
31005
31019
31027
31034
31042
31056
31059
31064
31076
31078
31079
31080
31084
31103
31108
31115
31117
31122
31126
31127
31133
31138
31143
31147
31148
31152
31163
31167
31169
31172
31200
31208
31211
31214
31216
31222
31229
31241
31242
31246
31251
31252
31257
31259
31261
31263
31270
31272
31273
3128
31283
31287
31291
31293
3130
31304
31313
31319
3132
31323
31331
31333
31334
31337
31343
31348
31349
3136
31363
31370
31371
31376
31383
31391
31399
3140
31400
31410
31415
31416
31424
31430
3145
31459
31463
31472
31473
31477
31479
31483
31484
31487
31490
31493
31500
31507
31510
31511
3152
31529
31530
31543
31552
31554
31556
31560
31562
31566
31576
31585
31588
31590
31595
31612
31614
31621
31631
31637
31638
31640
31641
31649
31655
31658
31662
31667
31672
31676
31685
31688
31692
31699
31708
31710
31712
31721
31725
31726
31727
31731
31736
31742
31745
31753
31764
31769
31775
3178
31797
31815
31834
31845
31849
31856
31857
31859
3186
31863
31877
31890
3190
31921
31922
31939
3194
31949
31953
31960
31972
31976
31997
32
32019
32020
32029
32030
32031
32035
32064
3208
3209
32097
32098
32100
32110
3212
3213
3214
3215
3216
32181
32204
3221
32212
32220
3223
32233
32234
32244
32248
32249
3226
32275
32277
32281
32286
32307
32323
32329
3233
32334
32336
32338
32354
32360
32361
3238
3239
32392
32393
32400
32421
32425
3243
32440
32448
3245
32451
32458
3246
32475
32477
32478
32479
32489
3249
32491
3250
32504
32505
32514
3252
32521
32528
3255
32550
3257
32571
32577
32578
32586
32590
32592
3261
32611
32613
32614
3262
32621
32629
32636
32638
3264
3265
32653
32654
32666
3267
32678
3268
3269
32701
32703
32709
32719
32726
3274
32743
32748
32764
32767
327687
327693
327698
3277
32771
327715
32775
327750
327754
32776
327767
32777
327782
32779
32780
327813
327817
327819
327821
327824
327825
327826
327844
32787
327872
327889
327893
327917
327941
327950
327966
327979
32798
327983
327997
3280
328021
328032
328039
328057
32808
32809
328112
328114
32834
32860
32869
32875
32882
32889
32890
32903
32915
3292
32922
32931
32932
32934
32939
32982
3300
33005
3301
3302
33024
33028
33029
3303
33038
33044
33047
33052
33055
33059
3306
33069
33070
33071
33072
33077
33079
3308
33080
33082
33083
33084
33089
33132
33152
33154
3316
33172
33182
33186
33187
33189
3320
33203
33224
33230
33234
33236
33246
33249
33251
33260
3327
33280
3329
3330
33302
33309
3331
33310
3333
33333
33343
33346
33353
33361
33362
33363
33392
3342
33422
33438
33445
33459
3347
33470
33480
33481
33489
33491
33494
33496
33503
33517
3352
33522
3354
33541
33544
33545
33554
3356
33576
3359
33597
33606
3361
3363
33631
33651
33661
33667
3367
33693
33695
33700
33703
33719
33724
33743
33748
33751
33762
33763
33764
33765
33771
33772
33788
3379
33799
33808
33810
33811
33814
33817
3382
33824
33828
33835
33837
3384
33842
33843
33845
33848
33852
33854
33856
33864
33871
33873
33874
33883
33885
33886
3389
33890
33891
33895
3390
33901
33905
33911
33915
33920
33922
33923
33924
33927
33940
33941
33947
33951
33964
33965
3397
33984
33986
33988
33991
33999
34
34006
34010
34012
34019
34026
34031
34040
34048
34049
34056
34058
34066
34073
34080
34081
34086
34087
34093
34100
34106
34108
34119
34123
34127
34139
34141
34144
34145
34146
34153
34154
34156
34164
34168
34171
34172
34173
34177
34183
34197
34209
34219
34221
34222
34224
34225
3423
34233
34235
3424
34240
34241
34244
34245
34254
34261
34263
34270
34274
34276
34277
34279
3428
34282
34288
34290
34304
34305
34309
34315
34326
34329
34347
34352
34360
34368
34372
34373
34385
34387
34391
34404
34407
34409
34422
34426
34427
34432
34442
34457
34477
34497
3450
34505
34510
34511
34516
34518
34520
34524
34525
34526
34533
34536
34547
34549
34554
34555
34557
3456
34564
34568
34572
34574
34580
34587
34590
34594
34601
34602
34612
34619
3462
34622
34623
34624
3464
34660
34661
34674
34676
34683
34686
34688
34694
34695
34700
34702
34714
34735
34744
34748
34749
34752
34756
34759
34760
34762
34764
34766
34767
3477
34772
34776
34779
34781
34784
34785
34790
34797
34803
34816
34848
34855
34863
34867
34868
34878
34879
34883
34891
34892
34893
34895
34909
3491
34913
34922
34928
34934
34941
34942
34946
34948
34949
3495
34953
34958
34960
34964
34967
34968
34971
34977
34984
34993
35000
35003
35007
35012
35017
35028
35041
35044
35046
35047
35052
35054
35062
35063
35064
35073
35087
35096
35100
35104
35106
35130
35132
35154
35170
35179
35180
35189
35191
35204
35205
35206
35213
35214
35220
35223
35226
35236
35242
35244
35258
35260
35266
3527
35271
35278
35283
35292
35295
35297
35311
35313
35320
35332
35334
35339
35346
35356
35366
35368
35369
35382
35383
35393
35401
35402
35407
35414
35415
35425
35432
35434
35435
35444
35445
35457
35467
35470
35475
35483
3549
35491
35492
35501
3551
35518
35539
35548
35551
35559
3557
35572
35574
35575
35579
35584
35588
35592
35599
35600
35609
3561
35612
35613
3562
35620
35625
35627
35631
35641
35662
35663
35665
35676
35677
35684
35699
35701
35703
35706
35717
35725
3573
35731
35733
35742
35745
35753
35765
35784
35788
35799
35804
35805
35810
35816
35819
3582
35826
35833
35838
3584
35843
35847
35873
35891
35894
35902
35908
35916
35922
35929
3595
35953
3597
35977
3598
35985
3599
35993
35994
36003
36007
36008
3601
36012
36024
36029
36030
36031
36040
36052
36057
36067
36077
36086
36088
36089
36097
36103
36114
36131
36137
36143
36146
36149
36152
36190
36204
36210
36218
36221
36222
36223
36225
36229
36236
3624
36243
36252
36271
36273
36291
36295
3630
36315
36324
36327
36339
3635
36351
36352
36359
36374
36375
36383
36384
36385
36392
36393
36394
36400
36407
36408
36416
36421
36423
36436
36444
36446
36454
36459
36473
36483
36489
36492
3651
36511
36522
36529
36545
36564
3659
36597
36601
3661
36610
36616
36617
36618
36619
3662
36620
36621
36622
36623
36624
36625
36626
36627
36628
36629
3663
36631
36632
36646
36647
36666
36667
36671
36683
36687
36692
36694
36697
3671
36711
36726
36728
36731
36734
36752
3676
3677
36786
36791
36792
3680
3681
36810
36811
36813
36815
36820
3685
36850
36856
36867
36868
36874
36882
36890
36909
36914
36915
36924
36925
3693
36930
36937
36944
36947
36974
36982
36992
36994
36998
37
3700
37002
37006
37009
3701
37013
37027
37044
37045
37049
37054
3707
37074
37084
37100
37105
37109
37126
3713
3714
37143
37148
37150
37153
37177
37179
37181
37182
37184
37185
37187
3719
37197
37199
37204
37213
3722
37239
3725
37254
3727
37271
37273
3728
37282
37301
37302
37304
37305
37309
37337
3734
37349
37353
37363
37364
3737
37373
37381
37387
37399
37403
3741
37419
3742
37422
37439
37451
37454
37457
37468
37474
37487
37492
37495
37496
37497
37501
37513
37517
37519
37520
37527
37529
3754
37542
37549
3755
37555
3756
37560
37564
37576
37578
3758
37582
37591
37596
37599
376
37618
37640
37662
37663
37668
37670
37674
37678
37680
37684
37692
377
37703
37705
37706
37708
3778
378
3786
3790
37900
37912
37918
37932
37933
3794
37943
37963
37989
37992
38
3800
38001
38005
3801
38016
38022
38026
38032
38033
38037
3804
38040
38044
38062
38064
3807
38082
38091
38099
38143
38146
38148
38154
38157
38158
3816
38182
38185
38186
38191
38193
38195
38199
38200
38203
38220
38224
38228
38229
38235
38247
38248
38258
38264
38266
38278
38280
38285
38289
38293
38294
38295
38299
38320
38321
38322
38328
3833
38331
38332
38345
3836
3839
3842
38437
38442
38444
38450
38456
38457
38462
38466
38468
38470
38474
38477
38478
3848
38496
3850
38500
38506
3851
38525
38527
38529
38532
38536
38538
38546
3856
38566
38567
38574
38590
38605
38622
38626
38628
38629
38635
38636
38639
38648
38651
38652
38711
38712
38716
38719
38726
38731
38737
38740
38742
38746
38750
38755
38756
38758
38760
38766
38767
38768
38772
38775
38781
38794
38796
38808
38809
38819
38826
38830
38836
38843
38858
38861
38880
38883
38895
38901
38902
38914
38915
38917
38924
38927
38930
38938
38951
38955
38984
38987
38990
3900
39001
39004
39010
39015
39020
39022
39028
39029
39040
39045
39046
39051
39057
39063
39069
3908
39087
39090
39093
3910
39102
39104
39107
39120
39122
39126
39134
39138
39141
39150
39153
39156
39176
39179
39180
39205
3921
39211
39216
39217
39218
39227
3923
39232
39234
39235
39242
39249
39251
39257
3926
39263
39265
3927
39279
39280
39287
39288
39290
39293
39295
39299
39301
39308
39309
39318
39319
393220
393225
393238
39324
393245
393246
393249
393252
39326
393279
393282
393290
393299
393304
393341
393347
393350
393365
393376
393380
393381
393398
393401
393417
39342
393420
393423
393424
393427
393454
393457
393475
393494
393501
39351
393517
393523
393533
393545
39356
39358
393582
393599
393626
393635
393638
393658
393667
393670
393676
393689
393706
393713
393717
393719
39373
393732
393763
393775
393780
393818
393837
393857
393869
39387
393885
39389
393900
39392
393941
393950
39396
393960
393965
39397
393983
39399
393990
39401
394010
394018
394028
39405
394056
394092
394094
394097
394100
394101
394102
394109
394111
394117
394128
394137
394143
394144
394149
394151
394157
394169
394186
394192
394228
394229
394232
394243
394255
394271
394275
394277
394279
3943
394302
394308
39431
394330
394344
394346
39435
394353
394354
394367
394368
394380
394384
39440
394437
39444
394458
394475
394487
394497
394498
394506
39451
394514
394520
394522
394530
394545
394559
394561
394566
394574
394575
39458
394592
394597
394625
394628
394634
394636
394644
394662
394678
394683
394696
394699
394703
394706
394731
394737
394738
394749
394752
394756
394768
394792
394805
394812
394858
394864
394868
394882
39489
394895
394896
394897
3949
394901
394902
394903
394907
394923
394935
394968
394969
394972
394976
394995
39500
395020
395021
395033
395043
395048
39505
395063
395075
395078
39508
395089
39509
395100
395101
395111
395114
39512
395172
395173
395176
395182
395213
395214
395231
395261
395262
395282
395287
395309
395337
395348
395361
395363
39537
395378
39538
395394
395401
395403
395409
39542
39543
395431
39545
395466
395470
395475
395477
395478
395479
395502
39551
395512
395515
395518
395531
39554
39555
395558
395568
395573
395574
395578
395592
39560
395606
395642
395651
395662
395678
395681
395688
39570
395719
39572
395732
395734
39574
395747
395748
395770
395774
395787
395822
395823
395828
395837
39586
395899
39590
39591
395938
39596
395970
39598
39600
39602
396026
396039
39605
396076
39608
396097
39611
396141
396152
396231
39628
39629
396303
396313
39633
39636
39637
396370
396388
39642
39647
39648
396480
39651
39658
39662
39674
39676
39686
39699
39702
39704
39709
39710
39732
39735
39737
39741
39748
39758
39761
39767
39775
39780
39781
39783
39787
39790
39791
39792
39798
39806
39817
39822
39823
39824
39832
39834
39835
39836
39837
39839
39840
39846
39854
39869
39870
39871
39875
39878
39879
39892
39896
39904
39905
39906
39912
39913
39921
39923
39931
39944
39952
39954
39962
39964
39970
39971
39984
3999
4
40009
40015
40020
40027
40028
40029
40061
40068
4007
40076
40090
40092
40098
40107
40119
40138
4015
40156
40158
40185
40187
40189
40191
40193
40216
40217
40220
40230
40244
40260
40267
40281
40285
40289
40298
40317
40328
40335
40341
40355
40383
40387
40395
40402
40428
4043
40438
40443
40459
4046
40464
40470
40473
40475
4049
40490
40498
40522
40528
40548
40555
40561
40579
4058
40581
40591
40623
40630
40676
40700
40761
40772
40788
40793
40805
40816
40819
40823
40824
40830
40850
40885
40893
40900
40913
40931
40934
40943
40948
40981
40999
41000
41008
41011
41018
41023
41038
41040
41041
41046
41066
41071
41073
41075
41079
41086
41088
41090
41095
41103
41108
41135
41153
41157
41163
41164
41165
41174
41175
41176
41186
41208
41216
41230
41231
41268
4128
41281
41289
4130
41307
41313
41337
4134
41349
41352
41357
4136
41368
41369
41391
41399
41405
41412
41421
41446
41480
41489
41495
41496
41497
4150
41504
4152
41524
41549
41552
41554
41562
41572
4158
41589
41599
41609
41617
41618
41620
41625
41637
41653
41655
41661
41668
41670
41681
41682
41690
41692
41695
41696
41698
41700
41701
41704
41705
41709
41722
41727
41729
41741
41754
41765
41770
41783
41786
41790
41798
41809
4181
41811
41828
41833
4184
41842
41843
41847
41848
41849
4185
4186
41860
41872
41884
41887
41897
4190
41906
41913
4193
41935
41937
41938
41951
41954
4196
41960
41965
41980
41983
41993
41998
42
42000
42004
42005
42009
4201
42010
42017
42018
42020
42034
42036
42040
42044
42061
42063
42065
42082
42090
42093
42109
42116
42119
42126
42139
42158
42160
42168
42175
42177
42184
42187
42189
42191
42195
42198
42204
42214
42220
42221
42227
42232
42236
4224
42244
42251
42252
42263
42277
42283
42288
42291
4230
42303
42306
42307
42310
42312
42313
42316
42331
42339
42343
42344
42346
42353
42355
42358
42366
42368
42369
42383
42385
42387
42400
42403
42416
42421
42427
42428
42429
42430
42442
42446
42451
42455
42456
42459
42463
42473
42477
42484
42487
42494
4250
42503
42511
42514
42516
42517
42525
42528
42530
42541
42549
42557
42564
42567
42571
42572
42574
42579
4258
42584
42585
42591
4259905537
42605
42608
4261
42610
42612
42615
4262
4263
42632
4264
42649
4265
42652
42655
42656
42658
4266
42668
42669
4267
42673
42678
42682
42683
42685
42689
4269
42695
42697
42699
4270
42700
42707
42708
42714
42728
42730
42739
42755
42760
42765
42772
42775
42779
42781
42789
42794
42807
42812
42821
42830
42831
42836
42840
42841
42848
42857
42861
42863
42864
42873
42882
42886
42896
42897
42903
42909
42910
42912
42919
42924
42925
42926
42927
42929
42936
42947
42949
42953
42961
42963
42964
42965
42973
42976
42977
42979
42994
43
43009
43011
43012
43016
43018
43037
43038
43044
43045
43061
43065
43066
4307
43070
43071
43073
43074
43081
43088
43097
43101
43115
43126
43127
43128
43129
43139
43142
43146
43160
43190
43191
43203
43205
43207
43219
43226
4323
43242
43247
43251
43253
43260
43262
43266
43267
43281
43284
43287
43289
43291
43304
43314
43317
43323
43329
43333
43336
43341
43344
43350
43352
43354
43366
43376
43382
43383
43384
43391
43399
43404
43406
43407
43408
43414
43420
43424
43428
43431
43442
43447
43451
43455
43460
43462
43467
43474
43478
43483
43489
43509
43513
43515
43516
43518
43519
43529
43531
43541
43542
43545
43557
43558
43561
43568
43571
43576
43578
43586
43591
43603
43612
43614
43621
43623
43638
43639
43645
43646
43652
43668
43679
43681
43689
43692
43708
43709
43711
43719
43727
43733
43737
43751
43754
43757
43758
43766
43769
43770
43776
43782
43789
43809
43814
43821
43826
43828
43831
43832
43833
43847
4385
43853
43857
43858
43861
43862
43886
43892
43893
4390
43911
43922
43925
43928
43930
43937
43939
43942
43945
43948
43950
43957
43965
43988
43989
43995
43996
44000
44002
44009
44017
44020
44030
44033
44034
44050
44053
44065
44066
44068
44073
44096
44097
44099
44112
44123
44124
44128
44133
44134
44136
44141
44143
44150
44152
44160
44163
44185
44194
44212
44217
44219
44222
44225
44229
44237
44238
44239
44244
44253
44267
44283
44286
44291
44300
44306
44314
44325
44327
44328
44329
44334
44335
44337
4434
44345
44356
44358
44363
44381
44385
44395
44404
44407
44417
44418
44424
44433
44439
44444
44450
44452
44453
44454
44489
44491
44493
44494
44500
44511
44512
44514
44515
4452
44522
44527
44530
44558
44567
44568
44569
44574
44579
44581
44583
4459
44592
44597
44600
44601
44611
44628
44644
44645
44654
44655
4466
44671
44677
44679
4468
44684
44702
44704
44712
44716
44724
44735
4474
44746
44750
44753
4476
44760
44763
44764
44770
44775
44776
44780
44786
44788
44796
44806
44808
44812
44819
44831
44838
44843
44858
44865
44869
44872
44882
44889
44891
44898
44901
44902
44907
44914
44919
44921
44922
44923
44934
44941
44943
44944
44946
44953
44964
44968
44973
44974
44980
44981
44984
44993
44994
44998
45005
45012
45014
45018
45019
45027
45029
45031
45034
45043
45050
4508
45090
45110
45117
45121
45131
45133
45143
45147
4515
45158
45164
45165
45170
45172
45177
45179
45184
45186
45187
45194
45204
45213
45220
45224
45230
45259
45261
45267
45271
4528
45285
45287
45289
45292
45294
45295
45304
45305
45325
45328
45334
45341
45344
45345
45348
45349
45352
45355
45356
45365
4538
45400
45429
45430
45433
45437
4544
45444
45447
45458
45459
45461
45470
45474
45475
45477
45494
45500
45501
45510
45528
45533
45538
45543
45544
45552
45557
4556
45561
4557
45570
45577
45582
45595
45600
45609
45625
45629
45630
45634
45637
45638
45644
45648
45652
45665
45668
45671
45680
45682
45727
45731
45734
45750
45753
45758
45760
45766
45769
45772
45773
45780
45781
45796
45808
45815
45820
45821
4583
45834
45838
45839
45845
45846
45854
45872
45873
45881
45884
45887
4589
45894
45896
45899
45900
45903
45910
45916
45918
45920
45926
45929
45932
45935
45938
45942
45950
45960
45991
46
46014
46015
46019
46023
46028
46044
46047
4605
46050
46052
4608
4609
46103
46130
46158
4616
46160
46170
46174
46176
4618
46188
46189
46208
46209
4621
46215
46231
46238
46261
46262
46276
4628
46309
46353
46357
4637
46378
4638
4641
46429
46440
46446
46449
46450
46453
46455
46456
46475
46476
4648
46489
4651
46525
46562
4657
46571
46573
4658
46595
46609
46617
46618
46632
46636
46639
46642
46646
46650
46652
46656
46657
46686
46690
46692
46694
46696
46698
46699
4672
46720
46722
4673
46746
4675
46757
4678
46785
46786
46788
46793
4680
46811
46816
46832
46841
46842
46844
46849
4685
4686
46873
46875
46886
46887
46893
4690
46900
46915
46920
46925
4693
4694
46950
46957
46964
4697
46974
46977
47
47002
47015
47020
47027
4704
47066
47096
47100
47103
47105
4711
47110
47116
47127
4713
47137
47138
47142
47156
47157
47161
47165
47167
47169
4717
47172
47176
47179
4718
47187
47195
47196
47201
47205
47207
47208
4721
47211
47212
47215
47216
47217
47223
47227
47232
4725
47258
47262
47264
47267
47269
47271
47274
47277
47295
47302
47314
47316
47317
47359
47372
47381
4739
47394
47406
47408
4741
47420
47438
47440
47441
47442
47443
47445
47447
47467
47474
47477
47478
47487
47490
4750
47506
47515
47521
47524
47527
47530
47537
47541
47542
4755
47551
47562
47569
47578
4758
47583
47586
47595
4760
47602
47605
47608
47609
4761
47610
47622
47623
47625
47631
47639
4764
4766
47661
47667
47676
4768
47682
47692
47697
47698
47699
4770
47702
47708
47710
47720
47723
47725
47727
4773
47736
47747
47748
47749
4775
4776
47764
47767
4777
47777
47784
47794
4780
47814
47816
4782
47828
47829
4783
47834
47836
47841
47862
47868
47869
4787
47870
47872
4788
47886
47887
47894
47902
47904
47909
47914
47915
47917
47939
47944
4795
47956
4796
47975
47987
47989
47992
47998
47999
48
4800
4802
48030
48031
48034
48039
4804
48043
48047
48053
48060
48061
48066
48072
48075
48076
4809
48091
48095
48096
48101
48105
48111
48112
48132
48136
48137
48147
48149
48150
48152
48155
48159
48161
48166
48171
48173
48176
4818
4819
48200
48205
48217
48218
48220
48223
48224
48232
48258
4826
48260
48275
48283
48284
48285
48287
48288
48293
48294
48296
48297
48298
48299
48304
48305
48326
48328
4833
48339
48344
48345
48347
48360
48361
48362
48364
4837
48374
48387
48402
48403
48407
48408
48417
48424
48430
4844
48452
48460
48466
48467
48473
48479
48483
48484
48500
48506
4851
48514
48518
48519
48522
48524
48526
48564
48576
4858
48582
48596
48598
48611
48618
48622
48635
48640
48642
48654
48659
48661
48663
48666
48669
48670
48685
48689
48693
48709
48716
48739
48757
48760
48767
48778
4878
48789
4880
48803
48804
48818
48821
48822
48823
48832
48844
48849
48850
48854
48858
48871
48874
48885
48894
48896
48909
48910
48918
48919
48921
48926
4893
48943
48951
48954
48960
48961
48971
48972
48994
48995
49
49009
4901
49010
49014
49024
49025
49029
49030
49034
49037
49044
49048
49063
49072
49074
49079
49088
49089
49092
49101
49109
49115
49124
49125
49158
49167
49172
49182
49189
49202
49206
49217
4922
49220
49222
49223
49229
49232
49237
49250
49251
49258
4927
49272
49278
49282
49283
49289
49292
49312
49322
49335
49340
49342
49349
49352
49362
49367
49371
49375
49388
49409
49413
49419
49420
49425
49435
49440
49453
49455
49457
49463
49469
49476
49485
49488
49489
49497
49503
49505
49515
49526
49528
49532
49542
49544
49550
49552
49558
49559
49562
49565
49566
49567
49586
49588
49594
49596
49601
49604
49605
49621
49624
49627
49633
49638
49639
49640
49641
49673
49675
49677
49683
49685
49687
49690
49697
49699
49743
49746
49750
49754
49762
49769
49770
49776
49779
49784
49787
49788
49793
49800
49808
49820
49826
4983
49835
49855
4986
49866
49867
49888
4989
49892
49895
49909
49920
49931
49949
49962
49964
49974
49981
49983
49984
49985
5
50
50009
50010
50013
50017
50031
50032
50033
50034
50056
50061
50066
50073
50075
5008
50083
50084
5009
50101
50113
50128
50144
50145
50156
50157
50161
50163
50168
50169
5017
50171
50173
50178
5018
50180
50195
50213
50215
50217
50222
50234
50245
50261
50262
50265
50266
50270
50272
50273
50274
50287
50292
50295
50297
50300
50304
50306
50307
50309
50314
50316
50324
50343
50344
50348
50352
50362
50370
50372
50381
50384
50392
50407
50419
50438
50446
50453
50457
50458
50463
50469
50472
50475
50495
50498
5050
50503
50505
50512
50522
50526
50530
50533
50535
50542
50543
50544
50554
5056
50560
50563
50564
50572
50579
5058
50581
50596
50597
50599
50601
50606
50607
50608
50609
50611
50613
50618
50619
50620
50621
50622
50629
50632
50642
50655
50670
50673
50677
50695
50698
50702
50710
50716
50719
50727
50746
50758
50763
50775
50779
5078
50792
50796
50798
5080
50816
50821
50825
50837
50840
50841
50858
50864
5087
50877
50884
50888
5089
50903
50905
50906
5091
50916
50923
50928
50952
50957
50966
50971
50974
50979
5098
50986
50989
50997
50998
51004
51007
51011
51013
51018
51028
51032
51034
51035
51038
51040
51043
51048
51050
51055
51058
51059
51062
51066
51083
51088
51089
51090
51093
51095
51113
51127
51132
51147
51151
51155
51156
51164
51167
51172
51178
51182
51184
51188
51191
51200
51210
51218
51219
51224
51225
51243
51246
51248
51254
51257
51263
51265
51269
51275
51278
51290
51297
513
51300
51307
51313
51316
51319
5132
51324
51326
51344
51349
51352
51354
51362
51373
51375
51378
51395
51400
51401
51402
51405
51406
51407
51408
51410
51413
51417
51421
51426
51430
51432
51454
51464
51468
51469
51474
51483
51496
51514
51531
51539
51547
51551
51559
51560
51561
51570
51571
51580
51597
51604
51608
51615
51630
51634
51636
51645
51646
51659
51674
51675
51678
51690
51691
51695
51696
51698
51701
51704
51708
51720
51728
51731
51740
51742
51744
51747
51752
51754
51762
51765
51773
51776
51782
51784
51786
51790
51796
518
51800
51803
51806
51810
51815
51816
51819
51830
51833
51839
51852
51857
51860
51862
51863
51865
51871
51873
51883
51886
51890
51892
51894
51896
51904
51906
51918
51922
51929
51931
51935
51941
51942
51944
51945
51955
51956
51957
51964
51966
51975
51978
51988
52
52000
52003
52004
52016
52019
52022
52030
52041
52048
52063
52075
52088
52092
52094
52102
52127
52130
52142
52145
52148
52157
52173
52177
52191
52195
52200
52201
52207
52224
52228
52233
52234
52253
52259
52263
52273
52274
52276
52280
52284
52286
52294
52300
52302
52304
52314
52320
52323
52324
52328
52336
52342
52343
52344
52359
52360
52361
52362
52368
52370
52373
52374
52375
52376
52378
52391
52403
52404
52420
52423
52427
52431
52438
52440
52444
52456
52458
52467
52468
52481
52488
52489
52498
52511
52519
52520
52525
52527
52529
52532
52539
52544
52547
52549
52550
52551
52554
52560
52565
52568
52570
52571
52573
52579
52580
52584
52588
52591
52596
52599
52604
52608
52609
52610
52611
52612
52613
52614
52622
52625
52630
52637
52643
52644
52650
52651
52653
52654
52655
52659
52666
52669
52670
52671
52674
52680
52681
52683
52686
52687
52688
52689
52691
52692
52694
52697
52700
52706
52712
52714
52717
52720
52721
52722
52726
52731
52736
52739
52740
52741
52747
52748
52750
52752
52758
52759
52760
52762
52765
52766
52769
52770
52774
52776
52777
52781
52783
52786
52787
52794
52795
52798
52800
52807
52809
52813
52817
52826
52827
52834
52836
52840
52841
52846
52847
52848
52851
52857
52858
52860
52861
52862
52863
52869
52871
52872
52873
52877
52878
52884
52886
52887
52888
52890
52892
52896
52901
52902
52904
52911
52913
52915
52920
52923
52925
52928
52930
52932
52933
52935
52937
52941
52945
52947
52948
52950
52956
52958
52962
52965
52967
52968
52971
52973
52976
52977
52980
52985
52987
52989
52991
52993
52996
52997
52998
52999
53001
53005
53006
53012
53013
53019
53022
53024
53025
53037
53038
53039
53043
53045
53046
53047
53048
53050
53052
53053
53054
53055
53057
53059
53062
53065
53066
53067
5307
53070
53072
53075
53076
53078
53080
53081
53082
53085
53087
53088
53093
53096
53097
53100
53101
53102
53107
53111
53112
53119
53121
53122
53124
53130
53131
53135
53137
53138
53139
53143
53144
53145
53147
53150
53152
53153
53155
53158
53160
53162
53163
53164
53165
53166
53167
53169
53170
53172
53174
53175
53176
53178
53180
53181
53184
53185
53187
53192
53195
53196
53197
53199
53201
53203
53211
53215
53217
53218
53221
53222
53223
53224
53225
53230
53231
53232
53236
53237
53240
53242
53243
53246
53250
53264
53274
53292
53297
53334
53338
53340
53347
53355
53364
53404
53423
53424
53428
53441
53454
53459
53486
53488
53508
53525
53535
53587
53591
53597
53610
53612
53661
53667
53670
53691
53692
53698
53703
53708
53713
53717
53727
53767
5377
53779
53780
5379
53800
53804
5381
53813
53819
53824
53828
53830
53834
53837
53841
5385
53850
53857
53869
5387
53889
53893
5390
53904
53907
5391
5392
53922
53934
5394
5396
53981
53983
53999
5400
54002
5401
54020
5403
54035
5404
54042
54044
54046
5405
54054
54073
5408
54086
5409
54098
5410
54103
54104
54111
54113
54115
54119
5413
54154
5416
5418
54190
5420
54203
54207
5421
54235
5425
54282
54290
54297
5430
54318
5432
54327
54328
54329
5433
54334
5435
54351
54359
54372
5438
54380
5439
54391
54412
54413
54431
54444
54455
54456
54480
54489
54496
54500
54519
54527
54533
54536
54538
54540
54543
54555
54563
54588
5459
54611
5464
54643
54652
5466
54665
54666
54700
54720
54721
54722
54726
5474
54763
54765
54769
5479
54815
54819
54825
54826
5483
54830
54839
5485
54858
54868
54869
54876
5488
549
54900
5491
54927
54945
54972
54981
54995
55
55002
5501
55022
55028
5503
55039
55044
5505
55064
55070
55071
55079
55081
55082
55088
55091
55095
55097
55106
5511
55140
55163
55164
5518
55185
55195
55196
55199
5520
55207
5521
55219
5522
55225
55228
55229
5524
55243
55247
55276
55293
553
55303
55319
55328
55329
55350
55352
55353
55354
55359
5537
55378
5538
55380
55384
55385
55388
5539
55390
55391
55392
55394
55396
55403
55406
5541
55410
55416
55420
55423
55424
55429
55430
55439
55440
55441
55446
55451
55454
5547
55470
55476
55479
55498
5550
5552
55532
55536
55545
5555
55552
55555
55564
55577
5563
55638
55644
55651
55662
55666
55670
55674
55675
5568
55680
55683
55684
55685
55694
55696
557
55714
55720
55722
55740
55741
55759
5577
5578
55785
55799
5580
55803
55805
55818
5582
55821
55824
55828
55831
55832
55836
55839
55843
55844
55847
55850
55857
55870
55879
5588
55889
55890
55891
55895
55898
559
55900
55904
55907
55909
55912
55923
55925
5593
55938
55943
55947
55951
5602
56026
56028
5603
56030
56038
5605
56055
56059
5607
56088
56089
5609
56094
56098
5610
56110
56111
56123
56132
56135
5615
56169
5617
56172
56173
56178
5619
56197
56209
56219
56236
56237
56246
56256
56258
56264
56266
56274
56282
56284
56286
5630
56304
56308
56309
5631
56329
56330
56334
56344
56349
56356
56357
56361
56366
56377
5639
56391
56402
56420
56430
5645
56450
56462
56463
56467
56469
56472
56477
56478
56496
5650
56510
56511
56515
56523
56531
56534
56550
56554
56566
56577
56582
56588
56595
56601
56603
5661
56611
5662
56630
56638
56641
56647
56665
56672
56674
56681
5669
56694
56700
56704
56719
56722
56724
56730
56736
56738
56740
56745
56765
56784
56791
56807
56813
56823
56828
5683
56837
56848
56858
56864
56867
56868
56876
56879
56881
56904
56908
5691
56910
56912
5692
5693
56934
56937
56953
56963
56969
56973
56975
56981
56989
56990
56993
57
57010
57021
57023
57026
57029
57031
57037
5704
57043
57044
57052
57057
57062
57066
57068
5707
57079
57081
57084
57088
57090
57099
57103
57111
57115
57118
57119
57124
57129
5713
57146
57154
57169
57172
57187
57188
5719
57201
57202
57217
57218
57228
5723
57238
57239
57243
57249
5726
57262
57280
57287
57288
57319
57329
57344
57348
57353
57365
57367
57370
57376
57378
57381
57382
57389
5739
57395
57401
57407
57423
57433
57436
5744
57462
57468
57479
57487
57489
57496
57503
57506
57508
57517
5752
57527
57532
57533
57537
57560
57571
57576
57581
57597
5760
57607
57608
57629
57633
57653
5766
57662
57664
57672
57673
57676
57677
57681
57683
57684
57685
5769
57692
57695
577
57707
57720
57723
57724
57734
57739
5774
57758
57763
57766
5779
57795
57801
57814
57821
57822
57823
57837
57839
5786
57860
57866
5787
57896
57902
57910
57928
5794
57944
57948
57951
57954
57961
57963
57967
57976
58002
58003
58005
58010
58018
58027
58042
58044
58046
58073
58076
58081
58095
58096
58102
58130
58138
58142
58148
58151
58191
58208
58226
58234
58239
58243
58247
58260
58269
58271
58273
58291
58298
58299
58302
58305
58307
58308
58314
58318
58319
58320
58321
58323
58329
58343
58346
58392
58404
58405
58431
58436
58441
58443
58445
58448
58451
58453
58463
58464
58473
58476
58477
58486
58487
58495
58505
58511
58516
58529
58536
58552
58558
58587
58589
58590
58598
58599
58600
58601
58616
58620
58621
58624
58627
58629
58631
58637
58640
58641
58649
58650
58651
58656
58666
58678
58682
58683
58687
58689
58691
58698
58703
58708
58714
58715
58717
58742
58744
58765
58779
58791
58793
58811
58820
58869
58877
58882
58885
58890
58891
58895
58898
589
58905
58909
58910
58916
58923
58940
58955
58979
58983
59
59103
59105
59108
59111
59113
59115
59123
59125
59126
59128
59151
59165
59188
59189
59214
59216
59238
59253
59256
59257
59258
59261
5927
59290
59318
59347
59349
59362
59368
59374
59395
59398
59410
59414
59432
59448
59455
59456
59460
59467
59469
59471
59491
59494
59504
59521
59524
59533
59542
59545
59554
59565
5957
59583
59586
59597
59605
59613
59622
59624
59626
59630
59632
59647
59659
59666
59675
59676
59677
59682
59689
59701
59702
59705
59707
59711
59713
59715
59720
59727
59729
59741
59748
59749
59750
59752
59753
59755
59758
59761
59764
59767
59771
59776
59778
59779
5978
59785
59789
59791
59793
59794
59796
59799
59800
59802
59807
59816
59824
59827
59835
59843
59860
59861
59862
59865
59867
59871
59872
59874
59876
59889
59890
59891
59897
59898
59908
59913
59919
59921
59925
59930
59933
59939
59943
59944
59949
59955
59970
59971
59980
59984
59990
600
60003
60009
60011
60019
60021
60022
60025
60032
60036
60043
60044
60049
60053
60059
60068
60080
60086
60092
60094
60111
60117
60118
60129
60131
60133
60140
60142
60144
60149
60153
60156
60157
60162
60163
60164
60169
60171
60175
60187
60194
60198
60199
60212
60213
60216
60218
60228
60230
60231
60239
60241
60243
60251
60252
60266
60268
60294
60297
60299
603
60300
60311
60316
60319
60323
60330
60333
60341
60351
60357
60362
60384
60388
60390
60392
60396
60404
60414
60422
60427
60432
60433
60435
60436
60444
60447
60458
60471
60475
60476
60478
60481
60486
60491
60497
60501
60522
60531
60532
60551
60558
60563
60567
6057
60574
60576
60587
6059
60591
60592
60595
60602
60610
60614
6062
60621
60626
60630
60651
6066
60664
60669
6067
60679
60686
60688
60690
60691
60695
60703
60706
60708
6071
60717
60728
60729
60735
60741
60745
6075
60750
60755
60758
60764
60768
60771
60772
60781
6079
60793
60799
60800
60804
60805
60810
60819
6082
60820
60824
60825
60830
60832
60842
60845
60848
60868
60876
60879
60882
60890
60893
60899
60901
60912
60915
60917
60918
60921
60922
60924
60929
60930
60940
60941
60942
60950
60955
60965
60973
60974
60975
60981
60982
60983
6099
60997
61005
61006
61007
61013
61015
61025
61026
61029
61031
61040
61042
61044
61046
61049
61050
61053
61056
6106
61078
61081
61084
6109
61094
61097
61098
61102
61110
61121
61131
61134
61138
61144
61149
61155
61157
61160
61161
61169
61174
61178
61183
61189
61198
61200
61201
61205
61207
61211
61212
61215
61218
6122
61221
61231
61232
61233
6124
61244
61255
61266
61272
6128
61280
61281
61283
61287
6129
61296
61297
6130
61307
61310
61316
61317
61323
61327
61331
61333
61335
61337
61340
61343
61347
61349
61357
61387
61394
61395
6140
61400
61413
61419
61423
61426
61428
61430
61431
61438
61440
61447
61449
61455
61463
61466
61468
6147
61470
61471
61472
61478
61486
61493
61496
61499
61504
61512
61568
6157
61570
61571
61573
61577
61578
61580
61581
61583
61584
61632
61637
61639
61640
61642
61648
61650
61651
61652
61656
61663
61665
61666
61667
6167
61672
61673
61678
61683
61684
61688
61689
6169
61693
61694
61696
61697
61701
61702
61703
61704
61706
61707
61708
61709
61712
61713
61720
61728
61730
61732
61739
61742
61744
61746
61748
61751
61752
61753
61754
61755
61756
61758
61762
61763
61764
61766
61767
61774
61776
61779
61782
61784
61787
61788
61792
61797
61798
61803
61804
61805
61806
6181
61811
61812
61813
61818
61821
61826
61829
61832
61833
61839
61841
61844
61845
6185
61850
61852
61855
61856
61857
61862
61864
61865
61866
61870
61871
61876
61877
61878
6188
61880
61884
61886
61887
61888
61889
6189
61890
61893
61894
61895
61900
61901
61902
61903
61908
61910
61913
61917
61918
6192
61921
61924
61928
61929
61935
61937
61939
61942
61943
61944
61946
61950
61951
61952
61955
61956
61967
61969
61981
61995
61998
61999
62
62000
62002
62003
62004
62009
62014
62021
62022
62023
62024
62031
62038
62040
62041
62055
62059
62068
62078
62086
62087
62088
62090
62094
62097
62099
62102
62105
62113
62116
62121
62136
62149
62156
62159
62160
62167
62168
62169
62172
62177
62178
62179
62183
62186
62193
62206
62210
62212
62214
62217
62221
62222
62227
6223
62234
62240
62241
62251
62275
62276
62279
62282
62283
62287
62290
62297
62310
62317
62320
62336
62341
62353
62359
62363
62365
62370
62373
62383
62391
62392
62395
62402
62405
62407
62410
62412
62416
62423
62428
62434
62445
62452
62454
62455
62463
62471
62478
62485
62488
62489
62496
62512
62529
62551
62560
62571
62588
62597
62604
6262
62622
6263
62643
62651
62675
62679
62688
62693
62695
62698
62708
62710
62731
62738
62744
62752
62753
62756
62782
62793
62805
62815
62818
62821
62831
62833
62853
62861
62872
62874
62886
62887
62891
62892
62893
62903
62904
62907
62909
62941
62943
62947
62955
62957
62969
62993
6300
63003
63007
63008
6301
63010
63016
63017
63018
63019
63037
63052
63056
6306
63060
63068
63119
63125
63126
63128
63136
63138
6315
63152
63154
63157
63161
63199
63202
63237
63242
6325
63251
63262
6327
63271
63290
63297
63311
63314
63318
63331
6336
63366
63380
63388
63393
63399
63403
63408
63414
63415
63420
63436
63439
63440
63442
63447
63450
63452
63470
63479
63494
63509
63528
63582
63583
6360
6364
6366
6368
6377
6379
63859
63888
6391
63911
63916
63920
63927
63930
63931
63949
63950
63956
63967
63972
63976
63981
63989
63996
63997
6400
64019
64044
64047
64049
6405
64052
6406
64073
64096
64098
64200
64209
64213
64223
64227
64230
64233
64238
64241
64245
64247
64252
64260
64262
64267
64270
64300
6431
64396
64424
64425
64427
64431
64432
64439
64442
64463
64474
64478
64488
64512
64513
64514
64520
64525
6453
6456
6459
64605
6461
6462
6479
6481
6491
6492
6498
65000
65001
65003
65005
65010
65024
65025
6503
65050
6509
6510
65100
65101
65104
6517
65200
65222
6528
6536
65400
65500
65530
65532
65534
65535
6566
6568
6576
6580
6582
6584
6591
6596
6597
6619
6621
6623
6629
6643
6647
6648
6653
6659
6660
6661
6663
6666
6672
6677
6679
668
6694
6697
6700
6701
6706
6713
6718
6720
6723
6724
6729
6730
6734
6735
6736
6739
675
6752
6753
6758
6762
6768
6769
6772
6774
6775
6776
6782
6786
6789
6798
6799
68
680
6802
6805
681
6810
6819
6821
6828
6829
683
6830
6831
6833
6834
6838
6848
6854
6855
6856
6866
687
6870
6871
6876
6877
6881
6886
6890
6893
6894
6895
6898
6900
6905
6908
6910
6921
6922
693
6939
6968
6971
698
6983
6984
699
6994
7
70
7004
701
7012
7014
7017
7018
7019
702
7029
703
7033
7046
7048
7049
7055
706
7065
7078
71
7106
7122
7133
7138
714
715
7151
7155
7160
7162
7171
7175
7181
719
7194
7195
72
7203
721
7212
7215
7226
7233
7247
7254
7276
7280
7287
7296
73
7303
7311
7324
7332
7342
7345
7346
7349
7352
7359
7363
7366
7377
7381
7385
7393
7397
7412
7418
7438
7459
7467
7468
7470
7473
7474
7475
7477
7482
7489
7490
7496
7497
7500
7503
7505
7506
7511
7514
7516
7521
7522
7524
7527
7529
7530
7532
7539
7540
7543
7545
7552
7562
7566
7568
7575
7578
7590
7594
7598
760
7600
7602
7604
7610
7616
7629
7630
7632
7633
7634
7642
7643
7650
7651
7654
766
7660
7664
7665
7667
7668
7670
7671
7672
7677
7679
7682
7684
7687
7690
7693
7696
7700
7712
7713
7718
7726
7735
7738
7743
7752
7753
7754
7756
7764
7767
7774
7782
7784
7786
7794
7795
7819
7828
7829
7843
7847
7849
7850
7859
786
7860
7861
7871
7872
7888
7896
790
7908
7912
792
7922
793
7954
7961
7979
7991
7992
8
8001
8002
8008
8015
8025
803
8038
8047
8052
8053
8055
8057
8059
8068
8070
8071
8075
8076
81
8100
8103
8111
812
8123
8134
8147
8148
8151
8161
8167
8175
818
819
8190
8194
8201
8208
8211
8218
8220
8224
823
8240
8245
8249
8251
8256
8258
8262
8264
8265
8267
8271
8276
8280
8282
8283
8285
8286
8300
8301
8302
8304
8308
8309
8311
8312
8315
8319
8323
8326
8328
8330
8331
8339
8342
8343
8346
8351
8356
8359
8362
8364
8365
8368
8369
8373
8374
8375
8376
8387
8391
8398
8399
84
8400
8402
8403
8412
8414
8416
8419
8422
8423
8426
8437
8440
8445
8447
8448
8449
8452
8453
8455
8457
8462
8464
8468
8469
8470
8473
8481
8487
8491
8492
8495
85
8501
8502
8508
8510
8513
8517
8518
8519
852
8520
8523
8528
8530
8535
8542
8544
855
8551
8553
8554
8559
8560
8561
8562
8564
8565
8569
8585
8586
8587
8590
8591
8592
8595
8596
8605
8607
8608
8612
8613
8615
8620
8621
8632
8636
8641
8648
8657
8659
8661
8664
8674
8676
8677
8680
8681
8683
8684
8685
8692
8697
8708
8717
8723
8728
8732
8737
8741
8742
8745
8749
8751
8752
8757
8758
8763
8764
8767
8769
8771
8774
8778
8779
8781
8787
8788
8793
8804
8816
8820
8821
8823
8832
8838
8839
8851
8865
8866
8875
8878
8879
8881
8884
8890
8891
8893
8895
8896
8897
8902
8903
8913
8915
8916
8922
8925
8926
8928
8932
8934
8935
8943
8949
8953
8966
8968
8970
8978
8981
8985
8987
8990
8995
8997
9
90
9002
9007
9008
9009
9020
9021
9022
9023
9026
9031
9036
9038
9044
9049
9050
9051
9052
9056
9063
9066
9067
9070
9080
9083
9085
9092
91
9100
9103
9105
9108
9111
9112
9115
9116
9119
9120
9121
9123
9125
9127
9129
9135
9136
9137
9143
9145
9146
9150
9153
9155
9158
9162
9166
9167
9178
9179
9182
9183
9186
9188
9189
9197
9198
92
9201
9208
9211
9216
9226
9228
9231
9234
9245
9246
9255
9260
9263
9264
9268
9269
9270
9280
9286
9287
9292
9293
9297
9299
9303
9304
9311
9316
9318
9326
9328
9329
9336
9353
9354
9355
9357
9358
9363
9365
9367
9370
9371
9374
9381
9387
9398
9406
9408
9411
9416
9419
9430
9431
9432
9433
9441
9443
9457
9464
9466
9471
9474
9482
9484
9498
9500
9502
9503
9505
9506
9507
9509
9512
9534
9536
9542
9555
9556
9558
9569
9583
9584
9595
9597
9600
9601
9605
9607
9617
9618
9619
9621
9622
9644
9649
9650
9652
9655
9656
9657
9671
9674
9700
9714
9716
9723
9729
9731
9732
9733
9735
9737
9749
9752
9764
9785
9790
9794
9797
9808
9821
9822
9824
9829
9835
9848
9868
9873
9874
9875
9877
9878
9889
9890
9891
9892
9896
9898
9901
9902
9903
9905
9911
9913
9916
9919
9924
9925
9930
9931
9942
9983
9988
9989
9993
9997
9999
