#ASN num_v4adj num_v6adj num_intersect(v4v6adj) num_union(adj) fr_v4(num_intersect/num_v4adj) fr_v6(num_intersect/num_v6adj) fr_intersect(num_intersect/num_union)
10013 2 6 1 7 0.5 0.166666666666667 0.142857142857143
10015 10 1 0 11 0 0 0
10030 2 1 1 2 0.5 1 0.5
101 38 6 6 38 0.157894736842105 1 0.157894736842105
102 3 1 1 3 0.333333333333333 1 0.333333333333333
10204 9 5 1 13 0.111111111111111 0.2 0.0769230769230769
10217 19 2 1 20 0.0526315789473684 0.5 0.05
10429 56 1 1 56 0.0178571428571429 1 0.0178571428571429
10490 29 2 2 29 0.0689655172413793 1 0.0689655172413793
10533 1 2 1 2 1 0.5 0.5
10569 1 1 1 1 1 1 1
10578 26 3 3 26 0.115384615384615 1 0.115384615384615
10586 5 2 0 7 0 0 0
10745 2 3 0 5 0 0 0
10764 13 2 2 13 0.153846153846154 1 0.153846153846154
10778 5 2 2 5 0.4 1 0.4
10886 40 17 7 50 0.175 0.411764705882353 0.14
109 13 4 0 17 0 0 0
1101 1 1 1 1 1 1 1
1103 175 41 38 178 0.217142857142857 0.926829268292683 0.213483146067416
111 3 2 2 3 0.666666666666667 1 0.666666666666667
11170 2 1 0 3 0 0 0
1125 3 3 2 4 0.666666666666667 0.666666666666667 0.5
1126 34 9 5 38 0.147058823529412 0.555555555555556 0.131578947368421
11317 9 2 2 9 0.222222222222222 1 0.222222222222222
1133 3 1 1 3 0.333333333333333 1 0.333333333333333
11340 4 1 1 4 0.25 1 0.25
1140 19 3 0 22 0 0 0
11537 81 48 35 94 0.432098765432099 0.729166666666667 0.372340425531915
11588 23 1 1 23 0.0434782608695652 1 0.0434782608695652
11656 1 1 0 2 0 0 0
11815 2 1 0 3 0 0 0
11960 5 2 2 5 0.4 1 0.4
11990 4 1 0 5 0 0 0
1200 38 13 7 44 0.184210526315789 0.538461538461538 0.159090909090909
12008 30 1 1 30 0.0333333333333333 1 0.0333333333333333
12041 4 3 2 5 0.5 0.666666666666667 0.4
12046 2 1 1 2 0.5 1 0.5
12111 27 2 1 28 0.037037037037037 0.5 0.0357142857142857
1213 5 2 2 5 0.4 1 0.4
1221 98 3 1 100 0.0102040816326531 0.333333333333333 0.01
12287 2 2 1 3 0.5 0.5 0.333333333333333
12312 21 1 1 21 0.0476190476190476 1 0.0476190476190476
12337 36 13 11 38 0.305555555555556 0.846153846153846 0.289473684210526
12353 5 4 1 8 0.2 0.25 0.125
12355 12 9 7 14 0.583333333333333 0.777777777777778 0.5
1237 36 3 2 37 0.0555555555555556 0.666666666666667 0.0540540540540541
12371 2 1 0 3 0 0 0
12386 13 2 2 13 0.153846153846154 1 0.153846153846154
1239 1735 2 1 1736 0.000576368876080692 0.5 0.000576036866359447
12399 73 1 1 73 0.0136986301369863 1 0.0136986301369863
12401 10 3 2 11 0.2 0.666666666666667 0.181818181818182
12414 35 11 8 38 0.228571428571429 0.727272727272727 0.210526315789474
12429 18 1 1 18 0.0555555555555556 1 0.0555555555555556
12533 2 1 0 3 0 0 0
1257 108 4 1 111 0.00925925925925926 0.25 0.00900900900900901
12600 11 1 1 11 0.0909090909090909 1 0.0909090909090909
12611 36 15 8 43 0.222222222222222 0.533333333333333 0.186046511627907
12634 36 12 9 39 0.25 0.75 0.230769230769231
12637 8 3 1 10 0.125 0.333333333333333 0.1
12638 1 3 0 4 0 0 0
12657 2 3 2 3 1 0.666666666666667 0.666666666666667
12709 2 1 0 3 0 0 0
1273 327 73 43 357 0.131498470948012 0.589041095890411 0.120448179271709
12731 53 9 7 55 0.132075471698113 0.777777777777778 0.127272727272727
12732 16 1 1 16 0.0625 1 0.0625
12741 82 1 0 83 0 0 0
12757 6 1 1 6 0.166666666666667 1 0.166666666666667
12767 11 1 0 12 0 0 0
12769 5 1 1 5 0.2 1 0.2
12779 66 17 8 75 0.121212121212121 0.470588235294118 0.106666666666667
1280 51 9 7 53 0.137254901960784 0.777777777777778 0.132075471698113
12816 1 2 1 2 1 0.5 0.5
12817 2 2 2 2 1 1 1
12853 1 5 0 6 0 0 0
12859 339 57 51 345 0.150442477876106 0.894736842105263 0.147826086956522
12871 29 12 7 34 0.241379310344828 0.583333333333333 0.205882352941176
12874 113 2 2 113 0.0176991150442478 1 0.0176991150442478
12895 8 1 1 8 0.125 1 0.125
12902 37 11 8 40 0.216216216216216 0.727272727272727 0.2
12931 4 3 2 5 0.5 0.666666666666667 0.4
12956 125 8 7 126 0.056 0.875 0.0555555555555556
12968 100 2 1 101 0.01 0.5 0.0099009900990099
12989 297 4 3 298 0.0101010101010101 0.75 0.0100671140939597
1299 480 31 26 485 0.0541666666666667 0.838709677419355 0.0536082474226804
13030 117 7 7 117 0.0598290598290598 1 0.0598290598290598
13039 3 1 1 3 0.333333333333333 1 0.333333333333333
13041 6 1 1 6 0.166666666666667 1 0.166666666666667
13092 5 1 1 5 0.2 1 0.2
13110 5 1 1 5 0.2 1 0.2
13115 4 1 1 4 0.25 1 0.25
1312 2 1 1 2 0.5 1 0.5
13189 22 3 3 22 0.136363636363636 1 0.136363636363636
13193 40 11 7 44 0.175 0.636363636363636 0.159090909090909
13237 483 48 41 490 0.0848861283643892 0.854166666666667 0.0836734693877551
13272 1 1 1 1 1 1 1
13293 22 2 2 22 0.0909090909090909 1 0.0909090909090909
13319 3 1 0 4 0 0 0
13448 4 1 1 4 0.25 1 0.25
13645 165 12 6 171 0.0363636363636364 0.5 0.0350877192982456
137 14 3 3 14 0.214285714285714 1 0.214285714285714
13737 2 2 1 3 0.5 0.5 0.333333333333333
13802 6 1 0 7 0 0 0
13911 4 1 0 5 0 0 0
14277 9 8 1 16 0.111111111111111 0.125 0.0625
15169 99 4 1 102 0.0101010101010101 0.25 0.00980392156862745
15412 243 3 2 244 0.00823045267489712 0.666666666666667 0.00819672131147541
15431 1 1 1 1 1 1 1
15440 5 2 1 6 0.2 0.5 0.166666666666667
15444 247 19 11 255 0.0445344129554656 0.578947368421053 0.0431372549019608
15456 1 2 0 3 0 0 0
15469 1 1 0 2 0 0 0
15474 1 1 1 1 1 1 1
15475 9 1 0 10 0 0 0
15501 2 2 2 2 1 1 1
15589 34 8 2 40 0.0588235294117647 0.25 0.05
15598 55 10 7 58 0.127272727272727 0.7 0.120689655172414
15623 26 2 1 27 0.0384615384615385 0.5 0.037037037037037
15685 18 3 3 18 0.166666666666667 1 0.166666666666667
15694 47 1 1 47 0.0212765957446809 1 0.0212765957446809
15706 4 1 1 4 0.25 1 0.25
15725 2 2 1 3 0.5 0.5 0.333333333333333
15744 10 1 1 10 0.1 1 0.1
15782 11 2 1 12 0.0909090909090909 0.5 0.0833333333333333
15798 2 1 0 3 0 0 0
15919 6 1 1 6 0.166666666666667 1 0.166666666666667
16004 8 2 1 9 0.125 0.5 0.111111111111111
16023 3 1 0 4 0 0 0
16030 56 12 9 59 0.160714285714286 0.75 0.152542372881356
16034 252 24 22 254 0.0873015873015873 0.916666666666667 0.0866141732283465
16086 31 18 6 43 0.193548387096774 0.333333333333333 0.13953488372093
16128 13 3 2 14 0.153846153846154 0.666666666666667 0.142857142857143
16131 25 7 4 28 0.16 0.571428571428571 0.142857142857143
16150 198 7 5 200 0.0252525252525253 0.714285714285714 0.025
16186 43 6 2 47 0.0465116279069767 0.333333333333333 0.0425531914893617
16215 11 2 2 11 0.181818181818182 1 0.181818181818182
16237 25 3 1 27 0.04 0.333333333333333 0.037037037037037
16245 21 2 1 22 0.0476190476190476 0.5 0.0454545454545455
16265 87 2 1 88 0.0114942528735632 0.5 0.0113636363636364
16276 57 2 2 57 0.0350877192982456 1 0.0350877192982456
16305 1 1 1 1 1 1 1
16316 4 3 1 6 0.25 0.333333333333333 0.166666666666667
16397 5 2 0 7 0 0 0
1653 25 4 3 26 0.12 0.75 0.115384615384615
16531 8 1 0 9 0 0 0
1659 6 3 2 7 0.333333333333333 0.666666666666667 0.285714285714286
16668 7 2 0 9 0 0 0
16713 29 1 0 30 0 0 0
16838 12 1 0 13 0 0 0
16942 2 3 0 5 0 0 0
16993 3 1 0 4 0 0 0
17263 3 1 0 4 0 0 0
1741 10 3 2 11 0.2 0.666666666666667 0.181818181818182
17435 4 2 0 6 0 0 0
17511 8 3 0 11 0 0 0
17529 7 1 0 8 0 0 0
17554 7 2 2 7 0.285714285714286 1 0.285714285714286
17579 8 5 3 10 0.375 0.6 0.3
1764 22 7 5 24 0.227272727272727 0.714285714285714 0.208333333333333
17676 35 6 2 39 0.0571428571428571 0.333333333333333 0.0512820512820513
17716 3 1 1 3 0.333333333333333 1 0.333333333333333
17832 4 13 1 16 0.25 0.0769230769230769 0.0625
17843 2 1 1 2 0.5 1 0.5
17853 1 1 0 2 0 0 0
17934 2 3 1 4 0.5 0.333333333333333 0.25
17955 4 1 1 4 0.25 1 0.25
1797 2 2 1 3 0.5 0.5 0.333333333333333
1798 4 2 0 6 0 0 0
18015 2 2 2 2 1 1 1
18062 1 1 0 2 0 0 0
18119 2 1 0 3 0 0 0
18126 5 1 1 5 0.2 1 0.2
18182 3 1 0 4 0 0 0
18185 4 2 1 5 0.25 0.5 0.2
18206 2 2 0 4 0 0 0
18266 3 1 1 3 0.333333333333333 1 0.333333333333333
18288 1 1 0 2 0 0 0
1835 6 1 1 6 0.166666666666667 1 0.166666666666667
1836 38 3 3 38 0.0789473684210526 1 0.0789473684210526
18366 2 1 1 2 0.5 1 0.5
18422 4 2 2 4 0.5 1 0.5
1853 104 18 16 106 0.153846153846154 0.888888888888889 0.150943396226415
18592 25 12 10 27 0.4 0.833333333333333 0.37037037037037
18666 2 2 0 4 0 0 0
1879 1 2 1 2 1 0.5 0.5
1880 15 8 4 19 0.266666666666667 0.5 0.210526315789474
1881 1 1 1 1 1 1 1
1887 7 1 1 7 0.142857142857143 1 0.142857142857143
1888 1 1 1 1 1 1 1
1901 123 2 2 123 0.016260162601626 1 0.016260162601626
19021 1 1 0 2 0 0 0
1916 68 7 4 71 0.0588235294117647 0.571428571428571 0.0563380281690141
19165 2 1 0 3 0 0 0
19166 3 1 1 3 0.333333333333333 1 0.333333333333333
19255 1 1 0 2 0 0 0
1930 21 6 5 22 0.238095238095238 0.833333333333333 0.227272727272727
19318 38 6 4 40 0.105263157894737 0.666666666666667 0.1
19401 38 8 8 38 0.210526315789474 1 0.210526315789474
195 7 4 2 9 0.285714285714286 0.5 0.222222222222222
1955 11 2 2 11 0.181818181818182 1 0.181818181818182
196613 2 1 1 2 0.5 1 0.5
19782 13 1 1 13 0.0769230769230769 1 0.0769230769230769
19783 2 1 0 3 0 0 0
20080 18 4 4 18 0.222222222222222 1 0.222222222222222
2018 4 4 1 7 0.25 0.25 0.142857142857143
20312 5 2 2 5 0.4 1 0.4
2042 14 3 2 15 0.142857142857143 0.666666666666667 0.133333333333333
20473 22 1 0 23 0 0 0
20495 43 8 6 45 0.13953488372093 0.75 0.133333333333333
20569 12 1 1 12 0.0833333333333333 1 0.0833333333333333
20597 2 1 0 3 0 0 0
20612 3 2 2 3 0.666666666666667 1 0.666666666666667
20621 2 1 1 2 0.5 1 0.5
20633 17 7 2 22 0.117647058823529 0.285714285714286 0.0909090909090909
20640 198 63 51 210 0.257575757575758 0.80952380952381 0.242857142857143
20646 43 16 10 49 0.232558139534884 0.625 0.204081632653061
20650 6 1 1 6 0.166666666666667 1 0.166666666666667
20704 17 5 3 19 0.176470588235294 0.6 0.157894736842105
20712 7 2 0 9 0 0 0
20718 29 11 3 37 0.103448275862069 0.272727272727273 0.0810810810810811
20745 1 4 0 5 0 0 0
20794 2 1 0 3 0 0 0
20834 31 5 4 32 0.129032258064516 0.8 0.125
20847 34 9 6 37 0.176470588235294 0.666666666666667 0.162162162162162
209 1298 6 4 1300 0.00308166409861325 0.666666666666667 0.00307692307692308
20900 2 1 0 3 0 0 0
20912 4 4 0 8 0 0 0
20965 47 40 40 47 0.851063829787234 1 0.851063829787234
210 9 1 1 9 0.111111111111111 1 0.111111111111111
21055 23 3 1 25 0.0434782608695652 0.333333333333333 0.04
2107 1 1 1 1 1 1 1
2108 1 1 1 1 1 1 1
2110 51 6 2 55 0.0392156862745098 0.333333333333333 0.0363636363636364
21119 5 1 1 5 0.2 1 0.2
21155 36 10 7 39 0.194444444444444 0.7 0.179487179487179
2116 28 1 1 28 0.0357142857142857 1 0.0357142857142857
21221 23 6 4 25 0.173913043478261 0.666666666666667 0.16
2128 4 1 1 4 0.25 1 0.25
21280 8 1 0 9 0 0 0
21385 58 14 11 61 0.189655172413793 0.785714285714286 0.180327868852459
2153 41 8 8 41 0.195121951219512 1 0.195121951219512
21844 11 1 1 11 0.0909090909090909 1 0.0909090909090909
21947 22 2 2 22 0.0909090909090909 1 0.0909090909090909
2200 43 3 3 43 0.0697674418604651 1 0.0697674418604651
22166 2 1 0 3 0 0 0
22388 9 6 6 9 0.666666666666667 1 0.666666666666667
224 5 1 1 5 0.2 1 0.2
22548 23 2 1 24 0.0434782608695652 0.5 0.0416666666666667
226 22 1 1 22 0.0454545454545455 1 0.0454545454545455
22727 6 1 0 7 0 0 0
22767 2 1 1 2 0.5 1 0.5
23265 22 1 1 22 0.0454545454545455 1 0.0454545454545455
23352 144 2 2 144 0.0138888888888889 1 0.0138888888888889
23393 51 3 2 52 0.0392156862745098 0.666666666666667 0.0384615384615385
23456 6 1 0 7 0 0 0
23504 27 8 3 32 0.111111111111111 0.375 0.09375
23541 4 2 1 5 0.25 0.5 0.2
23554 2 1 1 2 0.5 1 0.5
23596 2 1 1 2 0.5 1 0.5
23600 3 2 2 3 0.666666666666667 1 0.666666666666667
23624 2 1 1 2 0.5 1 0.5
23634 5 2 2 5 0.4 1 0.4
23654 2 2 2 2 1 1 1
23754 1 1 0 2 0 0 0
23774 4 2 1 5 0.25 0.5 0.2
23787 2 2 1 3 0.5 0.5 0.333333333333333
2381 31 2 1 32 0.032258064516129 0.5 0.03125
23836 1 1 1 1 1 1 1
23869 2 1 0 3 0 0 0
23902 3 2 0 5 0 0 0
23910 3 7 2 8 0.666666666666667 0.285714285714286 0.25
23911 5 12 5 12 1 0.416666666666667 0.416666666666667
23912 1 1 0 2 0 0 0
23966 3 3 0 6 0 0 0
24 10 7 4 13 0.4 0.571428571428571 0.307692307692308
24226 3 2 0 5 0 0 0
24229 3 1 1 3 0.333333333333333 1 0.333333333333333
24287 4 3 3 4 0.75 1 0.75
24311 1 2 0 3 0 0 0
24433 2 1 1 2 0.5 1 0.5
24475 3 3 3 3 1 1 1
24489 7 5 5 7 0.714285714285714 1 0.714285714285714
24490 9 7 7 9 0.777777777777778 1 0.777777777777778
24514 3 2 2 3 0.666666666666667 1 0.666666666666667
24541 2 3 1 4 0.5 0.333333333333333 0.25
24586 20 4 2 22 0.1 0.5 0.0909090909090909
24587 32 6 3 35 0.09375 0.5 0.0857142857142857
24724 55 3 3 55 0.0545454545454545 1 0.0545454545454545
24730 41 1 1 41 0.024390243902439 1 0.024390243902439
24776 5 2 1 6 0.2 0.5 0.166666666666667
24875 194 41 34 201 0.175257731958763 0.829268292682927 0.169154228855721
2497 214 59 42 231 0.196261682242991 0.711864406779661 0.181818181818182
24973 2 1 0 3 0 0 0
250 7 2 0 9 0 0 0
2500 31 46 12 65 0.387096774193548 0.260869565217391 0.184615384615385
25058 2 1 1 2 0.5 1 0.5
2506 2 1 1 2 0.5 1 0.5
25061 29 2 1 30 0.0344827586206897 0.5 0.0333333333333333
25098 18 1 1 18 0.0555555555555556 1 0.0555555555555556
2510 16 6 3 19 0.1875 0.5 0.157894736842105
25108 15 4 3 16 0.2 0.75 0.1875
25137 5 3 2 6 0.4 0.666666666666667 0.333333333333333
2514 19 3 2 20 0.105263157894737 0.666666666666667 0.1
2515 6 1 1 6 0.166666666666667 1 0.166666666666667
25152 42 4 2 44 0.0476190476190476 0.5 0.0454545454545455
2516 299 44 31 312 0.103678929765886 0.704545454545455 0.0993589743589744
2518 66 8 3 71 0.0454545454545455 0.375 0.0422535211267606
2519 27 4 1 30 0.037037037037037 0.25 0.0333333333333333
25192 19 6 4 21 0.210526315789474 0.666666666666667 0.19047619047619
25208 5 1 0 6 0 0 0
25220 14 2 2 14 0.142857142857143 1 0.142857142857143
2523 2 1 1 2 0.5 1 0.5
25232 320 8 8 320 0.025 1 0.025
2527 9 6 3 12 0.333333333333333 0.5 0.25
25358 13 8 1 20 0.0769230769230769 0.125 0.05
25384 9 2 0 11 0 0 0
25441 12 1 1 12 0.0833333333333333 1 0.0833333333333333
25466 5 2 2 5 0.4 1 0.4
25473 4 1 1 4 0.25 1 0.25
2549 3 2 1 4 0.333333333333333 0.5 0.25
25538 2 1 0 3 0 0 0
25560 58 15 11 62 0.189655172413793 0.733333333333333 0.17741935483871
25689 6 2 1 7 0.166666666666667 0.5 0.142857142857143
2572 6 1 1 6 0.166666666666667 1 0.166666666666667
2586 7 1 1 7 0.142857142857143 1 0.142857142857143
2594 4 1 0 5 0 0 0
2595 1 1 0 2 0 0 0
2602 2 1 1 2 0.5 1 0.5
2603 29 13 10 32 0.344827586206897 0.769230769230769 0.3125
2607 25 6 5 26 0.2 0.833333333333333 0.192307692307692
2611 47 9 8 48 0.170212765957447 0.888888888888889 0.166666666666667
2614 10 1 1 10 0.1 1 0.1
26415 21 3 0 24 0 0 0
26943 151 12 9 154 0.0596026490066225 0.75 0.0584415584415584
2697 4 1 1 4 0.25 1 0.25
27 2 1 1 2 0.5 1 0.5
2714 1 1 1 1 1 1 1
27319 22 3 3 22 0.136363636363636 1 0.136363636363636
27446 5 1 0 6 0 0 0
27678 6 1 1 6 0.166666666666667 1 0.166666666666667
27750 20 16 16 20 0.8 1 0.8
278 7 7 1 13 0.142857142857143 0.142857142857143 0.0769230769230769
27841 1 1 1 1 1 1 1
2819 23 3 0 26 0 0 0
2839 4 2 2 4 0.5 1 0.5
2847 2 1 1 2 0.5 1 0.5
28472 1 1 1 1 1 1 1
2852 47 3 3 47 0.0638297872340425 1 0.0638297872340425
2857 147 11 7 151 0.0476190476190476 0.636363636363636 0.0463576158940397
286 318 53 30 341 0.0943396226415094 0.566037735849057 0.0879765395894428
2861 10 2 2 10 0.2 1 0.2
28678 2 1 1 2 0.5 1 0.5
28716 46 1 1 46 0.0217391304347826 1 0.0217391304347826
28725 5 1 0 6 0 0 0
28747 1 1 1 1 1 1 1
28788 42 3 3 42 0.0714285714285714 1 0.0714285714285714
28792 10 1 0 11 0 0 0
28814 1 1 1 1 1 1 1
28824 1 1 0 2 0 0 0
2884 6 2 2 6 0.333333333333333 1 0.333333333333333
28855 7 1 1 7 0.142857142857143 1 0.142857142857143
28857 7 4 2 9 0.285714285714286 0.5 0.222222222222222
2895 9 2 2 9 0.222222222222222 1 0.222222222222222
2905 24 2 0 26 0 0 0
2907 72 5 3 74 0.0416666666666667 0.6 0.0405405405405405
29134 6 1 0 7 0 0 0
2914 571 138 77 632 0.134851138353765 0.557971014492754 0.121835443037975
2915 10 10 1 19 0.1 0.1 0.0526315789473684
29208 29 3 3 29 0.103448275862069 1 0.103448275862069
29216 1 2 1 2 1 0.5 0.5
29243 2 1 1 2 0.5 1 0.5
29259 4 2 2 4 0.5 1 0.5
293 128 22 18 132 0.140625 0.818181818181818 0.136363636363636
29317 1 2 1 2 1 0.5 0.5
29422 19 2 1 20 0.0526315789473684 0.5 0.05
29449 3 4 0 7 0 0 0
29452 3 1 0 4 0 0 0
29527 36 6 4 38 0.111111111111111 0.666666666666667 0.105263157894737
29632 9 4 1 12 0.111111111111111 0.25 0.0833333333333333
29636 172 24 23 173 0.133720930232558 0.958333333333333 0.132947976878613
29668 30 2 1 31 0.0333333333333333 0.5 0.032258064516129
29670 3 2 1 4 0.333333333333333 0.5 0.25
29686 298 72 68 302 0.228187919463087 0.944444444444444 0.225165562913907
29748 27 2 2 27 0.0740740740740741 1 0.0740740740740741
29791 35 3 1 37 0.0285714285714286 0.333333333333333 0.027027027027027
29838 17 1 0 18 0 0 0
29877 4 1 0 5 0 0 0
3 5 1 0 6 0 0 0
30071 29 90 12 107 0.413793103448276 0.133333333333333 0.11214953271028
30128 3 4 2 5 0.666666666666667 0.5 0.4
30129 2 2 2 2 1 1 1
30132 10 3 3 10 0.3 1 0.3
30374 2 1 0 3 0 0 0
30528 7 1 1 7 0.142857142857143 1 0.142857142857143
30653 18 3 1 20 0.0555555555555556 0.333333333333333 0.05
30834 5 1 1 5 0.2 1 0.2
30913 18 3 1 20 0.0555555555555556 0.333333333333333 0.05
31065 3 2 0 5 0 0 0
31103 3 3 0 6 0 0 0
31117 10 1 1 10 0.1 1 0.1
31127 3 1 1 3 0.333333333333333 1 0.333333333333333
31246 6 1 1 6 0.166666666666667 1 0.166666666666667
31265 1 1 1 1 1 1 1
31283 63 1 1 63 0.0158730158730159 1 0.0158730158730159
31333 8 2 2 8 0.25 1 0.25
31383 18 9 4 23 0.222222222222222 0.444444444444444 0.173913043478261
3140 1 1 1 1 1 1 1
31424 10 1 1 10 0.1 1 0.1
31477 57 1 1 57 0.0175438596491228 1 0.0175438596491228
31479 6 1 1 6 0.166666666666667 1 0.166666666666667
31708 5 2 2 5 0.4 1 0.4
31985 7 1 0 8 0 0 0
32034 4 2 1 5 0.25 0.5 0.2
3212 44 1 1 44 0.0227272727272727 1 0.0227272727272727
3213 128 9 9 128 0.0703125 1 0.0703125
3221 2 1 1 2 0.5 1 0.5
3224 1 1 1 1 1 1 1
32361 7 1 1 7 0.142857142857143 1 0.142857142857143
3243 13 3 2 14 0.153846153846154 0.666666666666667 0.142857142857143
32459 3 1 1 3 0.333333333333333 1 0.333333333333333
3246 121 6 3 124 0.0247933884297521 0.5 0.0241935483870968
3248 38 13 7 44 0.184210526315789 0.538461538461538 0.159090909090909
3249 46 10 6 50 0.130434782608696 0.6 0.12
3257 384 156 70 470 0.182291666666667 0.448717948717949 0.148936170212766
3265 42 13 7 48 0.166666666666667 0.538461538461538 0.145833333333333
3277 104 1 0 105 0 0 0
3292 293 8 6 295 0.0204778156996587 0.75 0.0203389830508475
32978 3 1 1 3 0.333333333333333 1 0.333333333333333
3301 53 2 1 54 0.0188679245283019 0.5 0.0185185185185185
3303 381 11 6 386 0.015748031496063 0.545454545454545 0.0155440414507772
3320 434 13 8 439 0.0184331797235023 0.615384615384615 0.0182232346241458
3327 312 10 10 312 0.032051282051282 1 0.032051282051282
3333 142 5 2 145 0.0140845070422535 0.4 0.0137931034482759
3343 18 6 3 21 0.166666666666667 0.5 0.142857142857143
33437 1 10 1 10 1 0.1 0.1
3344 26 14 7 33 0.269230769230769 0.5 0.212121212121212
3352 61 3 1 63 0.0163934426229508 0.333333333333333 0.0158730158730159
3356 1386 38 32 1392 0.0230880230880231 0.842105263157895 0.0229885057471264
33843 25 2 2 25 0.08 1 0.08
34081 2 1 1 2 0.5 1 0.5
34159 7 1 1 7 0.142857142857143 1 0.142857142857143
34225 4 3 2 5 0.5 0.666666666666667 0.4
34243 1 1 1 1 1 1 1
34288 5 3 2 6 0.4 0.666666666666667 0.333333333333333
34309 24 11 4 31 0.166666666666667 0.363636363636364 0.129032258064516
34419 6 2 1 7 0.166666666666667 0.5 0.142857142857143
34631 3 1 1 3 0.333333333333333 1 0.333333333333333
34763 58 11 4 65 0.0689655172413793 0.363636363636364 0.0615384615384615
34806 2 1 0 3 0 0 0
35003 2 1 1 2 0.5 1 0.5
35244 17 9 6 20 0.352941176470588 0.666666666666667 0.3
35272 9 1 1 9 0.111111111111111 1 0.111111111111111
35425 6 2 2 6 0.333333333333333 1 0.333333333333333
35485 5 3 2 6 0.4 0.666666666666667 0.333333333333333
3549 929 65 49 945 0.0527448869752422 0.753846153846154 0.0518518518518519
35492 3 1 1 3 0.333333333333333 1 0.333333333333333
3551 1 1 0 2 0 0 0
3557 80 20 11 89 0.1375 0.55 0.123595505617978
35612 4 2 0 6 0 0 0
35627 4 2 2 4 0.5 1 0.5
35706 13 4 2 15 0.153846153846154 0.5 0.133333333333333
3597 8 1 1 8 0.125 1 0.125
3640 4 1 1 4 0.25 1 0.25
3662 13 1 1 13 0.0769230769230769 1 0.0769230769230769
3681 3 1 1 3 0.333333333333333 1 0.333333333333333
36810 2 1 0 3 0 0 0
3741 240 1 0 241 0 0 0
3758 36 5 0 41 0 0 0
376 14 1 1 14 0.0714285714285714 1 0.0714285714285714
378 3 1 1 3 0.333333333333333 1 0.333333333333333
3790 2 1 1 2 0.5 1 0.5
38005 2 2 2 2 1 1 1
38018 8 3 3 8 0.375 1 0.375
38022 13 3 3 13 0.230769230769231 1 0.230769230769231
38083 2 1 1 2 0.5 1 0.5
38128 1 1 0 2 0 0 0
38140 2 1 1 2 0.5 1 0.5
3825 1 3 0 4 0 0 0
38299 1 1 1 1 1 1 1
3836 6 8 1 13 0.166666666666667 0.125 0.0769230769230769
38462 1 1 1 1 1 1 1
38986 3 1 1 3 0.333333333333333 1 0.333333333333333
39122 4 1 1 4 0.25 1 0.25
39211 1 1 1 1 1 1 1
39301 2 2 2 2 1 1 1
39854 1 1 0 2 0 0 0
3999 1 1 1 1 1 1 1
40193 7 1 0 8 0 0 0
40220 11 2 2 11 0.181818181818182 1 0.181818181818182
40490 2 1 1 2 0.5 1 0.5
41075 2 1 0 3 0 0 0
41102 1 6 0 7 0 0 0
4134 70 2 0 72 0 0 0
41670 1 1 0 2 0 0 0
41773 1 1 1 1 1 1 1
42 80 2 2 80 0.025 1 0.025
4436 83 10 9 84 0.108433734939759 0.9 0.107142857142857
4538 16 7 5 18 0.3125 0.714285714285714 0.277777777777778
4555 1 3 0 4 0 0 0
4557 8 2 2 8 0.25 1 0.25
4589 673 49 44 678 0.0653789004457652 0.897959183673469 0.0648967551622419
4608 3 2 1 4 0.333333333333333 0.5 0.25
4618 16 4 1 19 0.0625 0.25 0.0526315789473684
4621 29 3 2 30 0.0689655172413793 0.666666666666667 0.0666666666666667
4635 77 9 8 78 0.103896103896104 0.888888888888889 0.102564102564103
4645 14 1 1 14 0.0714285714285714 1 0.0714285714285714
4651 30 7 6 31 0.2 0.857142857142857 0.193548387096774
4673 8 1 1 8 0.125 1 0.125
4675 6 6 1 11 0.166666666666667 0.166666666666667 0.0909090909090909
4677 5 7 3 9 0.6 0.428571428571429 0.333333333333333
4678 8 7 3 12 0.375 0.428571428571429 0.25
4680 10 6 2 14 0.2 0.333333333333333 0.142857142857143
4685 8 6 3 11 0.375 0.5 0.272727272727273
4688 10 6 3 13 0.3 0.5 0.230769230769231
4691 9 13 4 18 0.444444444444444 0.307692307692308 0.222222222222222
4697 3 14 1 16 0.333333333333333 0.0714285714285714 0.0625
4702 5 4 1 8 0.2 0.25 0.125
4713 87 4 3 88 0.0344827586206897 0.75 0.0340909090909091
4716 86 31 10 107 0.116279069767442 0.32258064516129 0.0934579439252336
4717 4 2 2 4 0.5 1 0.5
4718 3 5 1 7 0.333333333333333 0.2 0.142857142857143
4721 11 6 1 16 0.0909090909090909 0.166666666666667 0.0625
4725 128 35 14 149 0.109375 0.4 0.0939597315436242
4738 1 1 1 1 1 1 1
4747 7 2 0 9 0 0 0
4750 46 2 1 47 0.0217391304347826 0.5 0.0212765957446809
4755 97 1 1 97 0.0103092783505155 1 0.0103092783505155
4761 39 3 2 40 0.0512820512820513 0.666666666666667 0.05
4768 23 1 1 23 0.0434782608695652 1 0.0434782608695652
4775 44 2 1 45 0.0227272727272727 0.5 0.0222222222222222
4777 26 8 6 28 0.230769230769231 0.75 0.214285714285714
4780 26 2 1 27 0.0384615384615385 0.5 0.037037037037037
4782 3 1 0 4 0 0 0
4787 7 4 0 11 0 0 0
4788 88 9 4 93 0.0454545454545455 0.444444444444444 0.043010752688172
4795 34 8 2 40 0.0588235294117647 0.25 0.05
4818 3 1 0 4 0 0 0
5050 18 2 2 18 0.111111111111111 1 0.111111111111111
513 40 7 5 42 0.125 0.714285714285714 0.119047619047619
5381 12 2 1 13 0.0833333333333333 0.5 0.0769230769230769
5385 12 7 3 16 0.25 0.428571428571429 0.1875
5401 4 2 1 5 0.25 0.5 0.2
5408 29 1 1 29 0.0344827586206897 1 0.0344827586206897
5410 48 5 1 52 0.0208333333333333 0.2 0.0192307692307692
5413 194 2 1 195 0.00515463917525773 0.5 0.00512820512820513
5421 3 1 1 3 0.333333333333333 1 0.333333333333333
5430 70 19 14 75 0.2 0.736842105263158 0.186666666666667
5459 230 8 8 230 0.0347826086956522 1 0.0347826086956522
5466 69 2 1 70 0.0144927536231884 0.5 0.0142857142857143
5486 38 2 0 40 0 0 0
5511 167 23 18 172 0.107784431137725 0.782608695652174 0.104651162790698
553 41 15 11 45 0.268292682926829 0.733333333333333 0.244444444444444
5537 24 2 1 25 0.0416666666666667 0.5 0.04
5539 33 40 14 59 0.424242424242424 0.35 0.23728813559322
5549 3 2 2 3 0.666666666666667 1 0.666666666666667
5550 4 2 1 5 0.25 0.5 0.2
5568 93 7 4 96 0.043010752688172 0.571428571428571 0.0416666666666667
557 6 1 1 6 0.166666666666667 1 0.166666666666667
559 57 16 15 58 0.263157894736842 0.9375 0.258620689655172
5602 15 3 1 17 0.0666666666666667 0.333333333333333 0.0588235294117647
5609 2 11 0 13 0 0 0
5623 1 3 0 4 0 0 0
5669 33 2 0 35 0 0 0
57 21 3 3 21 0.142857142857143 1 0.142857142857143
5707 3 1 1 3 0.333333333333333 1 0.333333333333333
5713 129 2 1 130 0.00775193798449612 0.5 0.00769230769230769
5786 2 1 1 2 0.5 1 0.5
6057 5 1 1 5 0.2 1 0.2
6062 7 2 0 9 0 0 0
6066 3 1 0 4 0 0 0
6083 26 5 4 27 0.153846153846154 0.8 0.148148148148148
6140 101 1 0 102 0 0 0
6163 10 2 1 11 0.1 0.5 0.0909090909090909
6182 1 1 1 1 1 1 1
6263 3 1 1 3 0.333333333333333 1 0.333333333333333
6320 280 1 0 281 0 0 0
6342 4 1 0 5 0 0 0
6360 9 2 2 9 0.222222222222222 1 0.222222222222222
6435 3 7 0 10 0 0 0
6453 428 53 42 439 0.0981308411214953 0.792452830188679 0.0956719817767654
6509 40 6 6 40 0.15 1 0.15
65100 1 1 1 1 1 1 1
65500 4 1 0 5 0 0 0
65535 1 1 0 2 0 0 0
6596 21 1 1 21 0.0476190476190476 1 0.0476190476190476
6619 13 2 1 14 0.0769230769230769 0.5 0.0714285714285714
6629 2 1 1 2 0.5 1 0.5
6648 27 2 1 28 0.037037037037037 0.5 0.0357142857142857
6666 36 16 10 42 0.277777777777778 0.625 0.238095238095238
6667 472 81 78 475 0.165254237288136 0.962962962962963 0.164210526315789
668 37 6 3 40 0.0810810810810811 0.5 0.075
6695 149 14 13 150 0.087248322147651 0.928571428571429 0.0866666666666667
6696 8 2 1 9 0.125 0.5 0.111111111111111
6706 7 4 3 8 0.428571428571429 0.75 0.375
6730 616 5 5 616 0.00811688311688312 1 0.00811688311688312
6762 138 25 19 144 0.13768115942029 0.76 0.131944444444444
6770 39 10 6 43 0.153846153846154 0.6 0.13953488372093
6772 13 4 4 13 0.307692307692308 1 0.307692307692308
6774 73 10 10 73 0.136986301369863 1 0.136986301369863
6775 4 1 1 4 0.25 1 0.25
680 50 11 9 52 0.18 0.818181818181818 0.173076923076923
6802 7 2 2 7 0.285714285714286 1 0.285714285714286
6830 136 64 22 178 0.161764705882353 0.34375 0.123595505617978
6881 68 1 1 68 0.0147058823529412 1 0.0147058823529412
6895 6 1 1 6 0.166666666666667 1 0.166666666666667
6939 558 38 16 580 0.028673835125448 0.421052631578947 0.0275862068965517
701 2819 11 8 2822 0.00283788577509755 0.727272727272727 0.00283486888731396
7018 2094 10 6 2098 0.00286532951289398 0.6 0.00285986653956149
7019 1 1 1 1 1 1 1
7065 16 3 1 18 0.0625 0.333333333333333 0.0555555555555556
7066 23 3 3 23 0.130434782608696 1 0.130434782608696
719 10 2 1 11 0.1 0.5 0.0909090909090909
7377 3 1 0 4 0 0 0
7470 29 1 1 29 0.0344827586206897 1 0.0344827586206897
7500 66 4 2 68 0.0303030303030303 0.5 0.0294117647058824
7514 19 8 4 23 0.210526315789474 0.5 0.173913043478261
7516 3 1 0 4 0 0 0
7521 4 3 1 6 0.25 0.333333333333333 0.166666666666667
7522 5 7 2 10 0.4 0.285714285714286 0.2
7530 2 1 0 3 0 0 0
7539 24 9 7 26 0.291666666666667 0.777777777777778 0.269230769230769
7570 1 3 1 3 1 0.333333333333333 0.333333333333333
7575 397 71 67 401 0.168765743073048 0.943661971830986 0.167082294264339
7606 51 2 2 51 0.0392156862745098 1 0.0392156862745098
7610 11 2 0 13 0 0 0
766 17 5 4 18 0.235294117647059 0.8 0.222222222222222
7660 38 20 14 44 0.368421052631579 0.7 0.318181818181818
7665 2 1 1 2 0.5 1 0.5
7667 3 1 0 4 0 0 0
7668 10 1 0 11 0 0 0
7670 20 2 1 21 0.05 0.5 0.0476190476190476
7671 4 32 3 33 0.75 0.09375 0.0909090909090909
7682 11 3 2 12 0.181818181818182 0.666666666666667 0.166666666666667
7687 4 1 1 4 0.25 1 0.25
7753 6 1 1 6 0.166666666666667 1 0.166666666666667
7781 2 4 1 5 0.5 0.25 0.2
7786 7 1 0 8 0 0 0
786 47 7 2 52 0.0425531914893617 0.285714285714286 0.0384615384615385
790 1 1 1 1 1 1 1
7908 33 3 1 35 0.0303030303030303 0.333333333333333 0.0285714285714286
7949 8 2 0 10 0 0 0
8002 40 4 3 41 0.075 0.75 0.0731707317073171
8018 2 1 1 2 0.5 1 0.5
81 16 1 1 16 0.0625 1 0.0625
8121 41 4 2 43 0.0487804878048781 0.5 0.0465116279069767
8195 44 7 6 45 0.136363636363636 0.857142857142857 0.133333333333333
8201 8 1 0 9 0 0 0
8220 526 13 12 527 0.0228136882129278 0.923076923076923 0.0227703984819734
8224 7 3 2 8 0.285714285714286 0.666666666666667 0.25
8226 2 2 0 4 0 0 0
8237 6 2 2 6 0.333333333333333 1 0.333333333333333
8246 159 1 0 160 0 0 0
8256 1 1 1 1 1 1 1
8267 2 1 1 2 0.5 1 0.5
8282 11 3 0 14 0 0 0
8299 7 1 0 8 0 0 0
8319 29 11 8 32 0.275862068965517 0.727272727272727 0.25
8330 7 2 1 8 0.142857142857143 0.5 0.125
8346 3 2 2 3 0.666666666666667 1 0.666666666666667
8364 10 1 0 11 0 0 0
8365 77 17 12 82 0.155844155844156 0.705882352941177 0.146341463414634
8368 11 2 1 12 0.0909090909090909 0.5 0.0833333333333333
8387 13 1 1 13 0.0769230769230769 1 0.0769230769230769
8419 198 5 4 199 0.0202020202020202 0.8 0.0201005025125628
8422 90 7 2 95 0.0222222222222222 0.285714285714286 0.0210526315789474
8426 239 9 6 242 0.0251046025104603 0.666666666666667 0.0247933884297521
8447 358 20 17 361 0.0474860335195531 0.85 0.0470914127423823
8469 29 9 7 31 0.241379310344828 0.777777777777778 0.225806451612903
8473 22 3 2 23 0.0909090909090909 0.666666666666667 0.0869565217391304
8481 3 1 0 4 0 0 0
8489 4 3 1 6 0.25 0.333333333333333 0.166666666666667
8495 3 1 1 3 0.333333333333333 1 0.333333333333333
8501 32 10 10 32 0.3125 1 0.3125
8508 4 1 1 4 0.25 1 0.25
8517 18 1 1 18 0.0555555555555556 1 0.0555555555555556
852 138 1 1 138 0.0072463768115942 1 0.0072463768115942
8527 17 2 2 17 0.117647058823529 1 0.117647058823529
855 24 1 1 24 0.0416666666666667 1 0.0416666666666667
8560 64 14 10 68 0.15625 0.714285714285714 0.147058823529412
8565 10 1 0 11 0 0 0
8586 63 4 3 64 0.0476190476190476 0.75 0.046875
8591 21 6 3 24 0.142857142857143 0.5 0.125
8657 87 4 2 89 0.0229885057471264 0.5 0.0224719101123595
8664 20 2 1 21 0.05 0.5 0.0476190476190476
8665 18 13 6 25 0.333333333333333 0.461538461538462 0.24
8674 45 4 3 46 0.0666666666666667 0.75 0.0652173913043478
8717 55 1 1 55 0.0181818181818182 1 0.0181818181818182
8728 1 1 1 1 1 1 1
8737 35 7 3 39 0.0857142857142857 0.428571428571429 0.0769230769230769
8758 10 3 3 10 0.3 1 0.3
8763 133 35 33 135 0.24812030075188 0.942857142857143 0.244444444444444
8767 55 17 11 61 0.2 0.647058823529412 0.180327868852459
8820 34 30 5 59 0.147058823529412 0.166666666666667 0.0847457627118644
8823 6 2 1 7 0.166666666666667 0.5 0.142857142857143
8881 159 5 4 160 0.0251572327044025 0.8 0.025
8897 50 10 6 54 0.12 0.6 0.111111111111111
8903 14 4 0 18 0 0 0
8943 19 3 2 20 0.105263157894737 0.666666666666667 0.1
8954 21 6 2 25 0.0952380952380952 0.333333333333333 0.08
8966 71 1 1 71 0.0140845070422535 1 0.0140845070422535
8970 2 1 1 2 0.5 1 0.5
8975 67 3 2 68 0.0298507462686567 0.666666666666667 0.0294117647058824
8978 4 3 1 6 0.25 0.333333333333333 0.166666666666667
9009 140 16 9 147 0.0642857142857143 0.5625 0.0612244897959184
9052 3 2 0 5 0 0 0
9080 10 3 2 11 0.2 0.666666666666667 0.181818181818182
9085 6 1 1 6 0.166666666666667 1 0.166666666666667
9112 7 1 1 7 0.142857142857143 1 0.142857142857143
9150 29 2 2 29 0.0689655172413793 1 0.0689655172413793
9153 33 2 2 33 0.0606060606060606 1 0.0606060606060606
9162 2 1 0 3 0 0 0
9264 58 42 10 90 0.172413793103448 0.238095238095238 0.111111111111111
9270 28 7 5 30 0.178571428571429 0.714285714285714 0.166666666666667
9299 38 2 1 39 0.0263157894736842 0.5 0.0256410256410256
9316 36 1 0 37 0 0 0
9327 2 1 0 3 0 0 0
9340 9 3 0 12 0 0 0
9406 1 2 1 2 1 0.5 0.5
9416 16 1 0 17 0 0 0
9505 84 4 3 85 0.0357142857142857 0.75 0.0352941176470588
9534 3 1 1 3 0.333333333333333 1 0.333333333333333
9541 6 2 0 8 0 0 0
9583 36 1 0 37 0 0 0
9584 10 1 1 10 0.1 1 0.1
9595 10 3 2 11 0.2 0.666666666666667 0.181818181818182
9600 6 8 3 11 0.5 0.375 0.272727272727273
9619 2 2 2 2 1 1 1
9621 3 5 1 7 0.333333333333333 0.2 0.142857142857143
9622 6 1 1 6 0.166666666666667 1 0.166666666666667
9687 2 1 1 2 0.5 1 0.5
9700 5 2 2 5 0.4 1 0.4
9758 1 1 0 2 0 0 0
9800 32 2 0 34 0 0 0
9821 2 2 2 2 1 1 1
9844 2 1 0 3 0 0 0
9875 3 2 1 4 0.333333333333333 0.5 0.25
9901 22 3 2 23 0.0909090909090909 0.666666666666667 0.0869565217391304
9919 18 1 0 19 0 0 0
9930 18 1 1 18 0.0555555555555556 1 0.0555555555555556
9931 24 1 1 24 0.0416666666666667 1 0.0416666666666667
9995 3 2 2 3 0.666666666666667 1 0.666666666666667
