#ASN num_v4adj num_v6adj num_intersect(v4v6adj) num_union(adj) fr_v4(num_intersect/num_v4adj) fr_v6(num_intersect/num_v6adj) fr_intersect(num_intersect/num_union)
10013 2 6 1 7 0.5 0.166666666666667 0.142857142857143
10015 10 1 0 11 0 0 0
101 37 8 7 38 0.189189189189189 0.875 0.184210526315789
10148 1 2 1 2 1 0.5 0.5
102 3 1 1 3 0.333333333333333 1 0.333333333333333
10204 8 6 2 12 0.25 0.333333333333333 0.166666666666667
10217 22 1 1 22 0.0454545454545455 1 0.0454545454545455
10318 4 1 0 5 0 0 0
10343 2 1 1 2 0.5 1 0.5
10405 2 1 0 3 0 0 0
10429 71 1 1 71 0.0140845070422535 1 0.0140845070422535
10490 31 3 3 31 0.0967741935483871 1 0.0967741935483871
10533 1 1 1 1 1 1 1
10569 1 1 1 1 1 1 1
10578 25 3 3 25 0.12 1 0.12
10745 2 6 0 8 0 0 0
10778 5 2 2 5 0.4 1 0.4
10886 39 16 7 48 0.179487179487179 0.4375 0.145833333333333
109 15 5 0 20 0 0 0
1101 1 1 1 1 1 1 1
1103 183 53 51 185 0.278688524590164 0.962264150943396 0.275675675675676
111 3 2 2 3 0.666666666666667 1 0.666666666666667
11170 2 1 0 3 0 0 0
1120 16 1 1 16 0.0625 1 0.0625
1125 3 2 2 3 0.666666666666667 1 0.666666666666667
1126 37 11 8 40 0.216216216216216 0.727272727272727 0.2
11274 11 3 3 11 0.272727272727273 1 0.272727272727273
11317 6 4 4 6 0.666666666666667 1 0.666666666666667
1133 3 1 1 3 0.333333333333333 1 0.333333333333333
11340 5 1 1 5 0.2 1 0.2
1140 22 5 2 25 0.0909090909090909 0.4 0.08
11404 27 1 1 27 0.037037037037037 1 0.037037037037037
11537 111 47 37 121 0.333333333333333 0.787234042553192 0.305785123966942
11588 14 1 1 14 0.0714285714285714 1 0.0714285714285714
11656 1 1 0 2 0 0 0
11694 3 1 1 3 0.333333333333333 1 0.333333333333333
11734 3 1 0 4 0 0 0
11815 3 1 0 4 0 0 0
11960 5 2 2 5 0.4 1 0.4
11990 4 1 0 5 0 0 0
1200 45 15 11 49 0.244444444444444 0.733333333333333 0.224489795918367
12008 33 1 1 33 0.0303030303030303 1 0.0303030303030303
12041 10 4 4 10 0.4 1 0.4
12046 2 1 1 2 0.5 1 0.5
12111 26 3 2 27 0.0769230769230769 0.666666666666667 0.0740740740740741
1213 6 3 3 6 0.5 1 0.5
1221 101 4 1 104 0.0099009900990099 0.25 0.00961538461538462
12287 2 1 1 2 0.5 1 0.5
12312 54 10 8 56 0.148148148148148 0.8 0.142857142857143
12322 66 2 2 66 0.0303030303030303 1 0.0303030303030303
12337 40 46 20 66 0.5 0.434782608695652 0.303030303030303
12353 5 4 1 8 0.2 0.25 0.125
12355 13 11 8 16 0.615384615384615 0.727272727272727 0.5
1237 35 2 1 36 0.0285714285714286 0.5 0.0277777777777778
12371 2 1 0 3 0 0 0
12386 14 2 2 14 0.142857142857143 1 0.142857142857143
12399 262 1 1 262 0.00381679389312977 1 0.00381679389312977
12401 12 3 2 13 0.166666666666667 0.666666666666667 0.153846153846154
12414 36 13 10 39 0.277777777777778 0.769230769230769 0.256410256410256
12429 19 1 1 19 0.0526315789473684 1 0.0526315789473684
12502 3 1 1 3 0.333333333333333 1 0.333333333333333
12533 2 2 0 4 0 0 0
1257 108 5 2 111 0.0185185185185185 0.4 0.018018018018018
12600 15 1 0 16 0 0 0
12611 39 18 12 45 0.307692307692308 0.666666666666667 0.266666666666667
12634 38 13 10 41 0.263157894736842 0.769230769230769 0.24390243902439
12637 12 4 3 13 0.25 0.75 0.230769230769231
12638 1 3 0 4 0 0 0
12654 60 13 8 65 0.133333333333333 0.615384615384615 0.123076923076923
12657 3 2 2 3 0.666666666666667 1 0.666666666666667
12709 2 1 0 3 0 0 0
1273 308 74 42 340 0.136363636363636 0.567567567567568 0.123529411764706
12731 82 14 10 86 0.121951219512195 0.714285714285714 0.116279069767442
12732 21 2 1 22 0.0476190476190476 0.5 0.0454545454545455
12741 103 1 0 104 0 0 0
12757 5 1 1 5 0.2 1 0.2
12767 10 1 0 11 0 0 0
12769 5 1 1 5 0.2 1 0.2
12779 70 19 10 79 0.142857142857143 0.526315789473684 0.126582278481013
1280 88 27 14 101 0.159090909090909 0.518518518518518 0.138613861386139
12816 1 1 1 1 1 1 1
12817 2 2 2 2 1 1 1
12853 1 4 0 5 0 0 0
12859 446 83 77 452 0.172645739910314 0.927710843373494 0.170353982300885
12871 35 14 7 42 0.2 0.5 0.166666666666667
12874 130 2 2 130 0.0153846153846154 1 0.0153846153846154
12895 10 1 1 10 0.1 1 0.1
12902 43 10 8 45 0.186046511627907 0.8 0.177777777777778
12931 5 4 2 7 0.4 0.5 0.285714285714286
12956 130 8 7 131 0.0538461538461538 0.875 0.0534351145038168
12968 113 4 0 117 0 0 0
12989 438 8 8 438 0.0182648401826484 1 0.0182648401826484
1299 496 32 28 500 0.0564516129032258 0.875 0.056
13030 136 5 5 136 0.0367647058823529 1 0.0367647058823529
13039 5 1 1 5 0.2 1 0.2
13041 7 1 1 7 0.142857142857143 1 0.142857142857143
13092 5 1 1 5 0.2 1 0.2
131072 1 1 1 1 1 1 1
131074 1 1 1 1 1 1 1
131075 1 2 1 2 1 0.5 0.5
13110 6 2 1 7 0.166666666666667 0.5 0.142857142857143
13115 4 1 1 4 0.25 1 0.25
1312 2 1 1 2 0.5 1 0.5
1316 2 1 0 3 0 0 0
13189 25 4 4 25 0.16 1 0.16
13193 42 13 10 45 0.238095238095238 0.769230769230769 0.222222222222222
13237 502 62 53 511 0.105577689243028 0.854838709677419 0.103718199608611
13272 1 1 1 1 1 1 1
13276 18 2 2 18 0.111111111111111 1 0.111111111111111
13293 23 2 2 23 0.0869565217391304 1 0.0869565217391304
13301 33 2 1 34 0.0303030303030303 0.5 0.0294117647058824
13319 4 1 0 5 0 0 0
13448 4 1 1 4 0.25 1 0.25
13645 177 14 7 184 0.0395480225988701 0.5 0.0380434782608696
13657 5 1 0 6 0 0 0
13680 24 2 2 24 0.0833333333333333 1 0.0833333333333333
137 16 4 4 16 0.25 1 0.25
13714 2 1 1 2 0.5 1 0.5
13810 1 1 0 2 0 0 0
13855 5 1 0 6 0 0 0
13901 1 1 1 1 1 1 1
13911 4 1 0 5 0 0 0
14037 1 1 1 1 1 1 1
14085 5 2 2 5 0.4 1 0.4
14259 21 2 1 22 0.0476190476190476 0.5 0.0454545454545455
14262 4 2 2 4 0.5 1 0.5
14277 10 10 2 18 0.2 0.2 0.111111111111111
14589 19 2 1 20 0.0526315789473684 0.5 0.05
14595 3 1 0 4 0 0 0
15169 101 3 1 103 0.0099009900990099 0.333333333333333 0.00970873786407767
15226 3 1 0 4 0 0 0
15412 267 4 3 268 0.0112359550561798 0.75 0.0111940298507463
15440 6 1 1 6 0.166666666666667 1 0.166666666666667
15444 268 25 14 279 0.0522388059701493 0.56 0.0501792114695341
15456 1 2 0 3 0 0 0
15469 1 1 0 2 0 0 0
15480 1 1 1 1 1 1 1
15501 1 2 1 2 1 0.5 0.5
15589 32 13 3 42 0.09375 0.230769230769231 0.0714285714285714
15598 58 19 15 62 0.258620689655172 0.789473684210526 0.241935483870968
15623 32 2 1 33 0.03125 0.5 0.0303030303030303
15685 20 4 4 20 0.2 1 0.2
15694 57 1 1 57 0.0175438596491228 1 0.0175438596491228
15706 2 1 1 2 0.5 1 0.5
15725 2 2 1 3 0.5 0.5 0.333333333333333
15744 13 1 1 13 0.0769230769230769 1 0.0769230769230769
15782 13 2 1 14 0.0769230769230769 0.5 0.0714285714285714
15798 2 1 0 3 0 0 0
15919 8 1 1 8 0.125 1 0.125
16004 9 4 3 10 0.333333333333333 0.75 0.3
16023 3 1 0 4 0 0 0
16030 60 14 11 63 0.183333333333333 0.785714285714286 0.174603174603175
16034 296 39 37 298 0.125 0.948717948717949 0.124161073825503
16086 33 16 7 42 0.212121212121212 0.4375 0.166666666666667
16117 3 1 1 3 0.333333333333333 1 0.333333333333333
16128 12 3 2 13 0.166666666666667 0.666666666666667 0.153846153846154
16131 38 11 8 41 0.210526315789474 0.727272727272727 0.195121951219512
16150 181 3 1 183 0.00552486187845304 0.333333333333333 0.00546448087431694
16186 42 8 3 47 0.0714285714285714 0.375 0.0638297872340425
16206 14 2 0 16 0 0 0
16210 4 2 2 4 0.5 1 0.5
16215 12 3 3 12 0.25 1 0.25
16237 28 3 1 30 0.0357142857142857 0.333333333333333 0.0333333333333333
16245 26 2 1 27 0.0384615384615385 0.5 0.037037037037037
16265 91 1 1 91 0.010989010989011 1 0.010989010989011
16276 58 2 2 58 0.0344827586206897 1 0.0344827586206897
16316 5 2 0 7 0 0 0
16397 7 2 1 8 0.142857142857143 0.5 0.125
1653 24 5 4 25 0.166666666666667 0.8 0.16
16531 7 1 0 8 0 0 0
1659 12 3 2 13 0.166666666666667 0.666666666666667 0.153846153846154
16668 6 2 1 7 0.166666666666667 0.5 0.142857142857143
16713 27 1 0 28 0 0 0
16807 3 2 0 5 0 0 0
16838 12 1 0 13 0 0 0
16942 2 2 1 3 0.5 0.5 0.333333333333333
16993 3 1 0 4 0 0 0
1706 4 1 0 5 0 0 0
17106 4 1 0 5 0 0 0
17263 6 1 0 7 0 0 0
1741 11 3 2 12 0.181818181818182 0.666666666666667 0.166666666666667
17435 3 1 0 4 0 0 0
17511 10 2 0 12 0 0 0
17529 8 1 0 9 0 0 0
1754 2 1 1 2 0.5 1 0.5
17554 9 3 3 9 0.333333333333333 1 0.333333333333333
17579 12 9 6 15 0.5 0.666666666666667 0.4
1764 33 7 5 35 0.151515151515152 0.714285714285714 0.142857142857143
17676 32 6 2 36 0.0625 0.333333333333333 0.0555555555555556
17709 13 1 0 14 0 0 0
17716 3 1 1 3 0.333333333333333 1 0.333333333333333
17832 4 12 1 15 0.25 0.0833333333333333 0.0666666666666667
17853 1 1 0 2 0 0 0
17934 2 3 1 4 0.5 0.333333333333333 0.25
17955 3 1 1 3 0.333333333333333 1 0.333333333333333
1797 2 3 2 3 1 0.666666666666667 0.666666666666667
1798 3 4 0 7 0 0 0
18011 1 1 0 2 0 0 0
18015 2 1 1 2 0.5 1 0.5
18119 3 1 0 4 0 0 0
18126 4 1 0 5 0 0 0
18182 3 1 0 4 0 0 0
18185 5 2 2 5 0.4 1 0.4
18203 2 1 0 3 0 0 0
18206 2 2 0 4 0 0 0
18266 3 1 1 3 0.333333333333333 1 0.333333333333333
18344 1 2 0 3 0 0 0
1835 8 2 2 8 0.25 1 0.25
1836 49 7 7 49 0.142857142857143 1 0.142857142857143
18366 2 2 1 3 0.5 0.5 0.333333333333333
18422 5 1 1 5 0.2 1 0.2
18508 1 2 0 3 0 0 0
1853 104 16 14 106 0.134615384615385 0.875 0.132075471698113
18592 27 8 8 27 0.296296296296296 1 0.296296296296296
18666 2 2 0 4 0 0 0
1880 14 2 2 14 0.142857142857143 1 0.142857142857143
1881 1 1 1 1 1 1 1
1887 4 1 1 4 0.25 1 0.25
1888 1 1 1 1 1 1 1
18922 26 2 1 27 0.0384615384615385 0.5 0.037037037037037
1901 67 2 2 67 0.0298507462686567 1 0.0298507462686567
19021 1 1 0 2 0 0 0
19151 581 3 3 581 0.00516351118760757 1 0.00516351118760757
1916 80 8 6 82 0.075 0.75 0.0731707317073171
19165 2 1 0 3 0 0 0
19166 8 1 1 8 0.125 1 0.125
19192 2 1 1 2 0.5 1 0.5
19255 1 2 1 2 1 0.5 0.5
1930 22 4 3 23 0.136363636363636 0.75 0.130434782608696
19318 46 6 4 48 0.0869565217391304 0.666666666666667 0.0833333333333333
19401 42 11 11 42 0.261904761904762 1 0.261904761904762
195 9 3 1 11 0.111111111111111 0.333333333333333 0.0909090909090909
1955 11 3 3 11 0.272727272727273 1 0.272727272727273
196613 2 1 1 2 0.5 1 0.5
196615 2 1 1 2 0.5 1 0.5
19782 13 1 1 13 0.0769230769230769 1 0.0769230769230769
19783 2 1 0 3 0 0 0
20021 4 1 0 5 0 0 0
20080 20 3 3 20 0.15 1 0.15
2018 4 5 3 6 0.75 0.6 0.5
20312 9 2 1 10 0.111111111111111 0.5 0.1
2042 18 3 2 19 0.111111111111111 0.666666666666667 0.105263157894737
20436 2 1 0 3 0 0 0
20473 17 1 0 18 0 0 0
20495 47 9 8 48 0.170212765957447 0.888888888888889 0.166666666666667
20569 11 1 1 11 0.0909090909090909 1 0.0909090909090909
20597 2 1 1 2 0.5 1 0.5
20621 2 1 1 2 0.5 1 0.5
20633 22 9 4 27 0.181818181818182 0.444444444444444 0.148148148148148
20640 196 64 48 212 0.244897959183673 0.75 0.226415094339623
20646 42 18 10 50 0.238095238095238 0.555555555555556 0.2
20650 5 1 1 5 0.2 1 0.2
20704 21 4 3 22 0.142857142857143 0.75 0.136363636363636
20707 2 1 1 2 0.5 1 0.5
20712 11 2 0 13 0 0 0
20718 36 12 3 45 0.0833333333333333 0.25 0.0666666666666667
20745 1 3 0 4 0 0 0
20794 2 1 0 3 0 0 0
20847 33 12 6 39 0.181818181818182 0.5 0.153846153846154
209 1325 7 5 1327 0.00377358490566038 0.714285714285714 0.00376789751318764
20912 4 5 0 9 0 0 0
20965 49 41 41 49 0.836734693877551 1 0.836734693877551
210 9 1 1 9 0.111111111111111 1 0.111111111111111
21055 28 3 1 30 0.0357142857142857 0.333333333333333 0.0333333333333333
2107 1 1 1 1 1 1 1
2108 1 1 1 1 1 1 1
2110 54 5 2 57 0.037037037037037 0.4 0.0350877192982456
21119 5 1 1 5 0.2 1 0.2
21155 41 11 7 45 0.170731707317073 0.636363636363636 0.155555555555556
2116 30 1 1 30 0.0333333333333333 1 0.0333333333333333
21221 27 9 6 30 0.222222222222222 0.666666666666667 0.2
2128 4 2 2 4 0.5 1 0.5
21280 7 1 0 8 0 0 0
21320 5 2 2 5 0.4 1 0.4
21385 113 18 13 118 0.115044247787611 0.722222222222222 0.110169491525424
2153 41 9 9 41 0.219512195121951 1 0.219512195121951
21844 11 1 1 11 0.0909090909090909 1 0.0909090909090909
21864 5 1 1 5 0.2 1 0.2
21911 5 1 1 5 0.2 1 0.2
21947 23 3 3 23 0.130434782608696 1 0.130434782608696
2200 46 3 3 46 0.0652173913043478 1 0.0652173913043478
22166 1 1 0 2 0 0 0
22388 9 7 7 9 0.777777777777778 1 0.777777777777778
224 5 1 1 5 0.2 1 0.2
22548 32 2 1 33 0.03125 0.5 0.0303030303030303
226 26 1 1 26 0.0384615384615385 1 0.0384615384615385
22767 2 1 1 2 0.5 1 0.5
23007 3 1 1 3 0.333333333333333 1 0.333333333333333
23028 7 3 0 10 0 0 0
23148 73 2 2 73 0.0273972602739726 1 0.0273972602739726
23352 129 3 3 129 0.0232558139534884 1 0.0232558139534884
23393 71 2 1 72 0.0140845070422535 0.5 0.0138888888888889
23456 11 4 3 12 0.272727272727273 0.75 0.25
23504 29 8 4 33 0.137931034482759 0.5 0.121212121212121
23541 5 2 1 6 0.2 0.5 0.166666666666667
23554 2 1 1 2 0.5 1 0.5
23577 1 1 0 2 0 0 0
23600 3 1 1 3 0.333333333333333 1 0.333333333333333
23624 2 1 1 2 0.5 1 0.5
23634 5 3 2 6 0.4 0.666666666666667 0.333333333333333
23654 2 1 1 2 0.5 1 0.5
237 33 1 1 33 0.0303030303030303 1 0.0303030303030303
23754 1 2 0 3 0 0 0
23774 4 2 1 5 0.25 0.5 0.2
23787 2 3 1 4 0.5 0.333333333333333 0.25
2381 29 3 2 30 0.0689655172413793 0.666666666666667 0.0666666666666667
23836 1 1 1 1 1 1 1
23855 10 3 2 11 0.2 0.666666666666667 0.181818181818182
23869 2 1 0 3 0 0 0
23889 4 1 1 4 0.25 1 0.25
23902 1 1 0 2 0 0 0
23910 3 4 2 5 0.666666666666667 0.5 0.4
23911 6 12 5 13 0.833333333333333 0.416666666666667 0.384615384615385
23912 1 1 0 2 0 0 0
23966 5 3 0 8 0 0 0
24 10 8 5 13 0.5 0.625 0.384615384615385
24005 3 1 0 4 0 0 0
24211 1 1 1 1 1 1 1
24218 30 1 1 30 0.0333333333333333 1 0.0333333333333333
24226 2 2 0 4 0 0 0
24229 3 1 1 3 0.333333333333333 1 0.333333333333333
24287 4 3 3 4 0.75 1 0.75
24311 1 1 0 2 0 0 0
24334 2 1 1 2 0.5 1 0.5
24390 2 1 1 2 0.5 1 0.5
24433 1 1 1 1 1 1 1
24435 2 1 0 3 0 0 0
24475 3 3 3 3 1 1 1
24489 7 5 5 7 0.714285714285714 1 0.714285714285714
24490 9 9 9 9 1 1 1
24514 3 2 2 3 0.666666666666667 1 0.666666666666667
24541 2 4 1 5 0.5 0.25 0.2
24586 25 5 3 27 0.12 0.6 0.111111111111111
24724 72 4 4 72 0.0555555555555556 1 0.0555555555555556
24730 55 1 1 55 0.0181818181818182 1 0.0181818181818182
24776 6 2 1 7 0.166666666666667 0.5 0.142857142857143
24867 21 1 1 21 0.0476190476190476 1 0.0476190476190476
24875 211 38 34 215 0.161137440758294 0.894736842105263 0.158139534883721
24940 25 7 7 25 0.28 1 0.28
2495 10 1 1 10 0.1 1 0.1
2497 238 59 38 259 0.159663865546218 0.644067796610169 0.146718146718147
24971 19 2 1 20 0.0526315789473684 0.5 0.05
24973 5 1 0 6 0 0 0
25 3 1 1 3 0.333333333333333 1 0.333333333333333
250 8 2 0 10 0 0 0
2500 31 43 11 63 0.354838709677419 0.255813953488372 0.174603174603175
2506 2 1 1 2 0.5 1 0.5
25061 36 3 2 37 0.0555555555555556 0.666666666666667 0.0540540540540541
25098 16 1 1 16 0.0625 1 0.0625
2510 20 6 3 23 0.15 0.5 0.130434782608696
25137 4 2 2 4 0.5 1 0.5
2514 18 4 3 19 0.166666666666667 0.75 0.157894736842105
2515 6 1 1 6 0.166666666666667 1 0.166666666666667
25152 37 6 3 40 0.0810810810810811 0.5 0.075
2516 305 49 35 319 0.114754098360656 0.714285714285714 0.109717868338558
2518 64 7 3 68 0.046875 0.428571428571429 0.0441176470588235
2519 29 3 1 31 0.0344827586206897 0.333333333333333 0.032258064516129
25192 21 7 5 23 0.238095238095238 0.714285714285714 0.217391304347826
25220 17 3 2 18 0.117647058823529 0.666666666666667 0.111111111111111
2523 1 1 0 2 0 0 0
25232 350 14 14 350 0.04 1 0.04
2527 11 5 3 13 0.272727272727273 0.6 0.230769230769231
25358 14 10 1 23 0.0714285714285714 0.1 0.0434782608695652
25384 6 2 0 8 0 0 0
25441 13 1 1 13 0.0769230769230769 1 0.0769230769230769
25466 8 2 2 8 0.25 1 0.25
25473 4 1 1 4 0.25 1 0.25
2549 2 2 1 3 0.5 0.5 0.333333333333333
25538 2 1 0 3 0 0 0
25560 67 18 15 70 0.223880597014925 0.833333333333333 0.214285714285714
25588 23 4 2 25 0.0869565217391304 0.5 0.08
25689 7 2 1 8 0.142857142857143 0.5 0.125
2572 7 1 1 7 0.142857142857143 1 0.142857142857143
2586 10 1 1 10 0.1 1 0.1
2594 4 1 0 5 0 0 0
2595 1 1 0 2 0 0 0
2602 2 1 1 2 0.5 1 0.5
2603 30 11 8 33 0.266666666666667 0.727272727272727 0.242424242424242
2607 28 7 5 30 0.178571428571429 0.714285714285714 0.166666666666667
2611 51 11 10 52 0.196078431372549 0.909090909090909 0.192307692307692
2614 12 1 1 12 0.0833333333333333 1 0.0833333333333333
2637 3 1 1 3 0.333333333333333 1 0.333333333333333
26415 26 3 0 29 0 0 0
26943 152 14 11 155 0.0723684210526316 0.785714285714286 0.0709677419354839
2697 6 1 1 6 0.166666666666667 1 0.166666666666667
26978 12 2 0 14 0 0 0
2698 7 2 2 7 0.285714285714286 1 0.285714285714286
27 2 1 1 2 0.5 1 0.5
271 11 2 2 11 0.181818181818182 1 0.181818181818182
2714 1 1 1 1 1 1 1
27319 29 4 4 29 0.137931034482759 1 0.137931034482759
27325 11 2 2 11 0.181818181818182 1 0.181818181818182
27446 5 1 0 6 0 0 0
27552 6 1 1 6 0.166666666666667 1 0.166666666666667
27576 1 1 0 2 0 0 0
27678 6 1 1 6 0.166666666666667 1 0.166666666666667
27686 2 1 1 2 0.5 1 0.5
27750 21 16 16 21 0.761904761904762 1 0.761904761904762
278 7 7 1 13 0.142857142857143 0.142857142857143 0.0769230769230769
27807 9 6 6 9 0.666666666666667 1 0.666666666666667
27841 3 1 1 3 0.333333333333333 1 0.333333333333333
27929 3 1 1 3 0.333333333333333 1 0.333333333333333
2819 26 3 0 29 0 0 0
2839 4 2 2 4 0.5 1 0.5
2847 2 1 1 2 0.5 1 0.5
28472 1 1 1 1 1 1 1
2848 9 1 1 9 0.111111111111111 1 0.111111111111111
2852 43 3 3 43 0.0697674418604651 1 0.0697674418604651
2857 156 22 17 161 0.108974358974359 0.772727272727273 0.105590062111801
286 336 61 35 362 0.104166666666667 0.573770491803279 0.0966850828729282
2861 9 1 1 9 0.111111111111111 1 0.111111111111111
28678 2 1 1 2 0.5 1 0.5
28697 6 2 2 6 0.333333333333333 1 0.333333333333333
28716 51 1 1 51 0.0196078431372549 1 0.0196078431372549
28725 4 1 0 5 0 0 0
28788 40 1 1 40 0.025 1 0.025
28792 8 2 1 9 0.125 0.5 0.111111111111111
28824 2 1 0 3 0 0 0
2884 6 2 2 6 0.333333333333333 1 0.333333333333333
28855 10 1 1 10 0.1 1 0.1
28857 8 4 2 10 0.25 0.5 0.2
28878 35 4 3 36 0.0857142857142857 0.75 0.0833333333333333
2895 8 2 2 8 0.25 1 0.25
290 3 2 1 4 0.333333333333333 0.5 0.25
2905 26 2 0 28 0 0 0
2907 76 6 4 78 0.0526315789473684 0.666666666666667 0.0512820512820513
29134 3 1 0 4 0 0 0
2914 608 153 88 673 0.144736842105263 0.57516339869281 0.13075780089153
29147 1 1 1 1 1 1 1
2915 8 8 1 15 0.125 0.125 0.0666666666666667
29208 26 4 4 26 0.153846153846154 1 0.153846153846154
29216 1 2 1 2 1 0.5 0.5
29243 2 2 1 3 0.5 0.5 0.333333333333333
29259 2 2 2 2 1 1 1
293 133 21 14 140 0.105263157894737 0.666666666666667 0.1
29317 2 1 1 2 0.5 1 0.5
29372 1 1 0 2 0 0 0
29402 7 1 0 8 0 0 0
29405 5 2 1 6 0.2 0.5 0.166666666666667
29422 27 4 3 28 0.111111111111111 0.75 0.107142857142857
29449 36 16 7 45 0.194444444444444 0.4375 0.155555555555556
29452 4 2 1 5 0.25 0.5 0.2
29488 3 1 1 3 0.333333333333333 1 0.333333333333333
29527 39 8 6 41 0.153846153846154 0.75 0.146341463414634
29533 2 1 1 2 0.5 1 0.5
29632 23 3 0 26 0 0 0
29636 186 24 23 187 0.123655913978495 0.958333333333333 0.122994652406417
29668 33 2 1 34 0.0303030303030303 0.5 0.0294117647058824
29670 6 1 1 6 0.166666666666667 1 0.166666666666667
29671 3 1 1 3 0.333333333333333 1 0.333333333333333
29686 301 74 72 303 0.239202657807309 0.972972972972973 0.237623762376238
29748 27 6 4 29 0.148148148148148 0.666666666666667 0.137931034482759
29791 55 3 1 57 0.0181818181818182 0.333333333333333 0.0175438596491228
29838 26 1 0 27 0 0 0
29877 6 3 1 8 0.166666666666667 0.333333333333333 0.125
3 5 1 0 6 0 0 0
30008 3 1 1 3 0.333333333333333 1 0.333333333333333
30058 10 1 1 10 0.1 1 0.1
30071 22 108 13 117 0.590909090909091 0.12037037037037 0.111111111111111
30128 3 4 2 5 0.666666666666667 0.5 0.4
30132 14 3 3 14 0.214285714285714 1 0.214285714285714
30217 8 1 1 8 0.125 1 0.125
30340 15 1 1 15 0.0666666666666667 1 0.0666666666666667
30374 2 1 0 3 0 0 0
30528 3 1 1 3 0.333333333333333 1 0.333333333333333
30653 19 4 2 21 0.105263157894737 0.5 0.0952380952380952
30781 34 4 4 34 0.117647058823529 1 0.117647058823529
30834 8 2 2 8 0.25 1 0.25
30880 6 1 1 6 0.166666666666667 1 0.166666666666667
30913 17 3 1 19 0.0588235294117647 0.333333333333333 0.0526315789473684
30983 1 1 1 1 1 1 1
31065 5 2 0 7 0 0 0
31117 12 3 2 13 0.166666666666667 0.666666666666667 0.153846153846154
31127 3 2 2 3 0.666666666666667 1 0.666666666666667
31252 10 3 0 13 0 0 0
31265 1 1 1 1 1 1 1
31283 71 2 2 71 0.028169014084507 1 0.028169014084507
31333 8 3 3 8 0.375 1 0.375
3134 2 1 1 2 0.5 1 0.5
31383 25 10 5 30 0.2 0.5 0.166666666666667
3140 1 1 1 1 1 1 1
31424 11 1 1 11 0.0909090909090909 1 0.0909090909090909
31458 48 2 1 49 0.0208333333333333 0.5 0.0204081632653061
31477 65 1 1 65 0.0153846153846154 1 0.0153846153846154
31479 6 1 1 6 0.166666666666667 1 0.166666666666667
31529 28 3 1 30 0.0357142857142857 0.333333333333333 0.0333333333333333
31530 8 7 3 12 0.375 0.428571428571429 0.25
31708 25 5 5 25 0.2 1 0.2
32034 7 4 3 8 0.428571428571429 0.75 0.375
3212 49 1 1 49 0.0204081632653061 1 0.0204081632653061
3213 152 11 11 152 0.0723684210526316 1 0.0723684210526316
3221 2 1 1 2 0.5 1 0.5
3224 2 2 2 2 1 1 1
32361 7 2 2 7 0.285714285714286 1 0.285714285714286
3243 13 2 1 14 0.0769230769230769 0.5 0.0714285714285714
32459 2 1 0 3 0 0 0
3246 36 2 0 38 0 0 0
3248 49 14 10 53 0.204081632653061 0.714285714285714 0.188679245283019
3249 48 9 6 51 0.125 0.666666666666667 0.117647058823529
3257 433 171 84 520 0.193995381062356 0.491228070175439 0.161538461538462
3265 41 13 7 47 0.170731707317073 0.538461538461538 0.148936170212766
3267 155 8 8 155 0.0516129032258065 1 0.0516129032258065
3269 92 1 1 92 0.0108695652173913 1 0.0108695652173913
3277 42 1 1 42 0.0238095238095238 1 0.0238095238095238
3292 357 9 6 360 0.0168067226890756 0.666666666666667 0.0166666666666667
32978 2 1 1 2 0.5 1 0.5
33 9 1 0 10 0 0 0
3301 58 3 2 59 0.0344827586206897 0.666666666666667 0.0338983050847458
3303 411 23 17 417 0.0413625304136253 0.739130434782609 0.0407673860911271
3320 469 13 8 474 0.0170575692963753 0.615384615384615 0.0168776371308017
3327 334 15 14 335 0.0419161676646707 0.933333333333333 0.0417910447761194
3333 147 5 3 149 0.0204081632653061 0.6 0.0201342281879195
33437 3 11 3 11 1 0.272727272727273 0.272727272727273
3344 23 14 6 31 0.260869565217391 0.428571428571429 0.193548387096774
3352 60 3 1 62 0.0166666666666667 0.333333333333333 0.0161290322580645
3356 1718 46 40 1724 0.0232828870779977 0.869565217391304 0.0232018561484919
33597 12 1 1 12 0.0833333333333333 1 0.0833333333333333
33843 33 13 8 38 0.242424242424242 0.615384615384615 0.210526315789474
33891 13 6 6 13 0.461538461538462 1 0.461538461538462
34019 9 1 1 9 0.111111111111111 1 0.111111111111111
34081 4 2 2 4 0.5 1 0.5
34159 5 1 1 5 0.2 1 0.2
34225 33 4 4 33 0.121212121212121 1 0.121212121212121
34243 2 1 1 2 0.5 1 0.5
34270 37 3 2 38 0.0540540540540541 0.666666666666667 0.0526315789473684
34288 5 2 1 6 0.2 0.5 0.166666666666667
34309 32 10 7 35 0.21875 0.7 0.2
34313 2 1 1 2 0.5 1 0.5
34419 21 5 4 22 0.19047619047619 0.8 0.181818181818182
34505 3 1 1 3 0.333333333333333 1 0.333333333333333
34549 9 3 1 11 0.111111111111111 0.333333333333333 0.0909090909090909
34631 2 4 1 5 0.5 0.25 0.2
34763 66 14 7 73 0.106060606060606 0.5 0.0958904109589041
34771 4 2 2 4 0.5 1 0.5
34997 9 2 2 9 0.222222222222222 1 0.222222222222222
35003 2 1 1 2 0.5 1 0.5
35028 30 5 5 30 0.166666666666667 1 0.166666666666667
35070 8 2 2 8 0.25 1 0.25
35244 20 14 9 25 0.45 0.642857142857143 0.36
35272 3 1 1 3 0.333333333333333 1 0.333333333333333
35292 10 1 0 11 0 0 0
35425 9 1 1 9 0.111111111111111 1 0.111111111111111
35485 4 1 1 4 0.25 1 0.25
3549 1038 79 63 1054 0.0606936416184971 0.79746835443038 0.0597722960151803
35492 4 2 2 4 0.5 1 0.5
3551 1 1 0 2 0 0 0
3557 83 5 4 84 0.0481927710843374 0.8 0.0476190476190476
35612 5 3 0 8 0 0 0
35627 4 1 1 4 0.25 1 0.25
35706 14 4 2 16 0.142857142857143 0.5 0.125
3597 9 1 1 9 0.111111111111111 1 0.111111111111111
3640 4 1 1 4 0.25 1 0.25
36472 12 1 1 12 0.0833333333333333 1 0.0833333333333333
3662 13 3 2 14 0.153846153846154 0.666666666666667 0.142857142857143
36671 3 1 1 3 0.333333333333333 1 0.333333333333333
3676 6 1 1 6 0.166666666666667 1 0.166666666666667
36856 5 2 0 7 0 0 0
3714 4 1 1 4 0.25 1 0.25
3748 2 1 0 3 0 0 0
376 16 1 1 16 0.0625 1 0.0625
378 2 1 1 2 0.5 1 0.5
3790 3 1 1 3 0.333333333333333 1 0.333333333333333
38005 2 2 2 2 1 1 1
38018 8 4 4 8 0.5 1 0.5
38022 16 6 6 16 0.375 1 0.375
38083 2 1 1 2 0.5 1 0.5
38128 1 1 0 2 0 0 0
38140 2 1 1 2 0.5 1 0.5
3825 1 2 0 3 0 0 0
38299 2 1 1 2 0.5 1 0.5
3836 8 11 3 16 0.375 0.272727272727273 0.1875
3839 1 1 1 1 1 1 1
38462 2 1 1 2 0.5 1 0.5
38626 1 1 1 1 1 1 1
38819 2 2 2 2 1 1 1
38986 3 1 1 3 0.333333333333333 1 0.333333333333333
39122 8 1 1 8 0.125 1 0.125
39211 1 1 1 1 1 1 1
39301 2 2 2 2 1 1 1
393219 1 1 1 1 1 1 1
39326 46 10 6 50 0.130434782608696 0.6 0.12
3949 1 1 1 1 1 1 1
39537 1 1 0 2 0 0 0
39854 1 2 1 2 1 0.5 0.5
3999 1 1 1 1 1 1 1
40009 34 3 1 36 0.0294117647058824 0.333333333333333 0.0277777777777778
40193 9 1 0 10 0 0 0
40220 12 2 2 12 0.166666666666667 1 0.166666666666667
40490 2 2 1 3 0.5 0.5 0.333333333333333
40528 3 2 2 3 0.666666666666667 1 0.666666666666667
41012 32 4 4 32 0.125 1 0.125
41045 4 1 1 4 0.25 1 0.25
41075 4 1 0 5 0 0 0
41102 1 8 0 9 0 0 0
4134 90 2 0 92 0 0 0
41670 1 2 0 3 0 0 0
41692 282 71 55 298 0.195035460992908 0.774647887323944 0.184563758389262
41773 1 1 1 1 1 1 1
42 86 2 2 86 0.0232558139534884 1 0.0232558139534884
42096 9 1 1 9 0.111111111111111 1 0.111111111111111
42689 13 1 1 13 0.0769230769230769 1 0.0769230769230769
43602 2 1 1 2 0.5 1 0.5
43950 1 1 0 2 0 0 0
4436 85 9 9 85 0.105882352941176 1 0.105882352941176
4538 20 7 5 22 0.25 0.714285714285714 0.227272727272727
4555 1 5 0 6 0 0 0
4557 10 2 2 10 0.2 1 0.2
4589 670 60 56 674 0.0835820895522388 0.933333333333333 0.0830860534124629
4608 2 3 1 4 0.5 0.333333333333333 0.25
4618 17 6 1 22 0.0588235294117647 0.166666666666667 0.0454545454545455
4621 31 5 4 32 0.129032258064516 0.8 0.125
4635 80 10 9 81 0.1125 0.9 0.111111111111111
4651 33 10 7 36 0.212121212121212 0.7 0.194444444444444
4673 8 1 1 8 0.125 1 0.125
4675 6 5 1 10 0.166666666666667 0.2 0.1
4677 6 1 1 6 0.166666666666667 1 0.166666666666667
4678 9 6 3 12 0.333333333333333 0.5 0.25
4680 9 5 2 12 0.222222222222222 0.4 0.166666666666667
4685 9 5 3 11 0.333333333333333 0.6 0.272727272727273
4688 7 1 0 8 0 0 0
4691 9 8 3 14 0.333333333333333 0.375 0.214285714285714
4697 3 11 3 11 1 0.272727272727273 0.272727272727273
4702 5 3 1 7 0.2 0.333333333333333 0.142857142857143
4713 91 4 4 91 0.043956043956044 1 0.043956043956044
4716 73 18 8 83 0.10958904109589 0.444444444444444 0.0963855421686747
4717 3 2 2 3 0.666666666666667 1 0.666666666666667
4718 3 4 1 6 0.333333333333333 0.25 0.166666666666667
4721 12 7 2 17 0.166666666666667 0.285714285714286 0.117647058823529
4725 126 29 12 143 0.0952380952380952 0.413793103448276 0.0839160839160839
4739 48 1 1 48 0.0208333333333333 1 0.0208333333333333
4741 9 2 0 11 0 0 0
4747 10 2 0 12 0 0 0
4750 53 3 1 55 0.0188679245283019 0.333333333333333 0.0181818181818182
4755 119 1 1 119 0.00840336134453781 1 0.00840336134453781
4761 56 6 4 58 0.0714285714285714 0.666666666666667 0.0689655172413793
4768 24 1 1 24 0.0416666666666667 1 0.0416666666666667
4770 12 2 0 14 0 0 0
4775 50 1 1 50 0.02 1 0.02
4777 35 7 4 38 0.114285714285714 0.571428571428571 0.105263157894737
4780 25 2 1 26 0.04 0.5 0.0384615384615385
4782 3 1 0 4 0 0 0
4787 8 5 0 13 0 0 0
4788 149 3 3 149 0.0201342281879195 1 0.0201342281879195
4795 42 4 2 44 0.0476190476190476 0.5 0.0454545454545455
4796 3 1 1 3 0.333333333333333 1 0.333333333333333
4818 4 1 0 5 0 0 0
4829 2 1 1 2 0.5 1 0.5
5050 19 2 2 19 0.105263157894737 1 0.105263157894737
513 43 8 5 46 0.116279069767442 0.625 0.108695652173913
5381 12 3 1 14 0.0833333333333333 0.333333333333333 0.0714285714285714
5401 1 1 0 2 0 0 0
5403 21 2 2 21 0.0952380952380952 1 0.0952380952380952
5408 29 3 2 30 0.0689655172413793 0.666666666666667 0.0666666666666667
5410 54 7 3 58 0.0555555555555556 0.428571428571429 0.0517241379310345
5413 207 2 1 208 0.00483091787439614 0.5 0.00480769230769231
5418 9 1 1 9 0.111111111111111 1 0.111111111111111
5421 3 1 1 3 0.333333333333333 1 0.333333333333333
5430 332 24 21 335 0.0632530120481928 0.875 0.0626865671641791
5459 251 11 11 251 0.0438247011952191 1 0.0438247011952191
5466 71 2 1 72 0.0140845070422535 0.5 0.0138888888888889
5486 39 2 0 41 0 0 0
5511 173 22 17 178 0.0982658959537572 0.772727272727273 0.0955056179775281
553 47 18 15 50 0.319148936170213 0.833333333333333 0.3
5537 24 2 1 25 0.0416666666666667 0.5 0.04
5539 41 45 19 67 0.463414634146341 0.422222222222222 0.283582089552239
5549 2 2 2 2 1 1 1
5550 5 2 1 6 0.2 0.5 0.166666666666667
5568 90 9 6 93 0.0666666666666667 0.666666666666667 0.0645161290322581
557 6 1 1 6 0.166666666666667 1 0.166666666666667
559 59 19 18 60 0.305084745762712 0.947368421052632 0.3
5602 19 4 3 20 0.157894736842105 0.75 0.15
5609 2 12 1 13 0.5 0.0833333333333333 0.0769230769230769
5617 160 1 1 160 0.00625 1 0.00625
5623 1 3 0 4 0 0 0
5669 8 3 0 11 0 0 0
57 24 3 3 24 0.125 1 0.125
5707 3 1 1 3 0.333333333333333 1 0.333333333333333
5713 150 3 2 151 0.0133333333333333 0.666666666666667 0.0132450331125828
577 116 1 1 116 0.00862068965517241 1 0.00862068965517241
6057 5 2 1 6 0.2 0.5 0.166666666666667
6062 11 2 0 13 0 0 0
6066 3 1 0 4 0 0 0
6083 29 11 11 29 0.379310344827586 1 0.379310344827586
6122 8 1 1 8 0.125 1 0.125
6140 120 1 0 121 0 0 0
6163 10 1 1 10 0.1 1 0.1
6182 1 1 1 1 1 1 1
6263 3 1 1 3 0.333333333333333 1 0.333333333333333
6320 325 1 0 326 0 0 0
6342 4 1 0 5 0 0 0
6360 11 2 2 11 0.181818181818182 1 0.181818181818182
6366 3 1 1 3 0.333333333333333 1 0.333333333333333
6435 3 15 1 17 0.333333333333333 0.0666666666666667 0.0588235294117647
6453 465 63 54 474 0.116129032258065 0.857142857142857 0.113924050632911
6509 42 7 7 42 0.166666666666667 1 0.166666666666667
6536 16 2 0 18 0 0 0
65500 3 1 0 4 0 0 0
6619 10 2 1 11 0.1 0.5 0.0909090909090909
6629 3 1 1 3 0.333333333333333 1 0.333333333333333
6648 36 1 1 36 0.0277777777777778 1 0.0277777777777778
6666 36 19 12 43 0.333333333333333 0.631578947368421 0.27906976744186
6667 494 89 85 498 0.172064777327935 0.955056179775281 0.170682730923695
668 36 8 3 41 0.0833333333333333 0.375 0.0731707317073171
6695 166 33 27 172 0.162650602409639 0.818181818181818 0.156976744186047
6696 9 2 2 9 0.222222222222222 1 0.222222222222222
6706 11 4 3 12 0.272727272727273 0.75 0.25
6730 608 5 5 608 0.00822368421052632 1 0.00822368421052632
6762 150 30 25 155 0.166666666666667 0.833333333333333 0.161290322580645
6770 44 13 7 50 0.159090909090909 0.538461538461538 0.14
6772 13 4 4 13 0.307692307692308 1 0.307692307692308
6774 79 13 12 80 0.151898734177215 0.923076923076923 0.15
6775 5 1 1 5 0.2 1 0.2
680 53 14 11 56 0.207547169811321 0.785714285714286 0.196428571428571
6802 8 3 3 8 0.375 1 0.375
681 2 1 1 2 0.5 1 0.5
6830 285 65 29 321 0.101754385964912 0.446153846153846 0.0903426791277259
6881 76 1 1 76 0.0131578947368421 1 0.0131578947368421
6895 5 1 1 5 0.2 1 0.2
6939 757 147 118 786 0.155878467635403 0.802721088435374 0.150127226463104
6966 3 2 2 3 0.666666666666667 1 0.666666666666667
6968 2 1 1 2 0.5 1 0.5
701 2741 14 9 2746 0.00328347318496899 0.642857142857143 0.0032774945375091
7018 2089 10 5 2094 0.00239348970799426 0.5 0.00238777459407832
7019 1 1 1 1 1 1 1
7065 14 3 1 16 0.0714285714285714 0.333333333333333 0.0625
7066 21 3 3 21 0.142857142857143 1 0.142857142857143
719 14 1 0 15 0 0 0
7377 4 1 0 5 0 0 0
7470 29 1 1 29 0.0344827586206897 1 0.0344827586206897
7500 65 7 4 68 0.0615384615384615 0.571428571428571 0.0588235294117647
7514 24 8 4 28 0.166666666666667 0.5 0.142857142857143
7516 3 1 0 4 0 0 0
7521 6 2 1 7 0.166666666666667 0.5 0.142857142857143
7522 6 7 2 11 0.333333333333333 0.285714285714286 0.181818181818182
7530 2 2 0 4 0 0 0
7539 26 9 8 27 0.307692307692308 0.888888888888889 0.296296296296296
7573 1 1 1 1 1 1 1
7575 457 79 76 460 0.166301969365427 0.962025316455696 0.165217391304348
7588 2 1 1 2 0.5 1 0.5
7606 52 3 3 52 0.0576923076923077 1 0.0576923076923077
7610 15 2 0 17 0 0 0
766 18 5 4 19 0.222222222222222 0.8 0.210526315789474
7660 37 20 14 43 0.378378378378378 0.7 0.325581395348837
7665 2 1 1 2 0.5 1 0.5
7667 6 2 1 7 0.166666666666667 0.5 0.142857142857143
7668 11 1 0 12 0 0 0
7670 21 2 1 22 0.0476190476190476 0.5 0.0454545454545455
7671 4 30 3 31 0.75 0.1 0.0967741935483871
7682 11 3 2 12 0.181818181818182 0.666666666666667 0.166666666666667
7687 4 1 1 4 0.25 1 0.25
7693 23 1 0 24 0 0 0
7753 6 1 1 6 0.166666666666667 1 0.166666666666667
7781 3 4 1 6 0.333333333333333 0.25 0.166666666666667
7784 32 3 2 33 0.0625 0.666666666666667 0.0606060606060606
7786 7 2 1 8 0.142857142857143 0.5 0.125
786 51 9 5 55 0.0980392156862745 0.555555555555556 0.0909090909090909
790 1 2 1 2 1 0.5 0.5
7902 14 1 1 14 0.0714285714285714 1 0.0714285714285714
7908 35 5 3 37 0.0857142857142857 0.6 0.0810810810810811
7949 10 2 0 12 0 0 0
8002 37 3 2 38 0.0540540540540541 0.666666666666667 0.0526315789473684
8018 2 1 1 2 0.5 1 0.5
81 19 1 1 19 0.0526315789473684 1 0.0526315789473684
8121 39 8 4 43 0.102564102564103 0.5 0.0930232558139535
8195 38 7 5 40 0.131578947368421 0.714285714285714 0.125
8201 6 2 1 7 0.166666666666667 0.5 0.142857142857143
8220 532 14 10 536 0.018796992481203 0.714285714285714 0.0186567164179104
8224 8 4 3 9 0.375 0.75 0.333333333333333
8226 4 2 0 6 0 0 0
8237 6 2 2 6 0.333333333333333 1 0.333333333333333
8246 171 1 0 172 0 0 0
8251 5 1 0 6 0 0 0
8256 1 1 1 1 1 1 1
8267 2 1 1 2 0.5 1 0.5
8282 12 4 1 15 0.0833333333333333 0.25 0.0666666666666667
8299 7 1 0 8 0 0 0
8319 32 12 11 33 0.34375 0.916666666666667 0.333333333333333
8330 10 2 0 12 0 0 0
8346 5 2 2 5 0.4 1 0.4
8364 9 1 0 10 0 0 0
8365 103 31 22 112 0.213592233009709 0.709677419354839 0.196428571428571
8368 13 2 2 13 0.153846153846154 1 0.153846153846154
8396 2 1 0 3 0 0 0
8419 222 6 5 223 0.0225225225225225 0.833333333333333 0.0224215246636771
8422 96 10 4 102 0.0416666666666667 0.4 0.0392156862745098
8426 344 13 10 347 0.0290697674418605 0.769230769230769 0.0288184438040346
8442 23 14 9 28 0.391304347826087 0.642857142857143 0.321428571428571
8447 438 20 16 442 0.0365296803652968 0.8 0.0361990950226244
8468 510 4 3 511 0.00588235294117647 0.75 0.00587084148727984
8469 33 13 9 37 0.272727272727273 0.692307692307692 0.243243243243243
8473 28 2 1 29 0.0357142857142857 0.5 0.0344827586206897
8481 4 1 0 5 0 0 0
8489 5 2 1 6 0.2 0.5 0.166666666666667
8495 15 1 1 15 0.0666666666666667 1 0.0666666666666667
8501 34 10 10 34 0.294117647058824 1 0.294117647058824
8508 5 1 1 5 0.2 1 0.2
8517 16 1 1 16 0.0625 1 0.0625
852 141 1 1 141 0.00709219858156028 1 0.00709219858156028
8527 16 2 2 16 0.125 1 0.125
855 24 1 1 24 0.0416666666666667 1 0.0416666666666667
8560 66 16 14 68 0.212121212121212 0.875 0.205882352941176
8565 14 2 1 15 0.0714285714285714 0.5 0.0666666666666667
8586 67 5 4 68 0.0597014925373134 0.8 0.0588235294117647
8591 31 4 3 32 0.0967741935483871 0.75 0.09375
8657 97 4 2 99 0.0206185567010309 0.5 0.0202020202020202
8664 15 2 1 16 0.0666666666666667 0.5 0.0625
8665 19 18 8 29 0.421052631578947 0.444444444444444 0.275862068965517
8674 54 5 4 55 0.0740740740740741 0.8 0.0727272727272727
8708 266 6 5 267 0.018796992481203 0.833333333333333 0.0187265917602996
8717 58 1 1 58 0.0172413793103448 1 0.0172413793103448
8728 1 1 1 1 1 1 1
8737 36 8 5 39 0.138888888888889 0.625 0.128205128205128
8758 10 2 2 10 0.2 1 0.2
8763 144 39 36 147 0.25 0.923076923076923 0.244897959183673
8767 60 20 14 66 0.233333333333333 0.7 0.212121212121212
8781 9 2 0 11 0 0 0
8820 11 4 3 12 0.272727272727273 0.75 0.25
8823 7 2 1 8 0.142857142857143 0.5 0.125
8881 320 6 5 321 0.015625 0.833333333333333 0.0155763239875389
8895 5 1 0 6 0 0 0
8897 52 12 7 57 0.134615384615385 0.583333333333333 0.12280701754386
8903 15 4 0 19 0 0 0
8943 19 4 3 20 0.157894736842105 0.75 0.15
8954 22 6 2 26 0.0909090909090909 0.333333333333333 0.0769230769230769
8966 78 1 1 78 0.0128205128205128 1 0.0128205128205128
8970 2 1 1 2 0.5 1 0.5
8975 77 4 4 77 0.051948051948052 1 0.051948051948052
8978 4 2 1 5 0.25 0.5 0.2
9009 226 47 32 241 0.141592920353982 0.680851063829787 0.132780082987552
9080 9 3 2 10 0.222222222222222 0.666666666666667 0.2
9085 6 1 1 6 0.166666666666667 1 0.166666666666667
9112 8 1 1 8 0.125 1 0.125
9150 30 3 3 30 0.1 1 0.1
9153 36 6 5 37 0.138888888888889 0.833333333333333 0.135135135135135
9162 2 1 1 2 0.5 1 0.5
9264 24 45 7 62 0.291666666666667 0.155555555555556 0.112903225806452
9270 29 6 4 31 0.137931034482759 0.666666666666667 0.129032258064516
9293 13 1 1 13 0.0769230769230769 1 0.0769230769230769
9299 44 2 1 45 0.0227272727272727 0.5 0.0222222222222222
9316 35 1 0 36 0 0 0
9340 9 4 2 11 0.222222222222222 0.5 0.181818181818182
9367 3 1 1 3 0.333333333333333 1 0.333333333333333
9406 2 2 1 3 0.5 0.5 0.333333333333333
9411 2 1 1 2 0.5 1 0.5
9416 16 1 0 17 0 0 0
9433 2 1 1 2 0.5 1 0.5
9464 1 1 0 2 0 0 0
9505 110 2 2 110 0.0181818181818182 1 0.0181818181818182
9534 5 1 1 5 0.2 1 0.2
9541 6 3 0 9 0 0 0
9543 2 1 1 2 0.5 1 0.5
9583 36 1 0 37 0 0 0
9584 7 1 1 7 0.142857142857143 1 0.142857142857143
9595 11 2 2 11 0.181818181818182 1 0.181818181818182
9600 6 9 3 12 0.5 0.333333333333333 0.25
9607 9 1 0 10 0 0 0
9612 1 1 0 2 0 0 0
9619 2 1 1 2 0.5 1 0.5
9621 3 6 1 8 0.333333333333333 0.166666666666667 0.125
9622 7 1 1 7 0.142857142857143 1 0.142857142857143
9687 2 1 1 2 0.5 1 0.5
9700 6 2 2 6 0.333333333333333 1 0.333333333333333
9737 5 1 1 5 0.2 1 0.2
9758 1 1 0 2 0 0 0
9800 36 2 0 38 0 0 0
9821 3 2 2 3 0.666666666666667 1 0.666666666666667
9835 4 2 1 5 0.25 0.5 0.2
9901 20 4 2 22 0.1 0.5 0.0909090909090909
9919 22 1 0 23 0 0 0
9924 23 1 0 24 0 0 0
9930 17 1 1 17 0.0588235294117647 1 0.0588235294117647
9931 25 1 1 25 0.04 1 0.04
9995 3 2 2 3 0.666666666666667 1 0.666666666666667
