#ASN num_v4adj num_v6adj num_intersect(v4v6adj) num_union(adj) fr_v4(num_intersect/num_v4adj) fr_v6(num_intersect/num_v6adj) fr_intersect(num_intersect/num_union)
10013 3 7 1 9 0.333333333333333 0.142857142857143 0.111111111111111
10015 13 1 0 14 0 0 0
10204 5 2 1 6 0.2 0.5 0.166666666666667
10318 4 3 0 7 0 0 0
10429 15 2 1 16 0.0666666666666667 0.5 0.0625
10764 13 2 2 13 0.153846153846154 1 0.153846153846154
109 8 30 1 37 0.125 0.0333333333333333 0.027027027027027
1103 146 35 30 151 0.205479452054795 0.857142857142857 0.198675496688742
11085 1 2 0 3 0 0 0
11340 6 2 2 6 0.333333333333333 1 0.333333333333333
11537 79 27 25 81 0.316455696202532 0.925925925925926 0.308641975308642
11588 12 1 0 13 0 0 0
1200 30 9 7 32 0.233333333333333 0.777777777777778 0.21875
1213 5 4 4 5 0.8 1 0.8
12199 1 2 0 3 0 0 0
1221 82 5 1 86 0.0121951219512195 0.2 0.0116279069767442
12337 25 8 4 29 0.16 0.5 0.137931034482759
12353 3 4 1 6 0.333333333333333 0.25 0.166666666666667
12355 3 2 0 5 0 0 0
1237 24 2 2 24 0.0833333333333333 1 0.0833333333333333
12371 2 1 0 3 0 0 0
12414 29 9 7 31 0.241379310344828 0.777777777777778 0.225806451612903
1248 4 2 1 5 0.25 0.5 0.2
1251 4 4 0 8 0 0 0
12533 2 5 1 6 0.5 0.2 0.166666666666667
12558 12 3 1 14 0.0833333333333333 0.333333333333333 0.0714285714285714
12565 5 5 0 10 0 0 0
1257 85 5 0 90 0 0 0
12600 7 1 1 7 0.142857142857143 1 0.142857142857143
12611 23 7 5 25 0.217391304347826 0.714285714285714 0.2
12634 25 11 6 30 0.24 0.545454545454545 0.2
12638 2 2 0 4 0 0 0
12731 31 13 6 38 0.193548387096774 0.461538461538462 0.157894736842105
12732 10 3 3 10 0.3 1 0.3
12767 3 1 0 4 0 0 0
12779 59 13 6 66 0.101694915254237 0.461538461538462 0.0909090909090909
12793 168 7 5 170 0.0297619047619048 0.714285714285714 0.0294117647058824
12853 1 5 0 6 0 0 0
12859 220 51 46 225 0.209090909090909 0.901960784313726 0.204444444444444
12871 26 14 7 33 0.269230769230769 0.5 0.212121212121212
12895 4 1 1 4 0.25 1 0.25
12902 28 10 6 32 0.214285714285714 0.6 0.1875
12931 3 1 1 3 0.333333333333333 1 0.333333333333333
12956 224 2 2 224 0.00892857142857143 1 0.00892857142857143
12968 43 4 1 46 0.0232558139534884 0.25 0.0217391304347826
1299 283 14 13 284 0.0459363957597173 0.928571428571429 0.0457746478873239
13 3 1 1 3 0.333333333333333 1 0.333333333333333
13039 2 1 1 2 0.5 1 0.5
13046 16 1 1 16 0.0625 1 0.0625
13058 2 2 0 4 0 0 0
13110 3 7 0 10 0 0 0
13129 245 9 7 247 0.0285714285714286 0.777777777777778 0.0283400809716599
13189 17 1 1 17 0.0588235294117647 1 0.0588235294117647
13193 21 9 2 28 0.0952380952380952 0.222222222222222 0.0714285714285714
13272 1 1 1 1 1 1 1
13285 38 1 0 39 0 0 0
13300 1 1 1 1 1 1 1
13645 10 2 0 12 0 0 0
137 9 3 1 11 0.111111111111111 0.333333333333333 0.0909090909090909
13944 3 15 0 18 0 0 0
14277 10 8 2 16 0.2 0.25 0.125
145 9 11 0 20 0 0 0
14654 3 1 0 4 0 0 0
15180 10 5 0 15 0 0 0
15440 5 1 0 6 0 0 0
15444 225 20 15 230 0.0666666666666667 0.75 0.0652173913043478
15450 3 3 0 6 0 0 0
15469 1 1 0 2 0 0 0
15498 8 3 0 11 0 0 0
15516 4 1 0 5 0 0 0
15557 52 1 0 53 0 0 0
15589 37 18 2 53 0.0540540540540541 0.111111111111111 0.0377358490566038
15600 32 7 1 38 0.03125 0.142857142857143 0.0263157894736842
15623 15 2 0 17 0 0 0
15685 9 1 1 9 0.111111111111111 1 0.111111111111111
15694 25 4 0 29 0 0 0
15703 84 13 9 88 0.107142857142857 0.692307692307692 0.102272727272727
15709 2 1 0 3 0 0 0
15717 49 8 4 53 0.0816326530612245 0.5 0.0754716981132075
15861 7 1 0 8 0 0 0
15897 1 2 0 3 0 0 0
15982 8 10 1 17 0.125 0.1 0.0588235294117647
16004 9 4 1 12 0.111111111111111 0.25 0.0833333333333333
16023 3 2 0 5 0 0 0
16034 15 2 0 17 0 0 0
16086 15 5 3 17 0.2 0.6 0.176470588235294
16091 2 2 0 4 0 0 0
16128 9 1 1 9 0.111111111111111 1 0.111111111111111
16186 7 8 1 14 0.142857142857143 0.125 0.0714285714285714
16215 9 2 2 9 0.222222222222222 1 0.222222222222222
16237 22 4 2 24 0.0909090909090909 0.5 0.0833333333333333
16245 10 3 2 11 0.2 0.666666666666667 0.181818181818182
16260 22 2 1 23 0.0454545454545455 0.5 0.0434782608695652
1653 25 2 1 26 0.04 0.5 0.0384615384615385
16531 6 1 0 7 0 0 0
16713 23 3 2 24 0.0869565217391304 0.666666666666667 0.0833333333333333
16838 7 2 0 9 0 0 0
17263 4 1 0 5 0 0 0
1741 9 3 2 10 0.222222222222222 0.666666666666667 0.2
17511 7 3 0 10 0 0 0
17527 5 6 1 10 0.2 0.166666666666667 0.1
17529 5 1 0 6 0 0 0
17579 6 7 5 8 0.833333333333333 0.714285714285714 0.625
1759 32 1 1 32 0.03125 1 0.03125
17709 13 1 0 14 0 0 0
17828 2 1 0 3 0 0 0
17832 6 12 0 18 0 0 0
17934 1 1 0 2 0 0 0
17935 1 1 0 2 0 0 0
1797 1 1 0 2 0 0 0
1798 4 2 0 6 0 0 0
18098 1 1 0 2 0 0 0
18181 3 1 1 3 0.333333333333333 1 0.333333333333333
18185 6 2 2 6 0.333333333333333 1 0.333333333333333
1835 5 3 2 6 0.4 0.666666666666667 0.333333333333333
1853 87 14 12 89 0.137931034482759 0.857142857142857 0.134831460674157
18592 18 3 3 18 0.166666666666667 1 0.166666666666667
1897 9 1 1 9 0.111111111111111 1 0.111111111111111
1916 16 8 2 22 0.125 0.25 0.0909090909090909
1930 4 9 1 12 0.25 0.111111111111111 0.0833333333333333
1955 10 3 1 12 0.1 0.333333333333333 0.0833333333333333
20080 12 4 4 12 0.333333333333333 1 0.333333333333333
2042 10 9 1 18 0.1 0.111111111111111 0.0555555555555556
20495 64 7 4 67 0.0625 0.571428571428571 0.0597014925373134
20569 7 4 2 9 0.285714285714286 0.5 0.222222222222222
20621 2 1 1 2 0.5 1 0.5
20646 46 10 8 48 0.173913043478261 0.8 0.166666666666667
20704 14 3 2 15 0.142857142857143 0.666666666666667 0.133333333333333
20712 7 1 0 8 0 0 0
20718 25 3 2 26 0.08 0.666666666666667 0.0769230769230769
20745 2 5 0 7 0 0 0
20794 3 3 1 5 0.333333333333333 0.333333333333333 0.2
20834 32 7 0 39 0 0 0
20847 37 11 8 40 0.216216216216216 0.727272727272727 0.2
209 1093 1 1 1093 0.000914913083257091 1 0.000914913083257091
20900 2 1 0 3 0 0 0
20912 2 1 0 3 0 0 0
20965 39 31 31 39 0.794871794871795 1 0.794871794871795
210 9 1 1 9 0.111111111111111 1 0.111111111111111
2107 1 1 1 1 1 1 1
2108 1 1 1 1 1 1 1
2110 37 9 4 42 0.108108108108108 0.444444444444444 0.0952380952380952
21119 9 2 0 11 0 0 0
21155 35 15 7 43 0.2 0.466666666666667 0.162790697674419
21193 2 1 1 2 0.5 1 0.5
21202 40 2 2 40 0.05 1 0.05
21221 27 11 7 31 0.259259259259259 0.636363636363636 0.225806451612903
2128 2 2 2 2 1 1 1
21385 23 9 5 27 0.217391304347826 0.555555555555556 0.185185185185185
21392 27 8 5 30 0.185185185185185 0.625 0.166666666666667
21398 23 3 1 25 0.0434782608695652 0.333333333333333 0.04
2200 42 6 4 44 0.0952380952380952 0.666666666666667 0.0909090909090909
22166 2 1 0 3 0 0 0
22335 22 1 0 23 0 0 0
224 7 4 2 9 0.285714285714286 0.5 0.222222222222222
22548 3 2 0 5 0 0 0
23774 3 2 1 4 0.333333333333333 0.5 0.25
23787 1 1 1 1 1 1 1
2381 18 1 1 18 0.0555555555555556 1 0.0555555555555556
23910 1 1 0 2 0 0 0
23911 2 2 1 3 0.5 0.5 0.333333333333333
23912 1 1 0 2 0 0 0
24 7 1 1 7 0.142857142857143 1 0.142857142857143
24587 33 8 4 37 0.121212121212121 0.5 0.108108108108108
24730 33 6 3 36 0.0909090909090909 0.5 0.0833333333333333
24776 4 2 1 5 0.25 0.5 0.2
2486 9 1 1 9 0.111111111111111 1 0.111111111111111
24875 48 8 3 53 0.0625 0.375 0.0566037735849057
2497 199 50 35 214 0.175879396984925 0.7 0.163551401869159
24973 2 1 1 2 0.5 1 0.5
2500 28 45 9 64 0.321428571428571 0.2 0.140625
2510 13 6 3 16 0.230769230769231 0.5 0.1875
25108 13 1 1 13 0.0769230769230769 1 0.0769230769230769
25137 22 5 2 25 0.0909090909090909 0.4 0.08
2514 17 3 2 18 0.117647058823529 0.666666666666667 0.111111111111111
25152 22 5 4 23 0.181818181818182 0.8 0.173913043478261
2516 299 42 32 309 0.107023411371237 0.761904761904762 0.103559870550162
2518 33 6 4 35 0.121212121212121 0.666666666666667 0.114285714285714
25208 5 2 0 7 0 0 0
25232 143 6 5 144 0.034965034965035 0.833333333333333 0.0347222222222222
2527 8 8 3 13 0.375 0.375 0.230769230769231
25358 10 11 1 20 0.1 0.0909090909090909 0.05
25384 6 2 0 8 0 0 0
2549 1 4 1 4 1 0.25 0.25
25492 20 2 0 22 0 0 0
25538 2 1 0 3 0 0 0
25560 19 1 0 20 0 0 0
2586 4 3 0 7 0 0 0
2594 8 1 1 8 0.125 1 0.125
2595 3 2 1 4 0.333333333333333 0.5 0.25
2602 2 2 1 3 0.5 0.5 0.333333333333333
2603 35 11 6 40 0.171428571428571 0.545454545454545 0.15
2607 44 3 0 47 0 0 0
2609 3 1 0 4 0 0 0
2611 41 6 5 42 0.121951219512195 0.833333333333333 0.119047619047619
2614 9 2 1 10 0.111111111111111 0.5 0.1
27552 5 1 1 5 0.2 1 0.2
278 9 6 1 14 0.111111111111111 0.166666666666667 0.0714285714285714
2819 16 2 0 18 0 0 0
2847 2 3 1 4 0.5 0.333333333333333 0.25
2852 6 4 3 7 0.5 0.75 0.428571428571429
28747 166 2 2 166 0.0120481927710843 1 0.0120481927710843
28855 7 3 2 8 0.285714285714286 0.666666666666667 0.25
2895 4 1 1 4 0.25 1 0.25
2905 26 2 1 27 0.0384615384615385 0.5 0.037037037037037
2907 56 4 2 58 0.0357142857142857 0.5 0.0344827586206897
2914 717 96 54 759 0.0753138075313808 0.5625 0.0711462450592885
2915 33 11 3 41 0.0909090909090909 0.272727272727273 0.0731707317073171
29188 5 1 0 6 0 0 0
29216 1 3 1 3 1 0.333333333333333 0.333333333333333
29243 2 2 2 2 1 1 1
29259 12 2 1 13 0.0833333333333333 0.5 0.0769230769230769
293 112 20 10 122 0.0892857142857143 0.5 0.0819672131147541
29377 1 7 0 8 0 0 0
29422 3 2 1 4 0.333333333333333 0.5 0.25
29449 3 4 1 6 0.333333333333333 0.25 0.166666666666667
29623 1 1 1 1 1 1 1
29629 7 1 1 7 0.142857142857143 1 0.142857142857143
29670 2 2 1 3 0.5 0.5 0.333333333333333
29686 199 44 38 205 0.190954773869347 0.863636363636364 0.185365853658537
29789 4 1 1 4 0.25 1 0.25
29838 7 1 0 8 0 0 0
3 3 1 0 4 0 0 0
30071 2 16 2 16 1 0.125 0.125
31079 1 2 0 3 0 0 0
31103 2 6 0 8 0 0 0
3130 20 1 1 20 0.05 1 0.05
31383 5 2 2 5 0.4 1 0.4
31479 2 1 1 2 0.5 1 0.5
3212 12 1 0 13 0 0 0
3221 1 2 1 2 1 0.5 0.5
3243 12 3 1 14 0.0833333333333333 0.333333333333333 0.0714285714285714
3246 128 33 12 149 0.09375 0.363636363636364 0.0805369127516778
3248 10 7 3 14 0.3 0.428571428571429 0.214285714285714
3249 28 2 1 29 0.0357142857142857 0.5 0.0344827586206897
3257 284 118 48 354 0.169014084507042 0.406779661016949 0.135593220338983
3265 35 14 10 39 0.285714285714286 0.714285714285714 0.256410256410256
3274 3 4 0 7 0 0 0
3292 289 8 5 292 0.0173010380622837 0.625 0.0171232876712329
33 9 13 3 19 0.333333333333333 0.230769230769231 0.157894736842105
3301 28 2 2 28 0.0714285714285714 1 0.0714285714285714
3303 502 10 8 504 0.0159362549800797 0.8 0.0158730158730159
3320 272 21 8 285 0.0294117647058824 0.380952380952381 0.0280701754385965
3327 5 6 2 9 0.4 0.333333333333333 0.222222222222222
3333 126 20 18 128 0.142857142857143 0.9 0.140625
3344 20 12 3 29 0.15 0.25 0.103448275862069
3352 53 4 2 55 0.0377358490566038 0.5 0.0363636363636364
3549 608 33 22 619 0.0361842105263158 0.666666666666667 0.0355411954765751
3557 83 8 5 86 0.0602409638554217 0.625 0.0581395348837209
3582 4 3 0 7 0 0 0
3597 7 1 1 7 0.142857142857143 1 0.142857142857143
3662 12 1 1 12 0.0833333333333333 1 0.0833333333333333
3741 125 1 0 126 0 0 0
3748 2 7 1 8 0.5 0.142857142857143 0.125
3758 31 7 0 38 0 0 0
3776 9 2 0 11 0 0 0
378 2 1 1 2 0.5 1 0.5
3786 309 3 1 311 0.00323624595469256 0.333333333333333 0.00321543408360129
3825 1 1 0 2 0 0 0
3836 5 2 0 7 0 0 0
4134 62 1 0 63 0 0 0
4436 90 4 3 91 0.0333333333333333 0.75 0.032967032967033
4538 10 10 3 17 0.3 0.3 0.176470588235294
4555 1 12 0 13 0 0 0
4589 409 28 22 415 0.0537897310513447 0.785714285714286 0.0530120481927711
4608 3 1 1 3 0.333333333333333 1 0.333333333333333
4618 9 8 0 17 0 0 0
4621 24 1 1 24 0.0416666666666667 1 0.0416666666666667
4645 14 1 1 14 0.0714285714285714 1 0.0714285714285714
4651 25 2 0 27 0 0 0
4673 8 1 1 8 0.125 1 0.125
4675 4 7 2 9 0.5 0.285714285714286 0.222222222222222
4677 5 8 2 11 0.4 0.25 0.181818181818182
4678 7 8 2 13 0.285714285714286 0.25 0.153846153846154
4680 9 7 2 14 0.222222222222222 0.285714285714286 0.142857142857143
4685 7 7 3 11 0.428571428571429 0.428571428571429 0.272727272727273
4688 11 7 3 15 0.272727272727273 0.428571428571429 0.2
4691 8 16 3 21 0.375 0.1875 0.142857142857143
4694 84 2 1 85 0.0119047619047619 0.5 0.0117647058823529
4697 1 24 1 24 1 0.0416666666666667 0.0416666666666667
4702 5 5 2 8 0.4 0.4 0.25
4713 82 2 2 82 0.024390243902439 1 0.024390243902439
4716 90 29 12 107 0.133333333333333 0.413793103448276 0.11214953271028
4717 3 3 2 4 0.666666666666667 0.666666666666667 0.5
4718 3 4 2 5 0.666666666666667 0.5 0.4
4721 6 6 0 12 0 0 0
4725 94 46 7 133 0.074468085106383 0.152173913043478 0.0526315789473684
4736 14 1 1 14 0.0714285714285714 1 0.0714285714285714
4741 4 1 0 5 0 0 0
4747 8 2 0 10 0 0 0
4750 32 2 0 34 0 0 0
4774 5 3 2 6 0.4 0.666666666666667 0.333333333333333
4777 27 6 5 28 0.185185185185185 0.833333333333333 0.178571428571429
4780 26 1 1 26 0.0384615384615385 1 0.0384615384615385
4787 7 2 0 9 0 0 0
4795 7 2 0 9 0 0 0
5050 10 1 1 10 0.1 1 0.1
513 34 12 5 41 0.147058823529412 0.416666666666667 0.121951219512195
5381 12 2 0 14 0 0 0
5385 9 5 2 12 0.222222222222222 0.4 0.166666666666667
5397 5 1 0 6 0 0 0
5408 31 7 1 37 0.032258064516129 0.142857142857143 0.027027027027027
5410 37 5 2 40 0.0540540540540541 0.4 0.05
5417 142 24 22 144 0.154929577464789 0.916666666666667 0.152777777777778
5418 6 1 1 6 0.166666666666667 1 0.166666666666667
5424 9 12 2 19 0.222222222222222 0.166666666666667 0.105263157894737
5430 50 9 3 56 0.06 0.333333333333333 0.0535714285714286
5459 151 4 4 151 0.0264900662251656 1 0.0264900662251656
5466 52 2 0 54 0 0 0
5511 187 33 11 209 0.0588235294117647 0.333333333333333 0.0526315789473684
553 33 9 6 36 0.181818181818182 0.666666666666667 0.166666666666667
5539 29 42 11 60 0.379310344827586 0.261904761904762 0.183333333333333
5568 68 3 3 68 0.0441176470588235 1 0.0441176470588235
559 42 8 5 45 0.119047619047619 0.625 0.111111111111111
5602 16 5 3 18 0.1875 0.6 0.166666666666667
5609 2 18 0 20 0 0 0
5617 62 5 0 67 0 0 0
5623 1 3 0 4 0 0 0
5669 73 4 3 74 0.0410958904109589 0.75 0.0405405405405405
5693 9 2 1 10 0.111111111111111 0.5 0.1
6062 9 3 0 12 0 0 0
6066 4 1 0 5 0 0 0
6163 10 2 0 12 0 0 0
6342 4 3 0 7 0 0 0
6360 8 1 1 8 0.125 1 0.125
6389 29 1 0 30 0 0 0
6435 3 21 0 24 0 0 0
6453 253 9 8 254 0.0316205533596838 0.888888888888889 0.031496062992126
6461 595 9 8 596 0.0134453781512605 0.888888888888889 0.0134228187919463
65000 7 1 0 8 0 0 0
6509 34 2 2 34 0.0588235294117647 1 0.0588235294117647
6619 13 1 0 14 0 0 0
6661 23 2 1 24 0.0434782608695652 0.5 0.0416666666666667
6666 25 2 1 26 0.04 0.5 0.0384615384615385
6667 362 39 37 364 0.102209944751381 0.948717948717949 0.101648351648352
668 41 7 3 45 0.0731707317073171 0.428571428571429 0.0666666666666667
6695 69 1 1 69 0.0144927536231884 1 0.0144927536231884
6696 29 8 4 33 0.137931034482759 0.5 0.121212121212121
6706 3 2 1 4 0.333333333333333 0.5 0.25
6722 2 1 0 3 0 0 0
6730 172 4 4 172 0.0232558139534884 1 0.0232558139534884
6772 7 2 1 8 0.142857142857143 0.5 0.125
680 43 10 5 48 0.116279069767442 0.5 0.104166666666667
6830 68 85 19 134 0.279411764705882 0.223529411764706 0.141791044776119
6895 33 1 1 33 0.0303030303030303 1 0.0303030303030303
6939 302 43 12 333 0.0397350993377483 0.27906976744186 0.036036036036036
7018 1759 3 2 1760 0.00113700966458215 0.666666666666667 0.00113636363636364
7065 8 1 1 8 0.125 1 0.125
71 11 2 0 13 0 0 0
7500 69 4 3 70 0.0434782608695652 0.75 0.0428571428571429
7514 14 10 4 20 0.285714285714286 0.4 0.2
7516 7 1 0 8 0 0 0
7521 4 2 1 5 0.25 0.5 0.2
7522 3 5 2 6 0.666666666666667 0.4 0.333333333333333
7530 3 2 0 5 0 0 0
7539 19 4 3 20 0.157894736842105 0.75 0.15
7570 15 3 2 16 0.133333333333333 0.666666666666667 0.125
7575 21 3 3 21 0.142857142857143 1 0.142857142857143
7580 1 4 0 5 0 0 0
7610 24 3 2 25 0.0833333333333333 0.666666666666667 0.08
7623 11 2 1 12 0.0909090909090909 0.5 0.0833333333333333
766 13 3 3 13 0.230769230769231 1 0.230769230769231
7660 30 31 14 47 0.466666666666667 0.451612903225806 0.297872340425532
7665 2 1 1 2 0.5 1 0.5
7667 3 5 2 6 0.666666666666667 0.4 0.333333333333333
7668 7 1 1 7 0.142857142857143 1 0.142857142857143
7670 12 2 1 13 0.0833333333333333 0.5 0.0769230769230769
7671 6 37 4 39 0.666666666666667 0.108108108108108 0.102564102564103
7682 9 2 0 11 0 0 0
7687 4 2 1 5 0.25 0.5 0.2
786 36 13 2 47 0.0555555555555556 0.153846153846154 0.0425531914893617
790 2 6 1 7 0.5 0.166666666666667 0.142857142857143
8002 24 4 0 28 0 0 0
8015 9 1 0 10 0 0 0
8070 1 4 0 5 0 0 0
81 10 2 0 12 0 0 0
8121 69 3 2 70 0.0289855072463768 0.666666666666667 0.0285714285714286
8220 543 7 5 545 0.00920810313075507 0.714285714285714 0.00917431192660551
8228 28 1 0 29 0 0 0
8237 7 2 0 9 0 0 0
8251 121 1 1 121 0.00826446280991736 1 0.00826446280991736
8256 2 1 1 2 0.5 1 0.5
8267 2 4 1 5 0.5 0.25 0.2
8447 63 13 5 71 0.0793650793650794 0.384615384615385 0.0704225352112676
8469 25 6 4 27 0.16 0.666666666666667 0.148148148148148
8472 51 6 1 56 0.0196078431372549 0.166666666666667 0.0178571428571429
8473 19 1 1 19 0.0526315789473684 1 0.0526315789473684
8501 25 5 5 25 0.2 1 0.2
8514 33 5 1 37 0.0303030303030303 0.2 0.027027027027027
8517 16 1 1 16 0.0625 1 0.0625
8560 45 12 8 49 0.177777777777778 0.666666666666667 0.163265306122449
8565 7 1 0 8 0 0 0
8591 15 4 2 17 0.133333333333333 0.5 0.117647058823529
8657 62 3 2 63 0.032258064516129 0.666666666666667 0.0317460317460317
8664 13 8 0 21 0 0 0
8665 5 1 0 6 0 0 0
8674 34 1 1 34 0.0294117647058824 1 0.0294117647058824
8676 3 2 0 5 0 0 0
8708 125 8 5 128 0.04 0.625 0.0390625
8728 1 1 1 1 1 1 1
8758 7 2 0 9 0 0 0
8763 107 21 18 110 0.168224299065421 0.857142857142857 0.163636363636364
8767 19 5 3 21 0.157894736842105 0.6 0.142857142857143
8781 3 1 1 3 0.333333333333333 1 0.333333333333333
8823 4 1 1 4 0.25 1 0.25
8903 37 5 2 40 0.0540540540540541 0.4 0.05
8921 1 1 0 2 0 0 0
8925 3 1 0 4 0 0 0
8943 9 1 0 10 0 0 0
8954 21 19 4 36 0.19047619047619 0.210526315789474 0.111111111111111
8966 27 1 1 27 0.037037037037037 1 0.037037037037037
8970 1 1 1 1 1 1 1
8973 4 2 0 6 0 0 0
8975 57 2 2 57 0.0350877192982456 1 0.0350877192982456
9044 77 7 2 82 0.025974025974026 0.285714285714286 0.024390243902439
9080 4 1 1 4 0.25 1 0.25
9112 2 7 1 8 0.5 0.142857142857143 0.125
9150 24 1 0 25 0 0 0
9186 19 1 0 20 0 0 0
9196 5 1 0 6 0 0 0
9264 42 17 4 55 0.0952380952380952 0.235294117647059 0.0727272727272727
9270 39 9 6 42 0.153846153846154 0.666666666666667 0.142857142857143
9316 26 1 0 27 0 0 0
9407 2 4 2 4 1 0.5 0.5
9416 16 1 0 17 0 0 0
9505 44 2 1 45 0.0227272727272727 0.5 0.0222222222222222
9595 7 3 2 8 0.285714285714286 0.666666666666667 0.25
9600 6 9 2 13 0.333333333333333 0.222222222222222 0.153846153846154
9607 8 3 0 11 0 0 0
9612 2 3 0 5 0 0 0
9619 2 2 2 2 1 1 1
9621 2 7 1 8 0.5 0.142857142857143 0.125
9622 6 1 1 6 0.166666666666667 1 0.166666666666667
9687 2 1 1 2 0.5 1 0.5
9701 3 1 0 4 0 0 0
9758 1 1 0 2 0 0 0
9821 5 1 1 5 0.2 1 0.2
9844 2 1 0 3 0 0 0
9875 3 1 0 4 0 0 0
