#ASN num_v4adj num_v6adj num_intersect(v4v6adj) num_union(adj) fr_v4(num_intersect/num_v4adj) fr_v6(num_intersect/num_v6adj) fr_intersect(num_intersect/num_union)
10013 3 8 2 9 0.666666666666667 0.25 0.222222222222222
10015 11 1 0 12 0 0 0
10063 3 1 1 3 0.333333333333333 1 0.333333333333333
101 42 1 1 42 0.0238095238095238 1 0.0238095238095238
10204 7 2 1 8 0.142857142857143 0.5 0.125
10318 3 2 0 5 0 0 0
10343 2 1 1 2 0.5 1 0.5
10886 29 2 2 29 0.0689655172413793 1 0.0689655172413793
109 9 27 1 35 0.111111111111111 0.037037037037037 0.0285714285714286
1103 53 41 14 80 0.264150943396226 0.341463414634146 0.175
11537 72 38 27 83 0.375 0.710526315789474 0.325301204819277
11990 3 1 0 4 0 0 0
1200 27 9 6 30 0.222222222222222 0.666666666666667 0.2
12008 24 1 1 24 0.0416666666666667 1 0.0416666666666667
12046 2 1 1 2 0.5 1 0.5
12111 27 1 1 27 0.037037037037037 1 0.037037037037037
1213 3 2 2 3 0.666666666666667 1 0.666666666666667
12199 1 3 0 4 0 0 0
1221 87 4 1 90 0.0114942528735632 0.25 0.0111111111111111
12312 27 1 1 27 0.037037037037037 1 0.037037037037037
12337 33 8 6 35 0.181818181818182 0.75 0.171428571428571
12353 5 2 0 7 0 0 0
12355 2 1 0 3 0 0 0
1237 29 3 2 30 0.0689655172413793 0.666666666666667 0.0666666666666667
12371 3 1 0 4 0 0 0
12386 9 2 2 9 0.222222222222222 1 0.222222222222222
12399 35 1 1 35 0.0285714285714286 1 0.0285714285714286
12401 10 4 2 12 0.2 0.5 0.166666666666667
12414 30 13 7 36 0.233333333333333 0.538461538461538 0.194444444444444
1251 5 4 1 8 0.2 0.25 0.125
12533 2 2 0 4 0 0 0
12565 1 2 0 3 0 0 0
1257 165 5 0 170 0 0 0
12600 11 1 1 11 0.0909090909090909 1 0.0909090909090909
12611 26 7 5 28 0.192307692307692 0.714285714285714 0.178571428571429
12634 30 13 7 36 0.233333333333333 0.538461538461538 0.194444444444444
12637 3 4 0 7 0 0 0
12638 2 3 0 5 0 0 0
12657 2 2 1 3 0.5 0.5 0.333333333333333
1273 281 53 32 302 0.113879003558719 0.60377358490566 0.105960264900662
12731 28 7 4 31 0.142857142857143 0.571428571428571 0.129032258064516
12732 15 2 1 16 0.0666666666666667 0.5 0.0625
12741 36 1 0 37 0 0 0
12767 5 1 0 6 0 0 0
12779 56 8 2 62 0.0357142857142857 0.25 0.032258064516129
12793 218 1 0 219 0 0 0
12816 1 2 1 2 1 0.5 0.5
12817 2 1 1 2 0.5 1 0.5
12831 7 2 1 8 0.142857142857143 0.5 0.125
12853 1 6 0 7 0 0 0
12859 249 58 51 256 0.204819277108434 0.879310344827586 0.19921875
12871 28 16 9 35 0.321428571428571 0.5625 0.257142857142857
12895 4 1 1 4 0.25 1 0.25
12902 32 12 7 37 0.21875 0.583333333333333 0.189189189189189
12931 2 2 0 4 0 0 0
12956 241 5 5 241 0.020746887966805 1 0.020746887966805
12968 62 6 2 66 0.032258064516129 0.333333333333333 0.0303030303030303
1299 344 20 17 347 0.0494186046511628 0.85 0.0489913544668588
13 1 1 1 1 1 1 1
13030 429 1 1 429 0.00233100233100233 1 0.00233100233100233
13039 2 1 1 2 0.5 1 0.5
13041 8 2 2 8 0.25 1 0.25
13046 13 1 1 13 0.0769230769230769 1 0.0769230769230769
13092 3 1 1 3 0.333333333333333 1 0.333333333333333
13110 3 4 1 6 0.333333333333333 0.25 0.166666666666667
13115 4 1 0 5 0 0 0
13189 19 1 1 19 0.0526315789473684 1 0.0526315789473684
13193 41 14 7 48 0.170731707317073 0.5 0.145833333333333
13272 2 1 1 2 0.5 1 0.5
13300 2 1 0 3 0 0 0
13645 88 4 2 90 0.0227272727272727 0.5 0.0222222222222222
137 11 1 1 11 0.0909090909090909 1 0.0909090909090909
13944 2 12 0 14 0 0 0
14277 10 10 2 18 0.2 0.2 0.111111111111111
145 11 4 0 15 0 0 0
15169 62 3 1 64 0.0161290322580645 0.333333333333333 0.015625
15440 7 2 0 9 0 0 0
15444 261 19 13 267 0.0498084291187739 0.684210526315789 0.048689138576779
15469 1 1 0 2 0 0 0
15501 2 2 2 2 1 1 1
15589 38 10 1 47 0.0263157894736842 0.1 0.0212765957446809
15600 32 8 6 34 0.1875 0.75 0.176470588235294
15623 17 3 2 18 0.117647058823529 0.666666666666667 0.111111111111111
15685 12 2 2 12 0.166666666666667 1 0.166666666666667
15703 91 1 1 91 0.010989010989011 1 0.010989010989011
15725 2 3 2 3 1 0.666666666666667 0.666666666666667
15798 2 1 0 3 0 0 0
16004 7 1 0 8 0 0 0
16023 4 1 0 5 0 0 0
16034 199 18 15 202 0.0753768844221105 0.833333333333333 0.0742574257425743
16086 25 7 4 28 0.16 0.571428571428571 0.142857142857143
16091 1 1 0 2 0 0 0
16128 11 3 3 11 0.272727272727273 1 0.272727272727273
16131 26 11 4 33 0.153846153846154 0.363636363636364 0.121212121212121
16150 171 3 1 173 0.00584795321637427 0.333333333333333 0.00578034682080925
16186 4 6 0 10 0 0 0
16215 7 3 2 8 0.285714285714286 0.666666666666667 0.25
16237 24 5 3 26 0.125 0.6 0.115384615384615
16245 12 3 2 13 0.166666666666667 0.666666666666667 0.153846153846154
16260 22 1 1 22 0.0454545454545455 1 0.0454545454545455
16265 33 1 1 33 0.0303030303030303 1 0.0303030303030303
16276 45 2 2 45 0.0444444444444444 1 0.0444444444444444
1653 28 1 1 28 0.0357142857142857 1 0.0357142857142857
16531 10 1 0 11 0 0 0
16713 24 2 0 26 0 0 0
16838 7 2 0 9 0 0 0
16942 2 1 0 3 0 0 0
17197 1 1 0 2 0 0 0
17263 4 1 0 5 0 0 0
1741 9 2 2 9 0.222222222222222 1 0.222222222222222
17511 8 2 0 10 0 0 0
17527 3 6 1 8 0.333333333333333 0.166666666666667 0.125
17529 6 1 0 7 0 0 0
17579 8 7 5 10 0.625 0.714285714285714 0.5
1759 22 1 1 22 0.0454545454545455 1 0.0454545454545455
17709 8 1 0 9 0 0 0
17711 1 1 1 1 1 1 1
17713 3 1 1 3 0.333333333333333 1 0.333333333333333
17716 4 1 1 4 0.25 1 0.25
17828 2 1 0 3 0 0 0
17832 7 13 1 19 0.142857142857143 0.0769230769230769 0.0526315789473684
17843 2 1 1 2 0.5 1 0.5
17934 2 5 1 6 0.5 0.2 0.166666666666667
17935 1 1 0 2 0 0 0
1797 2 2 0 4 0 0 0
1798 4 2 0 6 0 0 0
18119 3 1 0 4 0 0 0
18126 3 1 1 3 0.333333333333333 1 0.333333333333333
18185 5 1 1 5 0.2 1 0.2
18266 4 1 1 4 0.25 1 0.25
18288 3 1 1 3 0.333333333333333 1 0.333333333333333
1835 7 2 2 7 0.285714285714286 1 0.285714285714286
18422 5 1 1 5 0.2 1 0.2
1853 94 11 9 96 0.0957446808510638 0.818181818181818 0.09375
18592 21 2 2 21 0.0952380952380952 1 0.0952380952380952
18666 2 2 0 4 0 0 0
1887 5 1 1 5 0.2 1 0.2
1897 1 1 0 2 0 0 0
1916 16 4 2 18 0.125 0.5 0.111111111111111
1930 5 3 1 7 0.2 0.333333333333333 0.142857142857143
195 7 1 1 7 0.142857142857143 1 0.142857142857143
1955 10 1 1 10 0.1 1 0.1
19782 7 1 1 7 0.142857142857143 1 0.142857142857143
20080 9 3 2 10 0.222222222222222 0.666666666666667 0.2
20312 8 1 1 8 0.125 1 0.125
2042 9 11 1 19 0.111111111111111 0.0909090909090909 0.0526315789473684
2044 15 2 0 17 0 0 0
20473 6 1 0 7 0 0 0
20495 98 9 4 103 0.0408163265306122 0.444444444444444 0.0388349514563107
20569 6 2 1 7 0.166666666666667 0.5 0.142857142857143
20612 4 1 1 4 0.25 1 0.25
20621 2 2 2 2 1 1 1
20640 182 49 39 192 0.214285714285714 0.795918367346939 0.203125
20646 53 15 11 57 0.207547169811321 0.733333333333333 0.192982456140351
20704 14 4 2 16 0.142857142857143 0.5 0.125
20712 9 1 0 10 0 0 0
20718 24 7 4 27 0.166666666666667 0.571428571428571 0.148148148148148
20745 2 3 0 5 0 0 0
20762 2 1 0 3 0 0 0
20794 3 2 0 5 0 0 0
20834 35 4 3 36 0.0857142857142857 0.75 0.0833333333333333
20847 38 11 7 42 0.184210526315789 0.636363636363636 0.166666666666667
209 1140 1 1 1140 0.00087719298245614 1 0.00087719298245614
20900 2 1 0 3 0 0 0
20912 2 3 0 5 0 0 0
20965 43 36 36 43 0.837209302325581 1 0.837209302325581
2107 1 1 1 1 1 1 1
2108 1 1 1 1 1 1 1
2110 42 9 3 48 0.0714285714285714 0.333333333333333 0.0625
21119 7 1 0 8 0 0 0
21155 45 16 9 52 0.2 0.5625 0.173076923076923
2116 67 1 1 67 0.0149253731343284 1 0.0149253731343284
21193 2 1 1 2 0.5 1 0.5
21221 23 4 1 26 0.0434782608695652 0.25 0.0384615384615385
2128 2 1 1 2 0.5 1 0.5
21385 45 7 4 48 0.0888888888888889 0.571428571428571 0.0833333333333333
21501 5 1 0 6 0 0 0
2153 25 3 3 25 0.12 1 0.12
2200 46 3 3 46 0.0652173913043478 1 0.0652173913043478
22166 2 1 0 3 0 0 0
22335 26 1 1 26 0.0384615384615385 1 0.0384615384615385
22388 4 3 3 4 0.75 1 0.75
224 6 3 1 8 0.166666666666667 0.333333333333333 0.125
22548 4 2 0 6 0 0 0
226 18 1 1 18 0.0555555555555556 1 0.0555555555555556
22767 1 1 1 1 1 1 1
23393 24 3 1 26 0.0416666666666667 0.333333333333333 0.0384615384615385
23600 1 1 1 1 1 1 1
23624 2 1 1 2 0.5 1 0.5
23634 5 1 1 5 0.2 1 0.2
23774 3 2 1 4 0.333333333333333 0.5 0.25
23787 1 1 1 1 1 1 1
2381 24 2 2 24 0.0833333333333333 1 0.0833333333333333
23902 1 2 0 3 0 0 0
23910 1 3 1 3 1 0.333333333333333 0.333333333333333
23911 1 2 1 2 1 0.5 0.5
23912 1 2 0 3 0 0 0
24 9 2 2 9 0.222222222222222 1 0.222222222222222
24252 3 3 2 4 0.666666666666667 0.666666666666667 0.5
24586 10 1 0 11 0 0 0
24587 54 16 9 61 0.166666666666667 0.5625 0.147540983606557
24723 2 1 0 3 0 0 0
24730 33 6 4 35 0.121212121212121 0.666666666666667 0.114285714285714
24776 6 2 1 7 0.166666666666667 0.5 0.142857142857143
2486 8 1 1 8 0.125 1 0.125
24875 26 11 4 33 0.153846153846154 0.363636363636364 0.121212121212121
2497 204 56 40 220 0.196078431372549 0.714285714285714 0.181818181818182
24973 2 1 1 2 0.5 1 0.5
250 5 3 0 8 0 0 0
2500 27 51 12 66 0.444444444444444 0.235294117647059 0.181818181818182
25058 2 1 1 2 0.5 1 0.5
251 1 2 1 2 1 0.5 0.5
2510 15 7 3 19 0.2 0.428571428571429 0.157894736842105
25108 13 2 1 14 0.0769230769230769 0.5 0.0714285714285714
25137 200 18 15 203 0.075 0.833333333333333 0.0738916256157636
2514 15 4 3 16 0.2 0.75 0.1875
25152 29 6 3 32 0.103448275862069 0.5 0.09375
2516 294 45 31 308 0.105442176870748 0.688888888888889 0.100649350649351
2518 50 8 3 55 0.06 0.375 0.0545454545454545
2519 26 3 0 29 0 0 0
25208 6 2 0 8 0 0 0
25220 17 2 2 17 0.117647058823529 1 0.117647058823529
2523 5 1 0 6 0 0 0
25232 187 10 9 188 0.0481283422459893 0.9 0.0478723404255319
2527 8 7 2 13 0.25 0.285714285714286 0.153846153846154
25358 14 9 1 22 0.0714285714285714 0.111111111111111 0.0454545454545455
25384 9 3 1 11 0.111111111111111 0.333333333333333 0.0909090909090909
2549 2 2 0 4 0 0 0
25538 2 1 0 3 0 0 0
25560 134 11 7 138 0.0522388059701493 0.636363636363636 0.0507246376811594
2594 8 1 1 8 0.125 1 0.125
2595 3 1 0 4 0 0 0
2602 2 2 1 3 0.5 0.5 0.333333333333333
2603 33 10 8 35 0.242424242424242 0.8 0.228571428571429
2607 42 3 2 43 0.0476190476190476 0.666666666666667 0.0465116279069767
2609 2 1 0 3 0 0 0
2611 40 12 9 43 0.225 0.75 0.209302325581395
2614 11 2 1 12 0.0909090909090909 0.5 0.0833333333333333
26415 14 3 0 17 0 0 0
27133 1 1 0 2 0 0 0
278 8 7 1 14 0.125 0.142857142857143 0.0714285714285714
2819 19 3 0 22 0 0 0
2847 2 2 1 3 0.5 0.5 0.333333333333333
2852 7 3 3 7 0.428571428571429 1 0.428571428571429
28678 1 2 1 2 1 0.5 0.5
28716 28 2 1 29 0.0357142857142857 0.5 0.0344827586206897
28725 5 1 1 5 0.2 1 0.2
28788 36 3 3 36 0.0833333333333333 1 0.0833333333333333
2895 7 2 2 7 0.285714285714286 1 0.285714285714286
29009 2 2 1 3 0.5 0.5 0.333333333333333
2905 28 2 1 29 0.0357142857142857 0.5 0.0344827586206897
2907 64 7 3 68 0.046875 0.428571428571429 0.0441176470588235
2914 522 113 59 576 0.113026819923372 0.52212389380531 0.102430555555556
2915 33 7 3 37 0.0909090909090909 0.428571428571429 0.0810810810810811
29208 11 1 0 12 0 0 0
29216 1 3 1 3 1 0.333333333333333 0.333333333333333
29243 2 2 2 2 1 1 1
29259 6 2 2 6 0.333333333333333 1 0.333333333333333
293 113 22 13 122 0.115044247787611 0.590909090909091 0.10655737704918
29317 1 2 1 2 1 0.5 0.5
29377 1 6 0 7 0 0 0
29422 4 1 1 4 0.25 1 0.25
29432 2 1 1 2 0.5 1 0.5
29449 3 4 1 6 0.333333333333333 0.25 0.166666666666667
29452 7 2 0 9 0 0 0
29527 16 2 2 16 0.125 1 0.125
29632 6 1 0 7 0 0 0
29636 16 4 3 17 0.1875 0.75 0.176470588235294
29686 312 56 50 318 0.16025641025641 0.892857142857143 0.157232704402516
29748 18 2 1 19 0.0555555555555556 0.5 0.0526315789473684
29838 10 4 1 13 0.1 0.25 0.0769230769230769
30071 5 41 3 43 0.6 0.0731707317073171 0.0697674418604651
30132 7 2 2 7 0.285714285714286 1 0.285714285714286
302 3 1 0 4 0 0 0
30653 13 2 0 15 0 0 0
31103 2 5 0 7 0 0 0
3111 1 1 0 2 0 0 0
31246 3 1 1 3 0.333333333333333 1 0.333333333333333
31265 1 1 1 1 1 1 1
31283 3 2 0 5 0 0 0
31383 15 9 5 19 0.333333333333333 0.555555555555556 0.263157894736842
31458 7 1 0 8 0 0 0
31479 3 1 1 3 0.333333333333333 1 0.333333333333333
31508 25 6 3 28 0.12 0.5 0.107142857142857
31985 4 1 0 5 0 0 0
3212 30 1 1 30 0.0333333333333333 1 0.0333333333333333
3213 9 1 0 10 0 0 0
3221 1 1 1 1 1 1 1
3243 10 5 1 14 0.1 0.2 0.0714285714285714
32459 3 1 0 4 0 0 0
3246 110 13 12 111 0.109090909090909 0.923076923076923 0.108108108108108
3248 14 3 1 16 0.0714285714285714 0.333333333333333 0.0625
3249 31 3 1 33 0.032258064516129 0.333333333333333 0.0303030303030303
3257 244 126 51 319 0.209016393442623 0.404761904761905 0.15987460815047
3265 35 20 8 47 0.228571428571429 0.4 0.170212765957447
3268 1 1 1 1 1 1 1
3274 3 2 0 5 0 0 0
3292 285 13 10 288 0.0350877192982456 0.769230769230769 0.0347222222222222
32978 1 1 1 1 1 1 1
33 8 12 3 17 0.375 0.25 0.176470588235294
3301 37 1 1 37 0.027027027027027 1 0.027027027027027
3303 566 8 4 570 0.00706713780918728 0.5 0.00701754385964912
3320 350 20 9 361 0.0257142857142857 0.45 0.0249307479224377
3327 16 6 2 20 0.125 0.333333333333333 0.1
3333 142 26 23 145 0.161971830985915 0.884615384615385 0.158620689655172
3343 16 3 3 16 0.1875 1 0.1875
3344 34 13 7 40 0.205882352941176 0.538461538461538 0.175
3352 57 4 1 60 0.0175438596491228 0.25 0.0166666666666667
3356 1286 12 10 1288 0.00777604976671851 0.833333333333333 0.0077639751552795
34243 1 1 1 1 1 1 1
34288 2 4 0 6 0 0 0
34465 4 3 2 5 0.5 0.666666666666667 0.4
34623 1 1 1 1 1 1 1
34631 2 2 1 3 0.5 0.5 0.333333333333333
34695 2 1 0 3 0 0 0
34771 3 2 2 3 0.666666666666667 1 0.666666666666667
3549 676 44 31 689 0.0458579881656805 0.704545454545455 0.0449927431059507
3557 84 15 12 87 0.142857142857143 0.8 0.137931034482759
3582 4 3 0 7 0 0 0
3597 9 1 0 10 0 0 0
3661 3 1 0 4 0 0 0
3662 12 1 1 12 0.0833333333333333 1 0.0833333333333333
3741 75 1 0 76 0 0 0
3748 2 4 1 5 0.5 0.25 0.2
3758 32 7 0 39 0 0 0
376 11 1 1 11 0.0909090909090909 1 0.0909090909090909
378 2 1 1 2 0.5 1 0.5
3786 301 3 1 303 0.00332225913621262 0.333333333333333 0.0033003300330033
3825 1 1 0 2 0 0 0
3836 7 6 0 13 0 0 0
4134 58 1 1 58 0.0172413793103448 1 0.0172413793103448
42 47 2 2 47 0.0425531914893617 1 0.0425531914893617
4436 66 5 4 67 0.0606060606060606 0.8 0.0597014925373134
4538 15 12 5 22 0.333333333333333 0.416666666666667 0.227272727272727
4555 1 8 0 9 0 0 0
4589 474 19 15 478 0.0316455696202532 0.789473684210526 0.0313807531380753
4608 1 1 1 1 1 1 1
4618 12 9 1 20 0.0833333333333333 0.111111111111111 0.05
4621 23 1 1 23 0.0434782608695652 1 0.0434782608695652
4645 15 1 1 15 0.0666666666666667 1 0.0666666666666667
4651 24 5 2 27 0.0833333333333333 0.4 0.0740740740740741
4673 7 1 0 8 0 0 0
4675 6 6 2 10 0.333333333333333 0.333333333333333 0.2
4677 4 9 2 11 0.5 0.222222222222222 0.181818181818182
4678 6 9 2 13 0.333333333333333 0.222222222222222 0.153846153846154
4680 9 6 2 13 0.222222222222222 0.333333333333333 0.153846153846154
4685 7 7 3 11 0.428571428571429 0.428571428571429 0.272727272727273
4688 10 7 3 14 0.3 0.428571428571429 0.214285714285714
4691 7 16 4 19 0.571428571428571 0.25 0.210526315789474
4694 69 2 2 69 0.0289855072463768 1 0.0289855072463768
4697 1 26 1 26 1 0.0384615384615385 0.0384615384615385
4702 5 4 2 7 0.4 0.5 0.285714285714286
4713 84 4 4 84 0.0476190476190476 1 0.0476190476190476
4716 93 42 14 121 0.150537634408602 0.333333333333333 0.115702479338843
4717 4 3 2 5 0.5 0.666666666666667 0.4
4718 4 7 2 9 0.5 0.285714285714286 0.222222222222222
4721 8 6 0 14 0 0 0
4725 90 28 7 111 0.0777777777777778 0.25 0.0630630630630631
4741 4 1 0 5 0 0 0
4747 8 2 0 10 0 0 0
4750 33 2 0 35 0 0 0
4774 4 2 2 4 0.5 1 0.5
4777 29 6 4 31 0.137931034482759 0.666666666666667 0.129032258064516
4780 22 2 1 23 0.0454545454545455 0.5 0.0434782608695652
4787 6 6 0 12 0 0 0
4788 78 5 3 80 0.0384615384615385 0.6 0.0375
4795 21 3 0 24 0 0 0
5050 10 1 1 10 0.1 1 0.1
513 37 11 6 42 0.162162162162162 0.545454545454545 0.142857142857143
517 1 2 0 3 0 0 0
5381 16 4 0 20 0 0 0
5385 11 9 3 17 0.272727272727273 0.333333333333333 0.176470588235294
5408 29 2 2 29 0.0689655172413793 1 0.0689655172413793
5410 39 5 0 44 0 0 0
5417 150 29 23 156 0.153333333333333 0.793103448275862 0.147435897435897
5418 7 2 2 7 0.285714285714286 1 0.285714285714286
5424 9 3 1 11 0.111111111111111 0.333333333333333 0.0909090909090909
5430 53 10 8 55 0.150943396226415 0.8 0.145454545454545
5459 182 7 7 182 0.0384615384615385 1 0.0384615384615385
5466 53 1 0 54 0 0 0
5486 29 2 0 31 0 0 0
5511 176 35 15 196 0.0852272727272727 0.428571428571429 0.076530612244898
553 35 8 6 37 0.171428571428571 0.75 0.162162162162162
5533 3 3 1 5 0.333333333333333 0.333333333333333 0.2
5537 16 2 1 17 0.0625 0.5 0.0588235294117647
5539 37 37 11 63 0.297297297297297 0.297297297297297 0.174603174603175
5550 4 4 2 6 0.5 0.5 0.333333333333333
5568 85 5 4 86 0.0470588235294118 0.8 0.0465116279069767
559 52 18 16 54 0.307692307692308 0.888888888888889 0.296296296296296
5602 16 2 1 17 0.0625 0.5 0.0588235294117647
5609 2 15 1 16 0.5 0.0666666666666667 0.0625
5617 89 3 0 92 0 0 0
5623 1 3 0 4 0 0 0
5669 71 6 4 73 0.0563380281690141 0.666666666666667 0.0547945205479452
5693 7 3 2 8 0.285714285714286 0.666666666666667 0.25
6062 7 4 0 11 0 0 0
6066 3 1 0 4 0 0 0
6163 8 1 0 9 0 0 0
6320 212 2 1 213 0.00471698113207547 0.5 0.00469483568075117
6342 4 3 0 7 0 0 0
6360 9 1 1 9 0.111111111111111 1 0.111111111111111
6435 3 19 0 22 0 0 0
6453 308 20 18 310 0.0584415584415584 0.9 0.0580645161290323
6461 649 4 4 649 0.0061633281972265 1 0.0061633281972265
6509 38 6 5 39 0.131578947368421 0.833333333333333 0.128205128205128
6619 12 1 1 12 0.0833333333333333 1 0.0833333333333333
6666 29 8 4 33 0.137931034482759 0.5 0.121212121212121
6667 395 55 52 398 0.131645569620253 0.945454545454545 0.130653266331658
6677 10 2 1 11 0.1 0.5 0.0909090909090909
668 40 6 2 44 0.05 0.333333333333333 0.0454545454545455
6695 82 1 1 82 0.0121951219512195 1 0.0121951219512195
6696 6 4 2 8 0.333333333333333 0.5 0.25
6706 4 2 1 5 0.25 0.5 0.2
6730 533 7 6 534 0.0112570356472795 0.857142857142857 0.0112359550561798
6762 133 11 11 133 0.0827067669172932 1 0.0827067669172932
6770 21 3 3 21 0.142857142857143 1 0.142857142857143
6772 8 2 2 8 0.25 1 0.25
6774 61 1 0 62 0 0 0
6775 3 1 1 3 0.333333333333333 1 0.333333333333333
680 47 10 9 48 0.191489361702128 0.9 0.1875
6802 6 1 1 6 0.166666666666667 1 0.166666666666667
6830 61 71 18 114 0.295081967213115 0.253521126760563 0.157894736842105
6881 8 1 0 9 0 0 0
6895 32 1 1 32 0.03125 1 0.03125
6939 470 46 16 500 0.0340425531914894 0.347826086956522 0.032
7018 1986 4 2 1988 0.00100704934541793 0.5 0.00100603621730382
7065 11 2 1 12 0.0909090909090909 0.5 0.0833333333333333
71 9 2 0 11 0 0 0
7470 22 2 1 23 0.0454545454545455 0.5 0.0434782608695652
7500 69 5 3 71 0.0434782608695652 0.6 0.0422535211267606
7514 17 9 4 22 0.235294117647059 0.444444444444444 0.181818181818182
7521 4 4 1 7 0.25 0.25 0.142857142857143
7522 4 6 2 8 0.5 0.333333333333333 0.25
7530 2 2 0 4 0 0 0
7539 24 9 7 26 0.291666666666667 0.777777777777778 0.269230769230769
7570 5 1 1 5 0.2 1 0.2
7575 108 7 7 108 0.0648148148148148 1 0.0648148148148148
7610 21 3 2 22 0.0952380952380952 0.666666666666667 0.0909090909090909
766 18 6 4 20 0.222222222222222 0.666666666666667 0.2
7660 29 30 15 44 0.517241379310345 0.5 0.340909090909091
7665 2 1 1 2 0.5 1 0.5
7667 3 6 3 6 1 0.5 0.5
7668 9 1 1 9 0.111111111111111 1 0.111111111111111
7670 15 2 2 15 0.133333333333333 1 0.133333333333333
7671 3 36 3 36 1 0.0833333333333333 0.0833333333333333
7682 10 2 1 11 0.1 0.5 0.0909090909090909
7687 4 2 1 5 0.25 0.5 0.2
7786 5 1 0 6 0 0 0
786 41 9 4 46 0.0975609756097561 0.444444444444444 0.0869565217391304
790 2 4 1 5 0.5 0.25 0.2
8002 25 2 0 27 0 0 0
8070 1 1 0 2 0 0 0
81 10 2 0 12 0 0 0
8121 22 3 1 24 0.0454545454545455 0.333333333333333 0.0416666666666667
8175 3 2 0 5 0 0 0
8195 32 7 4 35 0.125 0.571428571428571 0.114285714285714
8220 609 12 11 610 0.0180623973727422 0.916666666666667 0.0180327868852459
8237 8 3 0 11 0 0 0
8246 117 1 0 118 0 0 0
8256 2 1 1 2 0.5 1 0.5
8267 2 2 0 4 0 0 0
8286 3 1 0 4 0 0 0
8319 26 6 4 28 0.153846153846154 0.666666666666667 0.142857142857143
8365 29 10 7 32 0.241379310344828 0.7 0.21875
8419 20 4 2 22 0.1 0.5 0.0909090909090909
8426 222 5 2 225 0.00900900900900901 0.4 0.00888888888888889
8447 242 15 13 244 0.0537190082644628 0.866666666666667 0.0532786885245902
8469 33 6 4 35 0.121212121212121 0.666666666666667 0.114285714285714
8472 43 9 2 50 0.0465116279069767 0.222222222222222 0.04
8481 4 1 0 5 0 0 0
8501 32 7 7 32 0.21875 1 0.21875
8517 16 1 1 16 0.0625 1 0.0625
8527 13 1 1 13 0.0769230769230769 1 0.0769230769230769
8554 7 1 1 7 0.142857142857143 1 0.142857142857143
8560 46 14 8 52 0.173913043478261 0.571428571428571 0.153846153846154
8565 6 1 0 7 0 0 0
8586 45 2 2 45 0.0444444444444444 1 0.0444444444444444
8591 24 4 3 25 0.125 0.75 0.12
8657 60 2 1 61 0.0166666666666667 0.5 0.0163934426229508
8664 6 3 0 9 0 0 0
8665 19 9 5 23 0.263157894736842 0.555555555555556 0.217391304347826
8674 37 3 3 37 0.0810810810810811 1 0.0810810810810811
8676 6 1 0 7 0 0 0
8708 155 5 2 158 0.0129032258064516 0.4 0.0126582278481013
8728 1 1 1 1 1 1 1
8737 29 7 3 33 0.103448275862069 0.428571428571429 0.0909090909090909
8758 7 4 2 9 0.285714285714286 0.5 0.222222222222222
8763 118 26 23 121 0.194915254237288 0.884615384615385 0.190082644628099
8767 23 7 4 26 0.173913043478261 0.571428571428571 0.153846153846154
8781 3 1 1 3 0.333333333333333 1 0.333333333333333
8823 6 1 1 6 0.166666666666667 1 0.166666666666667
8881 91 1 1 91 0.010989010989011 1 0.010989010989011
8903 5 5 0 10 0 0 0
8921 1 1 0 2 0 0 0
8925 3 1 0 4 0 0 0
8943 11 1 0 12 0 0 0
8954 21 8 4 25 0.19047619047619 0.5 0.16
8966 24 1 1 24 0.0416666666666667 1 0.0416666666666667
8970 2 1 1 2 0.5 1 0.5
8975 57 4 2 59 0.0350877192982456 0.5 0.0338983050847458
9009 124 10 7 127 0.0564516129032258 0.7 0.0551181102362205
9044 77 1 1 77 0.012987012987013 1 0.012987012987013
9080 7 2 1 8 0.142857142857143 0.5 0.125
9085 5 1 0 6 0 0 0
9112 5 3 1 7 0.2 0.333333333333333 0.142857142857143
9150 24 2 1 25 0.0416666666666667 0.5 0.04
9153 39 1 1 39 0.0256410256410256 1 0.0256410256410256
9264 55 70 16 109 0.290909090909091 0.228571428571429 0.146788990825688
9270 33 8 6 35 0.181818181818182 0.75 0.171428571428571
9316 19 1 0 20 0 0 0
9406 1 1 0 2 0 0 0
9416 16 1 0 17 0 0 0
9583 23 1 0 24 0 0 0
9595 8 4 2 10 0.25 0.5 0.2
9600 6 10 2 14 0.333333333333333 0.2 0.142857142857143
9607 5 4 0 9 0 0 0
9612 1 3 0 4 0 0 0
9619 2 2 2 2 1 1 1
9621 2 7 1 8 0.5 0.142857142857143 0.125
9622 7 1 1 7 0.142857142857143 1 0.142857142857143
9687 2 1 1 2 0.5 1 0.5
9701 4 1 0 5 0 0 0
9758 2 1 0 3 0 0 0
9821 4 1 1 4 0.25 1 0.25
9844 2 1 0 3 0 0 0
9901 23 1 0 24 0 0 0
9995 3 2 2 3 0.666666666666667 1 0.666666666666667
