#ASN num_v4adj num_v6adj num_intersect(v4v6adj) num_union(adj) fr_v4(num_intersect/num_v4adj) fr_v6(num_intersect/num_v6adj) fr_intersect(num_intersect/num_union)
10013 3 8 2 9 0.666666666666667 0.25 0.222222222222222
10015 13 1 0 14 0 0 0
10063 3 1 1 3 0.333333333333333 1 0.333333333333333
101 43 1 1 43 0.0232558139534884 1 0.0232558139534884
10204 8 2 1 9 0.125 0.5 0.111111111111111
10318 3 2 0 5 0 0 0
10343 2 1 1 2 0.5 1 0.5
10429 24 1 1 24 0.0416666666666667 1 0.0416666666666667
10480 7 1 1 7 0.142857142857143 1 0.142857142857143
10586 4 1 0 5 0 0 0
10886 29 2 2 29 0.0689655172413793 1 0.0689655172413793
109 9 16 1 24 0.111111111111111 0.0625 0.0416666666666667
1103 148 8 7 149 0.0472972972972973 0.875 0.0469798657718121
11340 3 2 1 4 0.333333333333333 0.5 0.25
1140 18 1 0 19 0 0 0
11537 75 39 28 86 0.373333333333333 0.717948717948718 0.325581395348837
11990 3 1 0 4 0 0 0
1200 26 5 3 28 0.115384615384615 0.6 0.107142857142857
12008 24 1 1 24 0.0416666666666667 1 0.0416666666666667
12046 2 1 1 2 0.5 1 0.5
12111 27 2 2 27 0.0740740740740741 1 0.0740740740740741
1213 2 2 2 2 1 1 1
12199 1 4 0 5 0 0 0
1221 90 5 1 94 0.0111111111111111 0.2 0.0106382978723404
12312 27 1 1 27 0.037037037037037 1 0.037037037037037
12337 31 7 5 33 0.161290322580645 0.714285714285714 0.151515151515152
12353 5 3 0 8 0 0 0
12355 2 2 0 4 0 0 0
1237 27 3 2 28 0.0740740740740741 0.666666666666667 0.0714285714285714
12371 3 1 0 4 0 0 0
12386 10 2 2 10 0.2 1 0.2
12401 9 4 2 11 0.222222222222222 0.5 0.181818181818182
12414 27 9 4 32 0.148148148148148 0.444444444444444 0.125
1251 5 2 1 6 0.2 0.5 0.166666666666667
12533 2 2 0 4 0 0 0
12565 1 2 0 3 0 0 0
1257 158 4 2 160 0.0126582278481013 0.5 0.0125
12600 12 1 1 12 0.0833333333333333 1 0.0833333333333333
12611 27 6 4 29 0.148148148148148 0.666666666666667 0.137931034482759
12634 29 8 4 33 0.137931034482759 0.5 0.121212121212121
12637 3 3 0 6 0 0 0
12638 3 3 0 6 0 0 0
12657 2 2 1 3 0.5 0.5 0.333333333333333
1273 292 50 32 310 0.10958904109589 0.64 0.103225806451613
12731 29 5 3 31 0.103448275862069 0.6 0.0967741935483871
12732 15 2 2 15 0.133333333333333 1 0.133333333333333
12741 40 1 0 41 0 0 0
12767 7 1 0 8 0 0 0
12779 64 17 7 74 0.109375 0.411764705882353 0.0945945945945946
12793 231 1 0 232 0 0 0
12816 1 1 1 1 1 1 1
12817 2 1 1 2 0.5 1 0.5
12853 1 6 0 7 0 0 0
12859 54 10 6 58 0.111111111111111 0.6 0.103448275862069
12871 26 12 4 34 0.153846153846154 0.333333333333333 0.117647058823529
12895 4 1 1 4 0.25 1 0.25
12902 26 7 3 30 0.115384615384615 0.428571428571429 0.1
12931 2 2 0 4 0 0 0
12956 207 6 6 207 0.0289855072463768 1 0.0289855072463768
12968 69 6 2 73 0.0289855072463768 0.333333333333333 0.0273972602739726
1299 348 21 18 351 0.0517241379310345 0.857142857142857 0.0512820512820513
13 1 1 1 1 1 1 1
13030 444 1 1 444 0.00225225225225225 1 0.00225225225225225
13039 2 1 1 2 0.5 1 0.5
13041 8 2 2 8 0.25 1 0.25
13046 14 1 1 14 0.0714285714285714 1 0.0714285714285714
13092 3 1 1 3 0.333333333333333 1 0.333333333333333
13110 3 6 2 7 0.666666666666667 0.333333333333333 0.285714285714286
13115 4 1 0 5 0 0 0
13189 19 1 1 19 0.0526315789473684 1 0.0526315789473684
13193 41 14 5 50 0.121951219512195 0.357142857142857 0.1
13272 1 1 1 1 1 1 1
13300 1 1 0 2 0 0 0
13645 101 5 3 103 0.0297029702970297 0.6 0.029126213592233
137 12 1 1 12 0.0833333333333333 1 0.0833333333333333
13944 2 9 0 11 0 0 0
14277 10 12 3 19 0.3 0.25 0.157894736842105
145 10 5 0 15 0 0 0
15169 64 3 1 66 0.015625 0.333333333333333 0.0151515151515152
15440 7 2 0 9 0 0 0
15444 264 18 12 270 0.0454545454545455 0.666666666666667 0.0444444444444444
15469 1 1 0 2 0 0 0
15501 2 2 2 2 1 1 1
15589 35 11 2 44 0.0571428571428571 0.181818181818182 0.0454545454545455
15600 27 8 6 29 0.222222222222222 0.75 0.206896551724138
15623 18 3 2 19 0.111111111111111 0.666666666666667 0.105263157894737
15685 12 2 2 12 0.166666666666667 1 0.166666666666667
15694 37 2 1 38 0.027027027027027 0.5 0.0263157894736842
15703 65 1 1 65 0.0153846153846154 1 0.0153846153846154
15725 2 3 1 4 0.5 0.333333333333333 0.25
15798 2 1 0 3 0 0 0
16004 10 3 2 11 0.2 0.666666666666667 0.181818181818182
16023 4 1 0 5 0 0 0
16034 204 23 19 208 0.0931372549019608 0.826086956521739 0.0913461538461538
16086 25 7 4 28 0.16 0.571428571428571 0.142857142857143
16091 1 1 0 2 0 0 0
16128 12 3 3 12 0.25 1 0.25
16131 24 7 3 28 0.125 0.428571428571429 0.107142857142857
16150 204 8 4 208 0.0196078431372549 0.5 0.0192307692307692
16186 5 8 1 12 0.2 0.125 0.0833333333333333
16215 7 3 2 8 0.285714285714286 0.666666666666667 0.25
16237 22 2 0 24 0 0 0
16245 12 3 2 13 0.166666666666667 0.666666666666667 0.153846153846154
16260 22 1 1 22 0.0454545454545455 1 0.0454545454545455
16265 34 1 1 34 0.0294117647058824 1 0.0294117647058824
16276 47 2 2 47 0.0425531914893617 1 0.0425531914893617
1653 26 1 1 26 0.0384615384615385 1 0.0384615384615385
16531 10 1 0 11 0 0 0
1659 14 2 1 15 0.0714285714285714 0.5 0.0666666666666667
16713 24 2 0 26 0 0 0
16838 8 2 0 10 0 0 0
16942 2 1 0 3 0 0 0
17197 2 1 0 3 0 0 0
17263 4 1 0 5 0 0 0
1741 9 2 2 9 0.222222222222222 1 0.222222222222222
17435 3 1 0 4 0 0 0
17511 8 3 1 10 0.125 0.333333333333333 0.1
17527 3 6 1 8 0.333333333333333 0.166666666666667 0.125
17529 6 1 0 7 0 0 0
17579 8 7 4 11 0.5 0.571428571428571 0.363636363636364
1759 21 1 1 21 0.0476190476190476 1 0.0476190476190476
17676 24 5 2 27 0.0833333333333333 0.4 0.0740740740740741
17709 8 1 0 9 0 0 0
17711 1 1 1 1 1 1 1
17713 3 1 1 3 0.333333333333333 1 0.333333333333333
17716 4 1 1 4 0.25 1 0.25
17828 2 1 0 3 0 0 0
17832 6 13 1 18 0.166666666666667 0.0769230769230769 0.0555555555555556
17843 2 1 1 2 0.5 1 0.5
17853 1 1 0 2 0 0 0
17934 2 5 1 6 0.5 0.2 0.166666666666667
17935 1 2 0 3 0 0 0
17956 3 1 0 4 0 0 0
1797 2 2 1 3 0.5 0.5 0.333333333333333
1798 4 3 0 7 0 0 0
18015 1 1 1 1 1 1 1
18062 1 2 1 2 1 0.5 0.5
18119 3 1 0 4 0 0 0
18126 3 1 1 3 0.333333333333333 1 0.333333333333333
18185 5 2 2 5 0.4 1 0.4
18266 4 1 1 4 0.25 1 0.25
18288 3 1 1 3 0.333333333333333 1 0.333333333333333
1835 7 2 2 7 0.285714285714286 1 0.285714285714286
18422 5 1 1 5 0.2 1 0.2
1853 96 12 10 98 0.104166666666667 0.833333333333333 0.102040816326531
18592 23 5 5 23 0.217391304347826 1 0.217391304347826
18666 2 2 0 4 0 0 0
1887 3 1 1 3 0.333333333333333 1 0.333333333333333
1897 1 2 0 3 0 0 0
1916 16 5 3 18 0.1875 0.6 0.166666666666667
1930 6 8 3 11 0.5 0.375 0.272727272727273
195 7 1 1 7 0.142857142857143 1 0.142857142857143
1955 10 1 1 10 0.1 1 0.1
19782 6 1 1 6 0.166666666666667 1 0.166666666666667
20080 10 3 2 11 0.2 0.666666666666667 0.181818181818182
20312 8 1 1 8 0.125 1 0.125
2042 10 13 1 22 0.1 0.0769230769230769 0.0454545454545455
2044 15 2 0 17 0 0 0
20473 6 1 0 7 0 0 0
20495 39 5 2 42 0.0512820512820513 0.4 0.0476190476190476
20569 6 2 1 7 0.166666666666667 0.5 0.142857142857143
20612 4 1 1 4 0.25 1 0.25
20621 2 2 2 2 1 1 1
20640 189 53 41 201 0.216931216931217 0.773584905660377 0.203980099502488
20646 52 11 8 55 0.153846153846154 0.727272727272727 0.145454545454545
20704 14 4 2 16 0.142857142857143 0.5 0.125
20712 7 1 0 8 0 0 0
20718 24 7 4 27 0.166666666666667 0.571428571428571 0.148148148148148
20745 2 4 0 6 0 0 0
20762 1 1 0 2 0 0 0
20794 3 2 0 5 0 0 0
20834 36 5 3 38 0.0833333333333333 0.6 0.0789473684210526
20847 35 8 4 39 0.114285714285714 0.5 0.102564102564103
209 1149 1 1 1149 0.000870322019147084 1 0.000870322019147084
20900 2 1 0 3 0 0 0
20912 2 3 0 5 0 0 0
20965 42 36 36 42 0.857142857142857 1 0.857142857142857
21055 19 2 1 20 0.0526315789473684 0.5 0.05
2107 1 1 1 1 1 1 1
2108 1 1 1 1 1 1 1
2110 43 9 4 48 0.0930232558139535 0.444444444444444 0.0833333333333333
21119 8 1 0 9 0 0 0
21155 40 11 5 46 0.125 0.454545454545455 0.108695652173913
2116 69 1 1 69 0.0144927536231884 1 0.0144927536231884
21193 2 1 1 2 0.5 1 0.5
21221 25 6 3 28 0.12 0.5 0.107142857142857
2128 2 1 1 2 0.5 1 0.5
21385 43 7 4 46 0.0930232558139535 0.571428571428571 0.0869565217391304
21501 5 1 0 6 0 0 0
2153 28 4 4 28 0.142857142857143 1 0.142857142857143
21548 11 1 1 11 0.0909090909090909 1 0.0909090909090909
2200 44 7 4 47 0.0909090909090909 0.571428571428571 0.0851063829787234
22166 2 1 0 3 0 0 0
22335 24 1 1 24 0.0416666666666667 1 0.0416666666666667
22388 4 3 3 4 0.75 1 0.75
224 6 4 1 9 0.166666666666667 0.25 0.111111111111111
22548 4 2 0 6 0 0 0
226 19 1 1 19 0.0526315789473684 1 0.0526315789473684
22767 1 1 1 1 1 1 1
23265 12 1 1 12 0.0833333333333333 1 0.0833333333333333
23393 27 3 1 29 0.037037037037037 0.333333333333333 0.0344827586206897
23600 2 1 1 2 0.5 1 0.5
23624 2 1 1 2 0.5 1 0.5
23634 5 1 1 5 0.2 1 0.2
23774 3 2 1 4 0.333333333333333 0.5 0.25
23787 1 1 1 1 1 1 1
2381 25 2 1 26 0.04 0.5 0.0384615384615385
23902 1 2 0 3 0 0 0
23910 1 3 1 3 1 0.333333333333333 0.333333333333333
23911 1 1 1 1 1 1 1
23912 1 1 0 2 0 0 0
24 8 3 3 8 0.375 1 0.375
24252 3 3 2 4 0.666666666666667 0.666666666666667 0.5
24433 1 1 0 2 0 0 0
24586 11 1 0 12 0 0 0
24587 42 11 5 48 0.119047619047619 0.454545454545455 0.104166666666667
24724 18 2 2 18 0.111111111111111 1 0.111111111111111
24730 35 3 2 36 0.0571428571428571 0.666666666666667 0.0555555555555556
24776 7 2 1 8 0.142857142857143 0.5 0.125
24875 22 7 1 28 0.0454545454545455 0.142857142857143 0.0357142857142857
2497 204 57 41 220 0.200980392156863 0.719298245614035 0.186363636363636
24973 3 1 1 3 0.333333333333333 1 0.333333333333333
250 1 3 0 4 0 0 0
2500 26 53 12 67 0.461538461538462 0.226415094339623 0.17910447761194
25058 2 2 2 2 1 1 1
251 1 2 1 2 1 0.5 0.5
2510 15 7 3 19 0.2 0.428571428571429 0.157894736842105
25108 14 4 1 17 0.0714285714285714 0.25 0.0588235294117647
25137 241 6 5 242 0.020746887966805 0.833333333333333 0.0206611570247934
2514 14 4 3 15 0.214285714285714 0.75 0.2
25152 33 3 1 35 0.0303030303030303 0.333333333333333 0.0285714285714286
2516 295 46 31 310 0.105084745762712 0.673913043478261 0.1
2518 52 9 5 56 0.0961538461538462 0.555555555555556 0.0892857142857143
2519 28 3 0 31 0 0 0
25208 6 1 0 7 0 0 0
25220 17 2 2 17 0.117647058823529 1 0.117647058823529
2523 4 2 1 5 0.25 0.5 0.2
25232 38 6 3 41 0.0789473684210526 0.5 0.0731707317073171
2527 9 7 2 14 0.222222222222222 0.285714285714286 0.142857142857143
25358 17 10 1 26 0.0588235294117647 0.1 0.0384615384615385
25384 9 3 1 11 0.111111111111111 0.333333333333333 0.0909090909090909
2549 2 1 1 2 0.5 1 0.5
25492 2 2 1 3 0.5 0.5 0.333333333333333
25538 2 1 0 3 0 0 0
25560 141 11 8 144 0.0567375886524823 0.727272727272727 0.0555555555555556
2594 7 1 1 7 0.142857142857143 1 0.142857142857143
2595 4 1 1 4 0.25 1 0.25
2602 2 1 1 2 0.5 1 0.5
2603 33 10 8 35 0.242424242424242 0.8 0.228571428571429
2607 44 2 2 44 0.0454545454545455 1 0.0454545454545455
2609 2 2 0 4 0 0 0
2611 38 8 6 40 0.157894736842105 0.75 0.15
2614 10 2 1 11 0.1 0.5 0.0909090909090909
26415 14 3 0 17 0 0 0
27133 1 1 0 2 0 0 0
27750 10 4 4 10 0.4 1 0.4
278 7 7 1 13 0.142857142857143 0.142857142857143 0.0769230769230769
2819 20 3 0 23 0 0 0
2847 2 2 1 3 0.5 0.5 0.333333333333333
2852 7 3 3 7 0.428571428571429 1 0.428571428571429
286 310 1 1 310 0.0032258064516129 1 0.0032258064516129
28678 1 1 1 1 1 1 1
28716 30 3 2 31 0.0666666666666667 0.666666666666667 0.0645161290322581
28725 5 1 1 5 0.2 1 0.2
28788 30 2 2 30 0.0666666666666667 1 0.0666666666666667
28814 1 1 1 1 1 1 1
2895 10 2 2 10 0.2 1 0.2
29009 1 1 1 1 1 1 1
2905 29 2 1 30 0.0344827586206897 0.5 0.0333333333333333
2907 65 7 3 69 0.0461538461538462 0.428571428571429 0.0434782608695652
2914 520 116 62 574 0.119230769230769 0.53448275862069 0.10801393728223
2915 33 8 3 38 0.0909090909090909 0.375 0.0789473684210526
29208 14 1 0 15 0 0 0
29216 1 3 1 3 1 0.333333333333333 0.333333333333333
29243 3 2 2 3 0.666666666666667 1 0.666666666666667
29259 4 3 2 5 0.5 0.666666666666667 0.4
293 111 21 13 119 0.117117117117117 0.619047619047619 0.109243697478992
29317 1 1 0 2 0 0 0
29377 1 5 0 6 0 0 0
29422 5 1 1 5 0.2 1 0.2
29432 1 1 1 1 1 1 1
29449 3 5 1 7 0.333333333333333 0.2 0.142857142857143
29452 7 3 0 10 0 0 0
29527 16 2 2 16 0.125 1 0.125
29632 7 1 0 8 0 0 0
29636 16 4 3 17 0.1875 0.75 0.176470588235294
29670 1 1 0 2 0 0 0
29686 316 60 54 322 0.170886075949367 0.9 0.167701863354037
29748 19 2 1 20 0.0526315789473684 0.5 0.05
29838 7 4 1 10 0.142857142857143 0.25 0.1
30071 6 45 3 48 0.5 0.0666666666666667 0.0625
30129 3 2 2 3 0.666666666666667 1 0.666666666666667
30132 7 2 2 7 0.285714285714286 1 0.285714285714286
302 2 1 0 3 0 0 0
30653 15 3 1 17 0.0666666666666667 0.333333333333333 0.0588235294117647
31064 3 1 0 4 0 0 0
31103 2 5 0 7 0 0 0
3111 1 1 0 2 0 0 0
31246 5 1 1 5 0.2 1 0.2
31265 1 1 1 1 1 1 1
31283 7 1 0 8 0 0 0
31383 13 6 3 16 0.230769230769231 0.5 0.1875
31458 24 1 0 25 0 0 0
31479 3 1 1 3 0.333333333333333 1 0.333333333333333
31508 21 3 1 23 0.0476190476190476 0.333333333333333 0.0434782608695652
31985 4 1 0 5 0 0 0
3212 27 1 1 27 0.037037037037037 1 0.037037037037037
3213 20 5 4 21 0.2 0.8 0.19047619047619
3221 1 1 1 1 1 1 1
32361 3 1 0 4 0 0 0
3243 9 5 1 13 0.111111111111111 0.2 0.0769230769230769
32459 2 1 0 3 0 0 0
3246 117 9 7 119 0.0598290598290598 0.777777777777778 0.0588235294117647
3248 15 3 1 17 0.0666666666666667 0.333333333333333 0.0588235294117647
3249 34 3 1 36 0.0294117647058824 0.333333333333333 0.0277777777777778
3257 250 125 52 323 0.208 0.416 0.160990712074303
3265 30 10 3 37 0.1 0.3 0.0810810810810811
3268 1 1 1 1 1 1 1
3274 3 2 0 5 0 0 0
3292 313 12 10 315 0.0319488817891374 0.833333333333333 0.0317460317460317
32978 1 1 1 1 1 1 1
33 8 12 3 17 0.375 0.25 0.176470588235294
3301 38 1 1 38 0.0263157894736842 1 0.0263157894736842
3303 574 8 4 578 0.00696864111498258 0.5 0.0069204152249135
3320 361 22 9 374 0.0249307479224377 0.409090909090909 0.0240641711229947
3327 17 4 3 18 0.176470588235294 0.75 0.166666666666667
3333 144 4 3 145 0.0208333333333333 0.75 0.0206896551724138
3343 13 3 3 13 0.230769230769231 1 0.230769230769231
3344 32 12 7 37 0.21875 0.583333333333333 0.189189189189189
3352 57 3 1 59 0.0175438596491228 0.333333333333333 0.0169491525423729
3356 1287 15 13 1289 0.0101010101010101 0.866666666666667 0.0100853374709077
34243 1 1 1 1 1 1 1
34288 2 4 0 6 0 0 0
34465 4 3 2 5 0.5 0.666666666666667 0.4
34623 1 1 1 1 1 1 1
34631 2 2 1 3 0.5 0.5 0.333333333333333
34695 2 1 0 3 0 0 0
34771 3 2 2 3 0.666666666666667 1 0.666666666666667
3549 689 46 32 703 0.04644412191582 0.695652173913043 0.0455192034139403
3557 88 19 15 92 0.170454545454545 0.789473684210526 0.16304347826087
3582 4 3 0 7 0 0 0
3597 8 3 1 10 0.125 0.333333333333333 0.1
3661 3 1 0 4 0 0 0
3662 12 1 1 12 0.0833333333333333 1 0.0833333333333333
3741 184 1 0 185 0 0 0
3748 2 4 1 5 0.5 0.25 0.2
3758 36 7 0 43 0 0 0
376 11 1 1 11 0.0909090909090909 1 0.0909090909090909
378 3 1 1 3 0.333333333333333 1 0.333333333333333
3786 307 3 1 309 0.00325732899022801 0.333333333333333 0.00323624595469256
3825 1 1 0 2 0 0 0
3836 7 4 0 11 0 0 0
42 53 2 2 53 0.0377358490566038 1 0.0377358490566038
4436 72 6 5 73 0.0694444444444444 0.833333333333333 0.0684931506849315
4538 15 10 4 21 0.266666666666667 0.4 0.19047619047619
4555 1 7 0 8 0 0 0
4589 521 18 14 525 0.0268714011516315 0.777777777777778 0.0266666666666667
4608 2 2 1 3 0.5 0.5 0.333333333333333
4618 14 6 1 19 0.0714285714285714 0.166666666666667 0.0526315789473684
4621 22 1 1 22 0.0454545454545455 1 0.0454545454545455
4645 15 1 1 15 0.0666666666666667 1 0.0666666666666667
4651 25 5 2 28 0.08 0.4 0.0714285714285714
4673 7 1 0 8 0 0 0
4675 6 5 2 9 0.333333333333333 0.4 0.222222222222222
4677 4 9 2 11 0.5 0.222222222222222 0.181818181818182
4678 6 8 2 12 0.333333333333333 0.25 0.166666666666667
4680 9 5 2 12 0.222222222222222 0.4 0.166666666666667
4685 7 6 3 10 0.428571428571429 0.5 0.3
4688 11 8 3 16 0.272727272727273 0.375 0.1875
4691 8 14 5 17 0.625 0.357142857142857 0.294117647058824
4694 71 2 2 71 0.028169014084507 1 0.028169014084507
4697 1 24 1 24 1 0.0416666666666667 0.0416666666666667
4702 6 5 2 9 0.333333333333333 0.4 0.222222222222222
4713 85 4 4 85 0.0470588235294118 1 0.0470588235294118
4716 101 36 16 121 0.158415841584158 0.444444444444444 0.132231404958678
4717 4 3 2 5 0.5 0.666666666666667 0.4
4718 2 6 1 7 0.5 0.166666666666667 0.142857142857143
4721 9 6 0 15 0 0 0
4725 92 37 9 120 0.0978260869565217 0.243243243243243 0.075
4741 5 1 0 6 0 0 0
4747 9 2 0 11 0 0 0
4750 32 2 0 34 0 0 0
4774 4 2 2 4 0.5 1 0.5
4777 29 6 4 31 0.137931034482759 0.666666666666667 0.129032258064516
4780 23 1 1 23 0.0434782608695652 1 0.0434782608695652
4787 6 7 0 13 0 0 0
4788 82 6 3 85 0.0365853658536585 0.5 0.0352941176470588
4795 24 3 0 27 0 0 0
5050 10 2 2 10 0.2 1 0.2
513 36 11 6 41 0.166666666666667 0.545454545454545 0.146341463414634
5381 15 4 0 19 0 0 0
5385 12 10 4 18 0.333333333333333 0.4 0.222222222222222
5408 29 2 2 29 0.0689655172413793 1 0.0689655172413793
5410 41 4 0 45 0 0 0
5417 28 6 3 31 0.107142857142857 0.5 0.0967741935483871
5418 4 1 1 4 0.25 1 0.25
5424 8 3 1 10 0.125 0.333333333333333 0.1
5430 55 12 9 58 0.163636363636364 0.75 0.155172413793103
5459 188 7 7 188 0.0372340425531915 1 0.0372340425531915
5466 50 1 0 51 0 0 0
5486 28 2 0 30 0 0 0
5511 175 39 17 197 0.0971428571428571 0.435897435897436 0.0862944162436548
553 35 7 5 37 0.142857142857143 0.714285714285714 0.135135135135135
5533 6 2 1 7 0.166666666666667 0.5 0.142857142857143
5537 20 2 1 21 0.05 0.5 0.0476190476190476
5539 34 35 9 60 0.264705882352941 0.257142857142857 0.15
5550 4 3 1 6 0.25 0.333333333333333 0.166666666666667
5568 87 5 4 88 0.0459770114942529 0.8 0.0454545454545455
559 54 17 15 56 0.277777777777778 0.882352941176471 0.267857142857143
5602 17 4 3 18 0.176470588235294 0.75 0.166666666666667
5609 2 14 0 16 0 0 0
5617 87 3 0 90 0 0 0
5623 1 3 0 4 0 0 0
5669 68 5 3 70 0.0441176470588235 0.6 0.0428571428571429
5693 6 2 1 7 0.166666666666667 0.5 0.142857142857143
6057 4 3 1 6 0.25 0.333333333333333 0.166666666666667
6062 8 3 0 11 0 0 0
6066 3 1 0 4 0 0 0
6140 97 1 0 98 0 0 0
6163 8 2 0 10 0 0 0
6320 219 2 1 220 0.0045662100456621 0.5 0.00454545454545455
6342 4 1 0 5 0 0 0
6360 9 2 2 9 0.222222222222222 1 0.222222222222222
6435 3 20 0 23 0 0 0
6453 312 22 20 314 0.0641025641025641 0.909090909090909 0.0636942675159236
6461 659 4 4 659 0.00606980273141123 1 0.00606980273141123
6509 37 4 4 37 0.108108108108108 1 0.108108108108108
6596 22 1 1 22 0.0454545454545455 1 0.0454545454545455
6619 13 1 1 13 0.0769230769230769 1 0.0769230769230769
6666 24 7 4 27 0.166666666666667 0.571428571428571 0.148148148148148
6667 404 56 53 407 0.131188118811881 0.946428571428571 0.13022113022113
668 37 7 2 42 0.0540540540540541 0.285714285714286 0.0476190476190476
6695 86 3 3 86 0.0348837209302326 1 0.0348837209302326
6706 3 2 1 4 0.333333333333333 0.5 0.25
6730 548 7 6 549 0.0109489051094891 0.857142857142857 0.0109289617486339
6762 134 13 10 137 0.0746268656716418 0.769230769230769 0.072992700729927
6770 21 3 3 21 0.142857142857143 1 0.142857142857143
6772 8 2 2 8 0.25 1 0.25
6774 59 1 0 60 0 0 0
6775 3 1 1 3 0.333333333333333 1 0.333333333333333
680 46 11 9 48 0.195652173913043 0.818181818181818 0.1875
6802 6 1 1 6 0.166666666666667 1 0.166666666666667
6830 60 69 15 114 0.25 0.217391304347826 0.131578947368421
6881 6 1 0 7 0 0 0
6895 30 1 1 30 0.0333333333333333 1 0.0333333333333333
6939 488 46 17 517 0.0348360655737705 0.369565217391304 0.0328820116054159
7018 2006 5 3 2008 0.00149551345962114 0.6 0.00149402390438247
7065 10 2 1 11 0.1 0.5 0.0909090909090909
71 9 2 0 11 0 0 0
719 11 1 1 11 0.0909090909090909 1 0.0909090909090909
7470 22 1 1 22 0.0454545454545455 1 0.0454545454545455
7500 67 5 3 69 0.0447761194029851 0.6 0.0434782608695652
7514 21 9 5 25 0.238095238095238 0.555555555555556 0.2
7521 3 2 1 4 0.333333333333333 0.5 0.25
7522 5 6 2 9 0.4 0.333333333333333 0.222222222222222
7530 2 5 0 7 0 0 0
7539 22 11 9 24 0.409090909090909 0.818181818181818 0.375
7570 5 4 1 8 0.2 0.25 0.125
7575 115 24 20 119 0.173913043478261 0.833333333333333 0.168067226890756
7610 22 3 2 23 0.0909090909090909 0.666666666666667 0.0869565217391304
766 18 5 3 20 0.166666666666667 0.6 0.15
7660 31 32 17 46 0.548387096774194 0.53125 0.369565217391304
7665 2 1 1 2 0.5 1 0.5
7667 3 6 3 6 1 0.5 0.5
7668 9 1 1 9 0.111111111111111 1 0.111111111111111
7670 14 2 2 14 0.142857142857143 1 0.142857142857143
7671 3 37 3 37 1 0.0810810810810811 0.0810810810810811
7682 10 2 1 11 0.1 0.5 0.0909090909090909
7687 4 2 1 5 0.25 0.5 0.2
7786 5 1 0 6 0 0 0
786 44 7 3 48 0.0681818181818182 0.428571428571429 0.0625
790 2 3 1 4 0.5 0.333333333333333 0.25
8002 26 3 0 29 0 0 0
8070 1 1 0 2 0 0 0
81 10 2 0 12 0 0 0
8121 24 3 1 26 0.0416666666666667 0.333333333333333 0.0384615384615385
8175 3 2 0 5 0 0 0
8195 27 6 3 30 0.111111111111111 0.5 0.1
8220 719 10 10 719 0.0139082058414465 1 0.0139082058414465
8226 2 1 0 3 0 0 0
8237 8 3 0 11 0 0 0
8246 122 2 1 123 0.00819672131147541 0.5 0.00813008130081301
8256 2 1 1 2 0.5 1 0.5
8267 2 2 0 4 0 0 0
8286 2 1 0 3 0 0 0
8319 26 7 5 28 0.192307692307692 0.714285714285714 0.178571428571429
8364 9 1 1 9 0.111111111111111 1 0.111111111111111
8365 29 8 5 32 0.172413793103448 0.625 0.15625
8419 26 4 2 28 0.0769230769230769 0.5 0.0714285714285714
8426 227 7 4 230 0.0176211453744493 0.571428571428571 0.0173913043478261
8447 259 15 13 261 0.0501930501930502 0.866666666666667 0.0498084291187739
8469 28 5 3 30 0.107142857142857 0.6 0.1
8472 32 9 1 40 0.03125 0.111111111111111 0.025
8501 33 7 7 33 0.212121212121212 1 0.212121212121212
8517 18 1 1 18 0.0555555555555556 1 0.0555555555555556
8527 13 1 1 13 0.0769230769230769 1 0.0769230769230769
8554 9 1 1 9 0.111111111111111 1 0.111111111111111
8560 48 10 6 52 0.125 0.6 0.115384615384615
8565 7 1 0 8 0 0 0
8586 42 2 2 42 0.0476190476190476 1 0.0476190476190476
8591 24 6 4 26 0.166666666666667 0.666666666666667 0.153846153846154
8657 60 2 1 61 0.0166666666666667 0.5 0.0163934426229508
8664 6 2 0 8 0 0 0
8665 18 7 4 21 0.222222222222222 0.571428571428571 0.19047619047619
8674 40 3 3 40 0.075 1 0.075
8676 6 1 0 7 0 0 0
8708 161 3 2 162 0.0124223602484472 0.666666666666667 0.0123456790123457
8728 1 1 1 1 1 1 1
8737 28 6 2 32 0.0714285714285714 0.333333333333333 0.0625
8758 6 4 2 8 0.333333333333333 0.5 0.25
8763 121 26 23 124 0.190082644628099 0.884615384615385 0.185483870967742
8767 23 4 3 24 0.130434782608696 0.75 0.125
8781 3 1 1 3 0.333333333333333 1 0.333333333333333
8823 5 1 1 5 0.2 1 0.2
8881 93 1 1 93 0.010752688172043 1 0.010752688172043
8903 4 5 0 9 0 0 0
8921 1 1 0 2 0 0 0
8925 3 1 0 4 0 0 0
8943 11 1 0 12 0 0 0
8954 22 4 1 25 0.0454545454545455 0.25 0.04
8966 24 1 1 24 0.0416666666666667 1 0.0416666666666667
8970 2 1 1 2 0.5 1 0.5
8975 59 3 2 60 0.0338983050847458 0.666666666666667 0.0333333333333333
9009 47 7 3 51 0.0638297872340425 0.428571428571429 0.0588235294117647
9044 84 1 1 84 0.0119047619047619 1 0.0119047619047619
9080 6 2 1 7 0.166666666666667 0.5 0.142857142857143
9085 6 1 0 7 0 0 0
9112 5 5 2 8 0.4 0.4 0.25
9150 18 2 1 19 0.0555555555555556 0.5 0.0526315789473684
9153 36 2 2 36 0.0555555555555556 1 0.0555555555555556
9264 46 75 13 108 0.282608695652174 0.173333333333333 0.12037037037037
9270 33 8 6 35 0.181818181818182 0.75 0.171428571428571
9316 25 1 0 26 0 0 0
9406 1 1 0 2 0 0 0
9416 18 1 0 19 0 0 0
9505 55 3 2 56 0.0363636363636364 0.666666666666667 0.0357142857142857
9583 22 1 0 23 0 0 0
9595 7 4 2 9 0.285714285714286 0.5 0.222222222222222
9600 6 9 2 13 0.333333333333333 0.222222222222222 0.153846153846154
9607 7 4 0 11 0 0 0
9612 2 3 0 5 0 0 0
9619 2 2 2 2 1 1 1
9621 3 7 1 9 0.333333333333333 0.142857142857143 0.111111111111111
9622 5 1 1 5 0.2 1 0.2
9687 2 1 1 2 0.5 1 0.5
9758 2 1 0 3 0 0 0
9821 5 1 1 5 0.2 1 0.2
9844 2 1 0 3 0 0 0
9901 23 2 0 25 0 0 0
9995 3 2 2 3 0.666666666666667 1 0.666666666666667
