#ASN num_v4adj num_v6adj num_intersect(v4v6adj) num_union(adj) fr_v4(num_intersect/num_v4adj) fr_v6(num_intersect/num_v6adj) fr_intersect(num_intersect/num_union)
10013 3 10 2 11 0.666666666666667 0.2 0.181818181818182
10015 13 1 0 14 0 0 0
10063 3 1 1 3 0.333333333333333 1 0.333333333333333
101 45 1 1 45 0.0222222222222222 1 0.0222222222222222
10204 6 2 1 7 0.166666666666667 0.5 0.142857142857143
10318 3 3 0 6 0 0 0
10343 2 1 1 2 0.5 1 0.5
10429 19 1 1 19 0.0526315789473684 1 0.0526315789473684
10886 28 2 2 28 0.0714285714285714 1 0.0714285714285714
109 9 28 1 36 0.111111111111111 0.0357142857142857 0.0277777777777778
1103 145 40 35 150 0.241379310344828 0.875 0.233333333333333
11340 7 1 0 8 0 0 0
11537 75 40 29 86 0.386666666666667 0.725 0.337209302325581
11630 3 6 0 9 0 0 0
11990 3 1 0 4 0 0 0
1200 27 8 5 30 0.185185185185185 0.625 0.166666666666667
12008 22 1 1 22 0.0454545454545455 1 0.0454545454545455
12046 2 1 1 2 0.5 1 0.5
12111 26 1 1 26 0.0384615384615385 1 0.0384615384615385
1213 6 3 3 6 0.5 1 0.5
12199 1 4 0 5 0 0 0
1221 89 4 1 92 0.0112359550561798 0.25 0.0108695652173913
12312 32 2 2 32 0.0625 1 0.0625
12337 30 10 7 33 0.233333333333333 0.7 0.212121212121212
12353 4 2 0 6 0 0 0
12355 3 1 0 4 0 0 0
1237 30 3 2 31 0.0666666666666667 0.666666666666667 0.0645161290322581
12371 3 1 0 4 0 0 0
12399 26 1 1 26 0.0384615384615385 1 0.0384615384615385
12401 10 4 1 13 0.1 0.25 0.0769230769230769
12414 30 12 7 35 0.233333333333333 0.583333333333333 0.2
1251 5 5 1 9 0.2 0.2 0.111111111111111
12533 2 1 0 3 0 0 0
12558 13 1 1 13 0.0769230769230769 1 0.0769230769230769
1257 98 6 0 104 0 0 0
12600 7 1 0 8 0 0 0
12611 25 10 7 28 0.28 0.7 0.25
12634 30 12 7 35 0.233333333333333 0.583333333333333 0.2
12637 3 3 0 6 0 0 0
12638 2 3 0 5 0 0 0
12657 1 2 1 2 1 0.5 0.5
1273 285 51 28 308 0.0982456140350877 0.549019607843137 0.0909090909090909
12731 27 7 3 31 0.111111111111111 0.428571428571429 0.0967741935483871
12732 12 2 1 13 0.0833333333333333 0.5 0.0769230769230769
12767 4 1 0 5 0 0 0
12779 62 16 7 71 0.112903225806452 0.4375 0.0985915492957746
12793 171 3 3 171 0.0175438596491228 1 0.0175438596491228
12817 2 1 1 2 0.5 1 0.5
12831 6 2 1 7 0.166666666666667 0.5 0.142857142857143
12853 1 5 0 6 0 0 0
12859 241 58 50 249 0.20746887966805 0.862068965517241 0.200803212851406
12871 29 15 9 35 0.310344827586207 0.6 0.257142857142857
12895 4 1 1 4 0.25 1 0.25
12902 32 12 7 37 0.21875 0.583333333333333 0.189189189189189
12931 2 1 1 2 0.5 1 0.5
12956 236 5 5 236 0.0211864406779661 1 0.0211864406779661
12968 60 5 1 64 0.0166666666666667 0.2 0.015625
1299 325 19 16 328 0.0492307692307692 0.842105263157895 0.0487804878048781
13 1 1 1 1 1 1 1
13041 8 1 1 8 0.125 1 0.125
13046 12 1 1 12 0.0833333333333333 1 0.0833333333333333
13058 2 1 0 3 0 0 0
13092 3 1 1 3 0.333333333333333 1 0.333333333333333
13110 4 5 1 8 0.25 0.2 0.125
13115 4 1 0 5 0 0 0
13189 18 1 1 18 0.0555555555555556 1 0.0555555555555556
13193 25 11 3 33 0.12 0.272727272727273 0.0909090909090909
13272 1 1 1 1 1 1 1
13300 1 2 1 2 1 0.5 0.5
13645 32 3 0 35 0 0 0
137 11 1 1 11 0.0909090909090909 1 0.0909090909090909
13944 2 10 0 12 0 0 0
14277 11 9 2 18 0.181818181818182 0.222222222222222 0.111111111111111
145 8 8 0 16 0 0 0
15180 6 4 0 10 0 0 0
15440 7 2 0 9 0 0 0
15444 249 23 17 255 0.0682730923694779 0.739130434782609 0.0666666666666667
15469 1 1 0 2 0 0 0
15498 9 1 0 10 0 0 0
15501 2 2 2 2 1 1 1
15557 50 1 0 51 0 0 0
15589 36 13 2 47 0.0555555555555556 0.153846153846154 0.0425531914893617
15600 33 5 4 34 0.121212121212121 0.8 0.117647058823529
15623 16 3 2 17 0.125 0.666666666666667 0.117647058823529
15685 12 1 1 12 0.0833333333333333 1 0.0833333333333333
15703 91 9 7 93 0.0769230769230769 0.777777777777778 0.0752688172043011
15725 2 2 2 2 1 1 1
15798 2 1 0 3 0 0 0
15897 1 1 0 2 0 0 0
15919 5 1 1 5 0.2 1 0.2
16004 10 3 1 12 0.1 0.333333333333333 0.0833333333333333
16023 4 1 0 5 0 0 0
16034 170 5 3 172 0.0176470588235294 0.6 0.0174418604651163
16086 26 7 4 29 0.153846153846154 0.571428571428571 0.137931034482759
16091 1 1 0 2 0 0 0
16128 10 3 3 10 0.3 1 0.3
16131 28 10 4 34 0.142857142857143 0.4 0.117647058823529
16150 136 10 7 139 0.0514705882352941 0.7 0.0503597122302158
16186 6 9 1 14 0.166666666666667 0.111111111111111 0.0714285714285714
16215 9 4 3 10 0.333333333333333 0.75 0.3
16237 23 4 2 25 0.0869565217391304 0.5 0.08
16245 14 4 2 16 0.142857142857143 0.5 0.125
16260 24 1 1 24 0.0416666666666667 1 0.0416666666666667
16265 34 1 1 34 0.0294117647058824 1 0.0294117647058824
16276 17 2 2 17 0.117647058823529 1 0.117647058823529
1653 26 2 1 27 0.0384615384615385 0.5 0.037037037037037
16531 9 1 0 10 0 0 0
16713 24 3 1 26 0.0416666666666667 0.333333333333333 0.0384615384615385
16838 7 2 0 9 0 0 0
17263 4 1 0 5 0 0 0
1741 10 2 2 10 0.2 1 0.2
17511 8 2 0 10 0 0 0
17527 3 7 1 9 0.333333333333333 0.142857142857143 0.111111111111111
17529 5 1 0 6 0 0 0
17579 9 6 6 9 0.666666666666667 1 0.666666666666667
1759 24 1 1 24 0.0416666666666667 1 0.0416666666666667
17709 9 1 0 10 0 0 0
17828 2 1 0 3 0 0 0
17832 6 12 0 18 0 0 0
17934 2 5 1 6 0.5 0.2 0.166666666666667
17935 1 1 0 2 0 0 0
1797 1 3 0 4 0 0 0
1798 4 2 0 6 0 0 0
18185 5 2 2 5 0.4 1 0.4
18266 4 1 1 4 0.25 1 0.25
18288 3 1 1 3 0.333333333333333 1 0.333333333333333
1835 8 2 2 8 0.25 1 0.25
18422 4 1 1 4 0.25 1 0.25
1853 91 16 14 93 0.153846153846154 0.875 0.150537634408602
18592 21 1 1 21 0.0476190476190476 1 0.0476190476190476
18666 2 1 0 3 0 0 0
1897 1 1 0 2 0 0 0
1916 16 4 2 18 0.125 0.5 0.111111111111111
1930 7 8 4 11 0.571428571428571 0.5 0.363636363636364
195 7 1 1 7 0.142857142857143 1 0.142857142857143
1955 10 1 1 10 0.1 1 0.1
19782 7 1 1 7 0.142857142857143 1 0.142857142857143
20080 9 2 2 9 0.222222222222222 1 0.222222222222222
20312 7 1 1 7 0.142857142857143 1 0.142857142857143
2042 10 9 1 18 0.1 0.111111111111111 0.0555555555555556
2044 13 1 0 14 0 0 0
20473 5 1 0 6 0 0 0
20495 87 9 5 91 0.0574712643678161 0.555555555555556 0.0549450549450549
20538 9 1 0 10 0 0 0
20569 6 2 1 7 0.166666666666667 0.5 0.142857142857143
20612 4 1 1 4 0.25 1 0.25
20621 2 2 2 2 1 1 1
20640 165 47 38 174 0.23030303030303 0.808510638297872 0.218390804597701
20646 50 15 11 54 0.22 0.733333333333333 0.203703703703704
20704 15 4 1 18 0.0666666666666667 0.25 0.0555555555555556
20712 6 1 0 7 0 0 0
20718 23 7 3 27 0.130434782608696 0.428571428571429 0.111111111111111
20745 2 4 0 6 0 0 0
20762 2 1 0 3 0 0 0
20794 3 2 0 5 0 0 0
20834 41 3 1 43 0.024390243902439 0.333333333333333 0.0232558139534884
20847 38 12 8 42 0.210526315789474 0.666666666666667 0.19047619047619
209 1140 1 1 1140 0.00087719298245614 1 0.00087719298245614
20900 1 1 0 2 0 0 0
20912 2 2 0 4 0 0 0
20965 42 33 33 42 0.785714285714286 1 0.785714285714286
210 8 1 1 8 0.125 1 0.125
2107 1 1 1 1 1 1 1
2108 1 1 1 1 1 1 1
2110 40 6 5 41 0.125 0.833333333333333 0.121951219512195
21119 8 2 0 10 0 0 0
21155 43 16 9 50 0.209302325581395 0.5625 0.18
2116 66 1 1 66 0.0151515151515152 1 0.0151515151515152
21221 24 4 2 26 0.0833333333333333 0.5 0.0769230769230769
2128 3 2 2 3 0.666666666666667 1 0.666666666666667
21385 29 10 5 34 0.172413793103448 0.5 0.147058823529412
21501 5 1 0 6 0 0 0
2153 20 2 2 20 0.1 1 0.1
2200 45 5 3 47 0.0666666666666667 0.6 0.0638297872340425
22166 2 1 0 3 0 0 0
22335 26 2 1 27 0.0384615384615385 0.5 0.037037037037037
224 7 4 1 10 0.142857142857143 0.25 0.1
22548 4 1 0 5 0 0 0
226 18 1 1 18 0.0555555555555556 1 0.0555555555555556
22767 1 1 1 1 1 1 1
23393 22 3 1 24 0.0454545454545455 0.333333333333333 0.0416666666666667
23774 3 2 1 4 0.333333333333333 0.5 0.25
23787 2 2 1 3 0.5 0.5 0.333333333333333
23789 1 1 0 2 0 0 0
2381 24 2 2 24 0.0833333333333333 1 0.0833333333333333
23910 1 3 1 3 1 0.333333333333333 0.333333333333333
23911 1 3 1 3 1 0.333333333333333 0.333333333333333
23912 1 1 0 2 0 0 0
24 9 2 2 9 0.222222222222222 1 0.222222222222222
24252 3 3 2 4 0.666666666666667 0.666666666666667 0.5
24587 38 12 5 45 0.131578947368421 0.416666666666667 0.111111111111111
24723 2 1 0 3 0 0 0
24730 34 7 4 37 0.117647058823529 0.571428571428571 0.108108108108108
24776 6 2 1 7 0.166666666666667 0.5 0.142857142857143
2486 9 1 1 9 0.111111111111111 1 0.111111111111111
24875 55 11 6 60 0.109090909090909 0.545454545454545 0.1
2497 202 57 40 219 0.198019801980198 0.701754385964912 0.182648401826484
24973 2 1 1 2 0.5 1 0.5
250 3 2 0 5 0 0 0
2500 26 53 11 68 0.423076923076923 0.207547169811321 0.161764705882353
251 2 2 1 3 0.5 0.5 0.333333333333333
2510 15 8 3 20 0.2 0.375 0.15
25108 14 1 1 14 0.0714285714285714 1 0.0714285714285714
25137 136 6 5 137 0.0367647058823529 0.833333333333333 0.0364963503649635
2514 16 3 2 17 0.125 0.666666666666667 0.117647058823529
25152 27 5 3 29 0.111111111111111 0.6 0.103448275862069
2516 297 43 31 309 0.104377104377104 0.720930232558139 0.100323624595469
2518 51 7 3 55 0.0588235294117647 0.428571428571429 0.0545454545454545
2519 24 3 0 27 0 0 0
25208 7 2 0 9 0 0 0
2523 5 1 0 6 0 0 0
25232 179 10 8 181 0.0446927374301676 0.8 0.0441988950276243
2527 8 8 2 14 0.25 0.25 0.142857142857143
25358 12 10 0 22 0 0 0
25384 7 3 1 9 0.142857142857143 0.333333333333333 0.111111111111111
2549 2 4 0 6 0 0 0
25538 2 1 0 3 0 0 0
25560 131 11 8 134 0.0610687022900763 0.727272727272727 0.0597014925373134
2594 8 1 1 8 0.125 1 0.125
2595 3 2 1 4 0.333333333333333 0.5 0.25
2602 2 2 1 3 0.5 0.5 0.333333333333333
2603 25 11 8 28 0.32 0.727272727272727 0.285714285714286
2607 45 5 3 47 0.0666666666666667 0.6 0.0638297872340425
2609 3 1 0 4 0 0 0
2611 39 12 8 43 0.205128205128205 0.666666666666667 0.186046511627907
2614 10 2 1 11 0.1 0.5 0.0909090909090909
26415 14 2 0 16 0 0 0
27552 5 1 1 5 0.2 1 0.2
278 8 6 0 14 0 0 0
2819 18 3 0 21 0 0 0
2847 2 2 1 3 0.5 0.5 0.333333333333333
2852 7 3 3 7 0.428571428571429 1 0.428571428571429
2861 10 1 1 10 0.1 1 0.1
28716 28 2 1 29 0.0357142857142857 0.5 0.0344827586206897
28725 3 1 1 3 0.333333333333333 1 0.333333333333333
28747 173 13 10 176 0.0578034682080925 0.769230769230769 0.0568181818181818
28788 33 3 3 33 0.0909090909090909 1 0.0909090909090909
28855 8 2 2 8 0.25 1 0.25
2895 4 2 2 4 0.5 1 0.5
2905 26 2 1 27 0.0384615384615385 0.5 0.037037037037037
2907 60 7 3 64 0.05 0.428571428571429 0.046875
2914 588 110 61 637 0.103741496598639 0.554545454545455 0.0957613814756672
2915 34 8 3 39 0.0882352941176471 0.375 0.0769230769230769
29208 10 2 1 11 0.1 0.5 0.0909090909090909
29216 1 3 1 3 1 0.333333333333333 0.333333333333333
29243 2 1 1 2 0.5 1 0.5
29259 5 2 2 5 0.4 1 0.4
293 113 21 12 122 0.106194690265487 0.571428571428571 0.0983606557377049
29317 1 2 1 2 1 0.5 0.5
29377 1 7 0 8 0 0 0
29422 5 1 1 5 0.2 1 0.2
29432 1 1 1 1 1 1 1
29449 3 4 1 6 0.333333333333333 0.25 0.166666666666667
29452 6 1 0 7 0 0 0
29629 7 1 0 8 0 0 0
29632 5 1 0 6 0 0 0
29636 13 2 2 13 0.153846153846154 1 0.153846153846154
29670 1 2 0 3 0 0 0
29686 291 59 53 297 0.18213058419244 0.898305084745763 0.178451178451178
29748 15 2 2 15 0.133333333333333 1 0.133333333333333
29838 9 4 1 12 0.111111111111111 0.25 0.0833333333333333
3 5 1 0 6 0 0 0
30071 3 35 2 36 0.666666666666667 0.0571428571428571 0.0555555555555556
30129 3 2 2 3 0.666666666666667 1 0.666666666666667
30653 15 2 0 17 0 0 0
31103 2 5 0 7 0 0 0
31265 1 1 1 1 1 1 1
3130 21 1 1 21 0.0476190476190476 1 0.0476190476190476
31383 16 9 5 20 0.3125 0.555555555555556 0.25
31479 2 1 1 2 0.5 1 0.5
31508 25 5 2 28 0.08 0.4 0.0714285714285714
31985 5 1 0 6 0 0 0
3212 28 1 0 29 0 0 0
3221 1 1 1 1 1 1 1
3243 10 5 1 14 0.1 0.2 0.0714285714285714
32459 3 1 1 3 0.333333333333333 1 0.333333333333333
3246 383 14 13 384 0.0339425587467363 0.928571428571429 0.0338541666666667
3248 10 4 1 13 0.1 0.25 0.0769230769230769
3249 30 3 1 32 0.0333333333333333 0.333333333333333 0.03125
3257 248 121 48 321 0.193548387096774 0.396694214876033 0.149532710280374
3265 37 19 10 46 0.27027027027027 0.526315789473684 0.217391304347826
3274 3 1 0 4 0 0 0
3292 273 9 8 274 0.0293040293040293 0.888888888888889 0.0291970802919708
32978 1 1 1 1 1 1 1
33 8 12 3 17 0.375 0.25 0.176470588235294
3301 29 1 1 29 0.0344827586206897 1 0.0344827586206897
3303 553 30 26 557 0.0470162748643761 0.866666666666667 0.0466786355475763
3320 353 18 7 364 0.0198300283286119 0.388888888888889 0.0192307692307692
3322 1 1 1 1 1 1 1
3327 18 6 2 22 0.111111111111111 0.333333333333333 0.0909090909090909
3333 137 28 24 141 0.175182481751825 0.857142857142857 0.170212765957447
3343 13 3 3 13 0.230769230769231 1 0.230769230769231
33437 1 2 1 2 1 0.5 0.5
3344 29 7 5 31 0.172413793103448 0.714285714285714 0.161290322580645
3352 58 4 1 61 0.0172413793103448 0.25 0.0163934426229508
34243 1 1 1 1 1 1 1
34288 2 3 0 5 0 0 0
3549 660 44 30 674 0.0454545454545455 0.681818181818182 0.0445103857566766
3557 84 16 11 89 0.130952380952381 0.6875 0.123595505617978
3582 4 3 0 7 0 0 0
3597 9 2 0 11 0 0 0
3662 12 1 1 12 0.0833333333333333 1 0.0833333333333333
3741 167 1 0 168 0 0 0
3748 2 4 1 5 0.5 0.25 0.2
3758 33 8 0 41 0 0 0
376 11 1 1 11 0.0909090909090909 1 0.0909090909090909
378 2 1 1 2 0.5 1 0.5
3786 301 3 1 303 0.00332225913621262 0.333333333333333 0.0033003300330033
3825 1 1 0 2 0 0 0
3836 6 4 0 10 0 0 0
4134 64 2 0 66 0 0 0
42 29 2 2 29 0.0689655172413793 1 0.0689655172413793
4436 65 3 3 65 0.0461538461538462 1 0.0461538461538462
4538 16 10 5 21 0.3125 0.5 0.238095238095238
4555 1 7 0 8 0 0 0
4589 458 26 18 466 0.0393013100436681 0.692307692307692 0.0386266094420601
4608 3 1 1 3 0.333333333333333 1 0.333333333333333
4618 11 9 1 19 0.0909090909090909 0.111111111111111 0.0526315789473684
4621 25 1 1 25 0.04 1 0.04
4645 16 1 1 16 0.0625 1 0.0625
4651 27 5 2 30 0.0740740740740741 0.4 0.0666666666666667
4673 8 1 1 8 0.125 1 0.125
4675 6 7 2 11 0.333333333333333 0.285714285714286 0.181818181818182
4677 4 10 2 12 0.5 0.2 0.166666666666667
4678 5 9 2 12 0.4 0.222222222222222 0.166666666666667
4680 8 7 2 13 0.25 0.285714285714286 0.153846153846154
4685 7 8 3 12 0.428571428571429 0.375 0.25
4688 11 9 3 17 0.272727272727273 0.333333333333333 0.176470588235294
4691 8 14 4 18 0.5 0.285714285714286 0.222222222222222
4694 76 2 2 76 0.0263157894736842 1 0.0263157894736842
4697 1 27 1 27 1 0.037037037037037 0.037037037037037
4702 5 5 2 8 0.4 0.4 0.25
4713 87 3 3 87 0.0344827586206897 1 0.0344827586206897
4716 90 44 15 119 0.166666666666667 0.340909090909091 0.126050420168067
4717 4 3 2 5 0.5 0.666666666666667 0.4
4718 4 7 2 9 0.5 0.285714285714286 0.222222222222222
4721 8 7 0 15 0 0 0
4725 88 46 7 127 0.0795454545454545 0.152173913043478 0.0551181102362205
4736 12 1 1 12 0.0833333333333333 1 0.0833333333333333
4741 3 1 0 4 0 0 0
4747 8 2 0 10 0 0 0
4750 31 2 0 33 0 0 0
4774 5 3 2 6 0.4 0.666666666666667 0.333333333333333
4777 28 7 5 30 0.178571428571429 0.714285714285714 0.166666666666667
4780 24 2 1 25 0.0416666666666667 0.5 0.04
4787 7 1 0 8 0 0 0
4788 76 5 3 78 0.0394736842105263 0.6 0.0384615384615385
4795 19 2 0 21 0 0 0
5050 10 1 1 10 0.1 1 0.1
513 37 10 5 42 0.135135135135135 0.5 0.119047619047619
5381 14 4 0 18 0 0 0
5385 10 9 2 17 0.2 0.222222222222222 0.117647058823529
5397 6 1 0 7 0 0 0
5408 29 2 2 29 0.0689655172413793 1 0.0689655172413793
5410 39 5 1 43 0.0256410256410256 0.2 0.0232558139534884
5417 164 29 26 167 0.158536585365854 0.896551724137931 0.155688622754491
5418 7 2 2 7 0.285714285714286 1 0.285714285714286
5424 7 9 1 15 0.142857142857143 0.111111111111111 0.0666666666666667
5430 50 13 8 55 0.16 0.615384615384615 0.145454545454545
5459 170 3 3 170 0.0176470588235294 1 0.0176470588235294
5466 55 1 0 56 0 0 0
5486 28 2 0 30 0 0 0
5511 188 38 10 216 0.0531914893617021 0.263157894736842 0.0462962962962963
553 34 10 7 37 0.205882352941176 0.7 0.189189189189189
5537 10 2 1 11 0.1 0.5 0.0909090909090909
5539 35 38 11 62 0.314285714285714 0.289473684210526 0.17741935483871
5550 4 2 2 4 0.5 1 0.5
5568 86 4 3 87 0.0348837209302326 0.75 0.0344827586206897
559 47 17 13 51 0.276595744680851 0.764705882352941 0.254901960784314
5602 19 4 3 20 0.157894736842105 0.75 0.15
5609 2 16 1 17 0.5 0.0625 0.0588235294117647
5617 80 6 0 86 0 0 0
5623 1 3 0 4 0 0 0
5669 71 2 1 72 0.0140845070422535 0.5 0.0138888888888889
5693 8 3 2 9 0.25 0.666666666666667 0.222222222222222
6062 8 3 0 11 0 0 0
6066 4 1 0 5 0 0 0
6163 9 2 0 11 0 0 0
6320 192 2 0 194 0 0 0
6342 4 3 0 7 0 0 0
6435 3 19 0 22 0 0 0
6453 290 18 16 292 0.0551724137931034 0.888888888888889 0.0547945205479452
6461 614 4 4 614 0.00651465798045603 1 0.00651465798045603
6509 39 5 5 39 0.128205128205128 1 0.128205128205128
6619 11 1 1 11 0.0909090909090909 1 0.0909090909090909
6666 25 5 2 28 0.08 0.4 0.0714285714285714
6667 389 52 49 392 0.125964010282776 0.942307692307692 0.125
6677 12 1 1 12 0.0833333333333333 1 0.0833333333333333
668 40 6 2 44 0.05 0.333333333333333 0.0454545454545455
6695 74 2 2 74 0.027027027027027 1 0.027027027027027
6696 9 4 2 11 0.222222222222222 0.5 0.181818181818182
6706 4 2 1 5 0.25 0.5 0.2
6730 512 7 6 513 0.01171875 0.857142857142857 0.0116959064327485
6762 131 12 11 132 0.083969465648855 0.916666666666667 0.0833333333333333
6770 21 3 3 21 0.142857142857143 1 0.142857142857143
6772 9 2 2 9 0.222222222222222 1 0.222222222222222
6774 65 2 2 65 0.0307692307692308 1 0.0307692307692308
680 46 10 8 48 0.173913043478261 0.8 0.166666666666667
6802 5 1 1 5 0.2 1 0.2
6830 75 91 23 143 0.306666666666667 0.252747252747253 0.160839160839161
6895 32 1 1 32 0.03125 1 0.03125
6939 437 46 14 469 0.0320366132723112 0.304347826086957 0.0298507462686567
7018 1954 4 2 1956 0.00102354145342886 0.5 0.00102249488752556
7065 10 1 1 10 0.1 1 0.1
71 9 2 0 11 0 0 0
7470 20 2 1 21 0.05 0.5 0.0476190476190476
7500 69 5 3 71 0.0434782608695652 0.6 0.0422535211267606
7514 21 9 5 25 0.238095238095238 0.555555555555556 0.2
7521 3 3 1 5 0.333333333333333 0.333333333333333 0.2
7522 4 5 2 7 0.5 0.4 0.285714285714286
7530 2 2 0 4 0 0 0
7539 24 4 4 24 0.166666666666667 1 0.166666666666667
7570 6 1 1 6 0.166666666666667 1 0.166666666666667
7575 80 8 8 80 0.1 1 0.1
7580 1 3 0 4 0 0 0
7610 22 3 2 23 0.0909090909090909 0.666666666666667 0.0869565217391304
766 16 4 4 16 0.25 1 0.25
7660 32 30 14 48 0.4375 0.466666666666667 0.291666666666667
7665 2 1 1 2 0.5 1 0.5
7667 3 6 3 6 1 0.5 0.5
7668 11 1 1 11 0.0909090909090909 1 0.0909090909090909
7670 13 2 2 13 0.153846153846154 1 0.153846153846154
7671 4 36 3 37 0.75 0.0833333333333333 0.0810810810810811
7682 9 2 1 10 0.111111111111111 0.5 0.1
7687 4 2 1 5 0.25 0.5 0.2
7786 5 1 0 6 0 0 0
786 43 10 4 49 0.0930232558139535 0.4 0.0816326530612245
790 2 3 1 4 0.5 0.333333333333333 0.25
8002 26 3 0 29 0 0 0
8070 1 1 0 2 0 0 0
81 11 2 0 13 0 0 0
8121 21 2 0 23 0 0 0
8175 4 2 0 6 0 0 0
8195 34 7 4 37 0.117647058823529 0.571428571428571 0.108108108108108
8220 681 14 13 682 0.0190895741556534 0.928571428571429 0.0190615835777126
8237 9 3 0 12 0 0 0
8256 1 1 1 1 1 1 1
8267 2 4 0 6 0 0 0
8319 28 6 3 31 0.107142857142857 0.5 0.0967741935483871
8365 27 8 6 29 0.222222222222222 0.75 0.206896551724138
8419 21 2 1 22 0.0476190476190476 0.5 0.0454545454545455
8426 212 1 0 213 0 0 0
8447 78 17 7 88 0.0897435897435897 0.411764705882353 0.0795454545454545
8469 30 7 5 32 0.166666666666667 0.714285714285714 0.15625
8472 46 9 3 52 0.0652173913043478 0.333333333333333 0.0576923076923077
8481 3 1 0 4 0 0 0
8501 32 5 5 32 0.15625 1 0.15625
8514 42 3 1 44 0.0238095238095238 0.333333333333333 0.0227272727272727
8517 17 1 1 17 0.0588235294117647 1 0.0588235294117647
8554 7 1 1 7 0.142857142857143 1 0.142857142857143
8560 47 14 10 51 0.212765957446809 0.714285714285714 0.196078431372549
8565 6 1 0 7 0 0 0
8591 18 4 2 20 0.111111111111111 0.5 0.1
8657 59 2 1 60 0.0169491525423729 0.5 0.0166666666666667
8664 8 2 0 10 0 0 0
8665 15 9 5 19 0.333333333333333 0.555555555555556 0.263157894736842
8674 43 3 3 43 0.0697674418604651 1 0.0697674418604651
8676 6 1 0 7 0 0 0
8708 140 8 5 143 0.0357142857142857 0.625 0.034965034965035
8728 1 1 1 1 1 1 1
8737 34 8 5 37 0.147058823529412 0.625 0.135135135135135
8758 8 4 1 11 0.125 0.25 0.0909090909090909
8763 111 27 23 115 0.207207207207207 0.851851851851852 0.2
8767 20 5 3 22 0.15 0.6 0.136363636363636
8781 2 1 1 2 0.5 1 0.5
8823 6 2 2 6 0.333333333333333 1 0.333333333333333
8881 83 1 1 83 0.0120481927710843 1 0.0120481927710843
8903 7 4 0 11 0 0 0
8921 1 1 0 2 0 0 0
8925 3 1 0 4 0 0 0
8943 8 1 0 9 0 0 0
8954 23 9 5 27 0.217391304347826 0.555555555555556 0.185185185185185
8966 26 1 1 26 0.0384615384615385 1 0.0384615384615385
8970 2 1 1 2 0.5 1 0.5
8973 3 1 0 4 0 0 0
8975 62 3 1 64 0.0161290322580645 0.333333333333333 0.015625
9044 78 1 1 78 0.0128205128205128 1 0.0128205128205128
9080 6 1 0 7 0 0 0
9112 5 5 1 9 0.2 0.2 0.111111111111111
9150 25 2 1 26 0.04 0.5 0.0384615384615385
9153 36 1 1 36 0.0277777777777778 1 0.0277777777777778
9186 20 1 0 21 0 0 0
9264 55 75 19 111 0.345454545454545 0.253333333333333 0.171171171171171
9270 33 7 5 35 0.151515151515152 0.714285714285714 0.142857142857143
9316 22 1 0 23 0 0 0
9406 1 1 0 2 0 0 0
9407 1 4 1 4 1 0.25 0.25
9416 13 1 0 14 0 0 0
9505 45 2 1 46 0.0222222222222222 0.5 0.0217391304347826
9583 18 1 0 19 0 0 0
9595 7 4 2 9 0.285714285714286 0.5 0.222222222222222
9600 6 11 2 15 0.333333333333333 0.181818181818182 0.133333333333333
9607 8 4 0 12 0 0 0
9612 2 3 0 5 0 0 0
9619 2 2 2 2 1 1 1
9621 2 8 1 9 0.5 0.125 0.111111111111111
9622 8 1 1 8 0.125 1 0.125
9687 2 1 1 2 0.5 1 0.5
9701 3 1 0 4 0 0 0
9758 1 1 0 2 0 0 0
9821 4 1 1 4 0.25 1 0.25
9844 1 1 0 2 0 0 0
9995 3 2 2 3 0.666666666666667 1 0.666666666666667
