#ASN num_v4adj num_v6adj num_intersect(v4v6adj) num_union(adj) fr_v4(num_intersect/num_v4adj) fr_v6(num_intersect/num_v6adj) fr_intersect(num_intersect/num_union)
10013 2 6 1 7 0.5 0.166666666666667 0.142857142857143
10015 10 1 0 11 0 0 0
101 35 9 7 37 0.2 0.777777777777778 0.189189189189189
10148 1 2 1 2 1 0.5 0.5
102 3 1 1 3 0.333333333333333 1 0.333333333333333
10204 4 5 1 8 0.25 0.2 0.125
10217 26 1 1 26 0.0384615384615385 1 0.0384615384615385
10318 4 1 0 5 0 0 0
10343 2 1 1 2 0.5 1 0.5
10405 2 1 0 3 0 0 0
10429 74 1 1 74 0.0135135135135135 1 0.0135135135135135
10466 30 3 3 30 0.1 1 0.1
10490 33 3 3 33 0.0909090909090909 1 0.0909090909090909
10533 1 1 1 1 1 1 1
10569 1 1 1 1 1 1 1
10578 25 3 3 25 0.12 1 0.12
10745 2 8 0 10 0 0 0
10778 7 1 1 7 0.142857142857143 1 0.142857142857143
10886 41 19 8 52 0.195121951219512 0.421052631578947 0.153846153846154
109 16 4 0 20 0 0 0
1101 1 1 1 1 1 1 1
1103 190 56 54 192 0.284210526315789 0.964285714285714 0.28125
111 2 2 1 3 0.5 0.5 0.333333333333333
11170 2 2 0 4 0 0 0
1120 14 1 1 14 0.0714285714285714 1 0.0714285714285714
1126 41 9 6 44 0.146341463414634 0.666666666666667 0.136363636363636
11274 10 4 4 10 0.4 1 0.4
11317 6 4 4 6 0.666666666666667 1 0.666666666666667
11340 7 1 1 7 0.142857142857143 1 0.142857142857143
1140 31 8 6 33 0.193548387096774 0.75 0.181818181818182
11404 31 3 3 31 0.0967741935483871 1 0.0967741935483871
11537 118 51 39 130 0.330508474576271 0.764705882352941 0.3
11656 1 1 0 2 0 0 0
11666 6 3 0 9 0 0 0
11694 2 1 1 2 0.5 1 0.5
11734 4 1 0 5 0 0 0
11752 2 1 1 2 0.5 1 0.5
11815 3 1 0 4 0 0 0
11960 5 2 2 5 0.4 1 0.4
1200 43 15 9 49 0.209302325581395 0.6 0.183673469387755
12008 31 1 1 31 0.032258064516129 1 0.032258064516129
12041 27 15 9 33 0.333333333333333 0.6 0.272727272727273
12046 2 1 1 2 0.5 1 0.5
12111 25 3 2 26 0.08 0.666666666666667 0.0769230769230769
1213 9 4 4 9 0.444444444444444 1 0.444444444444444
1221 116 3 0 119 0 0 0
12287 2 1 1 2 0.5 1 0.5
12301 63 1 1 63 0.0158730158730159 1 0.0158730158730159
12312 53 17 13 57 0.245283018867925 0.764705882352941 0.228070175438596
12322 73 4 4 73 0.0547945205479452 1 0.0547945205479452
12335 3 1 1 3 0.333333333333333 1 0.333333333333333
12337 45 52 22 75 0.488888888888889 0.423076923076923 0.293333333333333
12353 5 2 1 6 0.2 0.5 0.166666666666667
12355 35 16 13 38 0.371428571428571 0.8125 0.342105263157895
1237 36 4 2 38 0.0555555555555556 0.5 0.0526315789473684
12371 2 1 0 3 0 0 0
12386 15 3 3 15 0.2 1 0.2
1239 1711 3 0 1714 0 0 0
12399 280 1 1 280 0.00357142857142857 1 0.00357142857142857
12401 12 2 2 12 0.166666666666667 1 0.166666666666667
12414 38 13 10 41 0.263157894736842 0.769230769230769 0.24390243902439
12502 3 2 1 4 0.333333333333333 0.5 0.25
12533 2 1 0 3 0 0 0
12566 17 3 3 17 0.176470588235294 1 0.176470588235294
1257 149 5 3 151 0.0201342281879195 0.6 0.0198675496688742
12573 39 7 7 39 0.179487179487179 1 0.179487179487179
12600 17 1 0 18 0 0 0
12611 43 21 15 49 0.348837209302326 0.714285714285714 0.306122448979592
12634 36 15 11 40 0.305555555555556 0.733333333333333 0.275
12637 65 19 16 68 0.246153846153846 0.842105263157895 0.235294117647059
12638 3 3 0 6 0 0 0
12654 58 19 12 65 0.206896551724138 0.631578947368421 0.184615384615385
12657 3 1 1 3 0.333333333333333 1 0.333333333333333
12684 3 1 0 4 0 0 0
12709 2 1 0 3 0 0 0
1273 288 69 43 314 0.149305555555556 0.623188405797101 0.136942675159236
12731 85 22 15 92 0.176470588235294 0.681818181818182 0.16304347826087
12732 19 4 2 21 0.105263157894737 0.5 0.0952380952380952
12741 139 1 0 140 0 0 0
12757 3 1 1 3 0.333333333333333 1 0.333333333333333
12767 13 2 1 14 0.0769230769230769 0.5 0.0714285714285714
12769 4 1 1 4 0.25 1 0.25
12779 72 21 12 81 0.166666666666667 0.571428571428571 0.148148148148148
1280 100 32 20 112 0.2 0.625 0.178571428571429
12816 1 1 1 1 1 1 1
12817 2 2 2 2 1 1 1
12850 15 1 1 15 0.0666666666666667 1 0.0666666666666667
12853 1 3 1 3 1 0.333333333333333 0.333333333333333
12859 475 115 108 482 0.227368421052632 0.939130434782609 0.224066390041494
12871 38 14 7 45 0.184210526315789 0.5 0.155555555555556
12874 142 2 2 142 0.0140845070422535 1 0.0140845070422535
12895 7 1 1 7 0.142857142857143 1 0.142857142857143
12902 44 11 8 47 0.181818181818182 0.727272727272727 0.170212765957447
12931 4 3 2 5 0.5 0.666666666666667 0.4
12956 122 8 7 123 0.0573770491803279 0.875 0.0569105691056911
12968 120 1 1 120 0.00833333333333333 1 0.00833333333333333
12989 513 12 11 514 0.0214424951267057 0.916666666666667 0.0214007782101167
1299 530 36 34 532 0.0641509433962264 0.944444444444444 0.0639097744360902
13030 147 78 33 192 0.224489795918367 0.423076923076923 0.171875
13039 5 1 1 5 0.2 1 0.2
13041 7 2 2 7 0.285714285714286 1 0.285714285714286
13049 33 1 1 33 0.0303030303030303 1 0.0303030303030303
13092 5 1 1 5 0.2 1 0.2
13105 13 5 2 16 0.153846153846154 0.4 0.125
131075 1 3 1 3 1 0.333333333333333 0.333333333333333
13110 6 1 1 6 0.166666666666667 1 0.166666666666667
13115 4 1 1 4 0.25 1 0.25
1312 2 1 1 2 0.5 1 0.5
13184 37 2 2 37 0.0540540540540541 1 0.0540540540540541
13189 30 6 6 30 0.2 1 0.2
13193 53 10 8 55 0.150943396226415 0.8 0.145454545454545
13237 509 82 68 523 0.133595284872299 0.829268292682927 0.130019120458891
13272 1 2 1 2 1 0.5 0.5
13284 10 5 3 12 0.3 0.6 0.25
13293 23 4 4 23 0.173913043478261 1 0.173913043478261
13301 30 2 1 31 0.0333333333333333 0.5 0.032258064516129
13319 4 1 0 5 0 0 0
13332 7 1 1 7 0.142857142857143 1 0.142857142857143
13448 5 1 1 5 0.2 1 0.2
13645 189 16 10 195 0.0529100529100529 0.625 0.0512820512820513
13657 6 1 0 7 0 0 0
13680 38 5 5 38 0.131578947368421 1 0.131578947368421
137 20 3 3 20 0.15 1 0.15
13714 2 1 1 2 0.5 1 0.5
13810 2 2 1 3 0.5 0.5 0.333333333333333
13855 5 1 0 6 0 0 0
13910 5 1 0 6 0 0 0
13911 4 1 0 5 0 0 0
14037 1 1 1 1 1 1 1
14085 5 2 2 5 0.4 1 0.4
14259 22 2 1 23 0.0454545454545455 0.5 0.0434782608695652
14262 4 2 2 4 0.5 1 0.5
14277 8 9 3 14 0.375 0.333333333333333 0.214285714285714
14589 20 3 2 21 0.1 0.666666666666667 0.0952380952380952
14595 3 1 0 4 0 0 0
14868 4 1 1 4 0.25 1 0.25
14907 3 1 1 3 0.333333333333333 1 0.333333333333333
15169 110 20 12 118 0.109090909090909 0.6 0.101694915254237
15226 3 2 0 5 0 0 0
15373 2 1 1 2 0.5 1 0.5
15412 466 10 9 467 0.01931330472103 0.9 0.019271948608137
15440 5 1 1 5 0.2 1 0.2
15444 277 21 13 285 0.0469314079422383 0.619047619047619 0.0456140350877193
15456 1 1 0 2 0 0 0
15469 1 1 0 2 0 0 0
15480 1 1 1 1 1 1 1
15557 120 1 1 120 0.00833333333333333 1 0.00833333333333333
15589 35 14 4 45 0.114285714285714 0.285714285714286 0.0888888888888889
15598 63 25 19 69 0.301587301587302 0.76 0.27536231884058
15623 31 3 2 32 0.0645161290322581 0.666666666666667 0.0625
15685 25 9 8 26 0.32 0.888888888888889 0.307692307692308
15694 56 1 1 56 0.0178571428571429 1 0.0178571428571429
15725 2 2 2 2 1 1 1
15744 11 1 1 11 0.0909090909090909 1 0.0909090909090909
15782 16 2 1 17 0.0625 0.5 0.0588235294117647
15798 2 1 0 3 0 0 0
15919 7 1 1 7 0.142857142857143 1 0.142857142857143
16004 15 5 4 16 0.266666666666667 0.8 0.25
16030 61 13 10 64 0.163934426229508 0.769230769230769 0.15625
16034 22 8 3 27 0.136363636363636 0.375 0.111111111111111
16086 31 20 9 42 0.290322580645161 0.45 0.214285714285714
16117 3 1 1 3 0.333333333333333 1 0.333333333333333
16128 18 3 2 19 0.111111111111111 0.666666666666667 0.105263157894737
16131 43 16 10 49 0.232558139534884 0.625 0.204081632653061
16150 212 8 8 212 0.0377358490566038 1 0.0377358490566038
16186 41 1 1 41 0.024390243902439 1 0.024390243902439
16206 13 1 0 14 0 0 0
16210 5 3 3 5 0.6 1 0.6
16215 13 3 3 13 0.230769230769231 1 0.230769230769231
16237 32 4 2 34 0.0625 0.5 0.0588235294117647
16242 5 1 1 5 0.2 1 0.2
16243 57 1 1 57 0.0175438596491228 1 0.0175438596491228
16245 26 3 2 27 0.0769230769230769 0.666666666666667 0.0740740740740741
16246 6 3 3 6 0.5 1 0.5
16265 92 2 2 92 0.0217391304347826 1 0.0217391304347826
16276 65 2 2 65 0.0307692307692308 1 0.0307692307692308
16316 5 2 1 6 0.2 0.5 0.166666666666667
16397 9 1 0 10 0 0 0
1653 28 5 4 29 0.142857142857143 0.8 0.137931034482759
16531 6 1 0 7 0 0 0
1659 11 3 2 12 0.181818181818182 0.666666666666667 0.166666666666667
16668 6 4 2 8 0.333333333333333 0.5 0.25
16713 27 1 1 27 0.037037037037037 1 0.037037037037037
16807 5 2 0 7 0 0 0
16838 12 1 0 13 0 0 0
16942 2 1 1 2 0.5 1 0.5
16993 3 1 0 4 0 0 0
1706 4 1 0 5 0 0 0
17061 2 1 0 3 0 0 0
17263 7 1 0 8 0 0 0
1741 11 4 3 12 0.272727272727273 0.75 0.25
17435 3 2 0 5 0 0 0
17511 11 1 0 12 0 0 0
17529 7 1 1 7 0.142857142857143 1 0.142857142857143
17554 7 3 2 8 0.285714285714286 0.666666666666667 0.25
17579 14 10 9 15 0.642857142857143 0.9 0.6
1764 33 7 5 35 0.151515151515152 0.714285714285714 0.142857142857143
17676 34 7 3 38 0.0882352941176471 0.428571428571429 0.0789473684210526
17709 11 1 0 12 0 0 0
17716 3 1 1 3 0.333333333333333 1 0.333333333333333
17741 2 1 0 3 0 0 0
17832 1 1 0 2 0 0 0
17884 2 1 0 3 0 0 0
17934 2 3 2 3 1 0.666666666666667 0.666666666666667
17955 2 2 1 3 0.5 0.5 0.333333333333333
1797 2 3 2 3 1 0.666666666666667 0.666666666666667
1798 4 3 0 7 0 0 0
18011 1 1 0 2 0 0 0
18119 3 1 0 4 0 0 0
18126 3 1 0 4 0 0 0
18146 3 3 0 6 0 0 0
18149 4 1 1 4 0.25 1 0.25
18182 3 1 0 4 0 0 0
18185 5 2 2 5 0.4 1 0.4
18203 3 1 0 4 0 0 0
18206 3 2 0 5 0 0 0
18266 3 1 1 3 0.333333333333333 1 0.333333333333333
18344 1 3 0 4 0 0 0
1835 8 2 2 8 0.25 1 0.25
1836 58 7 6 59 0.103448275862069 0.857142857142857 0.101694915254237
18366 2 2 1 3 0.5 0.5 0.333333333333333
18422 5 1 1 5 0.2 1 0.2
18508 4 3 2 5 0.5 0.666666666666667 0.4
1853 107 19 18 108 0.168224299065421 0.947368421052632 0.166666666666667
18592 24 11 7 28 0.291666666666667 0.636363636363636 0.25
18666 2 2 0 4 0 0 0
18750 2 1 1 2 0.5 1 0.5
18779 2 1 1 2 0.5 1 0.5
1880 13 4 3 14 0.230769230769231 0.75 0.214285714285714
1881 2 1 1 2 0.5 1 0.5
1887 5 1 1 5 0.2 1 0.2
1901 43 1 1 43 0.0232558139534884 1 0.0232558139534884
19021 1 1 0 2 0 0 0
19151 711 108 104 715 0.146272855133615 0.962962962962963 0.145454545454545
1916 87 9 7 89 0.0804597701149425 0.777777777777778 0.0786516853932584
19166 15 1 1 15 0.0666666666666667 1 0.0666666666666667
19192 3 1 1 3 0.333333333333333 1 0.333333333333333
19255 7 7 5 9 0.714285714285714 0.714285714285714 0.555555555555556
1930 22 5 4 23 0.181818181818182 0.8 0.173913043478261
19318 42 3 2 43 0.0476190476190476 0.666666666666667 0.0465116279069767
19401 45 14 14 45 0.311111111111111 1 0.311111111111111
195 8 3 1 10 0.125 0.333333333333333 0.1
1955 11 3 3 11 0.272727272727273 1 0.272727272727273
19782 18 2 2 18 0.111111111111111 1 0.111111111111111
19783 2 1 0 3 0 0 0
20021 5 1 0 6 0 0 0
20080 17 5 5 17 0.294117647058824 1 0.294117647058824
20144 32 4 4 32 0.125 1 0.125
2018 5 1 1 5 0.2 1 0.2
20312 11 2 1 12 0.0909090909090909 0.5 0.0833333333333333
2042 18 4 2 20 0.111111111111111 0.5 0.1
20436 2 1 0 3 0 0 0
20495 58 12 10 60 0.172413793103448 0.833333333333333 0.166666666666667
20507 35 1 1 35 0.0285714285714286 1 0.0285714285714286
20569 11 4 4 11 0.363636363636364 1 0.363636363636364
20597 2 2 2 2 1 1 1
20612 3 1 1 3 0.333333333333333 1 0.333333333333333
20621 2 1 1 2 0.5 1 0.5
20633 23 14 8 29 0.347826086956522 0.571428571428571 0.275862068965517
20640 237 71 61 247 0.257383966244726 0.859154929577465 0.246963562753036
20650 5 1 1 5 0.2 1 0.2
20704 18 3 3 18 0.166666666666667 1 0.166666666666667
20707 2 1 1 2 0.5 1 0.5
20712 8 1 0 9 0 0 0
20718 29 11 1 39 0.0344827586206897 0.0909090909090909 0.0256410256410256
20745 1 3 0 4 0 0 0
20766 21 1 1 21 0.0476190476190476 1 0.0476190476190476
20783 3 2 0 5 0 0 0
20847 34 13 8 39 0.235294117647059 0.615384615384615 0.205128205128205
209 1372 5 4 1373 0.00291545189504373 0.8 0.00291332847778587
20912 6 4 1 9 0.166666666666667 0.25 0.111111111111111
20932 305 14 12 307 0.039344262295082 0.857142857142857 0.0390879478827362
20965 49 42 41 50 0.836734693877551 0.976190476190476 0.82
210 10 1 1 10 0.1 1 0.1
21011 23 1 1 23 0.0434782608695652 1 0.0434782608695652
21055 42 6 4 44 0.0952380952380952 0.666666666666667 0.0909090909090909
2107 1 1 1 1 1 1 1
2108 1 1 1 1 1 1 1
2110 54 2 1 55 0.0185185185185185 0.5 0.0181818181818182
21155 47 12 8 51 0.170212765957447 0.666666666666667 0.156862745098039
2116 31 2 2 31 0.0645161290322581 1 0.0645161290322581
21221 29 10 6 33 0.206896551724138 0.6 0.181818181818182
2128 3 2 2 3 0.666666666666667 1 0.666666666666667
21280 6 2 1 7 0.166666666666667 0.5 0.142857142857143
21320 6 1 1 6 0.166666666666667 1 0.166666666666667
21385 70 21 14 77 0.2 0.666666666666667 0.181818181818182
21414 80 1 1 80 0.0125 1 0.0125
2152 90 2 2 90 0.0222222222222222 1 0.0222222222222222
21527 4 1 1 4 0.25 1 0.25
2153 39 10 10 39 0.256410256410256 1 0.256410256410256
21548 17 1 1 17 0.0588235294117647 1 0.0588235294117647
21737 6 1 0 7 0 0 0
21844 12 2 2 12 0.166666666666667 1 0.166666666666667
21864 5 1 1 5 0.2 1 0.2
21911 5 1 1 5 0.2 1 0.2
21947 27 3 3 27 0.111111111111111 1 0.111111111111111
21976 17 1 1 17 0.0588235294117647 1 0.0588235294117647
2200 62 4 4 62 0.0645161290322581 1 0.0645161290322581
22166 2 1 0 3 0 0 0
22284 8 1 0 9 0 0 0
22388 9 6 6 9 0.666666666666667 1 0.666666666666667
224 5 1 1 5 0.2 1 0.2
22404 2 1 0 3 0 0 0
22438 2 1 1 2 0.5 1 0.5
225 2 1 1 2 0.5 1 0.5
22548 36 3 2 37 0.0555555555555556 0.666666666666667 0.0540540540540541
226 26 1 1 26 0.0384615384615385 1 0.0384615384615385
22767 1 1 1 1 1 1 1
22779 1 1 1 1 1 1 1
23007 3 1 1 3 0.333333333333333 1 0.333333333333333
23028 6 3 0 9 0 0 0
23127 1 1 0 2 0 0 0
23148 175 2 2 175 0.0114285714285714 1 0.0114285714285714
23342 57 1 1 57 0.0175438596491228 1 0.0175438596491228
23352 39 3 3 39 0.0769230769230769 1 0.0769230769230769
23393 71 3 2 72 0.028169014084507 0.666666666666667 0.0277777777777778
23456 8 4 2 10 0.25 0.5 0.2
23504 29 8 4 33 0.137931034482759 0.5 0.121212121212121
23541 8 1 0 9 0 0 0
23596 2 1 1 2 0.5 1 0.5
23600 3 2 2 3 0.666666666666667 1 0.666666666666667
23624 2 1 1 2 0.5 1 0.5
23634 6 4 4 6 0.666666666666667 1 0.666666666666667
23654 1 1 1 1 1 1 1
237 31 1 1 31 0.032258064516129 1 0.032258064516129
23708 5 3 2 6 0.4 0.666666666666667 0.333333333333333
23754 2 2 0 4 0 0 0
23774 3 2 1 4 0.333333333333333 0.5 0.25
23787 2 1 1 2 0.5 1 0.5
2381 24 4 3 25 0.125 0.75 0.12
23836 1 1 1 1 1 1 1
23855 10 2 1 11 0.1 0.5 0.0909090909090909
23869 2 1 0 3 0 0 0
23889 4 1 1 4 0.25 1 0.25
23896 1 2 0 3 0 0 0
23902 2 2 0 4 0 0 0
23910 3 4 2 5 0.666666666666667 0.5 0.4
23911 6 15 5 16 0.833333333333333 0.333333333333333 0.3125
23912 1 1 0 2 0 0 0
23966 3 1 0 4 0 0 0
24 12 8 5 15 0.416666666666667 0.625 0.333333333333333
24005 3 1 0 4 0 0 0
24085 3 1 0 4 0 0 0
24151 6 3 0 9 0 0 0
24211 1 1 1 1 1 1 1
24218 17 1 0 18 0 0 0
24226 3 2 0 5 0 0 0
24229 3 1 1 3 0.333333333333333 1 0.333333333333333
24287 4 3 3 4 0.75 1 0.75
24311 1 2 0 3 0 0 0
24326 11 1 1 11 0.0909090909090909 1 0.0909090909090909
24334 2 1 1 2 0.5 1 0.5
24390 2 1 1 2 0.5 1 0.5
24433 1 1 1 1 1 1 1
24475 3 3 3 3 1 1 1
24489 8 5 5 8 0.625 1 0.625
24490 9 9 9 9 1 1 1
24514 4 2 2 4 0.5 1 0.5
24541 2 3 1 4 0.5 0.333333333333333 0.25
24557 2 1 1 2 0.5 1 0.5
24586 27 6 4 29 0.148148148148148 0.666666666666667 0.137931034482759
24642 36 4 4 36 0.111111111111111 1 0.111111111111111
24724 110 20 13 117 0.118181818181818 0.65 0.111111111111111
24776 8 2 1 9 0.125 0.5 0.111111111111111
24785 75 3 3 75 0.04 1 0.04
24835 12 1 1 12 0.0833333333333333 1 0.0833333333333333
24867 25 1 1 25 0.04 1 0.04
24875 226 17 13 230 0.0575221238938053 0.764705882352941 0.0565217391304348
24889 10 2 2 10 0.2 1 0.2
24900 1 1 1 1 1 1 1
24940 25 12 9 28 0.36 0.75 0.321428571428571
2495 10 1 1 10 0.1 1 0.1
2497 230 64 42 252 0.182608695652174 0.65625 0.166666666666667
24971 21 6 5 22 0.238095238095238 0.833333333333333 0.227272727272727
25 2 1 1 2 0.5 1 0.5
250 10 2 0 12 0 0 0
2500 31 44 12 63 0.387096774193548 0.272727272727273 0.19047619047619
2506 2 1 1 2 0.5 1 0.5
25061 36 2 1 37 0.0277777777777778 0.5 0.027027027027027
2510 19 6 3 22 0.157894736842105 0.5 0.136363636363636
25137 7 2 2 7 0.285714285714286 1 0.285714285714286
2514 14 4 3 15 0.214285714285714 0.75 0.2
25148 6 1 1 6 0.166666666666667 1 0.166666666666667
2515 5 1 0 6 0 0 0
25152 66 13 11 68 0.166666666666667 0.846153846153846 0.161764705882353
2516 309 57 42 324 0.135922330097087 0.736842105263158 0.12962962962963
2518 10 3 3 10 0.3 1 0.3
2519 27 3 1 29 0.037037037037037 0.333333333333333 0.0344827586206897
25192 18 13 7 24 0.388888888888889 0.538461538461538 0.291666666666667
25220 13 2 2 13 0.153846153846154 1 0.153846153846154
2527 9 6 2 13 0.222222222222222 0.333333333333333 0.153846153846154
25279 12 2 2 12 0.166666666666667 1 0.166666666666667
25358 14 9 2 21 0.142857142857143 0.222222222222222 0.0952380952380952
25384 9 1 0 10 0 0 0
25415 4 1 1 4 0.25 1 0.25
25441 12 1 1 12 0.0833333333333333 1 0.0833333333333333
25466 8 2 2 8 0.25 1 0.25
25473 4 1 1 4 0.25 1 0.25
2549 3 2 1 4 0.333333333333333 0.5 0.25
25525 44 9 8 45 0.181818181818182 0.888888888888889 0.177777777777778
25538 2 1 0 3 0 0 0
25560 210 65 59 216 0.280952380952381 0.907692307692308 0.273148148148148
25563 2 1 1 2 0.5 1 0.5
25588 26 2 2 26 0.0769230769230769 1 0.0769230769230769
25596 40 10 7 43 0.175 0.7 0.162790697674419
25689 8 2 1 9 0.125 0.5 0.111111111111111
2572 7 1 1 7 0.142857142857143 1 0.142857142857143
2576 2 1 1 2 0.5 1 0.5
25795 1 2 0 3 0 0 0
25818 7 1 0 8 0 0 0
25829 2 1 1 2 0.5 1 0.5
2586 8 1 1 8 0.125 1 0.125
25933 6 2 0 8 0 0 0
2594 4 1 0 5 0 0 0
2595 1 1 0 2 0 0 0
2602 2 1 1 2 0.5 1 0.5
2603 55 24 19 60 0.345454545454545 0.791666666666667 0.316666666666667
2607 25 6 5 26 0.2 0.833333333333333 0.192307692307692
2609 3 1 0 4 0 0 0
2611 48 9 8 49 0.166666666666667 0.888888888888889 0.163265306122449
2614 12 1 1 12 0.0833333333333333 1 0.0833333333333333
2637 4 1 1 4 0.25 1 0.25
26415 37 8 1 44 0.027027027027027 0.125 0.0227272727272727
26496 7 1 1 7 0.142857142857143 1 0.142857142857143
26785 2 1 0 3 0 0 0
26943 210 16 14 212 0.0666666666666667 0.875 0.0660377358490566
2697 6 1 1 6 0.166666666666667 1 0.166666666666667
26978 14 2 0 16 0 0 0
2698 7 2 2 7 0.285714285714286 1 0.285714285714286
27 2 1 1 2 0.5 1 0.5
2714 1 1 1 1 1 1 1
27319 28 5 5 28 0.178571428571429 1 0.178571428571429
27321 3 3 1 5 0.333333333333333 0.333333333333333 0.2
27325 12 2 2 12 0.166666666666667 1 0.166666666666667
27400 2 1 1 2 0.5 1 0.5
27446 6 1 0 7 0 0 0
27464 1 1 0 2 0 0 0
27524 55 3 2 56 0.0363636363636364 0.666666666666667 0.0357142857142857
27552 7 1 1 7 0.142857142857143 1 0.142857142857143
27630 3 1 1 3 0.333333333333333 1 0.333333333333333
27664 39 2 2 39 0.0512820512820513 1 0.0512820512820513
27686 2 1 1 2 0.5 1 0.5
27750 18 13 13 18 0.722222222222222 1 0.722222222222222
278 5 7 1 11 0.2 0.142857142857143 0.0909090909090909
27807 12 9 9 12 0.75 1 0.75
27841 3 1 1 3 0.333333333333333 1 0.333333333333333
27891 2 1 1 2 0.5 1 0.5
27892 3 1 1 3 0.333333333333333 1 0.333333333333333
27924 2 1 1 2 0.5 1 0.5
27929 3 2 2 3 0.666666666666667 1 0.666666666666667
27933 3 1 1 3 0.333333333333333 1 0.333333333333333
28000 1 1 1 1 1 1 1
2819 29 2 1 30 0.0344827586206897 0.5 0.0333333333333333
2828 674 2 2 674 0.0029673590504451 1 0.0029673590504451
2847 3 2 2 3 0.666666666666667 1 0.666666666666667
28472 1 1 1 1 1 1 1
2848 9 1 1 9 0.111111111111111 1 0.111111111111111
2852 65 8 7 66 0.107692307692308 0.875 0.106060606060606
2857 165 23 20 168 0.121212121212121 0.869565217391304 0.119047619047619
286 335 88 50 373 0.149253731343284 0.568181818181818 0.134048257372654
28678 2 1 1 2 0.5 1 0.5
28697 9 1 1 9 0.111111111111111 1 0.111111111111111
28716 54 1 1 54 0.0185185185185185 1 0.0185185185185185
28725 5 2 1 6 0.2 0.5 0.166666666666667
28788 47 10 8 49 0.170212765957447 0.8 0.163265306122449
2884 4 2 2 4 0.5 1 0.5
28855 12 3 3 12 0.25 1 0.25
28857 6 4 2 8 0.333333333333333 0.5 0.25
28878 34 7 4 37 0.117647058823529 0.571428571428571 0.108108108108108
28929 52 2 2 52 0.0384615384615385 1 0.0384615384615385
2895 50 2 1 51 0.02 0.5 0.0196078431372549
290 5 4 4 5 0.8 1 0.8
29009 30 4 2 32 0.0666666666666667 0.5 0.0625
2905 27 2 0 29 0 0 0
29066 38 10 6 42 0.157894736842105 0.6 0.142857142857143
2907 78 5 4 79 0.0512820512820513 0.8 0.0506329113924051
29113 35 1 1 35 0.0285714285714286 1 0.0285714285714286
29134 6 4 4 6 0.666666666666667 1 0.666666666666667
2914 626 173 102 697 0.162939297124601 0.589595375722543 0.146341463414634
29147 1 1 1 1 1 1 1
2915 7 7 1 13 0.142857142857143 0.142857142857143 0.0769230769230769
29208 275 61 57 279 0.207272727272727 0.934426229508197 0.204301075268817
29216 1 1 1 1 1 1 1
29222 47 3 3 47 0.0638297872340425 1 0.0638297872340425
29243 2 2 1 3 0.5 0.5 0.333333333333333
29259 4 2 2 4 0.5 1 0.5
293 139 20 15 144 0.107913669064748 0.75 0.104166666666667
29317 2 2 2 2 1 1 1
29372 2 1 0 3 0 0 0
29396 34 6 4 36 0.117647058823529 0.666666666666667 0.111111111111111
29405 5 2 1 6 0.2 0.5 0.166666666666667
29422 26 2 1 27 0.0384615384615385 0.5 0.037037037037037
29449 42 13 7 48 0.166666666666667 0.538461538461538 0.145833333333333
29452 20 1 1 20 0.05 1 0.05
29488 2 1 1 2 0.5 1 0.5
29527 37 6 4 39 0.108108108108108 0.666666666666667 0.102564102564103
29608 19 1 1 19 0.0526315789473684 1 0.0526315789473684
29632 43 13 5 51 0.116279069767442 0.384615384615385 0.0980392156862745
29636 186 24 21 189 0.112903225806452 0.875 0.111111111111111
29651 11 3 2 12 0.181818181818182 0.666666666666667 0.166666666666667
29668 30 1 1 30 0.0333333333333333 1 0.0333333333333333
29670 10 2 1 11 0.1 0.5 0.0909090909090909
29671 3 1 1 3 0.333333333333333 1 0.333333333333333
29686 309 89 83 315 0.268608414239482 0.932584269662921 0.263492063492063
29748 21 8 5 24 0.238095238095238 0.625 0.208333333333333
29791 63 2 1 64 0.0158730158730159 0.5 0.015625
29838 28 1 1 28 0.0357142857142857 1 0.0357142857142857
29877 8 4 3 9 0.375 0.75 0.333333333333333
29904 1 1 1 1 1 1 1
3 8 1 0 9 0 0 0
30008 4 1 1 4 0.25 1 0.25
30058 9 1 0 10 0 0 0
30071 8 102 6 104 0.75 0.0588235294117647 0.0576923076923077
30126 68 2 2 68 0.0294117647058824 1 0.0294117647058824
30132 179 34 34 179 0.189944134078212 1 0.189944134078212
30217 6 1 1 6 0.166666666666667 1 0.166666666666667
30313 2 1 1 2 0.5 1 0.5
30340 14 1 1 14 0.0714285714285714 1 0.0714285714285714
30374 2 1 0 3 0 0 0
30528 2 1 1 2 0.5 1 0.5
30653 18 7 4 21 0.222222222222222 0.571428571428571 0.19047619047619
30700 2 2 2 2 1 1 1
30781 41 7 7 41 0.170731707317073 1 0.170731707317073
30795 3 3 2 4 0.666666666666667 0.666666666666667 0.5
30834 9 2 2 9 0.222222222222222 1 0.222222222222222
30880 10 1 1 10 0.1 1 0.1
30889 32 4 2 34 0.0625 0.5 0.0588235294117647
31065 5 2 0 7 0 0 0
31117 12 4 3 13 0.25 0.75 0.230769230769231
31127 3 2 2 3 0.666666666666667 1 0.666666666666667
31261 10 1 0 11 0 0 0
31265 1 1 1 1 1 1 1
31283 141 1 1 141 0.00709219858156028 1 0.00709219858156028
3130 21 1 1 21 0.0476190476190476 1 0.0476190476190476
31333 13 5 5 13 0.384615384615385 1 0.384615384615385
3134 2 1 1 2 0.5 1 0.5
31383 28 11 7 32 0.25 0.636363636363636 0.21875
3140 1 1 1 1 1 1 1
31400 9 1 1 9 0.111111111111111 1 0.111111111111111
31424 12 2 1 13 0.0833333333333333 0.5 0.0769230769230769
31445 60 12 9 63 0.15 0.75 0.142857142857143
31458 46 2 2 46 0.0434782608695652 1 0.0434782608695652
31477 185 2 2 185 0.0108108108108108 1 0.0108108108108108
31479 5 1 1 5 0.2 1 0.2
31529 46 4 3 47 0.0652173913043478 0.75 0.0638297872340425
31530 9 7 3 13 0.333333333333333 0.428571428571429 0.230769230769231
31708 26 7 7 26 0.269230769230769 1 0.269230769230769
32034 5 2 2 5 0.4 1 0.4
3212 46 1 1 46 0.0217391304347826 1 0.0217391304347826
3213 41 11 9 43 0.219512195121951 0.818181818181818 0.209302325581395
3221 1 1 1 1 1 1 1
32361 7 2 2 7 0.285714285714286 1 0.285714285714286
3243 13 3 2 14 0.153846153846154 0.666666666666667 0.142857142857143
3248 51 24 15 60 0.294117647058824 0.625 0.25
3249 49 11 7 53 0.142857142857143 0.636363636363636 0.132075471698113
3257 451 190 99 542 0.219512195121951 0.521052631578947 0.182656826568266
3265 39 13 8 44 0.205128205128205 0.615384615384615 0.181818181818182
3267 223 8 8 223 0.0358744394618834 1 0.0358744394618834
3269 98 1 1 98 0.0102040816326531 1 0.0102040816326531
3277 40 1 1 40 0.025 1 0.025
32915 4 1 0 5 0 0 0
3292 385 23 17 391 0.0441558441558442 0.739130434782609 0.0434782608695652
32978 1 1 1 1 1 1 1
33 6 2 0 8 0 0 0
3301 67 4 3 68 0.0447761194029851 0.75 0.0441176470588235
3303 452 18 16 454 0.0353982300884956 0.888888888888889 0.0352422907488987
3320 477 12 6 483 0.0125786163522013 0.5 0.0124223602484472
3327 100 24 19 105 0.19 0.791666666666667 0.180952380952381
3333 158 5 4 159 0.0253164556962025 0.8 0.0251572327044025
33437 3 11 3 11 1 0.272727272727273 0.272727272727273
3344 17 11 4 24 0.235294117647059 0.363636363636364 0.166666666666667
3352 62 3 1 64 0.0161290322580645 0.333333333333333 0.015625
3356 1899 54 45 1908 0.023696682464455 0.833333333333333 0.0235849056603774
33597 20 1 1 20 0.05 1 0.05
3363 2 1 1 2 0.5 1 0.5
33843 38 15 9 44 0.236842105263158 0.6 0.204545454545455
33885 13 2 2 13 0.153846153846154 1 0.153846153846154
33891 16 3 3 16 0.1875 1 0.1875
33926 42 14 10 46 0.238095238095238 0.714285714285714 0.217391304347826
34019 13 1 1 13 0.0769230769230769 1 0.0769230769230769
34080 4 2 2 4 0.5 1 0.5
34081 3 2 2 3 0.666666666666667 1 0.666666666666667
34225 40 4 3 41 0.075 0.75 0.0731707317073171
34270 25 2 2 25 0.08 1 0.08
34288 5 2 1 6 0.2 0.5 0.166666666666667
34305 68 4 2 70 0.0294117647058824 0.5 0.0285714285714286
34309 36 69 19 86 0.527777777777778 0.27536231884058 0.22093023255814
34313 2 1 1 2 0.5 1 0.5
34419 49 11 8 52 0.163265306122449 0.727272727272727 0.153846153846154
34505 3 1 1 3 0.333333333333333 1 0.333333333333333
34549 8 3 0 11 0 0 0
34631 2 2 1 3 0.5 0.5 0.333333333333333
34695 46 4 4 46 0.0869565217391304 1 0.0869565217391304
34752 2 1 1 2 0.5 1 0.5
34763 73 23 13 83 0.178082191780822 0.565217391304348 0.156626506024096
34968 25 6 4 27 0.16 0.666666666666667 0.148148148148148
34997 71 4 4 71 0.0563380281690141 1 0.0563380281690141
35028 35 6 5 36 0.142857142857143 0.833333333333333 0.138888888888889
35070 11 1 1 11 0.0909090909090909 1 0.0909090909090909
35244 31 20 14 37 0.451612903225806 0.7 0.378378378378378
35272 3 1 1 3 0.333333333333333 1 0.333333333333333
35292 8 1 0 9 0 0 0
35393 8 1 1 8 0.125 1 0.125
35425 9 4 3 10 0.333333333333333 0.75 0.3
35470 8 2 2 8 0.25 1 0.25
35485 4 1 1 4 0.25 1 0.25
3549 1118 99 83 1134 0.0742397137745975 0.838383838383838 0.0731922398589065
35492 4 3 3 4 0.75 1 0.75
3551 1 1 0 2 0 0 0
3557 17 5 5 17 0.294117647058824 1 0.294117647058824
35592 4 2 2 4 0.5 1 0.5
35612 4 2 0 6 0 0 0
35627 2 1 1 2 0.5 1 0.5
35706 15 5 2 18 0.133333333333333 0.4 0.111111111111111
35908 20 2 2 20 0.1 1 0.1
3597 8 1 1 8 0.125 1 0.125
36351 8 1 1 8 0.125 1 0.125
36383 2 1 1 2 0.5 1 0.5
3640 5 1 1 5 0.2 1 0.2
36472 11 5 5 11 0.454545454545455 1 0.454545454545455
3661 6 4 3 7 0.5 0.75 0.428571428571429
3662 13 8 8 13 0.615384615384615 1 0.615384615384615
3663 3 1 0 4 0 0 0
36671 2 1 1 2 0.5 1 0.5
36692 5 1 1 5 0.2 1 0.2
36733 3 1 1 3 0.333333333333333 1 0.333333333333333
3676 7 1 1 7 0.142857142857143 1 0.142857142857143
36797 1 1 1 1 1 1 1
3681 3 1 1 3 0.333333333333333 1 0.333333333333333
36856 6 2 0 8 0 0 0
36944 6 3 2 7 0.333333333333333 0.666666666666667 0.285714285714286
36948 2 1 1 2 0.5 1 0.5
3714 4 1 1 4 0.25 1 0.25
3741 281 1 1 281 0.00355871886120996 1 0.00355871886120996
3742 21 1 1 21 0.0476190476190476 1 0.0476190476190476
376 17 1 1 17 0.0588235294117647 1 0.0588235294117647
378 3 1 1 3 0.333333333333333 1 0.333333333333333
3790 4 1 1 4 0.25 1 0.25
38005 2 2 2 2 1 1 1
38018 7 5 5 7 0.714285714285714 1 0.714285714285714
38022 24 7 7 24 0.291666666666667 1 0.291666666666667
38082 11 1 1 11 0.0909090909090909 1 0.0909090909090909
38083 1 1 1 1 1 1 1
38128 1 1 0 2 0 0 0
38140 2 1 1 2 0.5 1 0.5
3825 1 1 0 2 0 0 0
38299 2 1 1 2 0.5 1 0.5
3836 7 6 1 12 0.142857142857143 0.166666666666667 0.0833333333333333
38457 3 1 0 4 0 0 0
38462 2 1 1 2 0.5 1 0.5
38477 1 1 0 2 0 0 0
38620 1 1 1 1 1 1 1
38626 1 1 1 1 1 1 1
38819 2 2 1 3 0.5 0.5 0.333333333333333
39040 5 1 1 5 0.2 1 0.2
39102 10 1 1 10 0.1 1 0.1
39122 8 1 1 8 0.125 1 0.125
39211 1 1 1 1 1 1 1
39301 4 2 2 4 0.5 1 0.5
39309 19 3 1 21 0.0526315789473684 0.333333333333333 0.0476190476190476
393219 1 1 1 1 1 1 1
39326 77 15 11 81 0.142857142857143 0.733333333333333 0.135802469135802
39342 2 2 1 3 0.5 0.5 0.333333333333333
3949 1 1 1 1 1 1 1
39537 1 1 0 2 0 0 0
39570 2 1 1 2 0.5 1 0.5
39792 350 19 14 355 0.04 0.736842105263158 0.0394366197183099
39839 2 1 1 2 0.5 1 0.5
39854 1 2 1 2 1 0.5 0.5
39875 3 1 1 3 0.333333333333333 1 0.333333333333333
3999 1 1 1 1 1 1 1
40009 21 4 3 22 0.142857142857143 0.75 0.136363636363636
40060 8 1 0 9 0 0 0
40068 8 1 1 8 0.125 1 0.125
40193 9 4 1 12 0.111111111111111 0.25 0.0833333333333333
40220 12 3 3 12 0.25 1 0.25
40490 2 2 1 3 0.5 0.5 0.333333333333333
40528 5 3 3 5 0.6 1 0.6
40589 1 1 1 1 1 1 1
41012 21 3 3 21 0.142857142857143 1 0.142857142857143
41045 7 1 1 7 0.142857142857143 1 0.142857142857143
41075 3 1 0 4 0 0 0
41102 1 1 0 2 0 0 0
4134 90 2 0 92 0 0 0
4158 2 1 1 2 0.5 1 0.5
41670 1 2 0 3 0 0 0
41692 331 71 52 350 0.157099697885196 0.732394366197183 0.148571428571429
41695 3 2 0 5 0 0 0
41711 4 4 2 6 0.5 0.5 0.333333333333333
41773 4 3 3 4 0.75 1 0.75
42 86 2 2 86 0.0232558139534884 1 0.0232558139534884
42096 8 1 1 8 0.125 1 0.125
42227 1 2 1 2 1 0.5 0.5
42652 25 1 1 25 0.04 1 0.04
42689 29 8 6 31 0.206896551724138 0.75 0.193548387096774
42841 4 1 1 4 0.25 1 0.25
42884 28 1 1 28 0.0357142857142857 1 0.0357142857142857
42937 1 1 1 1 1 1 1
43602 3 1 1 3 0.333333333333333 1 0.333333333333333
43821 33 15 10 38 0.303030303030303 0.666666666666667 0.263157894736842
43911 1 1 0 2 0 0 0
43950 2 1 0 3 0 0 0
44066 22 1 1 22 0.0454545454545455 1 0.0454545454545455
44212 3 1 1 3 0.333333333333333 1 0.333333333333333
44358 1 1 1 1 1 1 1
4436 119 19 17 121 0.142857142857143 0.894736842105263 0.140495867768595
44683 2 1 1 2 0.5 1 0.5
45131 1 1 1 1 1 1 1
4528 5 1 1 5 0.2 1 0.2
4538 19 8 5 22 0.263157894736842 0.625 0.227272727272727
4555 1 4 0 5 0 0 0
4557 10 2 2 10 0.2 1 0.2
4589 696 77 73 700 0.104885057471264 0.948051948051948 0.104285714285714
4605 2 1 1 2 0.5 1 0.5
4608 5 3 1 7 0.2 0.333333333333333 0.142857142857143
4618 14 4 1 17 0.0714285714285714 0.25 0.0588235294117647
4621 29 3 2 30 0.0689655172413793 0.666666666666667 0.0666666666666667
4635 88 14 12 90 0.136363636363636 0.857142857142857 0.133333333333333
4651 29 10 8 31 0.275862068965517 0.8 0.258064516129032
4673 8 1 0 9 0 0 0
4675 6 5 1 10 0.166666666666667 0.2 0.1
4677 6 1 1 6 0.166666666666667 1 0.166666666666667
4678 7 6 3 10 0.428571428571429 0.5 0.3
4680 10 5 2 13 0.2 0.4 0.153846153846154
4685 9 5 3 11 0.333333333333333 0.6 0.272727272727273
4691 1 8 1 8 1 0.125 0.125
4697 3 11 3 11 1 0.272727272727273 0.272727272727273
4711 2 1 0 3 0 0 0
4713 97 7 6 98 0.0618556701030928 0.857142857142857 0.0612244897959184
4716 56 16 6 66 0.107142857142857 0.375 0.0909090909090909
4717 3 2 2 3 0.666666666666667 1 0.666666666666667
4718 3 3 1 5 0.333333333333333 0.333333333333333 0.2
4721 11 6 2 15 0.181818181818182 0.333333333333333 0.133333333333333
4725 125 21 11 135 0.088 0.523809523809524 0.0814814814814815
4739 51 11 10 52 0.196078431372549 0.909090909090909 0.192307692307692
4741 9 1 1 9 0.111111111111111 1 0.111111111111111
4747 7 2 0 9 0 0 0
4750 52 2 0 54 0 0 0
4755 133 1 1 133 0.0075187969924812 1 0.0075187969924812
4761 67 4 3 68 0.0447761194029851 0.75 0.0441176470588235
4768 26 1 1 26 0.0384615384615385 1 0.0384615384615385
4770 13 3 0 16 0 0 0
4775 51 1 1 51 0.0196078431372549 1 0.0196078431372549
4777 35 7 3 39 0.0857142857142857 0.428571428571429 0.0769230769230769
4780 27 3 3 27 0.111111111111111 1 0.111111111111111
4782 3 1 0 4 0 0 0
4787 6 3 0 9 0 0 0
4788 111 4 4 111 0.036036036036036 1 0.036036036036036
4795 43 5 3 45 0.0697674418604651 0.6 0.0666666666666667
4796 3 1 1 3 0.333333333333333 1 0.333333333333333
4829 2 1 1 2 0.5 1 0.5
4844 5 1 1 5 0.2 1 0.2
4927 8 1 0 9 0 0 0
5050 21 2 2 21 0.0952380952380952 1 0.0952380952380952
513 50 9 7 52 0.14 0.777777777777778 0.134615384615385
52 2 1 1 2 0.5 1 0.5
5381 14 2 1 15 0.0714285714285714 0.5 0.0666666666666667
5385 12 7 4 15 0.333333333333333 0.571428571428571 0.266666666666667
5400 265 9 8 266 0.030188679245283 0.888888888888889 0.0300751879699248
5401 1 1 1 1 1 1 1
5403 17 2 2 17 0.117647058823529 1 0.117647058823529
5408 28 2 1 29 0.0357142857142857 0.5 0.0344827586206897
5410 62 7 4 65 0.0645161290322581 0.571428571428571 0.0615384615384615
5413 226 1 1 226 0.00442477876106195 1 0.00442477876106195
5418 9 1 1 9 0.111111111111111 1 0.111111111111111
5421 3 2 1 4 0.333333333333333 0.5 0.25
5429 10 1 1 10 0.1 1 0.1
5430 345 25 19 351 0.0550724637681159 0.76 0.0541310541310541
5459 47 10 6 51 0.127659574468085 0.6 0.117647058823529
5466 72 2 1 73 0.0138888888888889 0.5 0.0136986301369863
5486 35 2 0 37 0 0 0
55 3 1 1 3 0.333333333333333 1 0.333333333333333
5511 171 23 18 176 0.105263157894737 0.782608695652174 0.102272727272727
553 51 22 18 55 0.352941176470588 0.818181818181818 0.327272727272727
5537 28 3 2 29 0.0714285714285714 0.666666666666667 0.0689655172413793
5539 46 47 20 73 0.434782608695652 0.425531914893617 0.273972602739726
5550 4 2 1 5 0.25 0.5 0.2
5568 199 12 8 203 0.0402010050251256 0.666666666666667 0.0394088669950739
557 5 1 1 5 0.2 1 0.2
559 60 22 21 61 0.35 0.954545454545455 0.344262295081967
5602 24 5 4 25 0.166666666666667 0.8 0.16
5609 2 9 1 10 0.5 0.111111111111111 0.1
5617 183 1 1 183 0.00546448087431694 1 0.00546448087431694
5645 8 3 0 11 0 0 0
5661 3 1 1 3 0.333333333333333 1 0.333333333333333
57 24 3 3 24 0.125 1 0.125
5707 3 1 1 3 0.333333333333333 1 0.333333333333333
5713 50 2 1 51 0.02 0.5 0.0196078431372549
577 118 1 1 118 0.00847457627118644 1 0.00847457627118644
5786 2 1 1 2 0.5 1 0.5
59 5 1 1 5 0.2 1 0.2
600 29 1 1 29 0.0344827586206897 1 0.0344827586206897
6057 6 4 3 7 0.5 0.75 0.428571428571429
6062 10 2 0 12 0 0 0
6066 3 1 0 4 0 0 0
6083 32 15 13 34 0.40625 0.866666666666667 0.382352941176471
6106 2 1 1 2 0.5 1 0.5
6122 8 1 1 8 0.125 1 0.125
6128 242 1 1 242 0.00413223140495868 1 0.00413223140495868
6147 1 8 0 9 0 0 0
6163 12 1 1 12 0.0833333333333333 1 0.0833333333333333
6182 1 1 1 1 1 1 1
6263 3 1 1 3 0.333333333333333 1 0.333333333333333
6342 4 1 0 5 0 0 0
6360 10 2 2 10 0.2 1 0.2
6366 3 1 1 3 0.333333333333333 1 0.333333333333333
6435 3 9 1 11 0.333333333333333 0.111111111111111 0.0909090909090909
6453 499 78 65 512 0.130260521042084 0.833333333333333 0.126953125
65071 1 2 1 2 1 0.5 0.5
6509 27 5 4 28 0.148148148148148 0.8 0.142857142857143
65104 1 1 1 1 1 1 1
6536 18 2 1 19 0.0555555555555556 0.5 0.0526315789473684
6619 19 2 1 20 0.0526315789473684 0.5 0.05
6648 41 1 1 41 0.024390243902439 1 0.024390243902439
6666 37 22 12 47 0.324324324324324 0.545454545454545 0.25531914893617
6667 496 102 98 500 0.19758064516129 0.96078431372549 0.196
668 34 8 3 39 0.0882352941176471 0.375 0.0769230769230769
6695 188 44 41 191 0.218085106382979 0.931818181818182 0.214659685863874
6706 14 6 5 15 0.357142857142857 0.833333333333333 0.333333333333333
6724 37 15 13 39 0.351351351351351 0.866666666666667 0.333333333333333
6730 157 6 5 158 0.0318471337579618 0.833333333333333 0.0316455696202532
6762 161 34 31 164 0.192546583850932 0.911764705882353 0.189024390243902
6770 40 12 4 48 0.1 0.333333333333333 0.0833333333333333
6772 13 4 4 13 0.307692307692308 1 0.307692307692308
6774 78 15 14 79 0.179487179487179 0.933333333333333 0.177215189873418
6775 5 1 1 5 0.2 1 0.2
680 57 15 12 60 0.210526315789474 0.8 0.2
6802 6 2 2 6 0.333333333333333 1 0.333333333333333
681 2 1 1 2 0.5 1 0.5
683 2 1 1 2 0.5 1 0.5
6830 331 32 21 342 0.0634441087613293 0.65625 0.0614035087719298
6881 78 20 19 79 0.243589743589744 0.95 0.240506329113924
6893 2 1 1 2 0.5 1 0.5
6895 7 1 1 7 0.142857142857143 1 0.142857142857143
6908 97 12 11 98 0.11340206185567 0.916666666666667 0.112244897959184
6939 827 224 169 882 0.204353083434099 0.754464285714286 0.191609977324263
6966 3 2 2 3 0.666666666666667 1 0.666666666666667
6968 3 1 1 3 0.333333333333333 1 0.333333333333333
701 2826 17 12 2831 0.00424628450106157 0.705882352941177 0.00423878488166726
7012 12 5 3 14 0.25 0.6 0.214285714285714
7018 2133 11 7 2137 0.00328176277543366 0.636363636363636 0.00327562002807674
7019 1 1 1 1 1 1 1
7065 19 3 1 21 0.0526315789473684 0.333333333333333 0.0476190476190476
7066 19 3 3 19 0.157894736842105 1 0.157894736842105
719 14 1 1 14 0.0714285714285714 1 0.0714285714285714
7377 3 1 0 4 0 0 0
7385 163 4 4 163 0.0245398773006135 1 0.0245398773006135
7470 35 1 1 35 0.0285714285714286 1 0.0285714285714286
7473 161 4 4 161 0.0248447204968944 1 0.0248447204968944
7500 63 11 8 66 0.126984126984127 0.727272727272727 0.121212121212121
7514 23 8 4 27 0.173913043478261 0.5 0.148148148148148
7516 4 1 0 5 0 0 0
7521 5 2 1 6 0.2 0.5 0.166666666666667
7522 6 7 1 12 0.166666666666667 0.142857142857143 0.0833333333333333
7530 2 4 0 6 0 0 0
7539 26 10 8 28 0.307692307692308 0.8 0.285714285714286
7573 1 1 1 1 1 1 1
7575 508 94 91 511 0.179133858267717 0.968085106382979 0.178082191780822
7594 3 2 1 4 0.333333333333333 0.5 0.25
7606 53 6 6 53 0.113207547169811 1 0.113207547169811
7610 19 1 0 20 0 0 0
766 16 4 3 17 0.1875 0.75 0.176470588235294
7660 37 17 12 42 0.324324324324324 0.705882352941177 0.285714285714286
7665 2 1 1 2 0.5 1 0.5
7667 6 2 1 7 0.166666666666667 0.5 0.142857142857143
7668 10 1 0 11 0 0 0
7670 20 2 2 20 0.1 1 0.1
7671 3 29 3 29 1 0.103448275862069 0.103448275862069
7682 9 3 2 10 0.222222222222222 0.666666666666667 0.2
7687 3 1 1 3 0.333333333333333 1 0.333333333333333
7693 23 2 1 24 0.0434782608695652 0.5 0.0416666666666667
7753 7 1 1 7 0.142857142857143 1 0.142857142857143
7781 3 8 2 9 0.666666666666667 0.25 0.222222222222222
7784 28 3 2 29 0.0714285714285714 0.666666666666667 0.0689655172413793
7786 7 2 1 8 0.142857142857143 0.5 0.125
7847 2 1 1 2 0.5 1 0.5
786 53 9 7 55 0.132075471698113 0.777777777777778 0.127272727272727
790 1 2 1 2 1 0.5 0.5
7902 14 1 1 14 0.0714285714285714 1 0.0714285714285714
7908 37 4 2 39 0.0540540540540541 0.5 0.0512820512820513
7922 43 3 3 43 0.0697674418604651 1 0.0697674418604651
7949 10 2 0 12 0 0 0
8002 56 5 3 58 0.0535714285714286 0.6 0.0517241379310345
8018 2 1 1 2 0.5 1 0.5
81 20 1 1 20 0.05 1 0.05
8121 43 10 6 47 0.13953488372093 0.6 0.127659574468085
8201 6 1 1 6 0.166666666666667 1 0.166666666666667
8218 106 5 5 106 0.0471698113207547 1 0.0471698113207547
8220 620 8 8 620 0.0129032258064516 1 0.0129032258064516
8224 11 5 4 12 0.363636363636364 0.8 0.333333333333333
8226 5 2 0 7 0 0 0
8237 6 3 2 7 0.333333333333333 0.666666666666667 0.285714285714286
8246 179 1 0 180 0 0 0
8251 7 5 4 8 0.571428571428571 0.8 0.5
8256 1 1 1 1 1 1 1
8267 2 1 1 2 0.5 1 0.5
8282 10 1 0 11 0 0 0
8299 11 2 0 13 0 0 0
8302 8 1 1 8 0.125 1 0.125
8319 39 16 14 41 0.358974358974359 0.875 0.341463414634146
8330 9 2 1 10 0.111111111111111 0.5 0.1
8346 5 2 2 5 0.4 1 0.4
8359 497 27 22 502 0.0442655935613682 0.814814814814815 0.0438247011952191
8364 10 1 1 10 0.1 1 0.1
8365 117 44 31 130 0.264957264957265 0.704545454545455 0.238461538461538
8368 22 7 3 26 0.136363636363636 0.428571428571429 0.115384615384615
8374 4 1 1 4 0.25 1 0.25
8387 12 2 1 13 0.0833333333333333 0.5 0.0769230769230769
8396 2 1 0 3 0 0 0
8419 221 4 4 221 0.0180995475113122 1 0.0180995475113122
8422 102 15 6 111 0.0588235294117647 0.4 0.0540540540540541
8426 381 13 10 384 0.026246719160105 0.769230769230769 0.0260416666666667
8442 28 17 14 31 0.5 0.823529411764706 0.451612903225806
8447 496 21 17 500 0.0342741935483871 0.80952380952381 0.034
8468 529 7 6 530 0.0113421550094518 0.857142857142857 0.0113207547169811
8469 35 17 14 38 0.4 0.823529411764706 0.368421052631579
8473 28 5 4 29 0.142857142857143 0.8 0.137931034482759
8481 3 1 0 4 0 0 0
8492 56 1 1 56 0.0178571428571429 1 0.0178571428571429
8495 17 3 3 17 0.176470588235294 1 0.176470588235294
8501 35 10 10 35 0.285714285714286 1 0.285714285714286
8508 1 1 1 1 1 1 1
8517 16 1 1 16 0.0625 1 0.0625
852 151 1 1 151 0.00662251655629139 1 0.00662251655629139
8527 21 2 2 21 0.0952380952380952 1 0.0952380952380952
855 24 1 1 24 0.0416666666666667 1 0.0416666666666667
8560 79 20 16 83 0.20253164556962 0.8 0.192771084337349
8565 16 2 1 17 0.0625 0.5 0.0588235294117647
8586 66 6 5 67 0.0757575757575758 0.833333333333333 0.0746268656716418
8591 35 6 3 38 0.0857142857142857 0.5 0.0789473684210526
8607 30 6 4 32 0.133333333333333 0.666666666666667 0.125
8657 102 4 2 104 0.0196078431372549 0.5 0.0192307692307692
8664 8 1 1 8 0.125 1 0.125
8674 62 8 7 63 0.112903225806452 0.875 0.111111111111111
8676 4 1 1 4 0.25 1 0.25
8708 270 5 4 271 0.0148148148148148 0.8 0.014760147601476
8717 87 3 2 88 0.0229885057471264 0.666666666666667 0.0227272727272727
8728 1 1 1 1 1 1 1
8737 34 6 3 37 0.0882352941176471 0.5 0.0810810810810811
8758 9 3 3 9 0.333333333333333 1 0.333333333333333
8763 146 39 36 149 0.246575342465753 0.923076923076923 0.241610738255034
8767 64 23 16 71 0.25 0.695652173913043 0.225352112676056
8781 26 1 0 27 0 0 0
8820 11 4 3 12 0.272727272727273 0.75 0.25
8823 8 1 0 9 0 0 0
8881 376 18 18 376 0.0478723404255319 1 0.0478723404255319
8895 7 1 1 7 0.142857142857143 1 0.142857142857143
8897 50 11 7 54 0.14 0.636363636363636 0.12962962962963
8903 15 2 0 17 0 0 0
8943 15 4 3 16 0.2 0.75 0.1875
8954 34 9 4 39 0.117647058823529 0.444444444444444 0.102564102564103
8966 84 1 1 84 0.0119047619047619 1 0.0119047619047619
8978 5 2 2 5 0.4 1 0.4
9002 693 130 126 697 0.181818181818182 0.969230769230769 0.18077474892396
9009 116 59 25 150 0.21551724137931 0.423728813559322 0.166666666666667
9026 12 3 3 12 0.25 1 0.25
9080 8 4 3 9 0.375 0.75 0.333333333333333
9112 7 1 1 7 0.142857142857143 1 0.142857142857143
9121 495 1 1 495 0.00202020202020202 1 0.00202020202020202
9150 25 3 3 25 0.12 1 0.12
9153 40 5 5 40 0.125 1 0.125
9162 2 1 1 2 0.5 1 0.5
9188 3 1 0 4 0 0 0
9231 2 2 1 3 0.5 0.5 0.333333333333333
9264 23 41 10 54 0.434782608695652 0.24390243902439 0.185185185185185
9270 23 3 2 24 0.0869565217391304 0.666666666666667 0.0833333333333333
9293 15 1 1 15 0.0666666666666667 1 0.0666666666666667
9299 46 2 1 47 0.0217391304347826 0.5 0.0212765957446809
9304 135 1 1 135 0.00740740740740741 1 0.00740740740740741
9340 4 3 2 5 0.5 0.666666666666667 0.4
9367 3 1 1 3 0.333333333333333 1 0.333333333333333
9406 2 2 1 3 0.5 0.5 0.333333333333333
9433 2 1 1 2 0.5 1 0.5
9505 112 5 5 112 0.0446428571428571 1 0.0446428571428571
9534 3 1 1 3 0.333333333333333 1 0.333333333333333
9541 7 2 0 9 0 0 0
9543 4 1 1 4 0.25 1 0.25
9549 2 1 1 2 0.5 1 0.5
9555 4 1 0 5 0 0 0
9583 39 1 0 40 0 0 0
9584 9 1 1 9 0.111111111111111 1 0.111111111111111
9595 7 3 2 8 0.285714285714286 0.666666666666667 0.25
9600 6 7 3 10 0.5 0.428571428571429 0.3
9607 8 2 0 10 0 0 0
9612 2 1 0 3 0 0 0
9619 2 2 2 2 1 1 1
9621 3 6 2 7 0.666666666666667 0.333333333333333 0.285714285714286
9622 6 1 1 6 0.166666666666667 1 0.166666666666667
9700 6 2 1 7 0.166666666666667 0.5 0.142857142857143
9722 43 4 3 44 0.0697674418604651 0.75 0.0681818181818182
9737 4 1 1 4 0.25 1 0.25
9794 4 1 1 4 0.25 1 0.25
9800 29 1 0 30 0 0 0
9821 4 2 2 4 0.5 1 0.5
9901 20 4 2 22 0.1 0.5 0.0909090909090909
9919 19 1 0 20 0 0 0
9924 23 1 0 24 0 0 0
9930 17 1 1 17 0.0588235294117647 1 0.0588235294117647
9931 27 1 1 27 0.037037037037037 1 0.037037037037037
9995 3 2 2 3 0.666666666666667 1 0.666666666666667
