#ASN num_v4adj num_v6adj num_intersect(v4v6adj) num_union(adj) fr_v4(num_intersect/num_v4adj) fr_v6(num_intersect/num_v6adj) fr_intersect(num_intersect/num_union)
10013 3 9 1 11 0.333333333333333 0.111111111111111 0.0909090909090909
10015 13 1 0 14 0 0 0
10204 7 2 1 8 0.142857142857143 0.5 0.125
10318 3 3 0 6 0 0 0
10343 2 1 1 2 0.5 1 0.5
10429 19 2 1 20 0.0526315789473684 0.5 0.05
10886 27 2 2 27 0.0740740740740741 1 0.0740740740740741
109 9 28 1 36 0.111111111111111 0.0357142857142857 0.0277777777777778
1103 149 40 34 155 0.228187919463087 0.85 0.219354838709677
11340 6 1 0 7 0 0 0
11537 76 28 26 78 0.342105263157895 0.928571428571429 0.333333333333333
11990 3 1 0 4 0 0 0
1200 25 10 5 30 0.2 0.5 0.166666666666667
12111 24 1 1 24 0.0416666666666667 1 0.0416666666666667
1213 6 5 4 7 0.666666666666667 0.8 0.571428571428571
12199 1 3 0 4 0 0 0
1221 86 4 1 89 0.0116279069767442 0.25 0.0112359550561798
12312 34 2 2 34 0.0588235294117647 1 0.0588235294117647
12337 28 10 6 32 0.214285714285714 0.6 0.1875
12353 4 4 1 7 0.25 0.25 0.142857142857143
12355 3 2 0 5 0 0 0
1237 32 2 1 33 0.03125 0.5 0.0303030303030303
12371 3 1 0 4 0 0 0
12401 8 5 1 12 0.125 0.2 0.0833333333333333
12414 30 11 7 34 0.233333333333333 0.636363636363636 0.205882352941176
1248 4 3 1 6 0.25 0.333333333333333 0.166666666666667
1251 4 3 1 6 0.25 0.333333333333333 0.166666666666667
12533 2 4 1 5 0.5 0.25 0.2
12558 13 2 1 14 0.0769230769230769 0.5 0.0714285714285714
1257 138 8 2 144 0.0144927536231884 0.25 0.0138888888888889
12600 8 1 1 8 0.125 1 0.125
12611 24 8 5 27 0.208333333333333 0.625 0.185185185185185
12634 27 11 6 32 0.222222222222222 0.545454545454545 0.1875
12638 2 3 0 5 0 0 0
12657 1 2 1 2 1 0.5 0.5
1273 270 49 22 297 0.0814814814814815 0.448979591836735 0.0740740740740741
12731 27 7 3 31 0.111111111111111 0.428571428571429 0.0967741935483871
12732 13 3 2 14 0.153846153846154 0.666666666666667 0.142857142857143
12767 6 1 0 7 0 0 0
12779 58 14 7 65 0.120689655172414 0.5 0.107692307692308
12793 167 7 5 169 0.029940119760479 0.714285714285714 0.029585798816568
12817 2 1 1 2 0.5 1 0.5
12831 5 2 1 6 0.2 0.5 0.166666666666667
12853 1 6 1 6 1 0.166666666666667 0.166666666666667
12859 242 57 49 250 0.202479338842975 0.859649122807018 0.196
12871 25 15 7 33 0.28 0.466666666666667 0.212121212121212
12902 30 12 6 36 0.2 0.5 0.166666666666667
12931 3 1 1 3 0.333333333333333 1 0.333333333333333
12956 241 4 4 241 0.016597510373444 1 0.016597510373444
12968 56 6 0 62 0 0 0
1299 317 19 14 322 0.0441640378548896 0.736842105263158 0.0434782608695652
13 3 1 1 3 0.333333333333333 1 0.333333333333333
13046 11 1 1 11 0.0909090909090909 1 0.0909090909090909
13058 2 2 0 4 0 0 0
13092 3 1 1 3 0.333333333333333 1 0.333333333333333
13110 5 10 2 13 0.4 0.2 0.153846153846154
13115 4 1 0 5 0 0 0
13129 47 1 1 47 0.0212765957446809 1 0.0212765957446809
13189 19 1 1 19 0.0526315789473684 1 0.0526315789473684
13193 23 12 3 32 0.130434782608696 0.25 0.09375
13272 2 1 1 2 0.5 1 0.5
13285 37 1 0 38 0 0 0
13300 1 2 1 2 1 0.5 0.5
13645 15 3 0 18 0 0 0
137 10 1 1 10 0.1 1 0.1
13944 2 13 0 15 0 0 0
14277 10 8 2 16 0.2 0.25 0.125
145 8 9 0 17 0 0 0
15180 5 5 0 10 0 0 0
15440 7 2 0 9 0 0 0
15444 258 15 11 262 0.0426356589147287 0.733333333333333 0.0419847328244275
15450 4 3 0 7 0 0 0
15469 1 1 0 2 0 0 0
15498 9 2 0 11 0 0 0
15501 2 2 2 2 1 1 1
15516 8 2 0 10 0 0 0
15557 48 1 0 49 0 0 0
15589 36 13 2 47 0.0555555555555556 0.153846153846154 0.0425531914893617
15600 35 4 3 36 0.0857142857142857 0.75 0.0833333333333333
15623 17 3 2 18 0.117647058823529 0.666666666666667 0.111111111111111
15685 11 1 1 11 0.0909090909090909 1 0.0909090909090909
15703 101 11 8 104 0.0792079207920792 0.727272727272727 0.0769230769230769
15798 2 1 0 3 0 0 0
15897 1 2 0 3 0 0 0
15919 4 1 1 4 0.25 1 0.25
16004 9 3 1 11 0.111111111111111 0.333333333333333 0.0909090909090909
16023 3 2 0 5 0 0 0
16034 22 6 1 27 0.0454545454545455 0.166666666666667 0.037037037037037
16086 24 6 4 26 0.166666666666667 0.666666666666667 0.153846153846154
16091 1 1 0 2 0 0 0
16128 12 2 2 12 0.166666666666667 1 0.166666666666667
16131 24 7 2 29 0.0833333333333333 0.285714285714286 0.0689655172413793
16150 114 9 5 118 0.043859649122807 0.555555555555556 0.0423728813559322
16186 7 9 1 15 0.142857142857143 0.111111111111111 0.0666666666666667
16215 9 4 3 10 0.333333333333333 0.75 0.3
16237 22 4 2 24 0.0909090909090909 0.5 0.0833333333333333
16245 13 3 2 14 0.153846153846154 0.666666666666667 0.142857142857143
16260 22 1 1 22 0.0454545454545455 1 0.0454545454545455
16265 31 1 1 31 0.032258064516129 1 0.032258064516129
16276 13 1 1 13 0.0769230769230769 1 0.0769230769230769
1653 27 3 2 28 0.0740740740740741 0.666666666666667 0.0714285714285714
16531 7 1 0 8 0 0 0
1659 14 2 1 15 0.0714285714285714 0.5 0.0666666666666667
16713 23 3 2 24 0.0869565217391304 0.666666666666667 0.0833333333333333
16838 7 2 0 9 0 0 0
17263 4 1 0 5 0 0 0
1741 9 2 2 9 0.222222222222222 1 0.222222222222222
17511 7 3 1 9 0.142857142857143 0.333333333333333 0.111111111111111
17527 5 7 3 9 0.6 0.428571428571429 0.333333333333333
17529 6 1 0 7 0 0 0
17579 7 7 5 9 0.714285714285714 0.714285714285714 0.555555555555556
1759 24 1 1 24 0.0416666666666667 1 0.0416666666666667
17709 11 1 0 12 0 0 0
17828 2 1 0 3 0 0 0
17832 6 12 0 18 0 0 0
17934 2 4 1 5 0.5 0.25 0.2
17935 1 1 0 2 0 0 0
1797 1 3 0 4 0 0 0
1798 4 3 0 7 0 0 0
18185 5 2 2 5 0.4 1 0.4
1835 7 3 3 7 0.428571428571429 1 0.428571428571429
18422 4 1 1 4 0.25 1 0.25
1853 92 14 12 94 0.130434782608696 0.857142857142857 0.127659574468085
18666 2 1 0 3 0 0 0
1897 2 2 0 4 0 0 0
1916 16 7 2 21 0.125 0.285714285714286 0.0952380952380952
1930 6 17 3 20 0.5 0.176470588235294 0.15
195 8 1 1 8 0.125 1 0.125
1955 11 1 1 11 0.0909090909090909 1 0.0909090909090909
19782 7 1 1 7 0.142857142857143 1 0.142857142857143
20080 7 2 2 7 0.285714285714286 1 0.285714285714286
20312 7 1 1 7 0.142857142857143 1 0.142857142857143
2042 10 9 1 18 0.1 0.111111111111111 0.0555555555555556
2044 13 1 0 14 0 0 0
20473 5 1 0 6 0 0 0
20495 98 9 6 101 0.0612244897959184 0.666666666666667 0.0594059405940594
20569 6 2 2 6 0.333333333333333 1 0.333333333333333
20603 1 2 0 3 0 0 0
20612 4 1 1 4 0.25 1 0.25
20621 2 2 2 2 1 1 1
20646 47 14 10 51 0.212765957446809 0.714285714285714 0.196078431372549
20704 16 4 2 18 0.125 0.5 0.111111111111111
20712 6 1 0 7 0 0 0
20718 20 6 2 24 0.1 0.333333333333333 0.0833333333333333
20745 2 5 0 7 0 0 0
20794 3 3 1 5 0.333333333333333 0.333333333333333 0.2
20834 37 4 0 41 0 0 0
20847 36 11 7 40 0.194444444444444 0.636363636363636 0.175
209 1126 1 1 1126 0.00088809946714032 1 0.00088809946714032
20900 2 1 0 3 0 0 0
20912 2 2 0 4 0 0 0
20965 41 32 32 41 0.780487804878049 1 0.780487804878049
210 9 1 1 9 0.111111111111111 1 0.111111111111111
2107 1 1 1 1 1 1 1
2108 1 1 1 1 1 1 1
2110 37 9 4 42 0.108108108108108 0.444444444444444 0.0952380952380952
21119 9 2 0 11 0 0 0
21155 38 16 9 45 0.236842105263158 0.5625 0.2
2116 66 1 1 66 0.0151515151515152 1 0.0151515151515152
21193 3 1 0 4 0 0 0
21221 31 7 4 34 0.129032258064516 0.571428571428571 0.117647058823529
2128 3 2 2 3 0.666666666666667 1 0.666666666666667
21385 27 7 4 30 0.148148148148148 0.571428571428571 0.133333333333333
21398 21 2 0 23 0 0 0
21501 3 1 0 4 0 0 0
2153 20 2 2 20 0.1 1 0.1
2200 43 5 3 45 0.0697674418604651 0.6 0.0666666666666667
22166 2 1 0 3 0 0 0
22335 26 2 1 27 0.0384615384615385 0.5 0.037037037037037
224 5 4 1 8 0.2 0.25 0.125
22548 4 1 0 5 0 0 0
226 18 1 1 18 0.0555555555555556 1 0.0555555555555556
22767 1 1 1 1 1 1 1
23393 26 4 2 28 0.0769230769230769 0.5 0.0714285714285714
23774 4 2 1 5 0.25 0.5 0.2
23787 2 2 1 3 0.5 0.5 0.333333333333333
23789 1 2 1 2 1 0.5 0.5
2381 18 1 1 18 0.0555555555555556 1 0.0555555555555556
23910 1 1 1 1 1 1 1
23911 1 3 1 3 1 0.333333333333333 0.333333333333333
23912 1 1 0 2 0 0 0
24 9 2 2 9 0.222222222222222 1 0.222222222222222
24252 3 3 2 4 0.666666666666667 0.666666666666667 0.5
24587 35 12 7 40 0.2 0.583333333333333 0.175
24723 1 1 0 2 0 0 0
24730 40 7 4 43 0.1 0.571428571428571 0.0930232558139535
24776 6 2 1 7 0.166666666666667 0.5 0.142857142857143
2486 8 1 1 8 0.125 1 0.125
24875 51 10 6 55 0.117647058823529 0.6 0.109090909090909
2497 206 57 40 223 0.194174757281553 0.701754385964912 0.179372197309417
24973 2 1 1 2 0.5 1 0.5
250 2 1 0 3 0 0 0
2500 26 52 9 69 0.346153846153846 0.173076923076923 0.130434782608696
2510 14 8 3 19 0.214285714285714 0.375 0.157894736842105
25108 12 2 1 13 0.0833333333333333 0.5 0.0769230769230769
25137 151 6 4 153 0.0264900662251656 0.666666666666667 0.0261437908496732
2514 16 6 4 18 0.25 0.666666666666667 0.222222222222222
25152 24 6 3 27 0.125 0.5 0.111111111111111
2516 301 46 33 314 0.109634551495017 0.717391304347826 0.105095541401274
2518 45 7 4 48 0.0888888888888889 0.571428571428571 0.0833333333333333
2519 26 3 0 29 0 0 0
25208 6 2 0 8 0 0 0
2523 5 1 0 6 0 0 0
25232 159 8 7 160 0.0440251572327044 0.875 0.04375
2527 8 8 2 14 0.25 0.25 0.142857142857143
25358 13 11 1 23 0.0769230769230769 0.0909090909090909 0.0434782608695652
25384 8 3 1 10 0.125 0.333333333333333 0.1
2549 2 3 0 5 0 0 0
25492 4 4 1 7 0.25 0.25 0.142857142857143
25560 107 10 6 111 0.0560747663551402 0.6 0.0540540540540541
2586 4 2 0 6 0 0 0
2594 8 1 1 8 0.125 1 0.125
2595 3 2 1 4 0.333333333333333 0.5 0.25
2602 2 2 1 3 0.5 0.5 0.333333333333333
2603 35 10 7 38 0.2 0.7 0.184210526315789
2607 44 7 3 48 0.0681818181818182 0.428571428571429 0.0625
2609 3 1 0 4 0 0 0
2611 38 11 6 43 0.157894736842105 0.545454545454545 0.13953488372093
2614 10 2 1 11 0.1 0.5 0.0909090909090909
26415 13 2 0 15 0 0 0
27552 4 1 1 4 0.25 1 0.25
278 8 7 0 15 0 0 0
2819 15 2 0 17 0 0 0
2847 2 2 1 3 0.5 0.5 0.333333333333333
2852 8 3 3 8 0.375 1 0.375
28716 25 2 1 26 0.04 0.5 0.0384615384615385
28725 4 1 1 4 0.25 1 0.25
28747 189 6 5 190 0.0264550264550265 0.833333333333333 0.0263157894736842
28788 35 3 3 35 0.0857142857142857 1 0.0857142857142857
28855 8 3 2 9 0.25 0.666666666666667 0.222222222222222
2895 4 2 1 5 0.25 0.5 0.2
2905 26 2 1 27 0.0384615384615385 0.5 0.037037037037037
2907 57 6 3 60 0.0526315789473684 0.5 0.05
2914 715 106 57 764 0.0797202797202797 0.537735849056604 0.0746073298429319
2915 34 8 3 39 0.0882352941176471 0.375 0.0769230769230769
29188 8 1 0 9 0 0 0
29208 9 2 1 10 0.111111111111111 0.5 0.1
29216 1 4 1 4 1 0.25 0.25
29243 2 1 1 2 0.5 1 0.5
29259 5 2 2 5 0.4 1 0.4
293 113 22 13 122 0.115044247787611 0.590909090909091 0.10655737704918
29317 1 2 1 2 1 0.5 0.5
29377 1 8 0 9 0 0 0
29422 5 1 1 5 0.2 1 0.2
29432 1 1 1 1 1 1 1
29449 3 4 1 6 0.333333333333333 0.25 0.166666666666667
29629 7 1 0 8 0 0 0
29632 4 1 0 5 0 0 0
29670 1 2 0 3 0 0 0
29686 270 50 44 276 0.162962962962963 0.88 0.159420289855072
29748 22 1 1 22 0.0454545454545455 1 0.0454545454545455
29838 9 3 0 12 0 0 0
3 5 1 0 6 0 0 0
30071 3 34 3 34 1 0.0882352941176471 0.0882352941176471
30129 3 2 2 3 0.666666666666667 1 0.666666666666667
30653 12 2 0 14 0 0 0
30726 7 2 0 9 0 0 0
31079 1 2 0 3 0 0 0
31103 2 5 0 7 0 0 0
31265 1 1 1 1 1 1 1
3130 21 1 1 21 0.0476190476190476 1 0.0476190476190476
31383 14 8 5 17 0.357142857142857 0.625 0.294117647058824
31479 2 1 1 2 0.5 1 0.5
31508 23 5 2 26 0.0869565217391304 0.4 0.0769230769230769
3212 25 1 0 26 0 0 0
3220 1 1 0 2 0 0 0
3221 1 1 1 1 1 1 1
3243 11 6 1 16 0.0909090909090909 0.166666666666667 0.0625
32459 3 1 1 3 0.333333333333333 1 0.333333333333333
3246 119 38 15 142 0.126050420168067 0.394736842105263 0.105633802816901
3248 11 5 2 14 0.181818181818182 0.4 0.142857142857143
3249 29 3 1 31 0.0344827586206897 0.333333333333333 0.032258064516129
3257 251 113 41 323 0.163346613545817 0.36283185840708 0.126934984520124
3265 56 17 10 63 0.178571428571429 0.588235294117647 0.158730158730159
3274 3 4 0 7 0 0 0
3292 278 8 7 279 0.0251798561151079 0.875 0.025089605734767
32978 1 1 1 1 1 1 1
33 8 12 3 17 0.375 0.25 0.176470588235294
3301 31 3 2 32 0.0645161290322581 0.666666666666667 0.0625
3303 557 26 22 561 0.0394973070017953 0.846153846153846 0.0392156862745098
3320 329 20 7 342 0.0212765957446809 0.35 0.0204678362573099
3322 1 1 1 1 1 1 1
3327 15 7 2 20 0.133333333333333 0.285714285714286 0.1
3333 135 27 24 138 0.177777777777778 0.888888888888889 0.173913043478261
3343 13 3 3 13 0.230769230769231 1 0.230769230769231
33437 1 2 1 2 1 0.5 0.5
3344 54 9 0 63 0 0 0
3352 59 5 2 62 0.0338983050847458 0.4 0.032258064516129
34243 1 1 1 1 1 1 1
3549 643 43 29 657 0.0451010886469673 0.674418604651163 0.0441400304414003
3557 85 14 11 88 0.129411764705882 0.785714285714286 0.125
3582 4 3 0 7 0 0 0
3597 7 2 0 9 0 0 0
3662 12 1 1 12 0.0833333333333333 1 0.0833333333333333
3741 164 1 0 165 0 0 0
3748 2 5 1 6 0.5 0.2 0.166666666666667
3758 32 5 0 37 0 0 0
376 12 1 1 12 0.0833333333333333 1 0.0833333333333333
3776 7 2 0 9 0 0 0
378 2 1 1 2 0.5 1 0.5
3786 301 3 1 303 0.00332225913621262 0.333333333333333 0.0033003300330033
3825 1 1 0 2 0 0 0
3836 5 2 0 7 0 0 0
4134 67 3 1 69 0.0149253731343284 0.333333333333333 0.0144927536231884
42 28 2 2 28 0.0714285714285714 1 0.0714285714285714
4436 57 3 3 57 0.0526315789473684 1 0.0526315789473684
4538 17 15 6 26 0.352941176470588 0.4 0.230769230769231
4555 1 9 0 10 0 0 0
4589 430 28 22 436 0.0511627906976744 0.785714285714286 0.0504587155963303
4608 3 1 1 3 0.333333333333333 1 0.333333333333333
4618 9 8 0 17 0 0 0
4621 25 1 1 25 0.04 1 0.04
4645 17 1 1 17 0.0588235294117647 1 0.0588235294117647
4651 27 2 0 29 0 0 0
4673 7 1 0 8 0 0 0
4675 5 7 2 10 0.4 0.285714285714286 0.2
4677 4 9 2 11 0.5 0.222222222222222 0.181818181818182
4678 5 9 2 12 0.4 0.222222222222222 0.166666666666667
4680 8 7 2 13 0.25 0.285714285714286 0.153846153846154
4685 7 9 3 13 0.428571428571429 0.333333333333333 0.230769230769231
4688 10 9 3 16 0.3 0.333333333333333 0.1875
4691 9 13 4 18 0.444444444444444 0.307692307692308 0.222222222222222
4694 78 2 2 78 0.0256410256410256 1 0.0256410256410256
4697 1 24 1 24 1 0.0416666666666667 0.0416666666666667
4702 5 5 2 8 0.4 0.4 0.25
4713 87 2 2 87 0.0229885057471264 1 0.0229885057471264
4716 87 46 16 117 0.183908045977011 0.347826086956522 0.136752136752137
4717 4 3 2 5 0.5 0.666666666666667 0.4
4718 3 6 2 7 0.666666666666667 0.333333333333333 0.285714285714286
4721 7 6 0 13 0 0 0
4725 90 46 7 129 0.0777777777777778 0.152173913043478 0.0542635658914729
4736 12 1 1 12 0.0833333333333333 1 0.0833333333333333
4741 3 1 0 4 0 0 0
4747 7 1 0 8 0 0 0
4750 31 2 0 33 0 0 0
4774 6 3 2 7 0.333333333333333 0.666666666666667 0.285714285714286
4777 29 7 5 31 0.172413793103448 0.714285714285714 0.161290322580645
4780 25 1 1 25 0.04 1 0.04
4788 74 3 1 76 0.0135135135135135 0.333333333333333 0.0131578947368421
4795 14 2 0 16 0 0 0
5050 11 1 1 11 0.0909090909090909 1 0.0909090909090909
513 37 10 5 42 0.135135135135135 0.5 0.119047619047619
5381 15 4 0 19 0 0 0
5385 11 5 1 15 0.0909090909090909 0.2 0.0666666666666667
5397 6 1 0 7 0 0 0
5408 29 3 2 30 0.0689655172413793 0.666666666666667 0.0666666666666667
5410 38 7 1 44 0.0263157894736842 0.142857142857143 0.0227272727272727
5417 165 27 24 168 0.145454545454545 0.888888888888889 0.142857142857143
5418 7 2 2 7 0.285714285714286 1 0.285714285714286
5424 12 8 1 19 0.0833333333333333 0.125 0.0526315789473684
5430 49 2 1 50 0.0204081632653061 0.5 0.02
5459 169 4 4 169 0.0236686390532544 1 0.0236686390532544
5466 53 2 0 55 0 0 0
5486 26 2 0 28 0 0 0
5511 186 39 12 213 0.0645161290322581 0.307692307692308 0.0563380281690141
553 32 2 1 33 0.03125 0.5 0.0303030303030303
5537 11 2 1 12 0.0909090909090909 0.5 0.0833333333333333
5539 33 37 10 60 0.303030303030303 0.27027027027027 0.166666666666667
5550 4 2 2 4 0.5 1 0.5
5568 77 2 2 77 0.025974025974026 1 0.025974025974026
559 46 16 13 49 0.282608695652174 0.8125 0.26530612244898
5602 16 4 3 17 0.1875 0.75 0.176470588235294
5609 2 17 1 18 0.5 0.0588235294117647 0.0555555555555556
5617 79 7 0 86 0 0 0
5623 1 3 0 4 0 0 0
5669 72 3 2 73 0.0277777777777778 0.666666666666667 0.0273972602739726
5693 8 3 2 9 0.25 0.666666666666667 0.222222222222222
6062 8 2 0 10 0 0 0
6066 4 2 1 5 0.25 0.5 0.2
6163 9 2 0 11 0 0 0
6342 4 3 0 7 0 0 0
6360 10 1 1 10 0.1 1 0.1
6435 3 23 0 26 0 0 0
6453 273 16 15 274 0.0549450549450549 0.9375 0.0547445255474453
6461 598 10 8 600 0.0133779264214047 0.8 0.0133333333333333
6509 36 4 4 36 0.111111111111111 1 0.111111111111111
6619 10 1 1 10 0.1 1 0.1
6666 26 5 1 30 0.0384615384615385 0.2 0.0333333333333333
6667 388 46 44 390 0.11340206185567 0.956521739130435 0.112820512820513
6677 10 1 0 11 0 0 0
668 41 8 2 47 0.0487804878048781 0.25 0.0425531914893617
6695 74 1 1 74 0.0135135135135135 1 0.0135135135135135
6696 16 6 2 20 0.125 0.333333333333333 0.1
6706 3 2 1 4 0.333333333333333 0.5 0.25
6730 198 7 6 199 0.0303030303030303 0.857142857142857 0.0301507537688442
6762 134 3 2 135 0.0149253731343284 0.666666666666667 0.0148148148148148
6770 19 3 3 19 0.157894736842105 1 0.157894736842105
6772 8 2 2 8 0.25 1 0.25
680 46 11 6 51 0.130434782608696 0.545454545454545 0.117647058823529
6830 66 88 20 134 0.303030303030303 0.227272727272727 0.149253731343284
6895 33 1 1 33 0.0303030303030303 1 0.0303030303030303
6939 412 47 14 445 0.0339805825242718 0.297872340425532 0.0314606741573034
7018 1951 4 2 1953 0.00102511532547412 0.5 0.00102406554019457
7065 9 1 1 9 0.111111111111111 1 0.111111111111111
71 10 2 0 12 0 0 0
7500 71 4 3 72 0.0422535211267606 0.75 0.0416666666666667
7514 19 9 5 23 0.263157894736842 0.555555555555556 0.217391304347826
7516 6 1 0 7 0 0 0
7521 4 3 1 6 0.25 0.333333333333333 0.166666666666667
7522 4 5 2 7 0.5 0.4 0.285714285714286
7530 3 4 0 7 0 0 0
7539 24 5 4 25 0.166666666666667 0.8 0.16
7570 8 2 1 9 0.125 0.5 0.111111111111111
7575 57 6 5 58 0.087719298245614 0.833333333333333 0.0862068965517241
7580 1 4 0 5 0 0 0
7610 22 2 1 23 0.0454545454545455 0.5 0.0434782608695652
766 14 3 3 14 0.214285714285714 1 0.214285714285714
7660 30 34 15 49 0.5 0.441176470588235 0.306122448979592
7665 2 1 1 2 0.5 1 0.5
7667 2 6 2 6 1 0.333333333333333 0.333333333333333
7668 8 1 1 8 0.125 1 0.125
7670 13 2 2 13 0.153846153846154 1 0.153846153846154
7671 4 37 3 38 0.75 0.0810810810810811 0.0789473684210526
7682 10 2 1 11 0.1 0.5 0.0909090909090909
7687 4 2 1 5 0.25 0.5 0.2
7786 5 1 0 6 0 0 0
786 39 10 2 47 0.0512820512820513 0.2 0.0425531914893617
790 2 5 1 6 0.5 0.2 0.166666666666667
8002 22 4 0 26 0 0 0
8070 1 1 0 2 0 0 0
81 10 2 0 12 0 0 0
8121 19 2 1 20 0.0526315789473684 0.5 0.05
8195 28 4 2 30 0.0714285714285714 0.5 0.0666666666666667
8220 711 8 8 711 0.0112517580872011 1 0.0112517580872011
8237 10 3 0 13 0 0 0
8251 132 1 1 132 0.00757575757575758 1 0.00757575757575758
8256 1 1 1 1 1 1 1
8267 2 2 0 4 0 0 0
8319 30 5 2 33 0.0666666666666667 0.4 0.0606060606060606
8365 27 6 4 29 0.148148148148148 0.666666666666667 0.137931034482759
8419 16 2 1 17 0.0625 0.5 0.0588235294117647
8426 208 1 0 209 0 0 0
8447 74 15 5 84 0.0675675675675676 0.333333333333333 0.0595238095238095
8469 28 7 5 30 0.178571428571429 0.714285714285714 0.166666666666667
8472 50 8 3 55 0.06 0.375 0.0545454545454545
8501 31 5 5 31 0.161290322580645 1 0.161290322580645
8514 40 4 1 43 0.025 0.25 0.0232558139534884
8517 15 1 1 15 0.0666666666666667 1 0.0666666666666667
8554 7 1 1 7 0.142857142857143 1 0.142857142857143
8560 43 13 9 47 0.209302325581395 0.692307692307692 0.191489361702128
8565 7 1 0 8 0 0 0
8591 16 4 2 18 0.125 0.5 0.111111111111111
8657 54 4 2 56 0.037037037037037 0.5 0.0357142857142857
8664 18 5 0 23 0 0 0
8665 15 6 4 17 0.266666666666667 0.666666666666667 0.235294117647059
8674 39 1 1 39 0.0256410256410256 1 0.0256410256410256
8676 5 1 0 6 0 0 0
8708 130 8 5 133 0.0384615384615385 0.625 0.037593984962406
8728 1 1 1 1 1 1 1
8737 33 8 4 37 0.121212121212121 0.5 0.108108108108108
8758 7 4 1 10 0.142857142857143 0.25 0.1
8763 111 24 20 115 0.18018018018018 0.833333333333333 0.173913043478261
8767 20 4 3 21 0.15 0.75 0.142857142857143
8781 2 1 1 2 0.5 1 0.5
8823 5 2 2 5 0.4 1 0.4
8881 82 1 1 82 0.0121951219512195 1 0.0121951219512195
8903 17 7 1 23 0.0588235294117647 0.142857142857143 0.0434782608695652
8921 1 2 0 3 0 0 0
8925 3 1 0 4 0 0 0
8943 8 1 0 9 0 0 0
8954 20 16 5 31 0.25 0.3125 0.161290322580645
8966 25 1 1 25 0.04 1 0.04
8970 2 1 1 2 0.5 1 0.5
8973 3 1 0 4 0 0 0
8975 62 3 1 64 0.0161290322580645 0.333333333333333 0.015625
9044 74 1 1 74 0.0135135135135135 1 0.0135135135135135
9080 6 1 0 7 0 0 0
9112 4 5 2 7 0.5 0.4 0.285714285714286
9150 23 3 2 24 0.0869565217391304 0.666666666666667 0.0833333333333333
9153 32 1 1 32 0.03125 1 0.03125
9186 21 1 0 22 0 0 0
9196 5 1 0 6 0 0 0
9264 52 28 10 70 0.192307692307692 0.357142857142857 0.142857142857143
9270 33 8 4 37 0.121212121212121 0.5 0.108108108108108
9316 24 1 0 25 0 0 0
9407 1 4 1 4 1 0.25 0.25
9416 16 1 0 17 0 0 0
9505 43 2 1 44 0.0232558139534884 0.5 0.0227272727272727
9583 16 1 0 17 0 0 0
9595 6 4 2 8 0.333333333333333 0.5 0.25
9600 6 10 2 14 0.333333333333333 0.2 0.142857142857143
9607 8 3 0 11 0 0 0
9612 2 3 0 5 0 0 0
9619 2 2 2 2 1 1 1
9621 3 7 1 9 0.333333333333333 0.142857142857143 0.111111111111111
9622 8 1 1 8 0.125 1 0.125
9687 2 1 1 2 0.5 1 0.5
9701 3 1 0 4 0 0 0
9758 1 1 0 2 0 0 0
9821 4 1 1 4 0.25 1 0.25
9844 1 1 0 2 0 0 0
9995 3 1 1 3 0.333333333333333 1 0.333333333333333
