#ASN num_v4adj num_v6adj num_intersect(v4v6adj) num_union(adj) fr_v4(num_intersect/num_v4adj) fr_v6(num_intersect/num_v6adj) fr_intersect(num_intersect/num_union)
10013 2 2 1 3 0.5 0.5 0.333333333333333
10015 10 1 0 11 0 0 0
10021 15 1 1 15 0.0666666666666667 1 0.0666666666666667
10026 416 7 6 417 0.0144230769230769 0.857142857142857 0.0143884892086331
101 32 8 6 34 0.1875 0.75 0.176470588235294
10105 2 1 0 3 0 0 0
10148 1 2 1 2 1 0.5 0.5
102 3 1 1 3 0.333333333333333 1 0.333333333333333
10204 4 5 1 8 0.25 0.2 0.125
10217 23 1 1 23 0.0434782608695652 1 0.0434782608695652
10310 149 2 2 149 0.0134228187919463 1 0.0134228187919463
10318 3 1 0 4 0 0 0
10326 6 1 1 6 0.166666666666667 1 0.166666666666667
10343 2 1 1 2 0.5 1 0.5
10405 3 1 0 4 0 0 0
10429 81 2 2 81 0.0246913580246914 1 0.0246913580246914
10466 27 3 3 27 0.111111111111111 1 0.111111111111111
10490 33 6 5 34 0.151515151515152 0.833333333333333 0.147058823529412
10569 1 1 1 1 1 1 1
10578 25 5 5 25 0.2 1 0.2
10745 2 6 0 8 0 0 0
10778 6 1 1 6 0.166666666666667 1 0.166666666666667
10835 13 1 1 13 0.0769230769230769 1 0.0769230769230769
10848 29 1 1 29 0.0344827586206897 1 0.0344827586206897
10886 41 19 9 51 0.219512195121951 0.473684210526316 0.176470588235294
109 20 4 0 24 0 0 0
10996 5 1 1 5 0.2 1 0.2
1101 1 1 1 1 1 1 1
1103 193 68 64 197 0.33160621761658 0.941176470588235 0.3248730964467
11051 12 1 1 12 0.0833333333333333 1 0.0833333333333333
11096 34 1 1 34 0.0294117647058824 1 0.0294117647058824
111 2 2 1 3 0.5 0.5 0.333333333333333
11164 79 3 2 80 0.0253164556962025 0.666666666666667 0.025
11170 1 2 0 3 0 0 0
1120 20 4 3 21 0.15 0.75 0.142857142857143
1126 37 11 4 44 0.108108108108108 0.363636363636364 0.0909090909090909
11274 12 5 5 12 0.416666666666667 1 0.416666666666667
11279 3 1 1 3 0.333333333333333 1 0.333333333333333
11317 8 4 4 8 0.5 1 0.5
11340 8 1 1 8 0.125 1 0.125
1140 34 12 7 39 0.205882352941176 0.583333333333333 0.179487179487179
11457 9 1 0 10 0 0 0
11508 4 1 1 4 0.25 1 0.25
11537 124 57 49 132 0.395161290322581 0.859649122807018 0.371212121212121
11588 5 1 1 5 0.2 1 0.2
11590 8 1 0 9 0 0 0
11666 209 7 7 209 0.0334928229665072 1 0.0334928229665072
11686 45 2 2 45 0.0444444444444444 1 0.0444444444444444
11734 4 1 0 5 0 0 0
11830 5 1 0 6 0 0 0
11847 5 1 0 6 0 0 0
11960 5 4 4 5 0.8 1 0.8
12 5 1 1 5 0.2 1 0.2
1200 48 14 10 52 0.208333333333333 0.714285714285714 0.192307692307692
12008 33 2 2 33 0.0606060606060606 1 0.0606060606060606
12041 43 20 15 48 0.348837209302326 0.75 0.3125
12046 2 1 1 2 0.5 1 0.5
12111 27 2 2 27 0.0740740740740741 1 0.0740740740740741
1213 10 4 4 10 0.4 1 0.4
1221 126 2 0 128 0 0 0
1224 3 1 1 3 0.333333333333333 1 0.333333333333333
12287 2 1 1 2 0.5 1 0.5
12301 81 1 1 81 0.0123456790123457 1 0.0123456790123457
12306 86 16 13 89 0.151162790697674 0.8125 0.146067415730337
12312 60 16 14 62 0.233333333333333 0.875 0.225806451612903
12322 68 6 5 69 0.0735294117647059 0.833333333333333 0.072463768115942
12329 9 1 1 9 0.111111111111111 1 0.111111111111111
12335 9 1 1 9 0.111111111111111 1 0.111111111111111
12337 46 49 20 75 0.434782608695652 0.408163265306122 0.266666666666667
12347 5 2 2 5 0.4 1 0.4
12350 132 5 5 132 0.0378787878787879 1 0.0378787878787879
12353 6 2 2 6 0.333333333333333 1 0.333333333333333
12355 36 15 10 41 0.277777777777778 0.666666666666667 0.24390243902439
1237 35 4 2 37 0.0571428571428571 0.5 0.0540540540540541
12371 3 1 0 4 0 0 0
12374 4 1 1 4 0.25 1 0.25
12386 17 3 3 17 0.176470588235294 1 0.176470588235294
1239 1594 2 0 1596 0 0 0
12399 399 1 1 399 0.0025062656641604 1 0.0025062656641604
12401 15 3 2 16 0.133333333333333 0.666666666666667 0.125
12414 45 15 11 49 0.244444444444444 0.733333333333333 0.224489795918367
12466 2 2 1 3 0.5 0.5 0.333333333333333
1248 6 3 0 9 0 0 0
12496 45 2 1 46 0.0222222222222222 0.5 0.0217391304347826
12502 3 2 1 4 0.333333333333333 0.5 0.25
1251 11 2 2 11 0.181818181818182 1 0.181818181818182
12533 2 1 0 3 0 0 0
12552 87 1 1 87 0.0114942528735632 1 0.0114942528735632
12566 13 4 4 13 0.307692307692308 1 0.307692307692308
1257 109 54 25 138 0.229357798165138 0.462962962962963 0.181159420289855
12573 35 15 12 38 0.342857142857143 0.8 0.315789473684211
12611 44 21 14 51 0.318181818181818 0.666666666666667 0.274509803921569
12634 44 17 11 50 0.25 0.647058823529412 0.22
12637 69 25 22 72 0.318840579710145 0.88 0.305555555555556
12638 2 3 0 5 0 0 0
12654 47 19 10 56 0.212765957446809 0.526315789473684 0.178571428571429
12657 4 1 1 4 0.25 1 0.25
12684 4 3 2 5 0.5 0.666666666666667 0.4
12709 1 1 0 2 0 0 0
12714 64 1 1 64 0.015625 1 0.015625
1273 291 77 50 318 0.171821305841924 0.649350649350649 0.157232704402516
12731 114 20 15 119 0.131578947368421 0.75 0.126050420168067
12732 21 5 5 21 0.238095238095238 1 0.238095238095238
12757 3 1 1 3 0.333333333333333 1 0.333333333333333
12767 14 3 2 15 0.142857142857143 0.666666666666667 0.133333333333333
12769 4 1 1 4 0.25 1 0.25
12779 84 23 15 92 0.178571428571429 0.652173913043478 0.16304347826087
1280 105 41 31 115 0.295238095238095 0.75609756097561 0.269565217391304
12816 1 1 1 1 1 1 1
12817 3 2 2 3 0.666666666666667 1 0.666666666666667
12850 19 5 5 19 0.263157894736842 1 0.263157894736842
12853 2 2 1 3 0.5 0.5 0.333333333333333
12859 567 165 157 575 0.27689594356261 0.951515151515152 0.27304347826087
12871 33 20 11 42 0.333333333333333 0.55 0.261904761904762
12874 190 2 2 190 0.0105263157894737 1 0.0105263157894737
12895 9 1 1 9 0.111111111111111 1 0.111111111111111
12902 43 11 8 46 0.186046511627907 0.727272727272727 0.173913043478261
12931 5 3 2 6 0.4 0.666666666666667 0.333333333333333
12956 124 9 9 124 0.0725806451612903 1 0.0725806451612903
12968 147 15 10 152 0.0680272108843537 0.666666666666667 0.0657894736842105
12989 514 32 29 517 0.056420233463035 0.90625 0.0560928433268859
1299 567 54 51 570 0.0899470899470899 0.944444444444444 0.0894736842105263
13030 948 222 217 953 0.228902953586498 0.977477477477477 0.227701993704092
13039 5 1 1 5 0.2 1 0.2
13041 8 2 2 8 0.25 1 0.25
13049 29 1 1 29 0.0344827586206897 1 0.0344827586206897
13062 12 2 0 14 0 0 0
13092 3 1 1 3 0.333333333333333 1 0.333333333333333
131 3 1 1 3 0.333333333333333 1 0.333333333333333
13105 18 8 4 22 0.222222222222222 0.5 0.181818181818182
131075 1 1 1 1 1 1 1
13110 7 2 1 8 0.142857142857143 0.5 0.125
13115 4 2 2 4 0.5 1 0.5
1312 3 2 2 3 0.666666666666667 1 0.666666666666667
13132 22 13 11 24 0.5 0.846153846153846 0.458333333333333
13184 41 17 10 48 0.24390243902439 0.588235294117647 0.208333333333333
13189 30 5 5 30 0.166666666666667 1 0.166666666666667
13193 52 16 13 55 0.25 0.8125 0.236363636363636
13237 508 98 82 524 0.161417322834646 0.836734693877551 0.156488549618321
13243 5 1 1 5 0.2 1 0.2
13272 1 1 1 1 1 1 1
13284 17 8 5 20 0.294117647058824 0.625 0.25
13293 22 3 3 22 0.136363636363636 1 0.136363636363636
13301 30 3 2 31 0.0666666666666667 0.666666666666667 0.0645161290322581
13319 8 3 3 8 0.375 1 0.375
13448 6 1 1 6 0.166666666666667 1 0.166666666666667
13645 18 2 1 19 0.0555555555555556 0.5 0.0526315789473684
13657 10 1 1 10 0.1 1 0.1
13680 49 14 12 51 0.244897959183673 0.857142857142857 0.235294117647059
137 24 9 9 24 0.375 1 0.375
13714 2 1 1 2 0.5 1 0.5
13810 2 1 1 2 0.5 1 0.5
13855 4 1 0 5 0 0 0
13867 3 1 0 4 0 0 0
13901 2 1 1 2 0.5 1 0.5
13910 5 1 0 6 0 0 0
13911 3 1 0 4 0 0 0
14085 5 2 2 5 0.4 1 0.4
14234 3 1 1 3 0.333333333333333 1 0.333333333333333
14259 28 3 1 30 0.0357142857142857 0.333333333333333 0.0333333333333333
14262 3 2 2 3 0.666666666666667 1 0.666666666666667
14277 5 9 2 12 0.4 0.222222222222222 0.166666666666667
14325 11 2 2 11 0.181818181818182 1 0.181818181818182
14383 7 1 1 7 0.142857142857143 1 0.142857142857143
14589 22 6 5 23 0.227272727272727 0.833333333333333 0.217391304347826
14595 6 1 0 7 0 0 0
14650 1 1 0 2 0 0 0
14868 6 1 1 6 0.166666666666667 1 0.166666666666667
14907 3 3 2 4 0.666666666666667 0.666666666666667 0.5
15169 121 38 26 133 0.214876033057851 0.684210526315789 0.195488721804511
15189 4 1 1 4 0.25 1 0.25
15226 3 2 0 5 0 0 0
15373 2 1 1 2 0.5 1 0.5
15412 460 10 8 462 0.0173913043478261 0.8 0.0173160173160173
15444 263 20 13 270 0.0494296577946768 0.65 0.0481481481481481
15456 3 3 3 3 1 1 1
15469 1 1 0 2 0 0 0
15474 2 1 1 2 0.5 1 0.5
15480 1 1 1 1 1 1 1
15525 16 1 0 17 0 0 0
15557 132 1 1 132 0.00757575757575758 1 0.00757575757575758
15589 37 14 5 46 0.135135135135135 0.357142857142857 0.108695652173913
15598 139 30 25 144 0.179856115107914 0.833333333333333 0.173611111111111
15600 54 10 9 55 0.166666666666667 0.9 0.163636363636364
15623 36 4 3 37 0.0833333333333333 0.75 0.0810810810810811
15685 34 12 9 37 0.264705882352941 0.75 0.243243243243243
15694 74 1 1 74 0.0135135135135135 1 0.0135135135135135
15696 3 1 0 4 0 0 0
15725 2 2 1 3 0.5 0.5 0.333333333333333
15726 2 1 1 2 0.5 1 0.5
15744 11 1 1 11 0.0909090909090909 1 0.0909090909090909
15782 16 3 3 16 0.1875 1 0.1875
15798 2 1 0 3 0 0 0
15805 23 7 6 24 0.260869565217391 0.857142857142857 0.25
15830 123 1 0 124 0 0 0
15879 50 17 13 54 0.26 0.764705882352941 0.240740740740741
15919 9 1 1 9 0.111111111111111 1 0.111111111111111
16004 15 6 5 16 0.333333333333333 0.833333333333333 0.3125
16016 20 1 1 20 0.05 1 0.05
16030 53 12 7 58 0.132075471698113 0.583333333333333 0.120689655172414
16034 20 7 4 23 0.2 0.571428571428571 0.173913043478261
16065 5 1 1 5 0.2 1 0.2
16086 31 21 11 41 0.354838709677419 0.523809523809524 0.268292682926829
16097 48 4 3 49 0.0625 0.75 0.0612244897959184
16117 3 1 1 3 0.333333333333333 1 0.333333333333333
16128 17 4 3 18 0.176470588235294 0.75 0.166666666666667
16131 43 18 11 50 0.255813953488372 0.611111111111111 0.22
16150 243 13 11 245 0.0452674897119342 0.846153846153846 0.0448979591836735
16178 6 1 0 7 0 0 0
16186 49 2 1 50 0.0204081632653061 0.5 0.02
16206 14 2 0 16 0 0 0
16210 6 3 3 6 0.5 1 0.5
16215 17 4 4 17 0.235294117647059 1 0.235294117647059
16237 37 8 4 41 0.108108108108108 0.5 0.0975609756097561
16242 7 1 1 7 0.142857142857143 1 0.142857142857143
16243 231 11 11 231 0.0476190476190476 1 0.0476190476190476
16245 25 4 3 26 0.12 0.75 0.115384615384615
16246 6 4 3 7 0.5 0.75 0.428571428571429
16265 84 22 17 89 0.202380952380952 0.772727272727273 0.191011235955056
16276 88 2 2 88 0.0227272727272727 1 0.0227272727272727
16316 5 4 2 7 0.4 0.5 0.285714285714286
16347 9 1 1 9 0.111111111111111 1 0.111111111111111
16471 3 1 1 3 0.333333333333333 1 0.333333333333333
1653 28 3 2 29 0.0714285714285714 0.666666666666667 0.0689655172413793
1659 11 3 2 12 0.181818181818182 0.666666666666667 0.166666666666667
16668 7 4 2 9 0.285714285714286 0.5 0.222222222222222
16724 5 1 1 5 0.2 1 0.2
16807 4 2 0 6 0 0 0
16838 11 1 0 12 0 0 0
16942 2 1 1 2 0.5 1 0.5
16993 2 1 0 3 0 0 0
1706 4 1 1 4 0.25 1 0.25
17061 2 1 0 3 0 0 0
17204 2 1 0 3 0 0 0
17263 10 1 0 11 0 0 0
1741 10 4 3 11 0.3 0.75 0.272727272727273
17412 5 1 0 6 0 0 0
17435 2 2 0 4 0 0 0
17511 13 2 0 15 0 0 0
17529 7 1 1 7 0.142857142857143 1 0.142857142857143
17554 11 3 3 11 0.272727272727273 1 0.272727272727273
17579 14 13 9 18 0.642857142857143 0.692307692307692 0.5
1759 26 1 1 26 0.0384615384615385 1 0.0384615384615385
1764 45 10 8 47 0.177777777777778 0.8 0.170212765957447
17660 27 7 7 27 0.259259259259259 1 0.259259259259259
17676 38 3 2 39 0.0526315789473684 0.666666666666667 0.0512820512820513
17707 6 2 1 7 0.166666666666667 0.5 0.142857142857143
17709 13 1 0 14 0 0 0
17727 7 1 1 7 0.142857142857143 1 0.142857142857143
17741 3 2 1 4 0.333333333333333 0.5 0.25
17832 1 3 0 4 0 0 0
17920 6 1 1 6 0.166666666666667 1 0.166666666666667
17934 2 2 2 2 1 1 1
17955 3 2 1 4 0.333333333333333 0.5 0.25
1797 3 4 3 4 1 0.75 0.75
1798 3 3 0 6 0 0 0
17990 5 1 1 5 0.2 1 0.2
18007 1 2 0 3 0 0 0
18059 17 1 0 18 0 0 0
18070 3 1 1 3 0.333333333333333 1 0.333333333333333
18084 1 23 1 23 1 0.0434782608695652 0.0434782608695652
18119 3 2 0 5 0 0 0
18126 3 1 0 4 0 0 0
18146 3 3 0 6 0 0 0
18149 4 3 3 4 0.75 1 0.75
18182 4 1 0 5 0 0 0
18185 4 2 1 5 0.25 0.5 0.2
18203 3 2 1 4 0.333333333333333 0.5 0.25
18206 2 3 1 4 0.5 0.333333333333333 0.25
18218 2 1 1 2 0.5 1 0.5
18266 2 1 0 3 0 0 0
18344 1 2 0 3 0 0 0
1835 10 2 2 10 0.2 1 0.2
1836 63 10 9 64 0.142857142857143 0.9 0.140625
18366 2 3 1 4 0.5 0.333333333333333 0.25
18369 1 1 0 2 0 0 0
18422 4 1 1 4 0.25 1 0.25
18508 9 4 3 10 0.333333333333333 0.75 0.3
1853 120 28 27 121 0.225 0.964285714285714 0.223140495867769
18592 24 10 6 28 0.25 0.6 0.214285714285714
18666 3 2 0 5 0 0 0
18750 2 1 1 2 0.5 1 0.5
1880 17 5 3 19 0.176470588235294 0.6 0.157894736842105
1881 1 1 1 1 1 1 1
1887 7 1 1 7 0.142857142857143 1 0.142857142857143
1901 39 1 1 39 0.0256410256410256 1 0.0256410256410256
19021 3 2 1 4 0.333333333333333 0.5 0.25
19073 3 1 0 4 0 0 0
19151 856 186 178 864 0.207943925233645 0.956989247311828 0.206018518518519
1916 104 12 11 105 0.105769230769231 0.916666666666667 0.104761904761905
19192 2 2 2 2 1 1 1
19255 8 8 5 11 0.625 0.625 0.454545454545455
1930 21 8 7 22 0.333333333333333 0.875 0.318181818181818
19401 46 11 11 46 0.239130434782609 1 0.239130434782609
195 7 3 1 9 0.142857142857143 0.333333333333333 0.111111111111111
1955 11 3 3 11 0.272727272727273 1 0.272727272727273
19557 4 1 0 5 0 0 0
19624 3 1 1 3 0.333333333333333 1 0.333333333333333
19782 18 2 2 18 0.111111111111111 1 0.111111111111111
19783 2 1 0 3 0 0 0
19866 2 1 1 2 0.5 1 0.5
19916 6 1 0 7 0 0 0
20080 16 4 4 16 0.25 1 0.25
20144 33 5 5 33 0.151515151515152 1 0.151515151515152
2018 4 1 1 4 0.25 1 0.25
20308 1 1 1 1 1 1 1
20312 9 4 3 10 0.333333333333333 0.75 0.3
2042 17 3 2 18 0.117647058823529 0.666666666666667 0.111111111111111
20436 3 1 0 4 0 0 0
20473 25 2 1 26 0.04 0.5 0.0384615384615385
20495 64 9 7 66 0.109375 0.777777777777778 0.106060606060606
20507 40 2 1 41 0.025 0.5 0.024390243902439
20547 34 5 3 36 0.0882352941176471 0.6 0.0833333333333333
20555 4 2 2 4 0.5 1 0.5
20569 10 3 3 10 0.3 1 0.3
20570 4 1 1 4 0.25 1 0.25
20597 2 1 1 2 0.5 1 0.5
20608 3 2 0 5 0 0 0
20612 3 1 0 4 0 0 0
20621 3 1 1 3 0.333333333333333 1 0.333333333333333
20633 24 14 9 29 0.375 0.642857142857143 0.310344827586207
20634 39 1 1 39 0.0256410256410256 1 0.0256410256410256
20640 247 86 74 259 0.299595141700405 0.86046511627907 0.285714285714286
20650 6 1 1 6 0.166666666666667 1 0.166666666666667
20704 21 5 5 21 0.238095238095238 1 0.238095238095238
20707 2 1 1 2 0.5 1 0.5
20712 13 6 5 14 0.384615384615385 0.833333333333333 0.357142857142857
20718 29 13 3 39 0.103448275862069 0.230769230769231 0.0769230769230769
20766 14 1 1 14 0.0714285714285714 1 0.0714285714285714
20773 30 12 9 33 0.3 0.75 0.272727272727273
20783 5 2 0 7 0 0 0
20847 34 18 12 40 0.352941176470588 0.666666666666667 0.3
209 1446 7 6 1447 0.004149377593361 0.857142857142857 0.00414651002073255
20912 8 7 3 12 0.375 0.428571428571429 0.25
20932 325 13 11 327 0.0338461538461538 0.846153846153846 0.0336391437308868
20953 28 1 1 28 0.0357142857142857 1 0.0357142857142857
20965 49 41 41 49 0.836734693877551 1 0.836734693877551
210 10 1 1 10 0.1 1 0.1
21011 97 16 14 99 0.144329896907216 0.875 0.141414141414141
21017 2 1 1 2 0.5 1 0.5
21042 3 1 1 3 0.333333333333333 1 0.333333333333333
21055 39 8 6 41 0.153846153846154 0.75 0.146341463414634
2107 1 1 1 1 1 1 1
2108 1 1 1 1 1 1 1
2110 46 2 0 48 0 0 0
21155 44 16 11 49 0.25 0.6875 0.224489795918367
2116 27 5 5 27 0.185185185185185 1 0.185185185185185
21221 39 12 5 46 0.128205128205128 0.416666666666667 0.108695652173913
21263 36 15 11 40 0.305555555555556 0.733333333333333 0.275
2128 3 1 1 3 0.333333333333333 1 0.333333333333333
21320 6 1 1 6 0.166666666666667 1 0.166666666666667
21371 44 10 9 45 0.204545454545455 0.9 0.2
21385 90 23 17 96 0.188888888888889 0.739130434782609 0.177083333333333
21392 42 10 7 45 0.166666666666667 0.7 0.155555555555556
21396 32 11 8 35 0.25 0.727272727272727 0.228571428571429
21409 48 1 0 49 0 0 0
21414 78 1 1 78 0.0128205128205128 1 0.0128205128205128
21435 7 2 2 7 0.285714285714286 1 0.285714285714286
21497 11 1 1 11 0.0909090909090909 1 0.0909090909090909
21513 10 4 4 10 0.4 1 0.4
2152 92 2 2 92 0.0217391304347826 1 0.0217391304347826
2153 40 16 15 41 0.375 0.9375 0.365853658536585
21548 26 1 1 26 0.0384615384615385 1 0.0384615384615385
21719 4 1 0 5 0 0 0
21737 7 1 0 8 0 0 0
21844 20 2 2 20 0.1 1 0.1
21947 30 4 4 30 0.133333333333333 1 0.133333333333333
21976 21 2 2 21 0.0952380952380952 1 0.0952380952380952
2200 43 6 4 45 0.0930232558139535 0.666666666666667 0.0888888888888889
22132 2 2 0 4 0 0 0
22166 2 1 0 3 0 0 0
22192 2 1 1 2 0.5 1 0.5
22284 8 1 0 9 0 0 0
22302 7 1 1 7 0.142857142857143 1 0.142857142857143
22335 27 2 2 27 0.0740740740740741 1 0.0740740740740741
22356 37 1 1 37 0.027027027027027 1 0.027027027027027
22388 9 7 7 9 0.777777777777778 1 0.777777777777778
224 5 1 1 5 0.2 1 0.2
22404 2 1 0 3 0 0 0
22438 2 2 1 3 0.5 0.5 0.333333333333333
225 2 1 1 2 0.5 1 0.5
22548 12 4 4 12 0.333333333333333 1 0.333333333333333
226 32 3 3 32 0.09375 1 0.09375
22767 1 1 1 1 1 1 1
22773 266 1 1 266 0.0037593984962406 1 0.0037593984962406
22779 2 1 1 2 0.5 1 0.5
22822 152 1 1 152 0.00657894736842105 1 0.00657894736842105
22829 20 3 3 20 0.15 1 0.15
23028 4 2 0 6 0 0 0
23148 274 2 2 274 0.0072992700729927 1 0.0072992700729927
23342 50 9 9 50 0.18 1 0.18
23352 32 3 3 32 0.09375 1 0.09375
23456 26 4 2 28 0.0769230769230769 0.5 0.0714285714285714
23473 1 1 0 2 0 0 0
23504 29 8 4 33 0.137931034482759 0.5 0.121212121212121
23541 11 1 0 12 0 0 0
23577 3 1 0 4 0 0 0
23596 3 3 3 3 1 1 1
23600 3 1 1 3 0.333333333333333 1 0.333333333333333
23624 2 1 1 2 0.5 1 0.5
23634 4 4 3 5 0.75 0.75 0.6
23637 2 1 0 3 0 0 0
23654 1 1 1 1 1 1 1
23655 20 1 0 21 0 0 0
237 31 1 1 31 0.032258064516129 1 0.032258064516129
23709 3 2 2 3 0.666666666666667 1 0.666666666666667
23754 4 1 0 5 0 0 0
23774 4 3 2 5 0.5 0.666666666666667 0.4
2381 22 4 4 22 0.181818181818182 1 0.181818181818182
23816 5 1 1 5 0.2 1 0.2
23836 1 1 1 1 1 1 1
23869 2 1 0 3 0 0 0
23889 3 1 1 3 0.333333333333333 1 0.333333333333333
23896 1 1 0 2 0 0 0
23902 2 3 0 5 0 0 0
23910 3 3 1 5 0.333333333333333 0.333333333333333 0.2
23911 8 17 5 20 0.625 0.294117647058824 0.25
23912 1 1 0 2 0 0 0
23930 27 1 0 28 0 0 0
23966 3 1 0 4 0 0 0
24 11 8 5 14 0.454545454545455 0.625 0.357142857142857
24005 4 2 0 6 0 0 0
24047 4 2 2 4 0.5 1 0.5
24066 2 1 0 3 0 0 0
24129 5 3 2 6 0.4 0.666666666666667 0.333333333333333
24130 14 2 2 14 0.142857142857143 1 0.142857142857143
24151 10 3 1 12 0.1 0.333333333333333 0.0833333333333333
24175 3 1 1 3 0.333333333333333 1 0.333333333333333
24211 1 1 1 1 1 1 1
24218 19 2 0 21 0 0 0
24220 6 1 1 6 0.166666666666667 1 0.166666666666667
24226 3 2 0 5 0 0 0
24227 2 1 0 3 0 0 0
24229 4 1 1 4 0.25 1 0.25
24238 7 4 2 9 0.285714285714286 0.5 0.222222222222222
24287 4 4 4 4 1 1 1
24311 1 1 0 2 0 0 0
24326 15 1 1 15 0.0666666666666667 1 0.0666666666666667
24334 2 1 1 2 0.5 1 0.5
24390 2 1 1 2 0.5 1 0.5
24424 2 1 0 3 0 0 0
24433 1 1 1 1 1 1 1
24437 1 1 1 1 1 1 1
24475 3 3 3 3 1 1 1
24489 9 8 7 10 0.777777777777778 0.875 0.7
24490 10 8 8 10 0.8 1 0.8
24514 6 2 2 6 0.333333333333333 1 0.333333333333333
24541 2 3 1 4 0.5 0.333333333333333 0.25
24557 6 1 1 6 0.166666666666667 1 0.166666666666667
24586 32 11 5 38 0.15625 0.454545454545455 0.131578947368421
24594 21 6 4 23 0.19047619047619 0.666666666666667 0.173913043478261
24638 17 1 1 17 0.0588235294117647 1 0.0588235294117647
24642 34 4 4 34 0.117647058823529 1 0.117647058823529
24679 28 13 6 35 0.214285714285714 0.461538461538462 0.171428571428571
24724 127 22 18 131 0.141732283464567 0.818181818181818 0.137404580152672
24730 57 1 1 57 0.0175438596491228 1 0.0175438596491228
24776 6 3 1 8 0.166666666666667 0.333333333333333 0.125
24785 104 9 7 106 0.0673076923076923 0.777777777777778 0.0660377358490566
24796 5 2 2 5 0.4 1 0.4
24835 11 1 1 11 0.0909090909090909 1 0.0909090909090909
24863 20 3 3 20 0.15 1 0.15
24875 235 20 17 238 0.0723404255319149 0.85 0.0714285714285714
24889 8 4 3 9 0.375 0.75 0.333333333333333
24900 1 1 1 1 1 1 1
24940 30 13 11 32 0.366666666666667 0.846153846153846 0.34375
2495 11 1 1 11 0.0909090909090909 1 0.0909090909090909
24963 56 9 8 57 0.142857142857143 0.888888888888889 0.140350877192982
2497 239 58 45 252 0.188284518828452 0.775862068965517 0.178571428571429
24971 21 5 4 22 0.19047619047619 0.8 0.181818181818182
24973 5 2 0 7 0 0 0
25 2 1 1 2 0.5 1 0.5
250 5 2 1 6 0.2 0.5 0.166666666666667
2500 31 30 16 45 0.516129032258065 0.533333333333333 0.355555555555556
2506 2 1 1 2 0.5 1 0.5
25061 37 5 5 37 0.135135135135135 1 0.135135135135135
2510 17 3 2 18 0.117647058823529 0.666666666666667 0.111111111111111
25137 13 4 4 13 0.307692307692308 1 0.307692307692308
2514 13 1 1 13 0.0769230769230769 1 0.0769230769230769
25148 7 1 1 7 0.142857142857143 1 0.142857142857143
2515 5 1 0 6 0 0 0
25152 67 13 9 71 0.134328358208955 0.692307692307692 0.126760563380282
2516 331 37 33 335 0.0996978851963746 0.891891891891892 0.0985074626865672
25164 2 1 1 2 0.5 1 0.5
2518 10 3 3 10 0.3 1 0.3
25182 33 9 6 36 0.181818181818182 0.666666666666667 0.166666666666667
2519 26 5 4 27 0.153846153846154 0.8 0.148148148148148
25192 28 12 10 30 0.357142857142857 0.833333333333333 0.333333333333333
25223 3 1 0 4 0 0 0
25234 5 3 2 6 0.4 0.666666666666667 0.333333333333333
2527 9 3 1 11 0.111111111111111 0.333333333333333 0.0909090909090909
25279 17 5 5 17 0.294117647058824 1 0.294117647058824
25295 2 1 1 2 0.5 1 0.5
25358 12 11 4 19 0.333333333333333 0.363636363636364 0.210526315789474
25384 8 2 1 9 0.125 0.5 0.111111111111111
25409 2 1 1 2 0.5 1 0.5
25415 4 1 1 4 0.25 1 0.25
25441 12 1 1 12 0.0833333333333333 1 0.0833333333333333
25466 32 11 9 34 0.28125 0.818181818181818 0.264705882352941
25473 4 1 1 4 0.25 1 0.25
2549 3 1 0 4 0 0 0
25512 26 3 3 26 0.115384615384615 1 0.115384615384615
25525 57 11 10 58 0.175438596491228 0.909090909090909 0.172413793103448
25538 2 1 0 3 0 0 0
25560 279 81 73 287 0.261648745519713 0.901234567901235 0.254355400696864
25563 3 1 1 3 0.333333333333333 1 0.333333333333333
25588 20 6 2 24 0.1 0.333333333333333 0.0833333333333333
25596 40 10 7 43 0.175 0.7 0.162790697674419
2561 3 2 2 3 0.666666666666667 1 0.666666666666667
2572 7 1 1 7 0.142857142857143 1 0.142857142857143
2576 2 1 1 2 0.5 1 0.5
25795 2 1 1 2 0.5 1 0.5
25818 21 5 2 24 0.0952380952380952 0.4 0.0833333333333333
25829 2 1 1 2 0.5 1 0.5
2586 11 1 1 11 0.0909090909090909 1 0.0909090909090909
25933 2 2 0 4 0 0 0
2594 4 1 0 5 0 0 0
2595 1 1 0 2 0 0 0
2602 4 3 3 4 0.75 1 0.75
2603 112 28 21 119 0.1875 0.75 0.176470588235294
2607 27 8 5 30 0.185185185185185 0.625 0.166666666666667
2609 2 1 0 3 0 0 0
2611 57 10 9 58 0.157894736842105 0.9 0.155172413793103
2614 14 1 1 14 0.0714285714285714 1 0.0714285714285714
2637 3 1 1 3 0.333333333333333 1 0.333333333333333
26415 48 8 1 55 0.0208333333333333 0.125 0.0181818181818182
26496 6 1 1 6 0.166666666666667 1 0.166666666666667
26610 2 1 1 2 0.5 1 0.5
26622 7 1 1 7 0.142857142857143 1 0.142857142857143
26773 11 4 4 11 0.363636363636364 1 0.363636363636364
26785 3 2 1 4 0.333333333333333 0.5 0.25
26943 219 12 10 221 0.045662100456621 0.833333333333333 0.0452488687782805
2697 7 2 2 7 0.285714285714286 1 0.285714285714286
26978 15 2 0 17 0 0 0
2698 6 2 2 6 0.333333333333333 1 0.333333333333333
27 2 1 1 2 0.5 1 0.5
2714 1 1 1 1 1 1 1
2716 3 1 1 3 0.333333333333333 1 0.333333333333333
27319 26 5 5 26 0.192307692307692 1 0.192307692307692
27400 3 1 1 3 0.333333333333333 1 0.333333333333333
27446 4 1 0 5 0 0 0
27524 52 4 3 53 0.0576923076923077 0.75 0.0566037735849057
27552 8 1 1 8 0.125 1 0.125
27589 11 1 1 11 0.0909090909090909 1 0.0909090909090909
27630 4 1 1 4 0.25 1 0.25
27664 51 3 3 51 0.0588235294117647 1 0.0588235294117647
27678 7 1 0 8 0 0 0
27725 1 1 1 1 1 1 1
27750 19 16 16 19 0.842105263157895 1 0.842105263157895
278 9 7 1 15 0.111111111111111 0.142857142857143 0.0666666666666667
27807 12 4 4 12 0.333333333333333 1 0.333333333333333
27817 5 1 1 5 0.2 1 0.2
27841 5 1 1 5 0.2 1 0.2
27924 3 1 1 3 0.333333333333333 1 0.333333333333333
27929 4 2 2 4 0.5 1 0.5
27933 3 1 1 3 0.333333333333333 1 0.333333333333333
28000 1 1 1 1 1 1 1
2819 31 3 2 32 0.0645161290322581 0.666666666666667 0.0625
2828 779 11 10 780 0.0128369704749679 0.909090909090909 0.0128205128205128
28289 3 1 0 4 0 0 0
28324 1 1 0 2 0 0 0
2847 4 3 3 4 0.75 1 0.75
2848 15 1 1 15 0.0666666666666667 1 0.0666666666666667
28497 1 1 1 1 1 1 1
28499 3 1 0 4 0 0 0
28511 5 2 1 6 0.2 0.5 0.166666666666667
2852 73 10 9 74 0.123287671232877 0.9 0.121621621621622
2857 177 30 28 179 0.15819209039548 0.933333333333333 0.156424581005587
286 342 111 63 390 0.184210526315789 0.567567567567568 0.161538461538462
28618 5 2 1 6 0.2 0.5 0.166666666666667
28677 2 1 1 2 0.5 1 0.5
28678 2 1 1 2 0.5 1 0.5
28697 7 1 0 8 0 0 0
28716 57 1 1 57 0.0175438596491228 1 0.0175438596491228
28717 16 3 3 16 0.1875 1 0.1875
28725 3 2 1 4 0.333333333333333 0.5 0.25
28753 46 13 9 50 0.195652173913043 0.692307692307692 0.18
28788 50 11 9 52 0.18 0.818181818181818 0.173076923076923
28824 2 1 0 3 0 0 0
28855 9 4 4 9 0.444444444444444 1 0.444444444444444
28857 9 4 4 9 0.444444444444444 1 0.444444444444444
28878 46 14 11 49 0.239130434782609 0.785714285714286 0.224489795918367
28929 69 10 9 70 0.130434782608696 0.9 0.128571428571429
2895 225 2 1 226 0.00444444444444444 0.5 0.00442477876106195
29003 4 1 1 4 0.25 1 0.25
29009 29 9 6 32 0.206896551724138 0.666666666666667 0.1875
2905 29 2 0 31 0 0 0
29066 35 12 8 39 0.228571428571429 0.666666666666667 0.205128205128205
2907 80 5 5 80 0.0625 1 0.0625
29113 66 12 11 67 0.166666666666667 0.916666666666667 0.164179104477612
29134 9 4 4 9 0.444444444444444 1 0.444444444444444
2914 650 193 131 712 0.201538461538462 0.678756476683938 0.183988764044944
29147 1 1 1 1 1 1 1
29208 449 156 112 493 0.249443207126949 0.717948717948718 0.227180527383367
29216 1 1 1 1 1 1 1
29222 46 3 3 46 0.0652173913043478 1 0.0652173913043478
29243 2 2 2 2 1 1 1
29259 6 2 2 6 0.333333333333333 1 0.333333333333333
293 138 18 16 140 0.115942028985507 0.888888888888889 0.114285714285714
29317 2 2 2 2 1 1 1
29372 1 2 0 3 0 0 0
29396 39 4 4 39 0.102564102564103 1 0.102564102564103
29405 13 2 2 13 0.153846153846154 1 0.153846153846154
29422 22 4 3 23 0.136363636363636 0.75 0.130434782608696
29449 45 19 11 53 0.244444444444444 0.578947368421053 0.207547169811321
29452 22 6 6 22 0.272727272727273 1 0.272727272727273
29488 2 2 2 2 1 1 1
29527 37 11 8 40 0.216216216216216 0.727272727272727 0.2
29542 4 1 1 4 0.25 1 0.25
29608 16 5 5 16 0.3125 1 0.3125
29611 25 9 6 28 0.24 0.666666666666667 0.214285714285714
29632 45 15 9 51 0.2 0.6 0.176470588235294
29636 222 40 40 222 0.18018018018018 1 0.18018018018018
29651 12 3 2 13 0.166666666666667 0.666666666666667 0.153846153846154
29655 7 2 2 7 0.285714285714286 1 0.285714285714286
29668 31 1 1 31 0.032258064516129 1 0.032258064516129
29670 10 2 2 10 0.2 1 0.2
29671 3 1 1 3 0.333333333333333 1 0.333333333333333
29686 311 108 95 324 0.305466237942122 0.87962962962963 0.29320987654321
29748 25 7 4 28 0.16 0.571428571428571 0.142857142857143
29791 199 2 1 200 0.0050251256281407 0.5 0.005
29838 33 6 5 34 0.151515151515152 0.833333333333333 0.147058823529412
29877 8 2 1 9 0.125 0.5 0.111111111111111
29904 1 1 1 1 1 1 1
3 7 1 0 8 0 0 0
30058 5 1 1 5 0.2 1 0.2
30059 3 3 2 4 0.666666666666667 0.666666666666667 0.5
30071 9 93 5 97 0.555555555555556 0.0537634408602151 0.0515463917525773
30128 3 2 1 4 0.333333333333333 0.5 0.25
30129 3 2 2 3 0.666666666666667 1 0.666666666666667
30132 28 48 15 61 0.535714285714286 0.3125 0.245901639344262
30217 5 1 1 5 0.2 1 0.2
30225 1 1 0 2 0 0 0
30340 21 1 1 21 0.0476190476190476 1 0.0476190476190476
30374 2 1 0 3 0 0 0
30528 8 3 3 8 0.375 1 0.375
30653 27 10 7 30 0.259259259259259 0.7 0.233333333333333
30700 4 2 2 4 0.5 1 0.5
30708 1 1 1 1 1 1 1
30781 40 12 11 41 0.275 0.916666666666667 0.268292682926829
30795 3 2 2 3 0.666666666666667 1 0.666666666666667
30833 11 2 1 12 0.0909090909090909 0.5 0.0833333333333333
30834 11 3 3 11 0.272727272727273 1 0.272727272727273
30844 249 5 4 250 0.0160642570281124 0.8 0.016
30880 10 2 2 10 0.2 1 0.2
30890 329 14 13 330 0.0395136778115502 0.928571428571429 0.0393939393939394
30925 2 1 1 2 0.5 1 0.5
30971 7 3 3 7 0.428571428571429 1 0.428571428571429
30975 5 2 0 7 0 0 0
31078 5 2 1 6 0.2 0.5 0.166666666666667
31103 23 14 9 28 0.391304347826087 0.642857142857143 0.321428571428571
31117 11 4 3 12 0.272727272727273 0.75 0.25
31127 1 2 0 3 0 0 0
31229 4 1 1 4 0.25 1 0.25
31252 21 3 3 21 0.142857142857143 1 0.142857142857143
31261 19 1 0 20 0 0 0
31265 1 1 1 1 1 1 1
31283 146 2 2 146 0.0136986301369863 1 0.0136986301369863
3130 1037 2 2 1037 0.00192864030858245 1 0.00192864030858245
31333 11 5 5 11 0.454545454545455 1 0.454545454545455
3134 2 1 1 2 0.5 1 0.5
31383 23 9 5 27 0.217391304347826 0.555555555555556 0.185185185185185
3140 1 1 1 1 1 1 1
31400 12 1 1 12 0.0833333333333333 1 0.0833333333333333
31424 16 3 3 16 0.1875 1 0.1875
31442 2 1 0 3 0 0 0
31458 48 9 8 49 0.166666666666667 0.888888888888889 0.163265306122449
31477 199 2 2 199 0.0100502512562814 1 0.0100502512562814
31479 4 1 1 4 0.25 1 0.25
31513 4 1 1 4 0.25 1 0.25
31529 53 14 12 55 0.226415094339623 0.857142857142857 0.218181818181818
31615 2 1 0 3 0 0 0
31677 3 2 0 5 0 0 0
31708 21 11 8 24 0.380952380952381 0.727272727272727 0.333333333333333
31985 7 1 0 8 0 0 0
32034 5 3 3 5 0.6 1 0.6
3212 24 1 1 24 0.0416666666666667 1 0.0416666666666667
3213 38 10 8 40 0.210526315789474 0.8 0.2
3221 1 1 1 1 1 1 1
32329 3 1 1 3 0.333333333333333 1 0.333333333333333
32335 3 1 1 3 0.333333333333333 1 0.333333333333333
32346 1 2 1 2 1 0.5 0.5
32354 17 6 5 18 0.294117647058824 0.833333333333333 0.277777777777778
32361 7 2 1 8 0.142857142857143 0.5 0.125
3243 16 4 2 18 0.125 0.5 0.111111111111111
32440 23 1 1 23 0.0434782608695652 1 0.0434782608695652
3248 60 26 19 67 0.316666666666667 0.730769230769231 0.283582089552239
3249 55 12 9 58 0.163636363636364 0.75 0.155172413793103
3257 526 235 122 639 0.231939163498099 0.519148936170213 0.190923317683881
32592 16 3 3 16 0.1875 1 0.1875
3261 27 1 1 27 0.037037037037037 1 0.037037037037037
3265 43 16 10 49 0.232558139534884 0.625 0.204081632653061
3267 347 8 7 348 0.0201729106628242 0.875 0.0201149425287356
3269 114 1 1 114 0.0087719298245614 1 0.0087719298245614
32748 8 2 1 9 0.125 0.5 0.111111111111111
3277 51 1 1 51 0.0196078431372549 1 0.0196078431372549
32825 3 1 0 4 0 0 0
32890 3 1 0 4 0 0 0
32915 4 1 0 5 0 0 0
3292 412 19 18 413 0.0436893203883495 0.947368421052632 0.0435835351089588
32978 2 1 1 2 0.5 1 0.5
33 6 1 0 7 0 0 0
3301 63 5 3 65 0.0476190476190476 0.6 0.0461538461538462
3303 487 23 20 490 0.0410677618069815 0.869565217391304 0.0408163265306122
33071 7 2 2 7 0.285714285714286 1 0.285714285714286
33073 6 1 1 6 0.166666666666667 1 0.166666666666667
33080 2 1 1 2 0.5 1 0.5
33189 9 1 1 9 0.111111111111111 1 0.111111111111111
3320 522 18 12 528 0.0229885057471264 0.666666666666667 0.0227272727272727
3327 109 26 19 116 0.174311926605505 0.730769230769231 0.163793103448276
3333 165 4 2 167 0.0121212121212121 0.5 0.0119760479041916
33437 1 11 0 12 0 0 0
3344 8 5 2 11 0.25 0.4 0.181818181818182
33517 9 2 2 9 0.222222222222222 1 0.222222222222222
3352 72 3 1 74 0.0138888888888889 0.333333333333333 0.0135135135135135
3356 2316 75 65 2326 0.0280656303972366 0.866666666666667 0.027944969905417
33597 23 1 1 23 0.0434782608695652 1 0.0434782608695652
3363 3 1 1 3 0.333333333333333 1 0.333333333333333
33789 2 2 2 2 1 1 1
33843 44 19 14 49 0.318181818181818 0.736842105263158 0.285714285714286
33868 5 1 1 5 0.2 1 0.2
33876 1 1 1 1 1 1 1
33885 12 2 2 12 0.166666666666667 1 0.166666666666667
33891 44 17 14 47 0.318181818181818 0.823529411764706 0.297872340425532
33926 52 4 3 53 0.0576923076923077 0.75 0.0566037735849057
33930 2 1 0 3 0 0 0
34019 8 3 3 8 0.375 1 0.375
34021 8 3 2 9 0.25 0.666666666666667 0.222222222222222
34080 6 2 2 6 0.333333333333333 1 0.333333333333333
34081 3 2 2 3 0.666666666666667 1 0.666666666666667
34109 4 1 1 4 0.25 1 0.25
34141 29 1 1 29 0.0344827586206897 1 0.0344827586206897
34146 15 2 2 15 0.133333333333333 1 0.133333333333333
34225 43 4 3 44 0.0697674418604651 0.75 0.0681818181818182
34244 5 3 3 5 0.6 1 0.6
34270 38 3 3 38 0.0789473684210526 1 0.0789473684210526
34288 6 2 1 7 0.166666666666667 0.5 0.142857142857143
34305 72 6 5 73 0.0694444444444444 0.833333333333333 0.0684931506849315
34309 49 102 26 125 0.530612244897959 0.254901960784314 0.208
34313 24 5 5 24 0.208333333333333 1 0.208333333333333
34372 4 1 1 4 0.25 1 0.25
34419 64 10 8 66 0.125 0.8 0.121212121212121
34427 3 1 1 3 0.333333333333333 1 0.333333333333333
34505 3 2 2 3 0.666666666666667 1 0.666666666666667
34549 8 4 2 10 0.25 0.5 0.2
34554 12 1 1 12 0.0833333333333333 1 0.0833333333333333
34567 2 2 1 3 0.5 0.5 0.333333333333333
34602 12 2 1 13 0.0833333333333333 0.5 0.0769230769230769
34631 3 1 1 3 0.333333333333333 1 0.333333333333333
34683 1 1 1 1 1 1 1
34695 319 48 36 331 0.112852664576803 0.75 0.108761329305136
34752 4 1 1 4 0.25 1 0.25
34763 71 22 13 80 0.183098591549296 0.590909090909091 0.1625
34781 13 1 1 13 0.0769230769230769 1 0.0769230769230769
34784 3 1 1 3 0.333333333333333 1 0.333333333333333
34863 2 1 0 3 0 0 0
34958 3 1 1 3 0.333333333333333 1 0.333333333333333
34968 32 12 8 36 0.25 0.666666666666667 0.222222222222222
34997 9 4 3 10 0.333333333333333 0.75 0.3
35 2 1 0 3 0 0 0
35028 34 10 8 36 0.235294117647059 0.8 0.222222222222222
35070 7 2 2 7 0.285714285714286 1 0.285714285714286
35087 9 1 1 9 0.111111111111111 1 0.111111111111111
35244 30 18 14 34 0.466666666666667 0.777777777777778 0.411764705882353
35272 2 2 2 2 1 1 1
35283 7 1 1 7 0.142857142857143 1 0.142857142857143
35320 110 16 12 114 0.109090909090909 0.75 0.105263157894737
35393 8 1 0 9 0 0 0
35425 16 3 3 16 0.1875 1 0.1875
35470 5 4 1 8 0.2 0.25 0.125
35485 1 1 0 2 0 0 0
3549 1308 125 113 1320 0.0863914373088685 0.904 0.0856060606060606
35492 6 3 3 6 0.5 1 0.5
3551 1 1 0 2 0 0 0
3557 19 7 7 19 0.368421052631579 1 0.368421052631579
35592 7 3 3 7 0.428571428571429 1 0.428571428571429
3561 468 4 4 468 0.00854700854700855 1 0.00854700854700855
35612 7 3 0 10 0 0 0
35706 17 5 2 20 0.117647058823529 0.4 0.1
3582 2 2 1 3 0.5 0.5 0.333333333333333
35826 3 1 1 3 0.333333333333333 1 0.333333333333333
35908 24 1 1 24 0.0416666666666667 1 0.0416666666666667
3597 10 2 2 10 0.2 1 0.2
36236 12 1 0 13 0 0 0
36252 2 2 2 2 1 1 1
36351 15 5 5 15 0.333333333333333 1 0.333333333333333
36383 2 1 1 2 0.5 1 0.5
36384 1 1 1 1 1 1 1
3640 4 1 1 4 0.25 1 0.25
36412 4 2 2 4 0.5 1 0.5
36472 12 5 5 12 0.416666666666667 1 0.416666666666667
3661 6 6 2 10 0.333333333333333 0.333333333333333 0.2
3662 18 10 10 18 0.555555555555556 1 0.555555555555556
36671 2 1 1 2 0.5 1 0.5
36692 35 9 9 35 0.257142857142857 1 0.257142857142857
3676 7 1 1 7 0.142857142857143 1 0.142857142857143
36797 1 1 1 1 1 1 1
36856 11 4 2 13 0.181818181818182 0.5 0.153846153846154
36944 6 4 3 7 0.5 0.75 0.428571428571429
3714 5 1 1 5 0.2 1 0.2
3741 91 1 1 91 0.010989010989011 1 0.010989010989011
3742 14 2 2 14 0.142857142857143 1 0.142857142857143
3754 39 2 2 39 0.0512820512820513 1 0.0512820512820513
376 17 1 1 17 0.0588235294117647 1 0.0588235294117647
378 3 1 1 3 0.333333333333333 1 0.333333333333333
3790 4 1 1 4 0.25 1 0.25
37918 3 1 1 3 0.333333333333333 1 0.333333333333333
38005 2 2 2 2 1 1 1
38018 8 5 5 8 0.625 1 0.625
38022 31 10 10 31 0.32258064516129 1 0.32258064516129
38082 20 7 7 20 0.35 1 0.35
38128 1 1 0 2 0 0 0
38140 2 1 1 2 0.5 1 0.5
38158 3 2 2 3 0.666666666666667 1 0.666666666666667
38229 1 1 1 1 1 1 1
3825 1 1 0 2 0 0 0
38299 2 1 1 2 0.5 1 0.5
3836 7 2 1 8 0.142857142857143 0.5 0.125
38462 2 1 1 2 0.5 1 0.5
38477 2 1 1 2 0.5 1 0.5
38566 2 1 1 2 0.5 1 0.5
38620 1 1 1 1 1 1 1
38629 1 1 1 1 1 1 1
38639 1 1 1 1 1 1 1
38646 1 1 0 2 0 0 0
38711 1 1 1 1 1 1 1
38794 9 1 1 9 0.111111111111111 1 0.111111111111111
38819 3 2 2 3 0.666666666666667 1 0.666666666666667
38826 4 1 1 4 0.25 1 0.25
38922 12 1 0 13 0 0 0
38930 25 2 1 26 0.04 0.5 0.0384615384615385
39040 9 1 1 9 0.111111111111111 1 0.111111111111111
39093 1 1 1 1 1 1 1
39122 10 1 0 11 0 0 0
39145 7 2 2 7 0.285714285714286 1 0.285714285714286
39211 2 2 1 3 0.5 0.5 0.333333333333333
39301 5 2 1 6 0.2 0.5 0.166666666666667
39309 26 1 0 27 0 0 0
393222 1 1 1 1 1 1 1
39326 244 22 17 249 0.069672131147541 0.772727272727273 0.0682730923694779
39342 2 1 1 2 0.5 1 0.5
3943 3 3 2 4 0.666666666666667 0.666666666666667 0.5
3949 1 2 1 2 1 0.5 0.5
39537 2 1 0 3 0 0 0
39545 2 2 2 2 1 1 1
39554 5 1 1 5 0.2 1 0.2
39556 32 9 7 34 0.21875 0.777777777777778 0.205882352941176
39560 2 1 1 2 0.5 1 0.5
39570 3 3 1 5 0.333333333333333 0.333333333333333 0.2
39602 2 1 0 3 0 0 0
39737 40 2 2 40 0.05 1 0.05
39792 647 26 19 654 0.0293663060278207 0.730769230769231 0.0290519877675841
39837 4 2 2 4 0.5 1 0.5
39839 2 1 1 2 0.5 1 0.5
39854 1 2 1 2 1 0.5 0.5
39875 4 1 1 4 0.25 1 0.25
39912 168 3 3 168 0.0178571428571429 1 0.0178571428571429
3999 1 1 1 1 1 1 1
40009 39 7 6 40 0.153846153846154 0.857142857142857 0.15
40027 6 1 1 6 0.166666666666667 1 0.166666666666667
40060 7 1 0 8 0 0 0
40068 10 2 2 10 0.2 1 0.2
40193 12 6 4 14 0.333333333333333 0.666666666666667 0.285714285714286
40220 13 5 5 13 0.384615384615385 1 0.384615384615385
40387 15 2 2 15 0.133333333333333 1 0.133333333333333
40528 6 3 3 6 0.5 1 0.5
40589 2 1 1 2 0.5 1 0.5
40679 2 1 1 2 0.5 1 0.5
40832 2 1 1 2 0.5 1 0.5
40912 2 1 1 2 0.5 1 0.5
41012 23 7 6 24 0.260869565217391 0.857142857142857 0.25
41045 18 7 6 19 0.333333333333333 0.857142857142857 0.315789473684211
41075 3 3 0 6 0 0 0
4134 104 1 0 105 0 0 0
4150 4 2 1 5 0.25 0.5 0.2
4158 2 1 1 2 0.5 1 0.5
41589 2 1 1 2 0.5 1 0.5
41670 1 1 1 1 1 1 1
41692 321 68 47 342 0.146417445482866 0.691176470588235 0.137426900584795
41695 4 1 0 5 0 0 0
41698 2 1 1 2 0.5 1 0.5
41711 8 4 2 10 0.25 0.5 0.2
41773 5 3 3 5 0.6 1 0.6
41887 10 5 4 11 0.4 0.8 0.363636363636364
41913 8 1 1 8 0.125 1 0.125
42 109 6 5 110 0.0458715596330275 0.833333333333333 0.0454545454545455
42017 4 2 0 6 0 0 0
42096 7 1 1 7 0.142857142857143 1 0.142857142857143
42178 4 1 1 4 0.25 1 0.25
42227 8 3 2 9 0.25 0.666666666666667 0.222222222222222
42525 25 1 1 25 0.04 1 0.04
42579 8 2 2 8 0.25 1 0.25
42585 8 4 2 10 0.25 0.5 0.2
42652 41 3 3 41 0.0731707317073171 1 0.0731707317073171
42689 27 10 8 29 0.296296296296296 0.8 0.275862068965517
4270 5 2 2 5 0.4 1 0.4
42732 3 2 2 3 0.666666666666667 1 0.666666666666667
42841 5 2 2 5 0.4 1 0.4
42884 31 1 1 31 0.032258064516129 1 0.032258064516129
42909 13 2 1 14 0.0769230769230769 0.5 0.0714285714285714
42937 1 1 1 1 1 1 1
42965 5 1 1 5 0.2 1 0.2
43037 5 1 1 5 0.2 1 0.2
43060 3 1 0 4 0 0 0
43070 6 1 1 6 0.166666666666667 1 0.166666666666667
4323 1218 6 6 1218 0.00492610837438424 1 0.00492610837438424
43289 2 1 1 2 0.5 1 0.5
43313 3 1 1 3 0.333333333333333 1 0.333333333333333
43333 6 1 1 6 0.166666666666667 1 0.166666666666667
43383 1 1 1 1 1 1 1
43447 1 1 1 1 1 1 1
43556 5 2 2 5 0.4 1 0.4
43602 3 2 2 3 0.666666666666667 1 0.666666666666667
43751 4 1 0 5 0 0 0
43821 35 16 11 40 0.314285714285714 0.6875 0.275
43843 7 1 1 7 0.142857142857143 1 0.142857142857143
43892 2 1 0 3 0 0 0
43911 3 3 1 5 0.333333333333333 0.333333333333333 0.2
43948 4 1 1 4 0.25 1 0.25
43950 2 1 0 3 0 0 0
44042 33 15 9 39 0.272727272727273 0.6 0.230769230769231
44065 2 1 1 2 0.5 1 0.5
44066 30 1 1 30 0.0333333333333333 1 0.0333333333333333
44212 3 1 1 3 0.333333333333333 1 0.333333333333333
44237 29 2 2 29 0.0689655172413793 1 0.0689655172413793
44285 6 1 0 7 0 0 0
44358 2 1 1 2 0.5 1 0.5
4436 151 21 19 153 0.125827814569536 0.904761904761905 0.124183006535948
44489 1 1 1 1 1 1 1
44514 4 2 1 5 0.25 0.5 0.2
44654 6 2 2 6 0.333333333333333 1 0.333333333333333
44683 2 1 1 2 0.5 1 0.5
4474 1 1 1 1 1 1 1
44928 1 1 1 1 1 1 1
44980 3 1 1 3 0.333333333333333 1 0.333333333333333
45131 1 1 1 1 1 1 1
45147 60 2 2 60 0.0333333333333333 1 0.0333333333333333
45177 3 1 0 4 0 0 0
45179 2 1 0 3 0 0 0
4528 4 1 1 4 0.25 1 0.25
4538 52 4 3 53 0.0576923076923077 0.75 0.0566037735849057
45425 5 1 1 5 0.2 1 0.2
45444 1 1 0 2 0 0 0
45456 1 2 0 3 0 0 0
45459 1 1 0 2 0 0 0
45506 2 1 1 2 0.5 1 0.5
45522 1 1 0 2 0 0 0
4555 1 3 0 4 0 0 0
4557 11 2 2 11 0.181818181818182 1 0.181818181818182
4589 709 104 100 713 0.141043723554302 0.961538461538462 0.140252454417952
46 2 1 1 2 0.5 1 0.5
4600 5 2 2 5 0.4 1 0.4
4605 1 1 1 1 1 1 1
4608 5 3 1 7 0.2 0.333333333333333 0.142857142857143
46135 12 2 2 12 0.166666666666667 1 0.166666666666667
4618 13 2 1 14 0.0769230769230769 0.5 0.0714285714285714
46208 2 1 1 2 0.5 1 0.5
4621 36 3 3 36 0.0833333333333333 1 0.0833333333333333
4622 1 1 0 2 0 0 0
4635 107 21 19 109 0.177570093457944 0.904761904761905 0.174311926605505
46357 2 1 1 2 0.5 1 0.5
4648 53 2 2 53 0.0377358490566038 1 0.0377358490566038
4651 31 10 6 35 0.193548387096774 0.6 0.171428571428571
46722 1 1 1 1 1 1 1
4675 6 1 0 7 0 0 0
4677 5 1 1 5 0.2 1 0.2
4680 9 3 1 11 0.111111111111111 0.333333333333333 0.0909090909090909
4685 10 1 1 10 0.1 1 0.1
4691 1 15 1 15 1 0.0666666666666667 0.0666666666666667
4697 3 7 3 7 1 0.428571428571429 0.428571428571429
4704 6 1 1 6 0.166666666666667 1 0.166666666666667
4711 2 1 0 3 0 0 0
4713 100 11 8 103 0.08 0.727272727272727 0.0776699029126214
4716 33 12 3 42 0.0909090909090909 0.25 0.0714285714285714
4717 3 2 2 3 0.666666666666667 1 0.666666666666667
4718 3 2 2 3 0.666666666666667 1 0.666666666666667
47227 2 1 1 2 0.5 1 0.5
4725 122 21 11 132 0.0901639344262295 0.523809523809524 0.0833333333333333
4739 74 14 13 75 0.175675675675676 0.928571428571429 0.173333333333333
4741 8 1 1 8 0.125 1 0.125
47447 2 1 1 2 0.5 1 0.5
4747 5 1 0 6 0 0 0
4750 55 3 0 58 0 0 0
4755 171 1 1 171 0.00584795321637427 1 0.00584795321637427
4761 71 4 3 72 0.0422535211267606 0.75 0.0416666666666667
47617 4 1 1 4 0.25 1 0.25
4768 26 2 2 26 0.0769230769230769 1 0.0769230769230769
4770 14 3 0 17 0 0 0
4775 58 1 1 58 0.0172413793103448 1 0.0172413793103448
4777 36 6 3 39 0.0833333333333333 0.5 0.0769230769230769
4780 27 3 2 28 0.0740740740740741 0.666666666666667 0.0714285714285714
4782 3 1 0 4 0 0 0
47862 1 1 1 1 1 1 1
4787 8 4 1 11 0.125 0.25 0.0909090909090909
4788 119 4 4 119 0.0336134453781513 1 0.0336134453781513
47880 4 3 1 6 0.25 0.333333333333333 0.166666666666667
47885 1 2 0 3 0 0 0
47917 1 1 1 1 1 1 1
4795 37 4 2 39 0.0540540540540541 0.5 0.0512820512820513
4796 3 2 1 4 0.333333333333333 0.5 0.25
48039 5 2 2 5 0.4 1 0.4
48053 1 2 1 2 1 0.5 0.5
48173 4 2 2 4 0.5 1 0.5
48185 2 2 1 3 0.5 0.5 0.333333333333333
48200 1 5 0 6 0 0 0
4826 122 15 14 123 0.114754098360656 0.933333333333333 0.113821138211382
48288 1 1 1 1 1 1 1
4829 4 1 1 4 0.25 1 0.25
48345 31 8 7 32 0.225806451612903 0.875 0.21875
48451 1 1 1 1 1 1 1
48539 8 4 4 8 0.5 1 0.5
4927 17 5 4 18 0.235294117647059 0.8 0.222222222222222
5050 20 3 3 20 0.15 1 0.15
5056 28 2 0 30 0 0 0
513 48 10 10 48 0.208333333333333 1 0.208333333333333
52 2 1 1 2 0.5 1 0.5
5381 14 2 1 15 0.0714285714285714 0.5 0.0666666666666667
5385 16 7 5 18 0.3125 0.714285714285714 0.277777777777778
5400 226 15 12 229 0.0530973451327434 0.8 0.0524017467248908
5401 1 1 1 1 1 1 1
5403 20 6 5 21 0.25 0.833333333333333 0.238095238095238
5408 29 3 2 30 0.0689655172413793 0.666666666666667 0.0666666666666667
5410 58 7 5 60 0.0862068965517241 0.714285714285714 0.0833333333333333
5413 220 2 2 220 0.00909090909090909 1 0.00909090909090909
5418 9 3 2 10 0.222222222222222 0.666666666666667 0.2
5421 2 2 1 3 0.5 0.5 0.333333333333333
5429 15 1 1 15 0.0666666666666667 1 0.0666666666666667
543 1 1 1 1 1 1 1
5430 80 23 19 84 0.2375 0.826086956521739 0.226190476190476
5432 28 1 0 29 0 0 0
5459 47 13 9 51 0.191489361702128 0.692307692307692 0.176470588235294
5466 76 2 1 77 0.0131578947368421 0.5 0.012987012987013
5483 59 1 1 59 0.0169491525423729 1 0.0169491525423729
5486 27 2 0 29 0 0 0
55 3 1 1 3 0.333333333333333 1 0.333333333333333
5511 158 26 20 164 0.126582278481013 0.769230769230769 0.121951219512195
553 48 21 18 51 0.375 0.857142857142857 0.352941176470588
5537 28 3 2 29 0.0714285714285714 0.666666666666667 0.0689655172413793
5538 7 1 1 7 0.142857142857143 1 0.142857142857143
5539 46 48 22 72 0.478260869565217 0.458333333333333 0.305555555555556
5549 2 2 2 2 1 1 1
5550 4 2 1 5 0.25 0.5 0.2
5560 8 1 1 8 0.125 1 0.125
5568 231 10 7 234 0.0303030303030303 0.7 0.0299145299145299
557 6 2 1 7 0.166666666666667 0.5 0.142857142857143
558 22 1 1 22 0.0454545454545455 1 0.0454545454545455
559 165 57 54 168 0.327272727272727 0.947368421052632 0.321428571428571
5602 26 5 4 27 0.153846153846154 0.8 0.148148148148148
5609 1 8 0 9 0 0 0
5615 22 1 1 22 0.0454545454545455 1 0.0454545454545455
5617 215 2 2 215 0.00930232558139535 1 0.00930232558139535
5645 18 5 5 18 0.277777777777778 1 0.277777777777778
5661 4 1 1 4 0.25 1 0.25
567 10 2 2 10 0.2 1 0.2
57 26 4 4 26 0.153846153846154 1 0.153846153846154
5707 3 1 1 3 0.333333333333333 1 0.333333333333333
5713 61 2 1 62 0.0163934426229508 0.5 0.0161290322580645
5764 6 1 1 6 0.166666666666667 1 0.166666666666667
577 126 2 2 126 0.0158730158730159 1 0.0158730158730159
5786 3 1 1 3 0.333333333333333 1 0.333333333333333
59 5 3 3 5 0.6 1 0.6
600 26 1 1 26 0.0384615384615385 1 0.0384615384615385
6057 6 5 4 7 0.666666666666667 0.8 0.571428571428571
6062 10 2 0 12 0 0 0
6066 1 1 0 2 0 0 0
6083 31 15 13 33 0.419354838709677 0.866666666666667 0.393939393939394
6106 2 1 1 2 0.5 1 0.5
6122 10 1 1 10 0.1 1 0.1
6128 265 2 2 265 0.00754716981132075 1 0.00754716981132075
6147 1 6 0 7 0 0 0
6181 43 2 2 43 0.0465116279069767 1 0.0465116279069767
6182 1 1 1 1 1 1 1
6262 1 1 1 1 1 1 1
6263 3 1 1 3 0.333333333333333 1 0.333333333333333
6337 5 1 0 6 0 0 0
6342 4 1 0 5 0 0 0
6360 9 2 2 9 0.222222222222222 1 0.222222222222222
6366 3 1 1 3 0.333333333333333 1 0.333333333333333
6435 3 7 1 9 0.333333333333333 0.142857142857143 0.111111111111111
6453 528 87 74 541 0.140151515151515 0.850574712643678 0.136783733826248
6456 15 4 3 16 0.2 0.75 0.1875
64603 1 1 0 2 0 0 0
65071 1 2 1 2 1 0.5 0.5
65075 1 1 0 2 0 0 0
6509 28 5 3 30 0.107142857142857 0.6 0.1
65104 1 1 1 1 1 1 1
6536 18 2 1 19 0.0555555555555556 0.5 0.0526315789473684
6619 22 6 3 25 0.136363636363636 0.5 0.12
6629 3 1 1 3 0.333333333333333 1 0.333333333333333
6648 38 3 1 40 0.0263157894736842 0.333333333333333 0.025
6656 40 1 1 40 0.025 1 0.025
6661 68 2 2 68 0.0294117647058824 1 0.0294117647058824
6666 16 3 2 17 0.125 0.666666666666667 0.117647058823529
6667 507 112 108 511 0.21301775147929 0.964285714285714 0.211350293542074
668 35 6 2 39 0.0571428571428571 0.333333333333333 0.0512820512820513
6695 213 51 47 217 0.220657276995305 0.92156862745098 0.216589861751152
6702 16 1 1 16 0.0625 1 0.0625
6706 15 6 5 16 0.333333333333333 0.833333333333333 0.3125
6724 36 16 13 39 0.361111111111111 0.8125 0.333333333333333
6730 559 8 8 559 0.0143112701252236 1 0.0143112701252236
6734 15 2 2 15 0.133333333333333 1 0.133333333333333
6760 9 1 1 9 0.111111111111111 1 0.111111111111111
6762 178 45 41 182 0.230337078651685 0.911111111111111 0.225274725274725
6770 36 17 8 45 0.222222222222222 0.470588235294118 0.177777777777778
6772 14 4 4 14 0.285714285714286 1 0.285714285714286
6774 80 14 13 81 0.1625 0.928571428571429 0.160493827160494
6775 6 2 2 6 0.333333333333333 1 0.333333333333333
680 61 19 16 64 0.262295081967213 0.842105263157895 0.25
6802 8 2 2 8 0.25 1 0.25
681 2 1 1 2 0.5 1 0.5
6830 352 32 22 362 0.0625 0.6875 0.0607734806629834
6838 1 1 1 1 1 1 1
6881 87 26 25 88 0.28735632183908 0.961538461538462 0.284090909090909
6893 2 1 1 2 0.5 1 0.5
6895 5 1 1 5 0.2 1 0.2
6908 101 20 18 103 0.178217821782178 0.9 0.174757281553398
6911 4 2 1 5 0.25 0.5 0.2
6939 1032 404 280 1156 0.271317829457364 0.693069306930693 0.242214532871972
6966 3 2 2 3 0.666666666666667 1 0.666666666666667
6968 2 1 1 2 0.5 1 0.5
701 2261 20 14 2267 0.00619195046439629 0.7 0.00617556241729157
7012 18 4 3 19 0.166666666666667 0.75 0.157894736842105
7018 2246 14 11 2249 0.00489759572573464 0.785714285714286 0.0048910626945309
7019 1 1 1 1 1 1 1
7065 20 3 2 21 0.1 0.666666666666667 0.0952380952380952
7066 17 3 3 17 0.176470588235294 1 0.176470588235294
71 13 2 1 14 0.0769230769230769 0.5 0.0714285714285714
719 14 1 1 14 0.0714285714285714 1 0.0714285714285714
7195 1 1 0 2 0 0 0
72 9 1 0 10 0 0 0
7303 66 2 2 66 0.0303030303030303 1 0.0303030303030303
7377 3 1 0 4 0 0 0
7385 177 6 5 178 0.0282485875706215 0.833333333333333 0.0280898876404494
7412 1 1 0 2 0 0 0
7470 37 1 1 37 0.027027027027027 1 0.027027027027027
7473 134 14 10 138 0.0746268656716418 0.714285714285714 0.072463768115942
7500 59 9 7 61 0.11864406779661 0.777777777777778 0.114754098360656
7503 4 2 0 6 0 0 0
7511 3 1 0 4 0 0 0
7514 24 3 3 24 0.125 1 0.125
7516 4 1 0 5 0 0 0
7521 6 2 1 7 0.166666666666667 0.5 0.142857142857143
7522 6 4 1 9 0.166666666666667 0.25 0.111111111111111
7527 5 1 1 5 0.2 1 0.2
7529 18 2 2 18 0.111111111111111 1 0.111111111111111
7539 23 8 5 26 0.217391304347826 0.625 0.192307692307692
7543 12 2 1 13 0.0833333333333333 0.5 0.0769230769230769
7573 1 1 1 1 1 1 1
7575 216 54 51 219 0.236111111111111 0.944444444444444 0.232876712328767
7594 5 3 2 6 0.4 0.666666666666667 0.333333333333333
7599 2 1 0 3 0 0 0
7606 40 6 5 41 0.125 0.833333333333333 0.121951219512195
7610 21 2 0 23 0 0 0
7629 4 1 0 5 0 0 0
766 17 5 4 18 0.235294117647059 0.8 0.222222222222222
7660 42 16 15 43 0.357142857142857 0.9375 0.348837209302326
7665 2 1 1 2 0.5 1 0.5
7667 6 1 1 6 0.166666666666667 1 0.166666666666667
7668 10 1 1 10 0.1 1 0.1
7670 19 2 2 19 0.105263157894737 1 0.105263157894737
7671 3 2 1 4 0.333333333333333 0.5 0.25
7682 10 3 1 12 0.1 0.333333333333333 0.0833333333333333
7687 3 1 1 3 0.333333333333333 1 0.333333333333333
7693 27 3 2 28 0.0740740740740741 0.666666666666667 0.0714285714285714
7718 16 3 3 16 0.1875 1 0.1875
7753 7 1 1 7 0.142857142857143 1 0.142857142857143
7781 5 4 3 6 0.6 0.75 0.5
7784 34 3 3 34 0.0882352941176471 1 0.0882352941176471
7786 9 2 1 10 0.111111111111111 0.5 0.1
7847 3 1 1 3 0.333333333333333 1 0.333333333333333
786 60 11 9 62 0.15 0.818181818181818 0.145161290322581
790 1 1 0 2 0 0 0
7902 15 1 1 15 0.0666666666666667 1 0.0666666666666667
7908 37 2 1 38 0.027027027027027 0.5 0.0263157894736842
7922 66 4 4 66 0.0606060606060606 1 0.0606060606060606
7941 3 1 1 3 0.333333333333333 1 0.333333333333333
7949 10 2 0 12 0 0 0
8001 297 8 8 297 0.0269360269360269 1 0.0269360269360269
8002 53 6 4 55 0.0754716981132075 0.666666666666667 0.0727272727272727
8018 2 1 0 3 0 0 0
8025 6 1 0 7 0 0 0
8038 1 2 1 2 1 0.5 0.5
8047 24 5 5 24 0.208333333333333 1 0.208333333333333
8092 11 5 5 11 0.454545454545455 1 0.454545454545455
81 28 1 0 29 0 0 0
8121 48 9 5 52 0.104166666666667 0.555555555555556 0.0961538461538462
8158 2 1 1 2 0.5 1 0.5
8201 8 2 2 8 0.25 1 0.25
8218 208 16 15 209 0.0721153846153846 0.9375 0.0717703349282297
8220 563 11 10 564 0.0177619893428064 0.909090909090909 0.0177304964539007
8224 12 6 5 13 0.416666666666667 0.833333333333333 0.384615384615385
8226 4 2 0 6 0 0 0
8237 6 3 3 6 0.5 1 0.5
8240 2 1 0 3 0 0 0
8246 205 2 0 207 0 0 0
8251 9 5 5 9 0.555555555555556 1 0.555555555555556
8256 1 1 1 1 1 1 1
8262 33 1 1 33 0.0303030303030303 1 0.0303030303030303
8267 2 1 1 2 0.5 1 0.5
8282 10 1 1 10 0.1 1 0.1
8283 6 4 3 7 0.5 0.75 0.428571428571429
8299 10 2 0 12 0 0 0
8302 7 1 1 7 0.142857142857143 1 0.142857142857143
8312 10 1 0 11 0 0 0
8319 41 13 11 43 0.268292682926829 0.846153846153846 0.255813953488372
8330 10 3 2 11 0.2 0.666666666666667 0.181818181818182
8346 6 2 2 6 0.333333333333333 1 0.333333333333333
8358 14 1 1 14 0.0714285714285714 1 0.0714285714285714
8359 586 30 22 594 0.037542662116041 0.733333333333333 0.037037037037037
8364 9 2 2 9 0.222222222222222 1 0.222222222222222
8365 181 51 39 193 0.215469613259669 0.764705882352941 0.202072538860104
8368 38 8 7 39 0.184210526315789 0.875 0.179487179487179
8374 6 2 2 6 0.333333333333333 1 0.333333333333333
8387 17 4 3 18 0.176470588235294 0.75 0.166666666666667
8391 25 14 10 29 0.4 0.714285714285714 0.344827586206897
8396 2 1 0 3 0 0 0
8419 250 4 4 250 0.016 1 0.016
8422 99 17 12 104 0.121212121212121 0.705882352941177 0.115384615384615
8426 451 20 16 455 0.0354767184035477 0.8 0.0351648351648352
8442 29 17 14 32 0.482758620689655 0.823529411764706 0.4375
8447 538 26 23 541 0.0427509293680297 0.884615384615385 0.0425138632162662
8452 37 2 2 37 0.0540540540540541 1 0.0540540540540541
8468 569 10 9 570 0.015817223198594 0.9 0.0157894736842105
8469 37 18 16 39 0.432432432432432 0.888888888888889 0.41025641025641
8473 31 5 3 33 0.0967741935483871 0.6 0.0909090909090909
8481 3 1 0 4 0 0 0
8492 371 1 1 371 0.00269541778975741 1 0.00269541778975741
8495 22 3 3 22 0.136363636363636 1 0.136363636363636
8501 34 11 11 34 0.323529411764706 1 0.323529411764706
8508 1 1 1 1 1 1 1
8517 18 1 1 18 0.0555555555555556 1 0.0555555555555556
852 155 2 2 155 0.0129032258064516 1 0.0129032258064516
8522 1 2 1 2 1 0.5 0.5
8527 19 2 2 19 0.105263157894737 1 0.105263157894737
855 28 1 1 28 0.0357142857142857 1 0.0357142857142857
8551 114 1 1 114 0.0087719298245614 1 0.0087719298245614
8560 80 28 21 87 0.2625 0.75 0.241379310344828
8565 15 5 4 16 0.266666666666667 0.8 0.25
8586 64 6 5 65 0.078125 0.833333333333333 0.0769230769230769
8591 44 10 6 48 0.136363636363636 0.6 0.125
8607 40 6 5 41 0.125 0.833333333333333 0.121951219512195
8648 34 13 7 40 0.205882352941176 0.538461538461538 0.175
8657 94 11 9 96 0.0957446808510638 0.818181818181818 0.09375
8664 8 3 2 9 0.25 0.666666666666667 0.222222222222222
8674 58 5 4 59 0.0689655172413793 0.8 0.0677966101694915
8676 4 1 1 4 0.25 1 0.25
8683 30 2 2 30 0.0666666666666667 1 0.0666666666666667
8717 93 5 4 94 0.043010752688172 0.8 0.0425531914893617
8728 1 1 1 1 1 1 1
8737 33 5 3 35 0.0909090909090909 0.6 0.0857142857142857
8758 10 3 2 11 0.2 0.666666666666667 0.181818181818182
8763 149 39 36 152 0.241610738255034 0.923076923076923 0.236842105263158
8767 72 24 18 78 0.25 0.75 0.230769230769231
8781 61 5 4 62 0.0655737704918033 0.8 0.0645161290322581
8804 44 13 10 47 0.227272727272727 0.769230769230769 0.212765957446809
8816 16 1 1 16 0.0625 1 0.0625
8820 8 4 3 9 0.375 0.75 0.333333333333333
8823 7 1 0 8 0 0 0
8881 599 31 31 599 0.0517529215358932 1 0.0517529215358932
8895 6 2 2 6 0.333333333333333 1 0.333333333333333
8897 62 12 8 66 0.129032258064516 0.666666666666667 0.121212121212121
8903 12 3 1 14 0.0833333333333333 0.333333333333333 0.0714285714285714
8928 654 4 4 654 0.00611620795107034 1 0.00611620795107034
8943 18 5 5 18 0.277777777777778 1 0.277777777777778
8953 15 1 0 16 0 0 0
8954 42 11 7 46 0.166666666666667 0.636363636363636 0.152173913043478
8966 85 1 1 85 0.0117647058823529 1 0.0117647058823529
8970 2 1 1 2 0.5 1 0.5
8978 6 2 2 6 0.333333333333333 1 0.333333333333333
9002 1088 259 248 1099 0.227941176470588 0.957528957528958 0.225659690627843
9008 4 1 1 4 0.25 1 0.25
9009 131 4 3 132 0.0229007633587786 0.75 0.0227272727272727
9022 2 1 1 2 0.5 1 0.5
9026 31 4 3 32 0.0967741935483871 0.75 0.09375
9031 56 4 4 56 0.0714285714285714 1 0.0714285714285714
9044 61 17 16 62 0.262295081967213 0.941176470588235 0.258064516129032
9063 49 5 4 50 0.0816326530612245 0.8 0.08
9080 8 5 3 10 0.375 0.6 0.3
9085 6 1 1 6 0.166666666666667 1 0.166666666666667
9112 7 1 1 7 0.142857142857143 1 0.142857142857143
9121 253 1 1 253 0.00395256916996047 1 0.00395256916996047
9129 10 1 0 11 0 0 0
9150 29 6 5 30 0.172413793103448 0.833333333333333 0.166666666666667
9153 37 5 5 37 0.135135135135135 1 0.135135135135135
9162 1 1 1 1 1 1 1
9188 4 2 1 5 0.25 0.5 0.2
9231 2 2 1 3 0.5 0.5 0.333333333333333
9264 27 18 8 37 0.296296296296296 0.444444444444444 0.216216216216216
9270 23 3 2 24 0.0869565217391304 0.666666666666667 0.0833333333333333
9299 40 2 1 41 0.025 0.5 0.024390243902439
9304 252 8 7 253 0.0277777777777778 0.875 0.0276679841897233
9327 5 3 3 5 0.6 1 0.6
9329 12 2 2 12 0.166666666666667 1 0.166666666666667
9340 2 3 1 4 0.5 0.333333333333333 0.25
9367 3 1 1 3 0.333333333333333 1 0.333333333333333
9406 2 1 0 3 0 0 0
9431 2 2 2 2 1 1 1
9433 4 2 1 5 0.25 0.5 0.2
9445 1 1 1 1 1 1 1
9476 6 2 1 7 0.166666666666667 0.5 0.142857142857143
9497 32 8 8 32 0.25 1 0.25
9505 112 5 4 113 0.0357142857142857 0.8 0.0353982300884956
9534 7 1 1 7 0.142857142857143 1 0.142857142857143
9541 6 1 0 7 0 0 0
9543 3 1 1 3 0.333333333333333 1 0.333333333333333
9549 3 1 1 3 0.333333333333333 1 0.333333333333333
9555 3 1 0 4 0 0 0
9583 40 2 1 41 0.025 0.5 0.024390243902439
9584 8 2 1 9 0.125 0.5 0.111111111111111
9595 6 4 2 8 0.333333333333333 0.5 0.25
9600 5 2 1 6 0.2 0.5 0.166666666666667
9601 8 1 1 8 0.125 1 0.125
9607 6 2 1 7 0.166666666666667 0.5 0.142857142857143
9619 2 1 1 2 0.5 1 0.5
9621 2 1 1 2 0.5 1 0.5
9622 9 2 1 10 0.111111111111111 0.5 0.1
9680 28 2 1 29 0.0357142857142857 0.5 0.0344827586206897
9700 7 2 1 8 0.142857142857143 0.5 0.125
9722 43 8 7 44 0.162790697674419 0.875 0.159090909090909
9732 3 2 1 4 0.333333333333333 0.5 0.25
9794 6 1 1 6 0.166666666666667 1 0.166666666666667
9800 29 2 0 31 0 0 0
9821 5 3 3 5 0.6 1 0.6
9896 2 1 1 2 0.5 1 0.5
9901 24 4 2 26 0.0833333333333333 0.5 0.0769230769230769
9919 22 1 0 23 0 0 0
9924 38 1 0 39 0 0 0
9930 19 3 3 19 0.157894736842105 1 0.157894736842105
