#ASN num_v4adj num_v6adj num_intersect(v4v6adj) num_union(adj) fr_v4(num_intersect/num_v4adj) fr_v6(num_intersect/num_v6adj) fr_intersect(num_intersect/num_union)
10013 1 2 1 2 1 0.5 0.5
10015 9 1 0 10 0 0 0
10021 14 2 2 14 0.142857142857143 1 0.142857142857143
10026 419 13 8 424 0.0190930787589499 0.615384615384615 0.0188679245283019
101 33 9 7 35 0.212121212121212 0.777777777777778 0.2
10105 2 1 0 3 0 0 0
102 3 1 1 3 0.333333333333333 1 0.333333333333333
10204 3 4 1 6 0.333333333333333 0.25 0.166666666666667
10217 22 1 1 22 0.0454545454545455 1 0.0454545454545455
10310 137 7 4 140 0.0291970802919708 0.571428571428571 0.0285714285714286
10318 3 1 0 4 0 0 0
10326 6 1 1 6 0.166666666666667 1 0.166666666666667
10343 2 1 1 2 0.5 1 0.5
10405 3 1 0 4 0 0 0
10429 83 2 2 83 0.0240963855421687 1 0.0240963855421687
10466 28 3 3 28 0.107142857142857 1 0.107142857142857
10490 31 7 6 32 0.193548387096774 0.857142857142857 0.1875
10569 1 1 1 1 1 1 1
10578 26 5 5 26 0.192307692307692 1 0.192307692307692
10745 2 7 0 9 0 0 0
10778 6 1 1 6 0.166666666666667 1 0.166666666666667
10835 15 1 0 16 0 0 0
10848 28 1 1 28 0.0357142857142857 1 0.0357142857142857
10886 41 19 9 51 0.219512195121951 0.473684210526316 0.176470588235294
109 21 4 0 25 0 0 0
10996 5 1 1 5 0.2 1 0.2
1101 1 1 1 1 1 1 1
1103 196 74 69 201 0.352040816326531 0.932432432432432 0.343283582089552
11051 11 1 1 11 0.0909090909090909 1 0.0909090909090909
11090 3 1 1 3 0.333333333333333 1 0.333333333333333
11096 37 1 1 37 0.027027027027027 1 0.027027027027027
111 2 2 1 3 0.5 0.5 0.333333333333333
11164 82 4 3 83 0.0365853658536585 0.75 0.036144578313253
11170 1 2 0 3 0 0 0
1120 19 4 3 20 0.157894736842105 0.75 0.15
1125 3 3 3 3 1 1 1
1126 32 11 4 39 0.125 0.363636363636364 0.102564102564103
11274 12 5 5 12 0.416666666666667 1 0.416666666666667
11279 3 1 1 3 0.333333333333333 1 0.333333333333333
11317 8 4 4 8 0.5 1 0.5
11340 8 1 1 8 0.125 1 0.125
1140 27 13 7 33 0.259259259259259 0.538461538461538 0.212121212121212
11457 9 1 0 10 0 0 0
11508 4 1 1 4 0.25 1 0.25
11537 124 56 49 131 0.395161290322581 0.875 0.374045801526718
11588 5 1 1 5 0.2 1 0.2
11590 8 1 0 9 0 0 0
11666 217 8 7 218 0.032258064516129 0.875 0.0321100917431193
11686 45 2 2 45 0.0444444444444444 1 0.0444444444444444
11734 4 1 0 5 0 0 0
11830 5 1 0 6 0 0 0
11847 6 1 0 7 0 0 0
11960 5 4 4 5 0.8 1 0.8
12 4 1 1 4 0.25 1 0.25
1200 41 15 11 45 0.268292682926829 0.733333333333333 0.244444444444444
12008 33 2 2 33 0.0606060606060606 1 0.0606060606060606
12041 35 22 15 42 0.428571428571429 0.681818181818182 0.357142857142857
12046 2 1 1 2 0.5 1 0.5
12111 27 1 1 27 0.037037037037037 1 0.037037037037037
1213 9 4 4 9 0.444444444444444 1 0.444444444444444
1221 127 2 0 129 0 0 0
1224 3 1 1 3 0.333333333333333 1 0.333333333333333
12287 2 1 1 2 0.5 1 0.5
12293 4 1 1 4 0.25 1 0.25
12294 15 1 1 15 0.0666666666666667 1 0.0666666666666667
12301 83 1 1 83 0.0120481927710843 1 0.0120481927710843
12306 76 17 13 80 0.171052631578947 0.764705882352941 0.1625
12312 47 20 15 52 0.319148936170213 0.75 0.288461538461538
12322 61 7 7 61 0.114754098360656 1 0.114754098360656
12329 9 1 1 9 0.111111111111111 1 0.111111111111111
12335 3 1 1 3 0.333333333333333 1 0.333333333333333
12337 48 51 20 79 0.416666666666667 0.392156862745098 0.253164556962025
12347 6 3 3 6 0.5 1 0.5
12348 15 1 1 15 0.0666666666666667 1 0.0666666666666667
12350 135 5 5 135 0.037037037037037 1 0.037037037037037
12353 5 2 2 5 0.4 1 0.4
12355 25 17 11 31 0.44 0.647058823529412 0.354838709677419
1237 34 4 2 36 0.0588235294117647 0.5 0.0555555555555556
12371 3 1 0 4 0 0 0
12374 4 1 1 4 0.25 1 0.25
12386 15 3 3 15 0.2 1 0.2
1239 1587 3 0 1590 0 0 0
12399 287 1 1 287 0.00348432055749129 1 0.00348432055749129
12401 14 3 2 15 0.142857142857143 0.666666666666667 0.133333333333333
12414 40 15 11 44 0.275 0.733333333333333 0.25
12466 2 2 1 3 0.5 0.5 0.333333333333333
1248 7 3 0 10 0 0 0
12496 40 2 1 41 0.025 0.5 0.024390243902439
12502 3 2 1 4 0.333333333333333 0.5 0.25
1251 10 2 2 10 0.2 1 0.2
12533 2 1 0 3 0 0 0
12552 80 2 2 80 0.025 1 0.025
12566 14 4 4 14 0.285714285714286 1 0.285714285714286
1257 106 53 25 134 0.235849056603774 0.471698113207547 0.186567164179104
12573 33 15 12 36 0.363636363636364 0.8 0.333333333333333
12611 34 22 12 44 0.352941176470588 0.545454545454545 0.272727272727273
12634 42 17 12 47 0.285714285714286 0.705882352941177 0.25531914893617
12637 67 25 22 70 0.328358208955224 0.88 0.314285714285714
12638 2 3 0 5 0 0 0
12654 46 22 12 56 0.260869565217391 0.545454545454545 0.214285714285714
12657 3 1 1 3 0.333333333333333 1 0.333333333333333
12684 4 2 1 5 0.25 0.5 0.2
12709 1 1 0 2 0 0 0
12714 31 1 1 31 0.032258064516129 1 0.032258064516129
1273 285 74 49 310 0.171929824561404 0.662162162162162 0.158064516129032
12731 55 20 14 61 0.254545454545455 0.7 0.229508196721311
12732 19 7 6 20 0.315789473684211 0.857142857142857 0.3
12757 6 1 1 6 0.166666666666667 1 0.166666666666667
12767 13 3 2 14 0.153846153846154 0.666666666666667 0.142857142857143
12769 4 1 1 4 0.25 1 0.25
12779 83 23 14 92 0.168674698795181 0.608695652173913 0.152173913043478
1280 103 24 15 112 0.145631067961165 0.625 0.133928571428571
12816 1 1 1 1 1 1 1
12817 2 2 2 2 1 1 1
12850 17 5 5 17 0.294117647058824 1 0.294117647058824
12853 2 3 1 4 0.5 0.333333333333333 0.25
12859 561 174 165 570 0.294117647058824 0.948275862068966 0.289473684210526
12871 30 20 12 38 0.4 0.6 0.315789473684211
12874 203 2 2 203 0.00985221674876847 1 0.00985221674876847
12895 8 1 1 8 0.125 1 0.125
12902 36 11 8 39 0.222222222222222 0.727272727272727 0.205128205128205
12931 4 2 2 4 0.5 1 0.5
12956 128 12 11 129 0.0859375 0.916666666666667 0.0852713178294574
12968 140 16 10 146 0.0714285714285714 0.625 0.0684931506849315
12989 519 37 33 523 0.0635838150289017 0.891891891891892 0.0630975143403442
1299 573 53 50 576 0.087260034904014 0.943396226415094 0.0868055555555556
13000 5 1 1 5 0.2 1 0.2
13030 958 230 224 964 0.233820459290188 0.973913043478261 0.232365145228216
13039 4 1 1 4 0.25 1 0.25
13041 8 2 2 8 0.25 1 0.25
13045 4 1 1 4 0.25 1 0.25
13049 26 1 1 26 0.0384615384615385 1 0.0384615384615385
13062 7 2 0 9 0 0 0
13092 3 1 1 3 0.333333333333333 1 0.333333333333333
131 3 1 1 3 0.333333333333333 1 0.333333333333333
13105 11 8 4 15 0.363636363636364 0.5 0.266666666666667
131075 1 1 1 1 1 1 1
13110 6 1 1 6 0.166666666666667 1 0.166666666666667
13115 4 2 2 4 0.5 1 0.5
1312 3 1 1 3 0.333333333333333 1 0.333333333333333
13132 12 11 7 16 0.583333333333333 0.636363636363636 0.4375
13184 34 18 11 41 0.323529411764706 0.611111111111111 0.268292682926829
13189 27 5 5 27 0.185185185185185 1 0.185185185185185
13193 44 16 13 47 0.295454545454545 0.8125 0.276595744680851
13237 503 98 81 520 0.1610337972167 0.826530612244898 0.155769230769231
13238 18 1 1 18 0.0555555555555556 1 0.0555555555555556
13243 6 1 1 6 0.166666666666667 1 0.166666666666667
13272 1 2 1 2 1 0.5 0.5
13284 17 8 5 20 0.294117647058824 0.625 0.25
13293 22 3 3 22 0.136363636363636 1 0.136363636363636
13301 24 3 2 25 0.0833333333333333 0.666666666666667 0.08
13319 8 4 3 9 0.375 0.75 0.333333333333333
13448 6 2 1 7 0.166666666666667 0.5 0.142857142857143
13645 18 3 1 20 0.0555555555555556 0.333333333333333 0.05
13657 8 1 1 8 0.125 1 0.125
13680 43 14 11 46 0.255813953488372 0.785714285714286 0.239130434782609
137 24 8 8 24 0.333333333333333 1 0.333333333333333
13714 2 1 1 2 0.5 1 0.5
13810 2 1 1 2 0.5 1 0.5
13855 4 1 0 5 0 0 0
13867 3 1 0 4 0 0 0
13901 2 1 1 2 0.5 1 0.5
13910 4 1 0 5 0 0 0
13911 3 1 0 4 0 0 0
14 6 1 1 6 0.166666666666667 1 0.166666666666667
14026 4 1 1 4 0.25 1 0.25
14085 5 2 2 5 0.4 1 0.4
14234 3 1 1 3 0.333333333333333 1 0.333333333333333
14259 29 3 1 31 0.0344827586206897 0.333333333333333 0.032258064516129
14262 3 2 2 3 0.666666666666667 1 0.666666666666667
14277 5 6 1 10 0.2 0.166666666666667 0.1
14325 12 2 2 12 0.166666666666667 1 0.166666666666667
14383 7 1 1 7 0.142857142857143 1 0.142857142857143
14589 22 6 5 23 0.227272727272727 0.833333333333333 0.217391304347826
14595 6 2 1 7 0.166666666666667 0.5 0.142857142857143
14609 13 1 0 14 0 0 0
14650 1 2 1 2 1 0.5 0.5
14868 4 1 1 4 0.25 1 0.25
14907 3 3 2 4 0.666666666666667 0.666666666666667 0.5
15169 109 39 25 123 0.229357798165138 0.641025641025641 0.203252032520325
15189 4 1 1 4 0.25 1 0.25
15226 3 2 0 5 0 0 0
15373 2 1 1 2 0.5 1 0.5
15412 460 13 10 463 0.0217391304347826 0.769230769230769 0.0215982721382289
15444 279 22 14 287 0.0501792114695341 0.636363636363636 0.0487804878048781
15456 3 3 3 3 1 1 1
15469 1 1 0 2 0 0 0
15474 2 1 1 2 0.5 1 0.5
15480 1 1 1 1 1 1 1
15525 16 1 0 17 0 0 0
15533 19 2 2 19 0.105263157894737 1 0.105263157894737
15557 119 1 1 119 0.00840336134453781 1 0.00840336134453781
15576 31 2 2 31 0.0645161290322581 1 0.0645161290322581
15589 38 13 5 46 0.131578947368421 0.384615384615385 0.108695652173913
15598 104 30 24 110 0.230769230769231 0.8 0.218181818181818
15600 42 11 9 44 0.214285714285714 0.818181818181818 0.204545454545455
15623 36 5 4 37 0.111111111111111 0.8 0.108108108108108
15653 4 1 1 4 0.25 1 0.25
15657 3 1 1 3 0.333333333333333 1 0.333333333333333
15685 34 12 9 37 0.264705882352941 0.75 0.243243243243243
15694 80 1 1 80 0.0125 1 0.0125
15696 3 1 0 4 0 0 0
15716 5 2 1 6 0.2 0.5 0.166666666666667
15725 2 2 1 3 0.5 0.5 0.333333333333333
15726 2 1 1 2 0.5 1 0.5
15744 9 2 2 9 0.222222222222222 1 0.222222222222222
15782 15 3 2 16 0.133333333333333 0.666666666666667 0.125
15798 2 1 0 3 0 0 0
15805 19 8 5 22 0.263157894736842 0.625 0.227272727272727
15830 108 1 0 109 0 0 0
15879 41 19 15 45 0.365853658536585 0.789473684210526 0.333333333333333
15919 9 1 1 9 0.111111111111111 1 0.111111111111111
15965 4 1 1 4 0.25 1 0.25
16004 14 6 5 15 0.357142857142857 0.833333333333333 0.333333333333333
16016 21 1 1 21 0.0476190476190476 1 0.0476190476190476
16030 42 12 6 48 0.142857142857143 0.5 0.125
16034 15 5 0 20 0 0 0
16065 8 1 1 8 0.125 1 0.125
16086 28 21 9 40 0.321428571428571 0.428571428571429 0.225
16097 37 14 9 42 0.243243243243243 0.642857142857143 0.214285714285714
16117 3 1 1 3 0.333333333333333 1 0.333333333333333
16128 16 4 3 17 0.1875 0.75 0.176470588235294
16131 42 17 11 48 0.261904761904762 0.647058823529412 0.229166666666667
16150 245 13 11 247 0.0448979591836735 0.846153846153846 0.0445344129554656
16178 6 1 0 7 0 0 0
16186 48 2 1 49 0.0208333333333333 0.5 0.0204081632653061
16206 17 2 0 19 0 0 0
16210 4 3 2 5 0.5 0.666666666666667 0.4
16215 16 4 4 16 0.25 1 0.25
16237 30 8 4 34 0.133333333333333 0.5 0.117647058823529
16242 7 1 1 7 0.142857142857143 1 0.142857142857143
16243 60 12 9 63 0.15 0.75 0.142857142857143
16245 24 4 3 25 0.125 0.75 0.12
16246 5 4 3 6 0.6 0.75 0.5
16265 68 23 17 74 0.25 0.739130434782609 0.22972972972973
16276 76 1 1 76 0.0131578947368421 1 0.0131578947368421
16316 5 4 2 7 0.4 0.5 0.285714285714286
16347 9 1 1 9 0.111111111111111 1 0.111111111111111
16471 3 1 1 3 0.333333333333333 1 0.333333333333333
1653 27 4 3 28 0.111111111111111 0.75 0.107142857142857
16531 11 2 1 12 0.0909090909090909 0.5 0.0833333333333333
1659 9 3 2 10 0.222222222222222 0.666666666666667 0.2
16668 7 4 2 9 0.285714285714286 0.5 0.222222222222222
16724 4 1 1 4 0.25 1 0.25
16735 70 2 2 70 0.0285714285714286 1 0.0285714285714286
16807 4 2 0 6 0 0 0
16838 10 1 0 11 0 0 0
16942 2 1 1 2 0.5 1 0.5
16993 2 1 0 3 0 0 0
1706 4 1 1 4 0.25 1 0.25
17061 2 1 0 3 0 0 0
17204 2 1 0 3 0 0 0
17263 8 1 0 9 0 0 0
1741 10 4 3 11 0.3 0.75 0.272727272727273
17412 5 2 0 7 0 0 0
17435 2 2 0 4 0 0 0
17511 13 1 0 14 0 0 0
17529 7 1 1 7 0.142857142857143 1 0.142857142857143
17554 11 3 3 11 0.272727272727273 1 0.272727272727273
17579 13 12 7 18 0.538461538461538 0.583333333333333 0.388888888888889
1759 25 1 1 25 0.04 1 0.04
1764 44 10 9 45 0.204545454545455 0.9 0.2
17660 25 8 7 26 0.28 0.875 0.269230769230769
17676 37 3 2 38 0.0540540540540541 0.666666666666667 0.0526315789473684
17707 6 2 1 7 0.166666666666667 0.5 0.142857142857143
17709 13 1 0 14 0 0 0
17727 6 1 1 6 0.166666666666667 1 0.166666666666667
17741 3 1 0 4 0 0 0
17832 1 3 0 4 0 0 0
17920 6 1 1 6 0.166666666666667 1 0.166666666666667
17934 2 2 2 2 1 1 1
17955 3 2 1 4 0.333333333333333 0.5 0.25
1797 3 4 3 4 1 0.75 0.75
1798 3 3 0 6 0 0 0
17990 5 1 1 5 0.2 1 0.2
18007 2 2 2 2 1 1 1
18059 16 1 0 17 0 0 0
18070 3 1 1 3 0.333333333333333 1 0.333333333333333
18119 3 2 0 5 0 0 0
18126 3 1 0 4 0 0 0
18146 3 3 0 6 0 0 0
18149 4 3 3 4 0.75 1 0.75
18182 3 1 0 4 0 0 0
18185 4 2 1 5 0.25 0.5 0.2
18203 3 1 1 3 0.333333333333333 1 0.333333333333333
18206 2 2 0 4 0 0 0
18218 2 1 1 2 0.5 1 0.5
18266 3 1 1 3 0.333333333333333 1 0.333333333333333
18344 1 2 0 3 0 0 0
1835 9 2 2 9 0.222222222222222 1 0.222222222222222
1836 57 10 9 58 0.157894736842105 0.9 0.155172413793103
18366 2 3 1 4 0.5 0.333333333333333 0.25
18369 1 1 0 2 0 0 0
18422 4 1 1 4 0.25 1 0.25
18508 9 3 2 10 0.222222222222222 0.666666666666667 0.2
1853 119 31 30 120 0.252100840336134 0.967741935483871 0.25
18592 25 10 6 29 0.24 0.6 0.206896551724138
18666 1 2 0 3 0 0 0
18750 2 1 1 2 0.5 1 0.5
1880 15 6 4 17 0.266666666666667 0.666666666666667 0.235294117647059
1881 1 1 1 1 1 1 1
1887 7 1 1 7 0.142857142857143 1 0.142857142857143
1901 39 1 1 39 0.0256410256410256 1 0.0256410256410256
19021 3 2 1 4 0.333333333333333 0.5 0.25
19073 3 1 0 4 0 0 0
19151 867 197 189 875 0.217993079584775 0.959390862944162 0.216
1916 105 13 12 106 0.114285714285714 0.923076923076923 0.113207547169811
19192 2 2 2 2 1 1 1
19255 7 7 3 11 0.428571428571429 0.428571428571429 0.272727272727273
1930 22 7 6 23 0.272727272727273 0.857142857142857 0.260869565217391
19401 47 12 11 48 0.234042553191489 0.916666666666667 0.229166666666667
195 8 3 1 10 0.125 0.333333333333333 0.1
1955 11 3 3 11 0.272727272727273 1 0.272727272727273
19557 5 1 0 6 0 0 0
19624 3 1 1 3 0.333333333333333 1 0.333333333333333
196613 2 2 2 2 1 1 1
196621 2 1 1 2 0.5 1 0.5
19782 18 1 1 18 0.0555555555555556 1 0.0555555555555556
19783 2 1 0 3 0 0 0
19866 2 1 1 2 0.5 1 0.5
20080 16 4 4 16 0.25 1 0.25
20144 33 4 4 33 0.121212121212121 1 0.121212121212121
2018 4 1 1 4 0.25 1 0.25
20308 1 1 1 1 1 1 1
20312 9 4 3 10 0.333333333333333 0.75 0.3
2042 17 3 3 17 0.176470588235294 1 0.176470588235294
20473 23 2 1 24 0.0434782608695652 0.5 0.0416666666666667
20495 49 9 7 51 0.142857142857143 0.777777777777778 0.137254901960784
20507 35 2 1 36 0.0285714285714286 0.5 0.0277777777777778
20547 37 6 4 39 0.108108108108108 0.666666666666667 0.102564102564103
20555 4 2 2 4 0.5 1 0.5
20569 10 3 3 10 0.3 1 0.3
20570 4 1 1 4 0.25 1 0.25
20597 2 1 1 2 0.5 1 0.5
20608 3 2 0 5 0 0 0
20612 3 1 0 4 0 0 0
20621 3 1 1 3 0.333333333333333 1 0.333333333333333
20633 17 14 8 23 0.470588235294118 0.571428571428571 0.347826086956522
20634 33 1 1 33 0.0303030303030303 1 0.0303030303030303
20640 245 88 76 257 0.310204081632653 0.863636363636364 0.295719844357977
20650 6 1 1 6 0.166666666666667 1 0.166666666666667
20704 19 5 5 19 0.263157894736842 1 0.263157894736842
20707 2 1 1 2 0.5 1 0.5
20712 12 6 5 13 0.416666666666667 0.833333333333333 0.384615384615385
20718 27 13 3 37 0.111111111111111 0.230769230769231 0.0810810810810811
20766 13 1 1 13 0.0769230769230769 1 0.0769230769230769
20773 20 14 9 25 0.45 0.642857142857143 0.36
20783 6 2 0 8 0 0 0
20847 28 19 12 35 0.428571428571429 0.631578947368421 0.342857142857143
209 1462 10 8 1464 0.00547195622435021 0.8 0.00546448087431694
20912 10 7 4 13 0.4 0.571428571428571 0.307692307692308
20932 326 14 12 328 0.0368098159509202 0.857142857142857 0.0365853658536585
20940 112 2 1 113 0.00892857142857143 0.5 0.00884955752212389
20953 27 1 1 27 0.037037037037037 1 0.037037037037037
20965 50 41 41 50 0.82 1 0.82
210 10 1 1 10 0.1 1 0.1
21011 82 17 11 88 0.134146341463415 0.647058823529412 0.125
21013 30 15 9 36 0.3 0.6 0.25
21017 1 1 1 1 1 1 1
21042 3 1 1 3 0.333333333333333 1 0.333333333333333
21055 39 8 6 41 0.153846153846154 0.75 0.146341463414634
2107 1 1 1 1 1 1 1
2108 1 1 1 1 1 1 1
2110 45 2 1 46 0.0222222222222222 0.5 0.0217391304347826
21155 35 16 10 41 0.285714285714286 0.625 0.24390243902439
2116 26 5 5 26 0.192307692307692 1 0.192307692307692
21219 197 14 7 204 0.0355329949238579 0.5 0.0343137254901961
21221 33 15 8 40 0.242424242424242 0.533333333333333 0.2
21263 23 17 9 31 0.391304347826087 0.529411764705882 0.290322580645161
2128 4 2 2 4 0.5 1 0.5
21320 6 1 1 6 0.166666666666667 1 0.166666666666667
21371 44 12 9 47 0.204545454545455 0.75 0.191489361702128
21385 84 23 15 92 0.178571428571429 0.652173913043478 0.16304347826087
21392 37 10 7 40 0.189189189189189 0.7 0.175
21396 30 12 8 34 0.266666666666667 0.666666666666667 0.235294117647059
21409 30 1 0 31 0 0 0
21414 62 1 1 62 0.0161290322580645 1 0.0161290322580645
21435 6 2 2 6 0.333333333333333 1 0.333333333333333
21497 10 1 1 10 0.1 1 0.1
21513 10 3 3 10 0.3 1 0.3
2152 94 2 2 94 0.0212765957446809 1 0.0212765957446809
2153 38 14 13 39 0.342105263157895 0.928571428571429 0.333333333333333
21548 25 1 1 25 0.04 1 0.04
21719 6 1 0 7 0 0 0
21737 7 1 0 8 0 0 0
21844 18 4 4 18 0.222222222222222 1 0.222222222222222
21947 28 3 3 28 0.107142857142857 1 0.107142857142857
21976 21 2 2 21 0.0952380952380952 1 0.0952380952380952
2200 42 6 4 44 0.0952380952380952 0.666666666666667 0.0909090909090909
22132 2 4 1 5 0.5 0.25 0.2
22166 2 1 0 3 0 0 0
22192 2 1 1 2 0.5 1 0.5
22284 8 1 0 9 0 0 0
22302 7 1 1 7 0.142857142857143 1 0.142857142857143
22335 30 2 2 30 0.0666666666666667 1 0.0666666666666667
22351 46 1 0 47 0 0 0
22356 36 2 2 36 0.0555555555555556 1 0.0555555555555556
22388 9 7 7 9 0.777777777777778 1 0.777777777777778
224 5 1 1 5 0.2 1 0.2
22404 3 1 0 4 0 0 0
22438 2 2 1 3 0.5 0.5 0.333333333333333
225 2 1 1 2 0.5 1 0.5
22548 47 5 5 47 0.106382978723404 1 0.106382978723404
22581 2 1 1 2 0.5 1 0.5
226 32 3 3 32 0.09375 1 0.09375
22767 1 1 1 1 1 1 1
22773 270 1 1 270 0.0037037037037037 1 0.0037037037037037
22779 2 1 1 2 0.5 1 0.5
22822 142 4 4 142 0.028169014084507 1 0.028169014084507
22829 17 3 3 17 0.176470588235294 1 0.176470588235294
23028 4 2 0 6 0 0 0
23033 7 1 1 7 0.142857142857143 1 0.142857142857143
23148 245 2 2 245 0.00816326530612245 1 0.00816326530612245
23308 12 2 2 12 0.166666666666667 1 0.166666666666667
23342 50 7 7 50 0.14 1 0.14
23352 34 5 4 35 0.117647058823529 0.8 0.114285714285714
23456 35 6 4 37 0.114285714285714 0.666666666666667 0.108108108108108
23473 1 1 0 2 0 0 0
23504 29 6 2 33 0.0689655172413793 0.333333333333333 0.0606060606060606
23541 11 1 0 12 0 0 0
23577 3 1 0 4 0 0 0
23596 3 2 2 3 0.666666666666667 1 0.666666666666667
23600 3 2 2 3 0.666666666666667 1 0.666666666666667
23624 2 1 1 2 0.5 1 0.5
23634 4 4 3 5 0.75 0.75 0.6
23637 2 1 0 3 0 0 0
23655 20 1 0 21 0 0 0
237 33 1 1 33 0.0303030303030303 1 0.0303030303030303
23754 4 1 0 5 0 0 0
23774 4 3 2 5 0.5 0.666666666666667 0.4
2381 22 4 4 22 0.181818181818182 1 0.181818181818182
23816 5 1 1 5 0.2 1 0.2
23836 1 1 1 1 1 1 1
23869 2 1 0 3 0 0 0
23889 3 1 1 3 0.333333333333333 1 0.333333333333333
23902 2 3 0 5 0 0 0
23910 3 3 1 5 0.333333333333333 0.333333333333333 0.2
23911 8 17 5 20 0.625 0.294117647058824 0.25
23912 1 1 0 2 0 0 0
23930 27 1 0 28 0 0 0
23966 3 1 0 4 0 0 0
24 11 7 4 14 0.363636363636364 0.571428571428571 0.285714285714286
24005 5 2 1 6 0.2 0.5 0.166666666666667
24047 4 2 2 4 0.5 1 0.5
24066 2 1 0 3 0 0 0
24129 4 2 1 5 0.25 0.5 0.2
24130 14 1 1 14 0.0714285714285714 1 0.0714285714285714
24151 10 2 0 12 0 0 0
24175 3 1 1 3 0.333333333333333 1 0.333333333333333
24211 1 1 1 1 1 1 1
24218 18 3 1 20 0.0555555555555556 0.333333333333333 0.05
24220 6 1 1 6 0.166666666666667 1 0.166666666666667
24226 3 2 0 5 0 0 0
24227 1 1 0 2 0 0 0
24229 4 1 1 4 0.25 1 0.25
24238 7 3 1 9 0.142857142857143 0.333333333333333 0.111111111111111
24287 4 3 3 4 0.75 1 0.75
24311 1 1 0 2 0 0 0
24326 17 1 1 17 0.0588235294117647 1 0.0588235294117647
24334 2 1 1 2 0.5 1 0.5
24390 2 1 1 2 0.5 1 0.5
24424 2 1 0 3 0 0 0
24437 1 1 1 1 1 1 1
24475 4 3 3 4 0.75 1 0.75
24489 9 9 8 10 0.888888888888889 0.888888888888889 0.8
24490 10 8 8 10 0.8 1 0.8
24514 6 2 2 6 0.333333333333333 1 0.333333333333333
24541 3 3 1 5 0.333333333333333 0.333333333333333 0.2
24557 6 1 1 6 0.166666666666667 1 0.166666666666667
24586 29 12 7 34 0.241379310344828 0.583333333333333 0.205882352941176
24594 22 7 5 24 0.227272727272727 0.714285714285714 0.208333333333333
24638 11 1 1 11 0.0909090909090909 1 0.0909090909090909
24642 28 5 4 29 0.142857142857143 0.8 0.137931034482759
24679 23 14 7 30 0.304347826086957 0.5 0.233333333333333
24724 119 24 18 125 0.151260504201681 0.75 0.144
24730 51 1 1 51 0.0196078431372549 1 0.0196078431372549
24776 5 2 1 6 0.2 0.5 0.166666666666667
24785 105 9 7 107 0.0666666666666667 0.777777777777778 0.0654205607476635
24796 5 2 2 5 0.4 1 0.4
24835 10 1 1 10 0.1 1 0.1
24863 20 3 3 20 0.15 1 0.15
24875 235 18 17 236 0.0723404255319149 0.944444444444444 0.0720338983050847
24889 11 5 4 12 0.363636363636364 0.8 0.333333333333333
24900 1 1 1 1 1 1 1
24940 18 13 9 22 0.5 0.692307692307692 0.409090909090909
2495 11 1 1 11 0.0909090909090909 1 0.0909090909090909
24963 47 10 7 50 0.148936170212766 0.7 0.14
2497 241 60 47 254 0.195020746887967 0.783333333333333 0.18503937007874
24971 22 7 5 24 0.227272727272727 0.714285714285714 0.208333333333333
24973 3 1 0 4 0 0 0
25 2 1 1 2 0.5 1 0.5
250 4 2 1 5 0.25 0.5 0.2
2500 31 32 18 45 0.580645161290323 0.5625 0.4
2506 2 1 1 2 0.5 1 0.5
25061 35 5 5 35 0.142857142857143 1 0.142857142857143
2510 17 3 2 18 0.117647058823529 0.666666666666667 0.111111111111111
25137 13 4 4 13 0.307692307692308 1 0.307692307692308
2514 13 1 1 13 0.0769230769230769 1 0.0769230769230769
25148 8 1 1 8 0.125 1 0.125
2515 6 1 1 6 0.166666666666667 1 0.166666666666667
25152 57 12 9 60 0.157894736842105 0.75 0.15
2516 333 35 30 338 0.0900900900900901 0.857142857142857 0.0887573964497041
25164 2 1 1 2 0.5 1 0.5
2518 10 3 3 10 0.3 1 0.3
25182 27 8 5 30 0.185185185185185 0.625 0.166666666666667
2519 26 6 5 27 0.192307692307692 0.833333333333333 0.185185185185185
25192 15 12 10 17 0.666666666666667 0.833333333333333 0.588235294117647
25223 2 1 0 3 0 0 0
25234 3 3 2 4 0.666666666666667 0.666666666666667 0.5
25279 14 5 5 14 0.357142857142857 1 0.357142857142857
25295 2 1 1 2 0.5 1 0.5
25358 12 11 4 19 0.333333333333333 0.363636363636364 0.210526315789474
25384 7 2 1 8 0.142857142857143 0.5 0.125
25409 2 1 1 2 0.5 1 0.5
25415 5 1 1 5 0.2 1 0.2
25441 13 1 1 13 0.0769230769230769 1 0.0769230769230769
25466 28 11 9 30 0.321428571428571 0.818181818181818 0.3
25473 4 1 1 4 0.25 1 0.25
2549 3 1 0 4 0 0 0
25512 23 3 3 23 0.130434782608696 1 0.130434782608696
25525 48 18 16 50 0.333333333333333 0.888888888888889 0.32
25538 2 2 0 4 0 0 0
25560 75 87 27 135 0.36 0.310344827586207 0.2
25563 3 1 1 3 0.333333333333333 1 0.333333333333333
25588 17 7 2 22 0.117647058823529 0.285714285714286 0.0909090909090909
25596 31 10 7 34 0.225806451612903 0.7 0.205882352941176
2561 3 2 2 3 0.666666666666667 1 0.666666666666667
25689 13 2 2 13 0.153846153846154 1 0.153846153846154
2572 7 1 1 7 0.142857142857143 1 0.142857142857143
2576 2 1 1 2 0.5 1 0.5
25795 9 2 2 9 0.222222222222222 1 0.222222222222222
25818 20 7 3 24 0.15 0.428571428571429 0.125
25829 3 1 1 3 0.333333333333333 1 0.333333333333333
2586 12 1 1 12 0.0833333333333333 1 0.0833333333333333
25933 2 2 0 4 0 0 0
2594 4 1 0 5 0 0 0
2595 2 1 0 3 0 0 0
2602 4 3 3 4 0.75 1 0.75
2603 91 28 21 98 0.230769230769231 0.75 0.214285714285714
2607 25 8 6 27 0.24 0.75 0.222222222222222
2609 2 1 0 3 0 0 0
2611 52 9 8 53 0.153846153846154 0.888888888888889 0.150943396226415
2614 16 1 1 16 0.0625 1 0.0625
2637 4 1 1 4 0.25 1 0.25
26415 48 7 1 54 0.0208333333333333 0.142857142857143 0.0185185185185185
26496 6 1 1 6 0.166666666666667 1 0.166666666666667
26610 2 1 1 2 0.5 1 0.5
26622 7 1 1 7 0.142857142857143 1 0.142857142857143
26773 8 4 4 8 0.5 1 0.5
26785 3 2 1 4 0.333333333333333 0.5 0.25
26943 216 13 11 218 0.0509259259259259 0.846153846153846 0.0504587155963303
2697 7 2 2 7 0.285714285714286 1 0.285714285714286
26978 16 2 0 18 0 0 0
2698 6 3 3 6 0.5 1 0.5
27 2 1 1 2 0.5 1 0.5
2714 1 1 1 1 1 1 1
2716 3 1 1 3 0.333333333333333 1 0.333333333333333
27319 25 5 5 25 0.2 1 0.2
27400 3 1 1 3 0.333333333333333 1 0.333333333333333
27446 4 1 0 5 0 0 0
27524 57 4 3 58 0.0526315789473684 0.75 0.0517241379310345
27552 8 1 1 8 0.125 1 0.125
27589 11 1 1 11 0.0909090909090909 1 0.0909090909090909
27630 3 1 1 3 0.333333333333333 1 0.333333333333333
27664 51 6 6 51 0.117647058823529 1 0.117647058823529
27678 7 1 0 8 0 0 0
27725 1 1 1 1 1 1 1
27750 19 16 16 19 0.842105263157895 1 0.842105263157895
278 9 7 1 15 0.111111111111111 0.142857142857143 0.0666666666666667
27807 11 4 4 11 0.363636363636364 1 0.363636363636364
27817 5 1 1 5 0.2 1 0.2
27841 5 1 1 5 0.2 1 0.2
27924 3 1 1 3 0.333333333333333 1 0.333333333333333
27929 4 2 2 4 0.5 1 0.5
27933 2 1 1 2 0.5 1 0.5
28000 1 1 1 1 1 1 1
28001 4 1 1 4 0.25 1 0.25
2819 31 3 2 32 0.0645161290322581 0.666666666666667 0.0625
2828 789 12 11 790 0.0139416983523447 0.916666666666667 0.0139240506329114
28289 3 1 0 4 0 0 0
28324 1 1 0 2 0 0 0
2847 4 3 3 4 0.75 1 0.75
2848 6 1 1 6 0.166666666666667 1 0.166666666666667
28497 1 1 1 1 1 1 1
28499 3 1 0 4 0 0 0
28511 5 2 1 6 0.2 0.5 0.166666666666667
2852 72 11 10 73 0.138888888888889 0.909090909090909 0.136986301369863
2857 27 30 11 46 0.407407407407407 0.366666666666667 0.239130434782609
286 334 117 66 385 0.197604790419162 0.564102564102564 0.171428571428571
28618 5 2 1 6 0.2 0.5 0.166666666666667
28677 2 1 1 2 0.5 1 0.5
28678 2 1 1 2 0.5 1 0.5
28697 8 1 1 8 0.125 1 0.125
28717 15 4 3 16 0.2 0.75 0.1875
28725 2 3 1 4 0.5 0.333333333333333 0.25
28753 36 16 11 41 0.305555555555556 0.6875 0.268292682926829
28788 44 11 10 45 0.227272727272727 0.909090909090909 0.222222222222222
28824 2 1 0 3 0 0 0
28855 9 4 4 9 0.444444444444444 1 0.444444444444444
28857 8 4 4 8 0.5 1 0.5
28878 39 14 11 42 0.282051282051282 0.785714285714286 0.261904761904762
28929 72 9 8 73 0.111111111111111 0.888888888888889 0.10958904109589
2895 5 2 1 6 0.2 0.5 0.166666666666667
29009 28 9 6 31 0.214285714285714 0.666666666666667 0.193548387096774
2905 29 2 0 31 0 0 0
29066 21 15 8 28 0.380952380952381 0.533333333333333 0.285714285714286
2907 82 5 5 82 0.0609756097560976 1 0.0609756097560976
29113 60 12 11 61 0.183333333333333 0.916666666666667 0.180327868852459
29134 10 4 4 10 0.4 1 0.4
2914 659 194 133 720 0.201820940819423 0.685567010309278 0.184722222222222
29147 1 1 1 1 1 1 1
29208 307 167 96 378 0.312703583061889 0.574850299401198 0.253968253968254
29216 1 1 1 1 1 1 1
29222 47 3 3 47 0.0638297872340425 1 0.0638297872340425
29243 2 2 2 2 1 1 1
29259 6 2 2 6 0.333333333333333 1 0.333333333333333
293 148 18 16 150 0.108108108108108 0.888888888888889 0.106666666666667
29317 2 2 2 2 1 1 1
29321 8 3 3 8 0.375 1 0.375
29372 1 2 0 3 0 0 0
29396 33 7 6 34 0.181818181818182 0.857142857142857 0.176470588235294
29405 14 2 2 14 0.142857142857143 1 0.142857142857143
29422 22 4 3 23 0.136363636363636 0.75 0.130434782608696
29432 2 1 1 2 0.5 1 0.5
29449 45 20 12 53 0.266666666666667 0.6 0.226415094339623
29452 21 7 6 22 0.285714285714286 0.857142857142857 0.272727272727273
29488 3 2 2 3 0.666666666666667 1 0.666666666666667
29527 32 11 8 35 0.25 0.727272727272727 0.228571428571429
29542 4 1 1 4 0.25 1 0.25
29608 15 4 4 15 0.266666666666667 1 0.266666666666667
29611 25 10 7 28 0.28 0.7 0.25
29632 31 16 8 39 0.258064516129032 0.5 0.205128205128205
29636 227 41 40 228 0.176211453744493 0.975609756097561 0.175438596491228
29651 5 4 3 6 0.6 0.75 0.5
29655 8 2 2 8 0.25 1 0.25
29668 29 1 1 29 0.0344827586206897 1 0.0344827586206897
29670 10 2 2 10 0.2 1 0.2
29671 3 2 2 3 0.666666666666667 1 0.666666666666667
29686 314 115 102 327 0.32484076433121 0.88695652173913 0.311926605504587
29748 23 10 4 29 0.173913043478261 0.4 0.137931034482759
29763 1 1 1 1 1 1 1
29791 187 3 1 189 0.0053475935828877 0.333333333333333 0.00529100529100529
29838 31 6 5 32 0.161290322580645 0.833333333333333 0.15625
29904 1 1 1 1 1 1 1
3 6 1 0 7 0 0 0
30008 7 1 1 7 0.142857142857143 1 0.142857142857143
30058 7 2 2 7 0.285714285714286 1 0.285714285714286
30059 3 3 2 4 0.666666666666667 0.666666666666667 0.5
30071 8 97 6 99 0.75 0.0618556701030928 0.0606060606060606
30128 3 2 1 4 0.333333333333333 0.5 0.25
30129 3 2 2 3 0.666666666666667 1 0.666666666666667
30132 25 49 14 60 0.56 0.285714285714286 0.233333333333333
30176 15 2 2 15 0.133333333333333 1 0.133333333333333
30217 5 1 1 5 0.2 1 0.2
30225 1 1 0 2 0 0 0
30340 21 1 1 21 0.0476190476190476 1 0.0476190476190476
30374 2 1 0 3 0 0 0
30528 7 2 2 7 0.285714285714286 1 0.285714285714286
30653 22 10 7 25 0.318181818181818 0.7 0.28
30700 4 2 2 4 0.5 1 0.5
30708 1 1 1 1 1 1 1
30781 40 12 11 41 0.275 0.916666666666667 0.268292682926829
30795 3 2 2 3 0.666666666666667 1 0.666666666666667
30833 4 2 1 5 0.25 0.5 0.2
30834 12 3 3 12 0.25 1 0.25
30844 295 6 5 296 0.0169491525423729 0.833333333333333 0.0168918918918919
30880 12 2 2 12 0.166666666666667 1 0.166666666666667
30890 134 19 13 140 0.0970149253731343 0.684210526315789 0.0928571428571429
30925 2 1 1 2 0.5 1 0.5
30971 7 3 3 7 0.428571428571429 1 0.428571428571429
30975 5 2 0 7 0 0 0
31078 3 2 1 4 0.333333333333333 0.5 0.25
31117 10 4 3 11 0.3 0.75 0.272727272727273
31127 1 2 0 3 0 0 0
31229 4 1 1 4 0.25 1 0.25
31252 18 3 3 18 0.166666666666667 1 0.166666666666667
31261 15 1 0 16 0 0 0
31265 1 1 1 1 1 1 1
31283 144 2 2 144 0.0138888888888889 1 0.0138888888888889
3130 116 2 2 116 0.0172413793103448 1 0.0172413793103448
31333 9 5 4 10 0.444444444444444 0.8 0.4
3134 2 1 1 2 0.5 1 0.5
31383 19 9 5 23 0.263157894736842 0.555555555555556 0.217391304347826
3140 1 1 1 1 1 1 1
31400 9 3 2 10 0.222222222222222 0.666666666666667 0.2
31424 16 4 4 16 0.25 1 0.25
31442 2 1 0 3 0 0 0
31458 47 10 8 49 0.170212765957447 0.8 0.163265306122449
31477 193 2 2 193 0.0103626943005181 1 0.0103626943005181
31479 4 2 1 5 0.25 0.5 0.2
31513 3 1 1 3 0.333333333333333 1 0.333333333333333
31529 42 15 12 45 0.285714285714286 0.8 0.266666666666667
31615 2 1 0 3 0 0 0
31677 3 2 0 5 0 0 0
31688 6 2 2 6 0.333333333333333 1 0.333333333333333
31708 19 12 8 23 0.421052631578947 0.666666666666667 0.347826086956522
31736 10 1 1 10 0.1 1 0.1
32034 6 3 3 6 0.5 1 0.5
3212 23 1 1 23 0.0434782608695652 1 0.0434782608695652
3213 36 12 10 38 0.277777777777778 0.833333333333333 0.263157894736842
3221 1 1 1 1 1 1 1
32329 3 1 1 3 0.333333333333333 1 0.333333333333333
32335 5 1 1 5 0.2 1 0.2
32346 1 2 1 2 1 0.5 0.5
32354 17 4 3 18 0.176470588235294 0.75 0.166666666666667
32360 3 1 0 4 0 0 0
32361 6 1 0 7 0 0 0
3243 16 4 2 18 0.125 0.5 0.111111111111111
32440 23 1 1 23 0.0434782608695652 1 0.0434782608695652
3248 48 25 16 57 0.333333333333333 0.64 0.280701754385965
3249 51 13 9 55 0.176470588235294 0.692307692307692 0.163636363636364
3257 542 241 125 658 0.230627306273063 0.518672199170125 0.189969604863222
32592 15 3 3 15 0.2 1 0.2
3261 29 1 1 29 0.0344827586206897 1 0.0344827586206897
3265 40 16 10 46 0.25 0.625 0.217391304347826
3267 347 8 7 348 0.0201729106628242 0.875 0.0201149425287356
3269 112 1 1 112 0.00892857142857143 1 0.00892857142857143
32748 9 2 1 10 0.111111111111111 0.5 0.1
3277 51 1 1 51 0.0196078431372549 1 0.0196078431372549
32825 2 1 0 3 0 0 0
32890 3 1 0 4 0 0 0
32915 4 1 0 5 0 0 0
3292 408 19 18 409 0.0441176470588235 0.947368421052632 0.0440097799511002
32978 1 1 1 1 1 1 1
33 6 1 0 7 0 0 0
3301 63 6 4 65 0.0634920634920635 0.666666666666667 0.0615384615384615
3303 496 25 22 499 0.0443548387096774 0.88 0.0440881763527054
33071 7 2 2 7 0.285714285714286 1 0.285714285714286
33073 6 1 1 6 0.166666666666667 1 0.166666666666667
33080 2 1 1 2 0.5 1 0.5
33152 2 1 0 3 0 0 0
33189 9 1 1 9 0.111111111111111 1 0.111111111111111
3320 535 19 12 542 0.0224299065420561 0.631578947368421 0.022140221402214
3327 99 26 20 105 0.202020202020202 0.769230769230769 0.19047619047619
3333 166 4 3 167 0.0180722891566265 0.75 0.0179640718562874
33362 3 1 0 4 0 0 0
3344 9 5 2 12 0.222222222222222 0.4 0.166666666666667
33517 8 2 2 8 0.25 1 0.25
3352 73 3 1 75 0.0136986301369863 0.333333333333333 0.0133333333333333
3356 2377 80 70 2387 0.0294488851493479 0.875 0.0293255131964809
33597 24 1 1 24 0.0416666666666667 1 0.0416666666666667
3363 3 1 1 3 0.333333333333333 1 0.333333333333333
33789 2 2 2 2 1 1 1
33843 32 20 14 38 0.4375 0.7 0.368421052631579
33845 11 1 1 11 0.0909090909090909 1 0.0909090909090909
33868 7 1 1 7 0.142857142857143 1 0.142857142857143
33876 1 1 1 1 1 1 1
33885 9 2 2 9 0.222222222222222 1 0.222222222222222
33891 31 17 11 37 0.354838709677419 0.647058823529412 0.297297297297297
33926 34 5 4 35 0.117647058823529 0.8 0.114285714285714
33930 2 1 0 3 0 0 0
34019 9 3 3 9 0.333333333333333 1 0.333333333333333
34021 8 4 3 9 0.375 0.75 0.333333333333333
34080 5 2 2 5 0.4 1 0.4
34081 3 2 2 3 0.666666666666667 1 0.666666666666667
34108 2 1 1 2 0.5 1 0.5
34109 4 1 0 5 0 0 0
34141 23 1 1 23 0.0434782608695652 1 0.0434782608695652
34146 15 2 2 15 0.133333333333333 1 0.133333333333333
34225 49 4 4 49 0.0816326530612245 1 0.0816326530612245
34244 5 3 3 5 0.6 1 0.6
34270 34 4 4 34 0.117647058823529 1 0.117647058823529
34288 7 2 1 8 0.142857142857143 0.5 0.125
34305 63 6 5 64 0.0793650793650794 0.833333333333333 0.078125
34309 42 132 20 154 0.476190476190476 0.151515151515152 0.12987012987013
34313 21 7 6 22 0.285714285714286 0.857142857142857 0.272727272727273
34372 4 1 1 4 0.25 1 0.25
34419 53 11 9 55 0.169811320754717 0.818181818181818 0.163636363636364
34427 3 1 1 3 0.333333333333333 1 0.333333333333333
34505 3 2 2 3 0.666666666666667 1 0.666666666666667
34549 6 4 2 8 0.333333333333333 0.5 0.25
34554 12 2 2 12 0.166666666666667 1 0.166666666666667
34567 2 2 1 3 0.5 0.5 0.333333333333333
34594 15 3 3 15 0.2 1 0.2
34602 4 2 1 5 0.25 0.5 0.2
34631 3 1 1 3 0.333333333333333 1 0.333333333333333
3464 8 1 1 8 0.125 1 0.125
34683 1 1 1 1 1 1 1
34695 349 50 39 360 0.111747851002865 0.78 0.108333333333333
34752 3 1 1 3 0.333333333333333 1 0.333333333333333
34763 60 24 13 71 0.216666666666667 0.541666666666667 0.183098591549296
34781 14 1 1 14 0.0714285714285714 1 0.0714285714285714
34784 3 1 1 3 0.333333333333333 1 0.333333333333333
34863 2 1 0 3 0 0 0
34958 3 1 1 3 0.333333333333333 1 0.333333333333333
34968 25 12 8 29 0.32 0.666666666666667 0.275862068965517
34997 9 3 2 10 0.222222222222222 0.666666666666667 0.2
35 2 1 0 3 0 0 0
35028 29 10 7 32 0.241379310344828 0.7 0.21875
35070 7 2 2 7 0.285714285714286 1 0.285714285714286
35087 4 1 1 4 0.25 1 0.25
35244 20 20 12 28 0.6 0.6 0.428571428571429
35272 3 2 2 3 0.666666666666667 1 0.666666666666667
35283 7 1 1 7 0.142857142857143 1 0.142857142857143
35320 103 17 12 108 0.116504854368932 0.705882352941177 0.111111111111111
35393 8 2 1 9 0.125 0.5 0.111111111111111
35425 16 3 3 16 0.1875 1 0.1875
35470 5 4 1 8 0.2 0.25 0.125
35485 2 1 0 3 0 0 0
3549 1322 132 118 1336 0.0892586989409985 0.893939393939394 0.0883233532934132
35492 5 3 3 5 0.6 1 0.6
3551 1 1 0 2 0 0 0
3557 17 6 6 17 0.352941176470588 1 0.352941176470588
35592 5 3 3 5 0.6 1 0.6
3561 465 4 4 465 0.00860215053763441 1 0.00860215053763441
35612 6 2 0 8 0 0 0
35706 15 5 2 18 0.133333333333333 0.4 0.111111111111111
35819 14 1 1 14 0.0714285714285714 1 0.0714285714285714
3582 2 2 1 3 0.5 0.5 0.333333333333333
35826 2 1 1 2 0.5 1 0.5
35908 25 1 1 25 0.04 1 0.04
3597 8 2 2 8 0.25 1 0.25
36141 2 1 0 3 0 0 0
36221 2 1 1 2 0.5 1 0.5
36236 11 1 0 12 0 0 0
36252 2 2 2 2 1 1 1
36351 15 5 5 15 0.333333333333333 1 0.333333333333333
36383 2 1 0 3 0 0 0
36384 1 1 1 1 1 1 1
3640 4 1 1 4 0.25 1 0.25
36412 4 2 2 4 0.5 1 0.5
36472 12 4 4 12 0.333333333333333 1 0.333333333333333
3661 6 6 2 10 0.333333333333333 0.333333333333333 0.2
3662 18 9 9 18 0.5 1 0.5
36671 2 1 1 2 0.5 1 0.5
36692 32 8 7 33 0.21875 0.875 0.212121212121212
3676 7 2 2 7 0.285714285714286 1 0.285714285714286
36797 1 1 1 1 1 1 1
36856 11 4 2 13 0.181818181818182 0.5 0.153846153846154
36944 7 5 4 8 0.571428571428571 0.8 0.5
3714 5 1 1 5 0.2 1 0.2
3741 89 1 1 89 0.0112359550561798 1 0.0112359550561798
3742 16 2 2 16 0.125 1 0.125
3754 40 3 3 40 0.075 1 0.075
376 18 1 1 18 0.0555555555555556 1 0.0555555555555556
378 3 1 1 3 0.333333333333333 1 0.333333333333333
3790 4 1 1 4 0.25 1 0.25
37918 3 1 1 3 0.333333333333333 1 0.333333333333333
38005 2 2 2 2 1 1 1
38018 7 5 4 8 0.571428571428571 0.8 0.5
38022 32 10 10 32 0.3125 1 0.3125
38082 35 11 9 37 0.257142857142857 0.818181818181818 0.243243243243243
38128 1 1 0 2 0 0 0
38140 2 1 1 2 0.5 1 0.5
38158 3 2 2 3 0.666666666666667 1 0.666666666666667
38229 1 1 1 1 1 1 1
3825 1 1 0 2 0 0 0
38299 2 1 1 2 0.5 1 0.5
38321 2 1 1 2 0.5 1 0.5
3836 7 2 1 8 0.142857142857143 0.5 0.125
38457 3 1 0 4 0 0 0
38462 2 1 1 2 0.5 1 0.5
38477 2 1 1 2 0.5 1 0.5
38566 2 1 1 2 0.5 1 0.5
38629 2 2 2 2 1 1 1
38639 1 1 1 1 1 1 1
38646 2 2 1 3 0.5 0.5 0.333333333333333
38711 1 1 1 1 1 1 1
38794 9 1 1 9 0.111111111111111 1 0.111111111111111
38819 3 2 2 3 0.666666666666667 1 0.666666666666667
38922 6 1 0 7 0 0 0
38930 23 2 1 24 0.0434782608695652 0.5 0.0416666666666667
39029 5 1 1 5 0.2 1 0.2
39040 9 2 2 9 0.222222222222222 1 0.222222222222222
39093 1 1 1 1 1 1 1
39122 10 1 0 11 0 0 0
39145 8 3 3 8 0.375 1 0.375
39211 2 2 1 3 0.5 0.5 0.333333333333333
39301 5 2 1 6 0.2 0.5 0.166666666666667
39309 21 1 0 22 0 0 0
393224 1 1 1 1 1 1 1
39326 245 23 17 251 0.0693877551020408 0.739130434782609 0.0677290836653386
39342 2 1 1 2 0.5 1 0.5
3943 3 3 2 4 0.666666666666667 0.666666666666667 0.5
3949 1 2 1 2 1 0.5 0.5
39537 2 1 0 3 0 0 0
39545 3 2 2 3 0.666666666666667 1 0.666666666666667
39554 4 1 1 4 0.25 1 0.25
39556 25 9 7 27 0.28 0.777777777777778 0.259259259259259
39560 2 1 1 2 0.5 1 0.5
39570 3 4 2 5 0.666666666666667 0.5 0.4
39602 3 1 0 4 0 0 0
39737 42 2 2 42 0.0476190476190476 1 0.0476190476190476
39780 2 1 0 3 0 0 0
39792 72 26 16 82 0.222222222222222 0.615384615384615 0.195121951219512
39837 4 2 2 4 0.5 1 0.5
39839 2 1 1 2 0.5 1 0.5
39854 1 2 1 2 1 0.5 0.5
39875 3 1 1 3 0.333333333333333 1 0.333333333333333
39912 146 4 4 146 0.0273972602739726 1 0.0273972602739726
3999 1 1 1 1 1 1 1
40009 39 7 6 40 0.153846153846154 0.857142857142857 0.15
40027 5 1 1 5 0.2 1 0.2
40060 5 1 0 6 0 0 0
40068 8 2 1 9 0.125 0.5 0.111111111111111
40193 14 7 5 16 0.357142857142857 0.714285714285714 0.3125
40220 13 5 5 13 0.384615384615385 1 0.384615384615385
40387 18 1 1 18 0.0555555555555556 1 0.0555555555555556
40528 6 3 3 6 0.5 1 0.5
40589 2 1 1 2 0.5 1 0.5
40679 2 2 2 2 1 1 1
40832 2 1 1 2 0.5 1 0.5
40912 2 1 1 2 0.5 1 0.5
41012 22 8 6 24 0.272727272727273 0.75 0.25
41045 21 8 6 23 0.285714285714286 0.75 0.260869565217391
41075 3 1 0 4 0 0 0
4134 102 1 0 103 0 0 0
4150 4 2 1 5 0.25 0.5 0.2
4158 2 1 1 2 0.5 1 0.5
41589 2 1 1 2 0.5 1 0.5
41670 1 1 1 1 1 1 1
41692 319 77 53 343 0.166144200626959 0.688311688311688 0.154518950437318
41695 4 1 0 5 0 0 0
41698 2 1 1 2 0.5 1 0.5
41711 8 4 2 10 0.25 0.5 0.2
41773 4 3 3 4 0.75 1 0.75
41824 3 2 2 3 0.666666666666667 1 0.666666666666667
41887 10 5 4 11 0.4 0.8 0.363636363636364
41913 8 1 1 8 0.125 1 0.125
42 98 6 6 98 0.0612244897959184 1 0.0612244897959184
42017 4 1 0 5 0 0 0
42096 8 1 1 8 0.125 1 0.125
42227 8 3 2 9 0.25 0.666666666666667 0.222222222222222
42525 25 1 1 25 0.04 1 0.04
42579 8 2 2 8 0.25 1 0.25
42585 6 4 2 8 0.333333333333333 0.5 0.25
42652 28 2 2 28 0.0714285714285714 1 0.0714285714285714
42689 27 10 8 29 0.296296296296296 0.8 0.275862068965517
4270 4 2 2 4 0.5 1 0.5
42732 3 2 2 3 0.666666666666667 1 0.666666666666667
42841 5 2 2 5 0.4 1 0.4
42909 13 2 2 13 0.153846153846154 1 0.153846153846154
42937 1 1 1 1 1 1 1
42965 3 1 1 3 0.333333333333333 1 0.333333333333333
43037 5 1 1 5 0.2 1 0.2
43070 7 2 2 7 0.285714285714286 1 0.285714285714286
43148 2 1 0 3 0 0 0
4323 1238 6 6 1238 0.00484652665589661 1 0.00484652665589661
43289 2 1 1 2 0.5 1 0.5
43313 3 1 1 3 0.333333333333333 1 0.333333333333333
43333 6 1 1 6 0.166666666666667 1 0.166666666666667
43383 1 1 1 1 1 1 1
43447 1 1 1 1 1 1 1
43483 2 1 1 2 0.5 1 0.5
43556 5 2 1 6 0.2 0.5 0.166666666666667
43602 3 2 2 3 0.666666666666667 1 0.666666666666667
43655 2 1 1 2 0.5 1 0.5
43751 4 1 0 5 0 0 0
43821 28 15 11 32 0.392857142857143 0.733333333333333 0.34375
43843 6 1 1 6 0.166666666666667 1 0.166666666666667
43884 2 1 0 3 0 0 0
43892 2 1 0 3 0 0 0
43911 3 3 1 5 0.333333333333333 0.333333333333333 0.2
43948 3 1 1 3 0.333333333333333 1 0.333333333333333
43950 2 1 0 3 0 0 0
44042 32 18 12 38 0.375 0.666666666666667 0.315789473684211
44065 2 1 1 2 0.5 1 0.5
44066 18 1 1 18 0.0555555555555556 1 0.0555555555555556
44212 4 1 1 4 0.25 1 0.25
44237 23 3 3 23 0.130434782608696 1 0.130434782608696
44285 6 1 0 7 0 0 0
44358 4 1 1 4 0.25 1 0.25
4436 148 19 18 149 0.121621621621622 0.947368421052632 0.120805369127517
44489 1 1 1 1 1 1 1
44514 4 2 1 5 0.25 0.5 0.2
44654 6 2 2 6 0.333333333333333 1 0.333333333333333
44683 2 1 1 2 0.5 1 0.5
4474 1 1 1 1 1 1 1
44928 1 1 1 1 1 1 1
44980 3 1 1 3 0.333333333333333 1 0.333333333333333
45131 1 1 1 1 1 1 1
45147 58 2 2 58 0.0344827586206897 1 0.0344827586206897
45177 3 2 0 5 0 0 0
4528 4 1 1 4 0.25 1 0.25
4538 47 4 3 48 0.0638297872340425 0.75 0.0625
45425 5 1 1 5 0.2 1 0.2
45444 1 2 0 3 0 0 0
45456 1 2 0 3 0 0 0
45459 1 1 0 2 0 0 0
45506 2 1 1 2 0.5 1 0.5
45522 1 1 0 2 0 0 0
4555 1 4 0 5 0 0 0
4557 11 2 2 11 0.181818181818182 1 0.181818181818182
45577 4 1 1 4 0.25 1 0.25
45638 2 1 1 2 0.5 1 0.5
4589 705 111 107 709 0.15177304964539 0.963963963963964 0.150916784203103
46 2 1 1 2 0.5 1 0.5
4600 5 2 2 5 0.4 1 0.4
4605 1 1 1 1 1 1 1
4608 5 2 0 7 0 0 0
46135 12 2 2 12 0.166666666666667 1 0.166666666666667
4618 13 2 1 14 0.0769230769230769 0.5 0.0714285714285714
46208 3 1 1 3 0.333333333333333 1 0.333333333333333
4621 36 3 3 36 0.0833333333333333 1 0.0833333333333333
4622 1 1 0 2 0 0 0
4635 107 20 18 109 0.168224299065421 0.9 0.165137614678899
46357 2 1 1 2 0.5 1 0.5
4648 54 2 2 54 0.037037037037037 1 0.037037037037037
4651 29 9 6 32 0.206896551724138 0.666666666666667 0.1875
4657 100 2 2 100 0.02 1 0.02
46722 1 1 1 1 1 1 1
4673 8 1 1 8 0.125 1 0.125
4675 6 2 0 8 0 0 0
4677 5 1 1 5 0.2 1 0.2
4685 10 1 1 10 0.1 1 0.1
4691 1 14 1 14 1 0.0714285714285714 0.0714285714285714
4697 3 8 3 8 1 0.375 0.375
4704 6 1 1 6 0.166666666666667 1 0.166666666666667
4711 2 1 0 3 0 0 0
4713 99 12 9 102 0.0909090909090909 0.75 0.0882352941176471
4716 30 10 2 38 0.0666666666666667 0.2 0.0526315789473684
4717 3 2 2 3 0.666666666666667 1 0.666666666666667
4718 3 2 2 3 0.666666666666667 1 0.666666666666667
47227 2 1 1 2 0.5 1 0.5
4725 121 18 9 130 0.0743801652892562 0.5 0.0692307692307692
4739 72 12 11 73 0.152777777777778 0.916666666666667 0.150684931506849
4741 10 1 1 10 0.1 1 0.1
47447 2 1 1 2 0.5 1 0.5
4747 5 1 0 6 0 0 0
4750 57 5 0 62 0 0 0
4755 174 1 1 174 0.00574712643678161 1 0.00574712643678161
4761 69 4 2 71 0.0289855072463768 0.5 0.028169014084507
47617 3 1 1 3 0.333333333333333 1 0.333333333333333
4768 25 2 2 25 0.08 1 0.08
4770 13 2 0 15 0 0 0
4775 58 1 1 58 0.0172413793103448 1 0.0172413793103448
4777 36 6 3 39 0.0833333333333333 0.5 0.0769230769230769
4780 26 3 2 27 0.0769230769230769 0.666666666666667 0.0740740740740741
4782 3 1 0 4 0 0 0
47862 1 2 1 2 1 0.5 0.5
4787 7 5 1 11 0.142857142857143 0.2 0.0909090909090909
4788 111 4 4 111 0.036036036036036 1 0.036036036036036
47880 3 3 1 5 0.333333333333333 0.333333333333333 0.2
47885 1 1 0 2 0 0 0
47917 1 1 1 1 1 1 1
4795 35 4 2 37 0.0571428571428571 0.5 0.0540540540540541
4796 3 1 1 3 0.333333333333333 1 0.333333333333333
48039 2 2 2 2 1 1 1
48053 1 1 1 1 1 1 1
48173 4 2 2 4 0.5 1 0.5
48185 2 2 1 3 0.5 0.5 0.333333333333333
48200 2 5 1 6 0.5 0.2 0.166666666666667
4826 137 20 17 140 0.124087591240876 0.85 0.121428571428571
48288 1 1 1 1 1 1 1
4829 4 1 1 4 0.25 1 0.25
48345 26 9 8 27 0.307692307692308 0.888888888888889 0.296296296296296
48451 1 1 1 1 1 1 1
48514 1 1 1 1 1 1 1
48519 3 1 1 3 0.333333333333333 1 0.333333333333333
48539 8 5 5 8 0.625 1 0.625
4927 17 5 4 18 0.235294117647059 0.8 0.222222222222222
5050 20 3 3 20 0.15 1 0.15
5056 29 2 0 31 0 0 0
513 49 10 10 49 0.204081632653061 1 0.204081632653061
52 2 1 1 2 0.5 1 0.5
5381 14 2 1 15 0.0714285714285714 0.5 0.0666666666666667
5385 16 7 5 18 0.3125 0.714285714285714 0.277777777777778
5400 225 15 12 228 0.0533333333333333 0.8 0.0526315789473684
5401 1 1 1 1 1 1 1
5403 19 6 5 20 0.263157894736842 0.833333333333333 0.25
5408 29 2 1 30 0.0344827586206897 0.5 0.0333333333333333
5410 47 8 5 50 0.106382978723404 0.625 0.1
5413 220 2 2 220 0.00909090909090909 1 0.00909090909090909
5418 7 3 2 8 0.285714285714286 0.666666666666667 0.25
5421 2 2 1 3 0.5 0.5 0.333333333333333
5429 9 1 1 9 0.111111111111111 1 0.111111111111111
543 1 1 1 1 1 1 1
5430 65 24 17 72 0.261538461538462 0.708333333333333 0.236111111111111
5432 28 1 0 29 0 0 0
5459 46 13 9 50 0.195652173913043 0.692307692307692 0.18
5466 69 2 1 70 0.0144927536231884 0.5 0.0142857142857143
5483 60 1 1 60 0.0166666666666667 1 0.0166666666666667
5486 28 2 0 30 0 0 0
55 3 1 1 3 0.333333333333333 1 0.333333333333333
5511 156 26 20 162 0.128205128205128 0.769230769230769 0.123456790123457
553 38 23 19 42 0.5 0.826086956521739 0.452380952380952
5537 16 3 2 17 0.125 0.666666666666667 0.117647058823529
5538 6 1 1 6 0.166666666666667 1 0.166666666666667
5539 37 53 20 70 0.540540540540541 0.377358490566038 0.285714285714286
5550 5 2 1 6 0.2 0.5 0.166666666666667
5560 8 2 2 8 0.25 1 0.25
5568 62 10 4 68 0.0645161290322581 0.4 0.0588235294117647
557 6 2 1 7 0.166666666666667 0.5 0.142857142857143
558 25 1 1 25 0.04 1 0.04
559 168 63 60 171 0.357142857142857 0.952380952380952 0.350877192982456
5602 32 5 4 33 0.125 0.8 0.121212121212121
5609 2 10 1 11 0.5 0.1 0.0909090909090909
5615 19 1 1 19 0.0526315789473684 1 0.0526315789473684
5617 215 2 2 215 0.00930232558139535 1 0.00930232558139535
5645 18 7 5 20 0.277777777777778 0.714285714285714 0.25
5661 4 1 1 4 0.25 1 0.25
567 10 2 2 10 0.2 1 0.2
57 30 4 4 30 0.133333333333333 1 0.133333333333333
5707 3 1 1 3 0.333333333333333 1 0.333333333333333
5713 62 2 1 63 0.0161290322580645 0.5 0.0158730158730159
5764 6 1 1 6 0.166666666666667 1 0.166666666666667
577 124 2 2 124 0.0161290322580645 1 0.0161290322580645
5786 2 1 1 2 0.5 1 0.5
59 6 3 3 6 0.5 1 0.5
600 27 1 1 27 0.037037037037037 1 0.037037037037037
6057 6 5 4 7 0.666666666666667 0.8 0.571428571428571
6062 9 2 0 11 0 0 0
6066 1 1 0 2 0 0 0
6083 20 13 10 23 0.5 0.769230769230769 0.434782608695652
6106 2 1 1 2 0.5 1 0.5
6122 10 1 1 10 0.1 1 0.1
6128 260 2 2 260 0.00769230769230769 1 0.00769230769230769
6147 1 6 0 7 0 0 0
6181 41 2 2 41 0.0487804878048781 1 0.0487804878048781
6182 1 1 1 1 1 1 1
6245 2 1 0 3 0 0 0
6262 1 1 1 1 1 1 1
6263 3 1 1 3 0.333333333333333 1 0.333333333333333
6337 5 1 0 6 0 0 0
6342 4 1 0 5 0 0 0
6360 8 2 2 8 0.25 1 0.25
6366 3 1 1 3 0.333333333333333 1 0.333333333333333
6435 3 6 1 8 0.333333333333333 0.166666666666667 0.125
6453 528 89 74 543 0.140151515151515 0.831460674157303 0.136279926335175
6456 15 3 3 15 0.2 1 0.2
65071 1 2 1 2 1 0.5 0.5
65075 1 1 0 2 0 0 0
6509 27 5 3 29 0.111111111111111 0.6 0.103448275862069
65104 1 1 1 1 1 1 1
6536 18 2 1 19 0.0555555555555556 0.5 0.0526315789473684
6619 22 7 5 24 0.227272727272727 0.714285714285714 0.208333333333333
6629 3 1 1 3 0.333333333333333 1 0.333333333333333
6648 40 4 2 42 0.05 0.5 0.0476190476190476
6656 41 1 1 41 0.024390243902439 1 0.024390243902439
6661 57 2 2 57 0.0350877192982456 1 0.0350877192982456
6667 508 125 120 513 0.236220472440945 0.96 0.233918128654971
6677 48 1 1 48 0.0208333333333333 1 0.0208333333333333
668 33 7 2 38 0.0606060606060606 0.285714285714286 0.0526315789473684
6695 217 60 52 225 0.23963133640553 0.866666666666667 0.231111111111111
6702 17 1 1 17 0.0588235294117647 1 0.0588235294117647
6706 14 6 5 15 0.357142857142857 0.833333333333333 0.333333333333333
6724 27 18 13 32 0.481481481481481 0.722222222222222 0.40625
6730 559 8 8 559 0.0143112701252236 1 0.0143112701252236
6734 14 2 2 14 0.142857142857143 1 0.142857142857143
6760 9 2 2 9 0.222222222222222 1 0.222222222222222
6762 179 45 42 182 0.23463687150838 0.933333333333333 0.230769230769231
6770 34 17 8 43 0.235294117647059 0.470588235294118 0.186046511627907
6772 15 5 5 15 0.333333333333333 1 0.333333333333333
6774 64 14 13 65 0.203125 0.928571428571429 0.2
6775 5 2 2 5 0.4 1 0.4
680 56 19 15 60 0.267857142857143 0.789473684210526 0.25
6802 8 2 2 8 0.25 1 0.25
681 2 1 1 2 0.5 1 0.5
6830 352 32 22 362 0.0625 0.6875 0.0607734806629834
6838 1 1 1 1 1 1 1
6881 88 27 26 89 0.295454545454545 0.962962962962963 0.292134831460674
6893 2 1 1 2 0.5 1 0.5
6895 5 1 1 5 0.2 1 0.2
6908 100 19 17 102 0.17 0.894736842105263 0.166666666666667
6911 4 2 1 5 0.25 0.5 0.2
6939 1033 434 294 1173 0.28460793804453 0.67741935483871 0.250639386189258
6966 3 2 2 3 0.666666666666667 1 0.666666666666667
6968 2 1 1 2 0.5 1 0.5
701 2258 19 14 2263 0.00620017714791851 0.736842105263158 0.00618647812638091
7012 19 3 2 20 0.105263157894737 0.666666666666667 0.1
7018 2258 18 15 2261 0.00664304694419841 0.833333333333333 0.00663423264042459
7019 1 1 1 1 1 1 1
7065 19 3 2 20 0.105263157894737 0.666666666666667 0.1
7066 19 2 2 19 0.105263157894737 1 0.105263157894737
7081 48 4 3 49 0.0625 0.75 0.0612244897959184
71 13 2 1 14 0.0769230769230769 0.5 0.0714285714285714
714 10 1 1 10 0.1 1 0.1
719 14 1 1 14 0.0714285714285714 1 0.0714285714285714
7195 1 1 0 2 0 0 0
72 9 1 0 10 0 0 0
7303 67 2 2 67 0.0298507462686567 1 0.0298507462686567
7377 3 1 0 4 0 0 0
7385 182 8 7 183 0.0384615384615385 0.875 0.0382513661202186
7412 1 1 0 2 0 0 0
7470 38 2 2 38 0.0526315789473684 1 0.0526315789473684
7473 136 14 9 141 0.0661764705882353 0.642857142857143 0.0638297872340425
7500 55 9 6 58 0.109090909090909 0.666666666666667 0.103448275862069
7503 4 3 0 7 0 0 0
7511 2 1 0 3 0 0 0
7514 23 3 3 23 0.130434782608696 1 0.130434782608696
7516 4 1 0 5 0 0 0
7521 5 2 1 6 0.2 0.5 0.166666666666667
7522 6 4 1 9 0.166666666666667 0.25 0.111111111111111
7527 5 1 1 5 0.2 1 0.2
7529 18 2 2 18 0.111111111111111 1 0.111111111111111
7530 2 1 0 3 0 0 0
7539 23 8 5 26 0.217391304347826 0.625 0.192307692307692
7543 12 2 1 13 0.0833333333333333 0.5 0.0769230769230769
7552 25 1 0 26 0 0 0
7575 219 18 18 219 0.0821917808219178 1 0.0821917808219178
7594 4 1 0 5 0 0 0
7599 1 1 0 2 0 0 0
760 4 2 2 4 0.5 1 0.5
7602 7 1 0 8 0 0 0
7606 40 4 3 41 0.075 0.75 0.0731707317073171
7610 22 2 0 24 0 0 0
7629 6 1 0 7 0 0 0
766 17 5 4 18 0.235294117647059 0.8 0.222222222222222
7660 43 21 17 47 0.395348837209302 0.80952380952381 0.361702127659574
7665 2 1 1 2 0.5 1 0.5
7667 6 1 1 6 0.166666666666667 1 0.166666666666667
7668 10 1 1 10 0.1 1 0.1
7670 20 3 2 21 0.1 0.666666666666667 0.0952380952380952
7671 3 2 1 4 0.333333333333333 0.5 0.25
7682 11 3 2 12 0.181818181818182 0.666666666666667 0.166666666666667
7687 3 1 1 3 0.333333333333333 1 0.333333333333333
7693 27 2 2 27 0.0740740740740741 1 0.0740740740740741
7718 15 3 3 15 0.2 1 0.2
7753 6 1 1 6 0.166666666666667 1 0.166666666666667
7781 6 11 5 12 0.833333333333333 0.454545454545455 0.416666666666667
7784 33 4 3 34 0.0909090909090909 0.75 0.0882352941176471
7786 9 2 1 10 0.111111111111111 0.5 0.1
7847 3 1 1 3 0.333333333333333 1 0.333333333333333
786 59 11 9 61 0.152542372881356 0.818181818181818 0.147540983606557
790 1 1 0 2 0 0 0
7902 13 1 1 13 0.0769230769230769 1 0.0769230769230769
7908 37 2 2 37 0.0540540540540541 1 0.0540540540540541
7922 67 7 7 67 0.104477611940299 1 0.104477611940299
7941 3 1 1 3 0.333333333333333 1 0.333333333333333
7949 10 1 0 11 0 0 0
8001 348 9 9 348 0.0258620689655172 1 0.0258620689655172
8002 50 6 4 52 0.08 0.666666666666667 0.0769230769230769
8018 2 1 0 3 0 0 0
8025 6 1 0 7 0 0 0
8038 1 2 1 2 1 0.5 0.5
8047 25 5 5 25 0.2 1 0.2
8092 11 4 4 11 0.363636363636364 1 0.363636363636364
81 28 2 1 29 0.0357142857142857 0.5 0.0344827586206897
8121 47 8 4 51 0.0851063829787234 0.5 0.0784313725490196
8158 2 1 1 2 0.5 1 0.5
8190 57 1 1 57 0.0175438596491228 1 0.0175438596491228
8218 220 20 19 221 0.0863636363636364 0.95 0.085972850678733
8220 561 12 10 563 0.017825311942959 0.833333333333333 0.0177619893428064
8224 11 6 5 12 0.454545454545455 0.833333333333333 0.416666666666667
8226 4 2 0 6 0 0 0
8237 7 4 4 7 0.571428571428571 1 0.571428571428571
8240 2 1 0 3 0 0 0
8246 206 2 0 208 0 0 0
8251 9 5 5 9 0.555555555555556 1 0.555555555555556
8256 1 1 1 1 1 1 1
8262 37 1 1 37 0.027027027027027 1 0.027027027027027
8267 2 1 1 2 0.5 1 0.5
8282 11 1 1 11 0.0909090909090909 1 0.0909090909090909
8283 6 4 3 7 0.5 0.75 0.428571428571429
8299 4 2 0 6 0 0 0
8302 8 1 1 8 0.125 1 0.125
8319 30 16 13 33 0.433333333333333 0.8125 0.393939393939394
8330 11 3 2 12 0.181818181818182 0.666666666666667 0.166666666666667
8346 6 2 2 6 0.333333333333333 1 0.333333333333333
8358 14 1 1 14 0.0714285714285714 1 0.0714285714285714
8359 126 34 22 138 0.174603174603175 0.647058823529412 0.159420289855072
8364 9 1 1 9 0.111111111111111 1 0.111111111111111
8365 92 49 31 110 0.33695652173913 0.63265306122449 0.281818181818182
8368 35 9 7 37 0.2 0.777777777777778 0.189189189189189
8374 6 2 2 6 0.333333333333333 1 0.333333333333333
8387 17 4 3 18 0.176470588235294 0.75 0.166666666666667
8391 15 14 7 22 0.466666666666667 0.5 0.318181818181818
8396 2 1 0 3 0 0 0
8419 257 3 3 257 0.0116731517509728 1 0.0116731517509728
8422 87 17 11 93 0.126436781609195 0.647058823529412 0.118279569892473
8426 456 22 18 460 0.0394736842105263 0.818181818181818 0.0391304347826087
8442 20 18 11 27 0.55 0.611111111111111 0.407407407407407
8447 544 78 68 554 0.125 0.871794871794872 0.122743682310469
8452 36 2 2 36 0.0555555555555556 1 0.0555555555555556
8468 575 10 9 576 0.0156521739130435 0.9 0.015625
8469 26 19 14 31 0.538461538461538 0.736842105263158 0.451612903225806
8473 29 5 3 31 0.103448275862069 0.6 0.0967741935483871
8481 2 1 0 3 0 0 0
8492 52 1 1 52 0.0192307692307692 1 0.0192307692307692
8495 18 2 1 19 0.0555555555555556 0.5 0.0526315789473684
8501 34 11 11 34 0.323529411764706 1 0.323529411764706
8508 1 1 1 1 1 1 1
8517 20 1 1 20 0.05 1 0.05
852 155 2 2 155 0.0129032258064516 1 0.0129032258064516
8527 19 2 2 19 0.105263157894737 1 0.105263157894737
8535 3 1 1 3 0.333333333333333 1 0.333333333333333
855 31 1 1 31 0.032258064516129 1 0.032258064516129
8551 104 1 1 104 0.00961538461538462 1 0.00961538461538462
8560 68 29 21 76 0.308823529411765 0.724137931034483 0.276315789473684
8565 16 5 4 17 0.25 0.8 0.235294117647059
8586 49 6 5 50 0.102040816326531 0.833333333333333 0.1
8591 42 10 6 46 0.142857142857143 0.6 0.130434782608696
8607 32 6 3 35 0.09375 0.5 0.0857142857142857
8648 23 12 5 30 0.217391304347826 0.416666666666667 0.166666666666667
8657 84 13 11 86 0.130952380952381 0.846153846153846 0.127906976744186
8664 13 2 2 13 0.153846153846154 1 0.153846153846154
8674 51 5 4 52 0.0784313725490196 0.8 0.0769230769230769
8676 4 1 1 4 0.25 1 0.25
8681 32 2 2 32 0.0625 1 0.0625
8683 29 2 2 29 0.0689655172413793 1 0.0689655172413793
8708 256 5 4 257 0.015625 0.8 0.0155642023346304
8717 87 15 10 92 0.114942528735632 0.666666666666667 0.108695652173913
8728 1 1 1 1 1 1 1
8737 30 5 3 32 0.1 0.6 0.09375
8758 11 5 4 12 0.363636363636364 0.8 0.333333333333333
8763 152 51 48 155 0.315789473684211 0.941176470588235 0.309677419354839
8767 60 26 18 68 0.3 0.692307692307692 0.264705882352941
8781 55 12 9 58 0.163636363636364 0.75 0.155172413793103
8804 33 13 9 37 0.272727272727273 0.692307692307692 0.243243243243243
8816 16 1 1 16 0.0625 1 0.0625
8820 8 4 3 9 0.375 0.75 0.333333333333333
8881 172 32 28 176 0.162790697674419 0.875 0.159090909090909
8895 6 2 2 6 0.333333333333333 1 0.333333333333333
8897 55 12 8 59 0.145454545454545 0.666666666666667 0.135593220338983
8903 12 3 1 14 0.0833333333333333 0.333333333333333 0.0714285714285714
8928 654 4 4 654 0.00611620795107034 1 0.00611620795107034
8943 17 5 5 17 0.294117647058824 1 0.294117647058824
8953 16 1 0 17 0 0 0
8954 33 11 7 37 0.212121212121212 0.636363636363636 0.189189189189189
8966 78 1 1 78 0.0128205128205128 1 0.0128205128205128
8970 2 1 1 2 0.5 1 0.5
8978 6 2 2 6 0.333333333333333 1 0.333333333333333
9002 1147 283 271 1159 0.236268526591107 0.957597173144876 0.233822260569456
9008 5 1 1 5 0.2 1 0.2
9009 68 2 2 68 0.0294117647058824 1 0.0294117647058824
9022 4 1 1 4 0.25 1 0.25
9026 11 4 3 12 0.272727272727273 0.75 0.25
9031 49 6 6 49 0.122448979591837 1 0.122448979591837
9044 50 18 14 54 0.28 0.777777777777778 0.259259259259259
9063 34 17 11 40 0.323529411764706 0.647058823529412 0.275
9080 7 5 3 9 0.428571428571429 0.6 0.333333333333333
9085 6 1 1 6 0.166666666666667 1 0.166666666666667
9112 7 1 1 7 0.142857142857143 1 0.142857142857143
9121 235 1 1 235 0.00425531914893617 1 0.00425531914893617
9129 10 1 0 11 0 0 0
9150 23 6 5 24 0.217391304347826 0.833333333333333 0.208333333333333
9153 37 6 6 37 0.162162162162162 1 0.162162162162162
9162 1 1 1 1 1 1 1
9188 3 2 1 4 0.333333333333333 0.5 0.25
9231 2 2 1 3 0.5 0.5 0.333333333333333
9264 30 17 7 40 0.233333333333333 0.411764705882353 0.175
9270 22 3 2 23 0.0909090909090909 0.666666666666667 0.0869565217391304
9293 21 1 1 21 0.0476190476190476 1 0.0476190476190476
9299 40 2 1 41 0.025 0.5 0.024390243902439
9304 250 7 6 251 0.024 0.857142857142857 0.0239043824701195
9327 5 4 3 6 0.6 0.75 0.5
9329 12 2 2 12 0.166666666666667 1 0.166666666666667
9340 3 3 1 5 0.333333333333333 0.333333333333333 0.2
9367 3 1 1 3 0.333333333333333 1 0.333333333333333
9406 2 1 0 3 0 0 0
9431 2 2 2 2 1 1 1
9433 3 2 1 4 0.333333333333333 0.5 0.25
9445 1 1 1 1 1 1 1
9476 5 1 0 6 0 0 0
9497 34 6 6 34 0.176470588235294 1 0.176470588235294
9503 24 3 1 26 0.0416666666666667 0.333333333333333 0.0384615384615385
9505 98 4 3 99 0.0306122448979592 0.75 0.0303030303030303
9534 7 1 1 7 0.142857142857143 1 0.142857142857143
9541 6 1 0 7 0 0 0
9549 3 1 1 3 0.333333333333333 1 0.333333333333333
9555 3 1 0 4 0 0 0
9583 41 2 1 42 0.024390243902439 0.5 0.0238095238095238
9584 8 2 1 9 0.125 0.5 0.111111111111111
9595 6 5 2 9 0.333333333333333 0.4 0.222222222222222
9600 5 2 1 6 0.2 0.5 0.166666666666667
9601 8 1 1 8 0.125 1 0.125
9607 6 3 1 8 0.166666666666667 0.333333333333333 0.125
9612 2 1 0 3 0 0 0
9619 2 1 1 2 0.5 1 0.5
9621 2 1 1 2 0.5 1 0.5
9622 8 2 1 9 0.125 0.5 0.111111111111111
9680 26 2 0 28 0 0 0
9700 7 3 2 8 0.285714285714286 0.666666666666667 0.25
9732 3 2 1 4 0.333333333333333 0.5 0.25
9794 4 1 1 4 0.25 1 0.25
9800 28 2 0 30 0 0 0
9821 6 3 3 6 0.5 1 0.5
9901 24 4 1 27 0.0416666666666667 0.25 0.037037037037037
9919 25 1 0 26 0 0 0
9924 41 1 0 42 0 0 0
9930 19 3 3 19 0.157894736842105 1 0.157894736842105
