#ASN num_v4adj num_v6adj num_intersect(v4v6adj) num_union(adj) fr_v4(num_intersect/num_v4adj) fr_v6(num_intersect/num_v6adj) fr_intersect(num_intersect/num_union)
10013 2 2 1 3 0.5 0.5 0.333333333333333
10015 10 1 0 11 0 0 0
101 32 8 7 33 0.21875 0.875 0.212121212121212
10148 1 2 1 2 1 0.5 0.5
102 3 1 1 3 0.333333333333333 1 0.333333333333333
10204 3 5 1 7 0.333333333333333 0.2 0.142857142857143
10217 26 1 1 26 0.0384615384615385 1 0.0384615384615385
10318 3 1 0 4 0 0 0
10343 2 1 1 2 0.5 1 0.5
10405 2 1 0 3 0 0 0
10429 78 1 1 78 0.0128205128205128 1 0.0128205128205128
10466 29 3 3 29 0.103448275862069 1 0.103448275862069
10490 31 3 2 32 0.0645161290322581 0.666666666666667 0.0625
10533 1 2 1 2 1 0.5 0.5
10569 1 1 1 1 1 1 1
10578 26 3 3 26 0.115384615384615 1 0.115384615384615
10745 2 8 0 10 0 0 0
10778 7 1 1 7 0.142857142857143 1 0.142857142857143
10782 2 1 1 2 0.5 1 0.5
10886 37 20 9 48 0.243243243243243 0.45 0.1875
109 19 4 0 23 0 0 0
1101 1 1 1 1 1 1 1
1103 191 64 60 195 0.31413612565445 0.9375 0.307692307692308
111 3 2 1 4 0.333333333333333 0.5 0.25
11170 2 2 0 4 0 0 0
1120 15 2 1 16 0.0666666666666667 0.5 0.0625
1126 41 11 7 45 0.170731707317073 0.636363636363636 0.155555555555556
11274 9 2 2 9 0.222222222222222 1 0.222222222222222
11279 2 1 1 2 0.5 1 0.5
11317 6 4 4 6 0.666666666666667 1 0.666666666666667
11340 7 1 1 7 0.142857142857143 1 0.142857142857143
1140 29 8 4 33 0.137931034482759 0.5 0.121212121212121
11404 40 3 3 40 0.075 1 0.075
11508 3 1 1 3 0.333333333333333 1 0.333333333333333
11537 122 53 42 133 0.344262295081967 0.792452830188679 0.315789473684211
11656 1 1 0 2 0 0 0
11666 6 4 1 9 0.166666666666667 0.25 0.111111111111111
11694 2 1 1 2 0.5 1 0.5
11734 4 1 0 5 0 0 0
11960 5 2 2 5 0.4 1 0.4
12 5 1 1 5 0.2 1 0.2
1200 48 17 12 53 0.25 0.705882352941177 0.226415094339623
12008 28 1 1 28 0.0357142857142857 1 0.0357142857142857
12041 41 18 11 48 0.268292682926829 0.611111111111111 0.229166666666667
12046 2 1 1 2 0.5 1 0.5
12111 24 3 2 25 0.0833333333333333 0.666666666666667 0.08
1213 8 4 4 8 0.5 1 0.5
1221 116 2 0 118 0 0 0
1224 3 1 1 3 0.333333333333333 1 0.333333333333333
12287 2 1 1 2 0.5 1 0.5
12294 11 1 1 11 0.0909090909090909 1 0.0909090909090909
12301 68 1 1 68 0.0147058823529412 1 0.0147058823529412
12303 3 2 1 4 0.333333333333333 0.5 0.25
12306 84 12 9 87 0.107142857142857 0.75 0.103448275862069
12312 54 13 11 56 0.203703703703704 0.846153846153846 0.196428571428571
12322 70 4 4 70 0.0571428571428571 1 0.0571428571428571
12329 6 1 1 6 0.166666666666667 1 0.166666666666667
12335 3 1 1 3 0.333333333333333 1 0.333333333333333
12337 45 54 23 76 0.511111111111111 0.425925925925926 0.302631578947368
12347 4 3 2 5 0.5 0.666666666666667 0.4
12353 6 3 1 8 0.166666666666667 0.333333333333333 0.125
12355 35 16 13 38 0.371428571428571 0.8125 0.342105263157895
1237 36 4 2 38 0.0555555555555556 0.5 0.0526315789473684
12371 2 1 0 3 0 0 0
12386 14 3 3 14 0.214285714285714 1 0.214285714285714
1239 1746 3 1 1748 0.000572737686139748 0.333333333333333 0.0005720823798627
12399 338 1 1 338 0.0029585798816568 1 0.0029585798816568
12401 15 2 2 15 0.133333333333333 1 0.133333333333333
12414 41 16 11 46 0.268292682926829 0.6875 0.239130434782609
12502 3 2 1 4 0.333333333333333 0.5 0.25
12533 2 1 0 3 0 0 0
12566 21 3 3 21 0.142857142857143 1 0.142857142857143
1257 163 53 29 187 0.177914110429448 0.547169811320755 0.155080213903743
12573 32 12 11 33 0.34375 0.916666666666667 0.333333333333333
12600 17 1 0 18 0 0 0
12611 43 20 14 49 0.325581395348837 0.7 0.285714285714286
12634 40 16 10 46 0.25 0.625 0.217391304347826
12637 61 21 18 64 0.295081967213115 0.857142857142857 0.28125
12638 3 3 0 6 0 0 0
12654 57 20 11 66 0.192982456140351 0.55 0.166666666666667
12657 2 1 0 3 0 0 0
12684 3 2 0 5 0 0 0
12709 2 1 0 3 0 0 0
1273 300 79 48 331 0.16 0.607594936708861 0.145015105740181
12731 92 22 15 99 0.16304347826087 0.681818181818182 0.151515151515152
12732 20 5 3 22 0.15 0.6 0.136363636363636
12741 169 1 1 169 0.00591715976331361 1 0.00591715976331361
12757 4 1 1 4 0.25 1 0.25
12767 10 3 2 11 0.2 0.666666666666667 0.181818181818182
12769 4 1 1 4 0.25 1 0.25
12779 76 23 14 85 0.184210526315789 0.608695652173913 0.164705882352941
1280 101 33 23 111 0.227722772277228 0.696969696969697 0.207207207207207
12816 1 1 1 1 1 1 1
12817 2 2 2 2 1 1 1
12850 17 5 5 17 0.294117647058824 1 0.294117647058824
12853 2 3 1 4 0.5 0.333333333333333 0.25
12859 498 125 117 506 0.234939759036145 0.936 0.231225296442688
12871 39 13 6 46 0.153846153846154 0.461538461538462 0.130434782608696
12874 193 2 2 193 0.0103626943005181 1 0.0103626943005181
12895 8 1 1 8 0.125 1 0.125
12902 46 12 8 50 0.173913043478261 0.666666666666667 0.16
12931 4 3 2 5 0.5 0.666666666666667 0.4
12956 134 7 7 134 0.0522388059701493 1 0.0522388059701493
12968 140 1 1 140 0.00714285714285714 1 0.00714285714285714
12989 516 27 24 519 0.0465116279069767 0.888888888888889 0.046242774566474
1299 571 39 37 573 0.0647985989492119 0.948717948717949 0.0645724258289703
13030 877 59 56 880 0.0638540478905359 0.949152542372881 0.0636363636363636
13039 5 1 1 5 0.2 1 0.2
13041 7 2 2 7 0.285714285714286 1 0.285714285714286
13049 28 1 1 28 0.0357142857142857 1 0.0357142857142857
13092 5 1 1 5 0.2 1 0.2
131 3 1 1 3 0.333333333333333 1 0.333333333333333
13105 14 7 3 18 0.214285714285714 0.428571428571429 0.166666666666667
131075 1 2 1 2 1 0.5 0.5
13110 6 2 1 7 0.166666666666667 0.5 0.142857142857143
13115 4 1 1 4 0.25 1 0.25
1312 2 1 1 2 0.5 1 0.5
13132 21 13 11 23 0.523809523809524 0.846153846153846 0.478260869565217
13184 41 15 8 48 0.195121951219512 0.533333333333333 0.166666666666667
13189 31 6 6 31 0.193548387096774 1 0.193548387096774
13193 54 13 10 57 0.185185185185185 0.769230769230769 0.175438596491228
13237 503 92 79 516 0.157057654075547 0.858695652173913 0.153100775193798
13272 1 1 1 1 1 1 1
13284 11 5 3 13 0.272727272727273 0.6 0.230769230769231
13293 26 2 2 26 0.0769230769230769 1 0.0769230769230769
13301 34 2 2 34 0.0588235294117647 1 0.0588235294117647
13319 4 1 0 5 0 0 0
13332 6 1 1 6 0.166666666666667 1 0.166666666666667
13448 6 2 1 7 0.166666666666667 0.5 0.142857142857143
13645 24 3 2 25 0.0833333333333333 0.666666666666667 0.08
13680 47 11 9 49 0.191489361702128 0.818181818181818 0.183673469387755
137 22 6 6 22 0.272727272727273 1 0.272727272727273
13714 2 1 1 2 0.5 1 0.5
13810 2 1 1 2 0.5 1 0.5
13855 4 1 0 5 0 0 0
13901 1 1 1 1 1 1 1
13910 4 1 0 5 0 0 0
13911 4 1 0 5 0 0 0
14037 1 1 1 1 1 1 1
14085 5 2 2 5 0.4 1 0.4
14259 28 3 1 30 0.0357142857142857 0.333333333333333 0.0333333333333333
14262 4 2 2 4 0.5 1 0.5
14277 8 9 3 14 0.375 0.333333333333333 0.214285714285714
14589 18 4 3 19 0.166666666666667 0.75 0.157894736842105
14595 2 1 0 3 0 0 0
14868 6 1 1 6 0.166666666666667 1 0.166666666666667
14907 3 2 1 4 0.333333333333333 0.5 0.25
15169 119 27 18 128 0.151260504201681 0.666666666666667 0.140625
15226 3 2 0 5 0 0 0
15373 2 1 1 2 0.5 1 0.5
15412 483 10 9 484 0.0186335403726708 0.9 0.0185950413223141
15440 5 1 1 5 0.2 1 0.2
15444 262 21 12 271 0.0458015267175573 0.571428571428571 0.044280442804428
15456 1 3 1 3 1 0.333333333333333 0.333333333333333
15469 1 1 0 2 0 0 0
15480 1 1 1 1 1 1 1
15557 127 1 1 127 0.0078740157480315 1 0.0078740157480315
15589 37 14 5 46 0.135135135135135 0.357142857142857 0.108695652173913
15598 65 26 20 71 0.307692307692308 0.769230769230769 0.28169014084507
15623 33 4 3 34 0.0909090909090909 0.75 0.0882352941176471
15685 26 11 10 27 0.384615384615385 0.909090909090909 0.37037037037037
15694 63 1 1 63 0.0158730158730159 1 0.0158730158730159
15725 2 2 2 2 1 1 1
15782 17 5 3 19 0.176470588235294 0.6 0.157894736842105
15798 2 1 0 3 0 0 0
15805 26 4 3 27 0.115384615384615 0.75 0.111111111111111
15879 42 11 9 44 0.214285714285714 0.818181818181818 0.204545454545455
15919 8 1 1 8 0.125 1 0.125
16004 14 5 4 15 0.285714285714286 0.8 0.266666666666667
16030 60 13 8 65 0.133333333333333 0.615384615384615 0.123076923076923
16034 25 9 4 30 0.16 0.444444444444444 0.133333333333333
16065 8 1 1 8 0.125 1 0.125
16086 32 19 9 42 0.28125 0.473684210526316 0.214285714285714
16117 4 1 1 4 0.25 1 0.25
16128 18 3 2 19 0.111111111111111 0.666666666666667 0.105263157894737
16131 49 17 11 55 0.224489795918367 0.647058823529412 0.2
16150 227 10 9 228 0.039647577092511 0.9 0.0394736842105263
16186 42 1 1 42 0.0238095238095238 1 0.0238095238095238
16206 13 1 0 14 0 0 0
16210 5 3 3 5 0.6 1 0.6
16215 15 4 4 15 0.266666666666667 1 0.266666666666667
16237 32 4 1 35 0.03125 0.25 0.0285714285714286
16242 6 1 1 6 0.166666666666667 1 0.166666666666667
16243 57 1 1 57 0.0175438596491228 1 0.0175438596491228
16245 25 3 2 26 0.08 0.666666666666667 0.0769230769230769
16246 6 4 3 7 0.5 0.75 0.428571428571429
16265 94 65 18 141 0.191489361702128 0.276923076923077 0.127659574468085
16276 66 2 2 66 0.0303030303030303 1 0.0303030303030303
16316 5 1 1 5 0.2 1 0.2
16471 3 2 1 4 0.333333333333333 0.5 0.25
1653 28 5 4 29 0.142857142857143 0.8 0.137931034482759
16531 7 1 0 8 0 0 0
1654 1 1 0 2 0 0 0
1659 11 3 2 12 0.181818181818182 0.666666666666667 0.166666666666667
16668 6 4 2 8 0.333333333333333 0.5 0.25
16713 27 2 2 27 0.0740740740740741 1 0.0740740740740741
16724 5 1 1 5 0.2 1 0.2
16807 4 2 0 6 0 0 0
16838 9 1 0 10 0 0 0
16942 2 1 1 2 0.5 1 0.5
16993 3 1 0 4 0 0 0
1706 6 1 0 7 0 0 0
17061 2 1 0 3 0 0 0
17263 8 1 0 9 0 0 0
1741 10 4 3 11 0.3 0.75 0.272727272727273
17435 1 2 0 3 0 0 0
17511 12 1 0 13 0 0 0
17529 7 1 1 7 0.142857142857143 1 0.142857142857143
17554 10 3 3 10 0.3 1 0.3
17579 14 13 9 18 0.642857142857143 0.692307692307692 0.5
1764 42 8 6 44 0.142857142857143 0.75 0.136363636363636
17676 173 2 2 173 0.0115606936416185 1 0.0115606936416185
17707 6 2 0 8 0 0 0
17709 12 1 0 13 0 0 0
17741 3 2 1 4 0.333333333333333 0.5 0.25
17832 1 9 1 9 1 0.111111111111111 0.111111111111111
17934 2 2 2 2 1 1 1
17955 2 2 1 3 0.5 0.5 0.333333333333333
1797 2 3 2 3 1 0.666666666666667 0.666666666666667
1798 3 3 0 6 0 0 0
18011 1 1 0 2 0 0 0
18119 3 1 0 4 0 0 0
18126 3 1 0 4 0 0 0
18146 3 3 0 6 0 0 0
18149 4 1 1 4 0.25 1 0.25
18182 3 1 0 4 0 0 0
18185 5 2 2 5 0.4 1 0.4
18203 3 2 0 5 0 0 0
18206 2 2 0 4 0 0 0
18218 2 1 1 2 0.5 1 0.5
18266 3 1 1 3 0.333333333333333 1 0.333333333333333
18344 1 3 0 4 0 0 0
1835 8 2 2 8 0.25 1 0.25
1836 62 10 9 63 0.145161290322581 0.9 0.142857142857143
18366 2 2 1 3 0.5 0.5 0.333333333333333
18422 4 1 1 4 0.25 1 0.25
18508 5 3 2 6 0.4 0.666666666666667 0.333333333333333
1853 115 24 23 116 0.2 0.958333333333333 0.198275862068966
18592 23 7 7 23 0.304347826086957 1 0.304347826086957
18666 2 2 0 4 0 0 0
18750 2 1 1 2 0.5 1 0.5
18779 3 1 1 3 0.333333333333333 1 0.333333333333333
1879 1 2 1 2 1 0.5 0.5
1880 13 7 5 15 0.384615384615385 0.714285714285714 0.333333333333333
1881 2 1 1 2 0.5 1 0.5
1887 6 1 1 6 0.166666666666667 1 0.166666666666667
18984 1 1 0 2 0 0 0
1901 43 1 1 43 0.0232558139534884 1 0.0232558139534884
19021 1 1 0 2 0 0 0
19151 779 145 136 788 0.174582798459564 0.937931034482759 0.17258883248731
1916 90 10 8 92 0.0888888888888889 0.8 0.0869565217391304
19192 3 1 1 3 0.333333333333333 1 0.333333333333333
19255 8 8 6 10 0.75 0.75 0.6
1930 22 6 5 23 0.227272727272727 0.833333333333333 0.217391304347826
19318 43 3 2 44 0.0465116279069767 0.666666666666667 0.0454545454545455
19401 44 15 15 44 0.340909090909091 1 0.340909090909091
195 7 3 1 9 0.142857142857143 0.333333333333333 0.111111111111111
1955 11 4 3 12 0.272727272727273 0.75 0.25
196621 2 1 1 2 0.5 1 0.5
19782 19 2 2 19 0.105263157894737 1 0.105263157894737
19783 2 1 0 3 0 0 0
19866 2 1 1 2 0.5 1 0.5
20021 5 1 0 6 0 0 0
20080 16 5 5 16 0.3125 1 0.3125
20144 30 4 4 30 0.133333333333333 1 0.133333333333333
2018 6 1 1 6 0.166666666666667 1 0.166666666666667
20312 10 3 2 11 0.2 0.666666666666667 0.181818181818182
2042 18 3 2 19 0.111111111111111 0.666666666666667 0.105263157894737
20436 2 1 0 3 0 0 0
20473 31 6 4 33 0.129032258064516 0.666666666666667 0.121212121212121
20495 59 10 8 61 0.135593220338983 0.8 0.131147540983607
20507 36 2 2 36 0.0555555555555556 1 0.0555555555555556
20555 4 2 1 5 0.25 0.5 0.2
20569 11 4 4 11 0.363636363636364 1 0.363636363636364
20597 3 2 2 3 0.666666666666667 1 0.666666666666667
20612 2 1 1 2 0.5 1 0.5
20621 3 1 1 3 0.333333333333333 1 0.333333333333333
20633 25 13 8 30 0.32 0.615384615384615 0.266666666666667
20640 193 80 57 216 0.295336787564767 0.7125 0.263888888888889
20650 6 1 1 6 0.166666666666667 1 0.166666666666667
20704 20 6 5 21 0.25 0.833333333333333 0.238095238095238
20707 2 1 1 2 0.5 1 0.5
20712 11 3 2 12 0.181818181818182 0.666666666666667 0.166666666666667
20718 31 13 3 41 0.0967741935483871 0.230769230769231 0.0731707317073171
20745 1 3 0 4 0 0 0
20766 33 1 1 33 0.0303030303030303 1 0.0303030303030303
20783 4 2 0 6 0 0 0
20847 35 19 11 43 0.314285714285714 0.578947368421053 0.255813953488372
209 1407 5 4 1408 0.00284292821606254 0.8 0.00284090909090909
20912 7 4 1 10 0.142857142857143 0.25 0.1
20932 299 15 13 301 0.0434782608695652 0.866666666666667 0.0431893687707641
20953 28 1 1 28 0.0357142857142857 1 0.0357142857142857
20965 49 41 41 49 0.836734693877551 1 0.836734693877551
210 10 1 1 10 0.1 1 0.1
21011 26 1 1 26 0.0384615384615385 1 0.0384615384615385
21017 1 2 0 3 0 0 0
21055 40 6 4 42 0.1 0.666666666666667 0.0952380952380952
2107 1 1 1 1 1 1 1
2108 1 1 1 1 1 1 1
2110 48 3 1 50 0.0208333333333333 0.333333333333333 0.02
21155 42 13 8 47 0.19047619047619 0.615384615384615 0.170212765957447
2116 29 3 3 29 0.103448275862069 1 0.103448275862069
21221 35 11 6 40 0.171428571428571 0.545454545454545 0.15
2128 3 2 2 3 0.666666666666667 1 0.666666666666667
21280 6 2 1 7 0.166666666666667 0.5 0.142857142857143
21320 6 1 1 6 0.166666666666667 1 0.166666666666667
21385 82 22 16 88 0.195121951219512 0.727272727272727 0.181818181818182
21414 79 1 1 79 0.0126582278481013 1 0.0126582278481013
21435 5 1 1 5 0.2 1 0.2
2152 89 2 2 89 0.0224719101123595 1 0.0224719101123595
21527 5 1 1 5 0.2 1 0.2
2153 39 12 12 39 0.307692307692308 1 0.307692307692308
21548 19 1 1 19 0.0526315789473684 1 0.0526315789473684
21719 2 1 0 3 0 0 0
21737 7 1 0 8 0 0 0
21844 12 3 3 12 0.25 1 0.25
21864 6 1 1 6 0.166666666666667 1 0.166666666666667
21911 5 1 1 5 0.2 1 0.2
21947 26 3 3 26 0.115384615384615 1 0.115384615384615
21976 17 1 1 17 0.0588235294117647 1 0.0588235294117647
2200 63 5 5 63 0.0793650793650794 1 0.0793650793650794
22166 2 1 0 3 0 0 0
22284 7 1 0 8 0 0 0
22302 5 1 1 5 0.2 1 0.2
22335 35 2 2 35 0.0571428571428571 1 0.0571428571428571
22356 27 1 1 27 0.037037037037037 1 0.037037037037037
22388 9 7 7 9 0.777777777777778 1 0.777777777777778
224 7 1 1 7 0.142857142857143 1 0.142857142857143
22404 2 1 0 3 0 0 0
22438 2 1 1 2 0.5 1 0.5
225 3 1 1 3 0.333333333333333 1 0.333333333333333
22548 37 1 1 37 0.027027027027027 1 0.027027027027027
226 30 1 1 30 0.0333333333333333 1 0.0333333333333333
22767 1 1 1 1 1 1 1
22779 2 1 1 2 0.5 1 0.5
23007 3 1 1 3 0.333333333333333 1 0.333333333333333
23028 4 2 0 6 0 0 0
23148 170 2 2 170 0.0117647058823529 1 0.0117647058823529
23342 40 2 2 40 0.05 1 0.05
23352 38 3 3 38 0.0789473684210526 1 0.0789473684210526
23393 68 1 0 69 0 0 0
23456 8 3 1 10 0.125 0.333333333333333 0.1
23504 27 7 4 30 0.148148148148148 0.571428571428571 0.133333333333333
23541 7 1 0 8 0 0 0
23596 2 1 1 2 0.5 1 0.5
23600 3 2 2 3 0.666666666666667 1 0.666666666666667
23624 2 1 1 2 0.5 1 0.5
23634 6 4 4 6 0.666666666666667 1 0.666666666666667
23637 1 1 1 1 1 1 1
23654 1 1 1 1 1 1 1
23655 16 2 1 17 0.0625 0.5 0.0588235294117647
237 33 1 1 33 0.0303030303030303 1 0.0303030303030303
23754 5 2 0 7 0 0 0
23774 4 2 1 5 0.25 0.5 0.2
23787 1 1 0 2 0 0 0
2381 21 4 3 22 0.142857142857143 0.75 0.136363636363636
23836 1 1 1 1 1 1 1
23869 2 1 0 3 0 0 0
23889 4 1 1 4 0.25 1 0.25
23896 1 2 0 3 0 0 0
23902 1 3 0 4 0 0 0
23910 3 5 2 6 0.666666666666667 0.4 0.333333333333333
23911 7 16 5 18 0.714285714285714 0.3125 0.277777777777778
23912 1 1 0 2 0 0 0
23966 5 1 0 6 0 0 0
24 11 8 6 13 0.545454545454545 0.75 0.461538461538462
24005 3 3 0 6 0 0 0
24085 3 1 0 4 0 0 0
24151 7 2 0 9 0 0 0
24175 3 1 1 3 0.333333333333333 1 0.333333333333333
24211 1 1 1 1 1 1 1
24226 3 1 0 4 0 0 0
24227 2 2 1 3 0.5 0.5 0.333333333333333
24229 4 1 1 4 0.25 1 0.25
24238 5 1 1 5 0.2 1 0.2
24287 4 4 4 4 1 1 1
24326 13 1 1 13 0.0769230769230769 1 0.0769230769230769
24334 2 1 1 2 0.5 1 0.5
24390 2 1 1 2 0.5 1 0.5
24424 1 1 0 2 0 0 0
24433 2 1 1 2 0.5 1 0.5
24475 3 3 3 3 1 1 1
24489 8 7 7 8 0.875 1 0.875
24490 11 9 9 11 0.818181818181818 1 0.818181818181818
24514 5 2 2 5 0.4 1 0.4
24541 2 3 1 4 0.5 0.333333333333333 0.25
24557 4 1 1 4 0.25 1 0.25
24586 31 11 7 35 0.225806451612903 0.636363636363636 0.2
24638 23 1 1 23 0.0434782608695652 1 0.0434782608695652
24642 42 9 7 44 0.166666666666667 0.777777777777778 0.159090909090909
24724 112 21 16 117 0.142857142857143 0.761904761904762 0.136752136752137
24730 50 1 1 50 0.02 1 0.02
24776 8 2 1 9 0.125 0.5 0.111111111111111
24785 80 3 3 80 0.0375 1 0.0375
24835 13 1 1 13 0.0769230769230769 1 0.0769230769230769
24867 25 1 1 25 0.04 1 0.04
24875 227 20 16 231 0.0704845814977974 0.8 0.0692640692640693
24889 10 4 2 12 0.2 0.5 0.166666666666667
24900 1 1 1 1 1 1 1
24940 26 11 9 28 0.346153846153846 0.818181818181818 0.321428571428571
2495 10 1 1 10 0.1 1 0.1
2497 234 51 38 247 0.162393162393162 0.745098039215686 0.153846153846154
24971 22 7 6 23 0.272727272727273 0.857142857142857 0.260869565217391
25 2 1 1 2 0.5 1 0.5
250 12 2 0 14 0 0 0
2500 29 22 13 38 0.448275862068966 0.590909090909091 0.342105263157895
2506 2 1 1 2 0.5 1 0.5
25061 42 5 3 44 0.0714285714285714 0.6 0.0681818181818182
2510 17 2 2 17 0.117647058823529 1 0.117647058823529
25137 9 2 2 9 0.222222222222222 1 0.222222222222222
2514 14 1 1 14 0.0714285714285714 1 0.0714285714285714
25148 6 1 1 6 0.166666666666667 1 0.166666666666667
2515 5 1 0 6 0 0 0
25152 61 10 8 63 0.131147540983607 0.8 0.126984126984127
2516 317 38 31 324 0.0977917981072555 0.815789473684211 0.095679012345679
2518 11 3 3 11 0.272727272727273 1 0.272727272727273
25182 32 5 4 33 0.125 0.8 0.121212121212121
2519 27 3 2 28 0.0740740740740741 0.666666666666667 0.0714285714285714
25192 21 12 7 26 0.333333333333333 0.583333333333333 0.269230769230769
25220 12 2 2 12 0.166666666666667 1 0.166666666666667
2527 11 3 1 13 0.0909090909090909 0.333333333333333 0.0769230769230769
25279 16 3 3 16 0.1875 1 0.1875
25358 14 10 3 21 0.214285714285714 0.3 0.142857142857143
25384 8 1 0 9 0 0 0
25415 5 1 1 5 0.2 1 0.2
25441 14 1 1 14 0.0714285714285714 1 0.0714285714285714
25466 8 2 2 8 0.25 1 0.25
25473 4 1 1 4 0.25 1 0.25
2549 3 2 1 4 0.333333333333333 0.5 0.25
25525 53 11 10 54 0.188679245283019 0.909090909090909 0.185185185185185
25538 2 1 0 3 0 0 0
25560 218 72 66 224 0.302752293577982 0.916666666666667 0.294642857142857
25563 4 1 1 4 0.25 1 0.25
25588 24 4 1 27 0.0416666666666667 0.25 0.037037037037037
25596 43 11 9 45 0.209302325581395 0.818181818181818 0.2
25689 8 2 1 9 0.125 0.5 0.111111111111111
2572 8 1 1 8 0.125 1 0.125
2576 3 1 1 3 0.333333333333333 1 0.333333333333333
25795 1 2 1 2 1 0.5 0.5
25818 7 1 0 8 0 0 0
25829 2 1 1 2 0.5 1 0.5
2586 11 1 1 11 0.0909090909090909 1 0.0909090909090909
25933 5 2 0 7 0 0 0
2594 5 1 0 6 0 0 0
2595 1 1 0 2 0 0 0
2602 3 2 2 3 0.666666666666667 1 0.666666666666667
2603 64 27 20 71 0.3125 0.740740740740741 0.28169014084507
2607 30 8 7 31 0.233333333333333 0.875 0.225806451612903
2609 3 1 0 4 0 0 0
2611 54 10 8 56 0.148148148148148 0.8 0.142857142857143
2614 11 1 1 11 0.0909090909090909 1 0.0909090909090909
26229 2 1 1 2 0.5 1 0.5
2637 4 1 1 4 0.25 1 0.25
26415 40 9 1 48 0.025 0.111111111111111 0.0208333333333333
26496 7 1 1 7 0.142857142857143 1 0.142857142857143
26773 9 4 4 9 0.444444444444444 1 0.444444444444444
26785 2 1 0 3 0 0 0
26943 210 16 14 212 0.0666666666666667 0.875 0.0660377358490566
2697 6 1 1 6 0.166666666666667 1 0.166666666666667
26978 16 2 0 18 0 0 0
2698 9 2 2 9 0.222222222222222 1 0.222222222222222
27 2 1 1 2 0.5 1 0.5
2714 1 1 1 1 1 1 1
27319 30 6 6 30 0.2 1 0.2
27400 3 1 1 3 0.333333333333333 1 0.333333333333333
27446 7 1 0 8 0 0 0
27464 1 1 0 2 0 0 0
27524 51 3 2 52 0.0392156862745098 0.666666666666667 0.0384615384615385
27552 7 1 1 7 0.142857142857143 1 0.142857142857143
27589 9 1 1 9 0.111111111111111 1 0.111111111111111
27630 3 1 1 3 0.333333333333333 1 0.333333333333333
27664 41 2 2 41 0.0487804878048781 1 0.0487804878048781
27678 6 2 0 8 0 0 0
27686 2 1 1 2 0.5 1 0.5
27750 15 13 11 17 0.733333333333333 0.846153846153846 0.647058823529412
27767 1 1 0 2 0 0 0
278 6 7 1 12 0.166666666666667 0.142857142857143 0.0833333333333333
27807 12 9 9 12 0.75 1 0.75
27841 4 1 1 4 0.25 1 0.25
27891 2 1 1 2 0.5 1 0.5
27892 2 1 1 2 0.5 1 0.5
27924 2 1 1 2 0.5 1 0.5
27929 4 2 2 4 0.5 1 0.5
27933 3 1 1 3 0.333333333333333 1 0.333333333333333
28000 1 1 1 1 1 1 1
2819 27 3 2 28 0.0740740740740741 0.666666666666667 0.0714285714285714
2828 741 8 8 741 0.0107962213225371 1 0.0107962213225371
28346 2 1 1 2 0.5 1 0.5
2847 3 2 2 3 0.666666666666667 1 0.666666666666667
28472 1 1 1 1 1 1 1
2848 10 1 1 10 0.1 1 0.1
2852 71 10 9 72 0.126760563380282 0.9 0.125
2857 176 27 24 179 0.136363636363636 0.888888888888889 0.134078212290503
286 330 96 57 369 0.172727272727273 0.59375 0.154471544715447
28677 3 1 1 3 0.333333333333333 1 0.333333333333333
28678 2 1 1 2 0.5 1 0.5
28697 7 1 1 7 0.142857142857143 1 0.142857142857143
28716 57 1 1 57 0.0175438596491228 1 0.0175438596491228
28725 5 2 1 6 0.2 0.5 0.166666666666667
28788 51 11 9 53 0.176470588235294 0.818181818181818 0.169811320754717
2884 4 2 2 4 0.5 1 0.5
28855 12 3 3 12 0.25 1 0.25
28857 8 4 3 9 0.375 0.75 0.333333333333333
28878 43 10 7 46 0.162790697674419 0.7 0.152173913043478
28929 52 4 3 53 0.0576923076923077 0.75 0.0566037735849057
2895 50 2 1 51 0.02 0.5 0.0196078431372549
29009 34 7 3 38 0.0882352941176471 0.428571428571429 0.0789473684210526
2905 28 2 0 30 0 0 0
29066 36 1 0 37 0 0 0
2907 79 5 5 79 0.0632911392405063 1 0.0632911392405063
29113 36 4 4 36 0.111111111111111 1 0.111111111111111
29134 6 4 4 6 0.666666666666667 1 0.666666666666667
2914 706 174 111 769 0.157223796033994 0.637931034482759 0.144343302990897
29147 1 1 1 1 1 1 1
2915 5 1 0 6 0 0 0
29208 471 106 92 485 0.195329087048832 0.867924528301887 0.189690721649485
29216 1 1 1 1 1 1 1
29222 46 3 3 46 0.0652173913043478 1 0.0652173913043478
29243 2 2 1 3 0.5 0.5 0.333333333333333
29259 5 2 2 5 0.4 1 0.4
293 65 20 16 69 0.246153846153846 0.8 0.231884057971014
29317 1 2 1 2 1 0.5 0.5
29372 3 1 0 4 0 0 0
29396 37 5 5 37 0.135135135135135 1 0.135135135135135
29405 7 2 1 8 0.142857142857143 0.5 0.125
29422 23 2 2 23 0.0869565217391304 1 0.0869565217391304
29449 42 18 9 51 0.214285714285714 0.5 0.176470588235294
29452 24 3 2 25 0.0833333333333333 0.666666666666667 0.08
29488 2 1 1 2 0.5 1 0.5
29527 40 9 5 44 0.125 0.555555555555556 0.113636363636364
29608 96 3 3 96 0.03125 1 0.03125
29632 50 15 7 58 0.14 0.466666666666667 0.120689655172414
29636 208 33 28 213 0.134615384615385 0.848484848484849 0.131455399061033
29651 9 4 2 11 0.222222222222222 0.5 0.181818181818182
29655 6 2 2 6 0.333333333333333 1 0.333333333333333
29668 35 1 1 35 0.0285714285714286 1 0.0285714285714286
29670 8 2 2 8 0.25 1 0.25
29671 3 1 1 3 0.333333333333333 1 0.333333333333333
29686 311 98 91 318 0.292604501607717 0.928571428571429 0.286163522012579
29748 21 9 5 25 0.238095238095238 0.555555555555556 0.2
29791 76 2 1 77 0.0131578947368421 0.5 0.012987012987013
29838 34 5 5 34 0.147058823529412 1 0.147058823529412
29877 7 3 1 9 0.142857142857143 0.333333333333333 0.111111111111111
29904 1 1 1 1 1 1 1
3 6 1 0 7 0 0 0
30058 6 1 1 6 0.166666666666667 1 0.166666666666667
30059 3 3 2 4 0.666666666666667 0.666666666666667 0.5
30071 8 104 5 107 0.625 0.0480769230769231 0.0467289719626168
30126 67 2 2 67 0.0298507462686567 1 0.0298507462686567
30128 3 3 1 5 0.333333333333333 0.333333333333333 0.2
30132 23 39 13 49 0.565217391304348 0.333333333333333 0.26530612244898
30217 6 1 1 6 0.166666666666667 1 0.166666666666667
30313 2 1 1 2 0.5 1 0.5
30340 19 1 1 19 0.0526315789473684 1 0.0526315789473684
30374 3 1 1 3 0.333333333333333 1 0.333333333333333
30528 3 1 1 3 0.333333333333333 1 0.333333333333333
30653 19 7 5 21 0.263157894736842 0.714285714285714 0.238095238095238
30700 4 2 2 4 0.5 1 0.5
30781 41 7 7 41 0.170731707317073 1 0.170731707317073
30795 3 3 2 4 0.666666666666667 0.666666666666667 0.5
30834 10 2 2 10 0.2 1 0.2
30880 11 1 1 11 0.0909090909090909 1 0.0909090909090909
30889 37 6 4 39 0.108108108108108 0.666666666666667 0.102564102564103
30975 5 2 0 7 0 0 0
31065 5 2 0 7 0 0 0
31103 22 14 6 30 0.272727272727273 0.428571428571429 0.2
31117 13 4 3 14 0.230769230769231 0.75 0.214285714285714
31127 3 2 2 3 0.666666666666667 1 0.666666666666667
31246 9 1 1 9 0.111111111111111 1 0.111111111111111
31261 10 1 0 11 0 0 0
31265 1 1 1 1 1 1 1
31283 136 1 1 136 0.00735294117647059 1 0.00735294117647059
3130 25 1 1 25 0.04 1 0.04
31333 15 5 5 15 0.333333333333333 1 0.333333333333333
3134 2 1 1 2 0.5 1 0.5
31383 29 11 5 35 0.172413793103448 0.454545454545455 0.142857142857143
3140 1 1 1 1 1 1 1
31400 10 1 1 10 0.1 1 0.1
31424 13 1 1 13 0.0769230769230769 1 0.0769230769230769
31445 66 12 10 68 0.151515151515152 0.833333333333333 0.147058823529412
31458 44 2 2 44 0.0454545454545455 1 0.0454545454545455
31477 186 2 2 186 0.010752688172043 1 0.010752688172043
31479 5 1 1 5 0.2 1 0.2
31529 48 4 3 49 0.0625 0.75 0.0612244897959184
31530 11 6 3 14 0.272727272727273 0.5 0.214285714285714
31615 3 1 0 4 0 0 0
31677 3 1 0 4 0 0 0
31708 33 8 8 33 0.242424242424242 1 0.242424242424242
32034 4 2 2 4 0.5 1 0.5
3212 25 1 1 25 0.04 1 0.04
3213 43 11 9 45 0.209302325581395 0.818181818181818 0.2
3221 1 1 1 1 1 1 1
32329 3 1 1 3 0.333333333333333 1 0.333333333333333
32335 3 1 1 3 0.333333333333333 1 0.333333333333333
32346 1 1 1 1 1 1 1
32361 6 2 2 6 0.333333333333333 1 0.333333333333333
3243 15 3 2 16 0.133333333333333 0.666666666666667 0.125
3248 58 23 15 66 0.258620689655172 0.652173913043478 0.227272727272727
3249 53 11 8 56 0.150943396226415 0.727272727272727 0.142857142857143
3257 505 204 107 602 0.211881188118812 0.524509803921569 0.177740863787375
3265 41 14 8 47 0.195121951219512 0.571428571428571 0.170212765957447
3267 225 8 7 226 0.0311111111111111 0.875 0.0309734513274336
3269 102 1 1 102 0.00980392156862745 1 0.00980392156862745
3277 45 1 1 45 0.0222222222222222 1 0.0222222222222222
32825 1 1 0 2 0 0 0
32915 4 1 0 5 0 0 0
3292 398 23 19 402 0.0477386934673367 0.826086956521739 0.0472636815920398
32978 1 1 1 1 1 1 1
33 6 2 0 8 0 0 0
3301 70 4 3 71 0.0428571428571429 0.75 0.0422535211267606
3303 458 29 26 461 0.0567685589519651 0.896551724137931 0.0563991323210412
33073 5 1 1 5 0.2 1 0.2
3320 508 14 9 513 0.0177165354330709 0.642857142857143 0.0175438596491228
3327 107 22 16 113 0.149532710280374 0.727272727272727 0.141592920353982
3333 156 5 3 158 0.0192307692307692 0.6 0.0189873417721519
3344 14 10 3 21 0.214285714285714 0.3 0.142857142857143
33517 7 1 1 7 0.142857142857143 1 0.142857142857143
3352 60 3 1 62 0.0166666666666667 0.333333333333333 0.0161290322580645
3356 2096 59 51 2104 0.0243320610687023 0.864406779661017 0.0242395437262357
33597 24 1 1 24 0.0416666666666667 1 0.0416666666666667
3363 2 1 1 2 0.5 1 0.5
33843 50 16 10 56 0.2 0.625 0.178571428571429
33885 13 2 2 13 0.153846153846154 1 0.153846153846154
33891 41 15 13 43 0.317073170731707 0.866666666666667 0.302325581395349
33926 42 1 0 43 0 0 0
34019 12 2 2 12 0.166666666666667 1 0.166666666666667
34021 8 1 1 8 0.125 1 0.125
34080 3 2 2 3 0.666666666666667 1 0.666666666666667
34081 3 2 2 3 0.666666666666667 1 0.666666666666667
34146 15 1 1 15 0.0666666666666667 1 0.0666666666666667
34225 41 3 2 42 0.0487804878048781 0.666666666666667 0.0476190476190476
34244 6 2 2 6 0.333333333333333 1 0.333333333333333
34270 45 4 2 47 0.0444444444444444 0.5 0.0425531914893617
34288 6 2 1 7 0.166666666666667 0.5 0.142857142857143
34305 69 12 10 71 0.144927536231884 0.833333333333333 0.140845070422535
34309 39 72 20 91 0.512820512820513 0.277777777777778 0.21978021978022
34313 2 1 1 2 0.5 1 0.5
34372 4 1 1 4 0.25 1 0.25
34419 57 12 9 60 0.157894736842105 0.75 0.15
34505 3 1 1 3 0.333333333333333 1 0.333333333333333
34549 7 3 1 9 0.142857142857143 0.333333333333333 0.111111111111111
34554 11 1 1 11 0.0909090909090909 1 0.0909090909090909
34631 2 3 1 4 0.5 0.333333333333333 0.25
34695 194 5 5 194 0.0257731958762887 1 0.0257731958762887
34752 2 1 1 2 0.5 1 0.5
34763 72 20 12 80 0.166666666666667 0.6 0.15
34784 2 1 1 2 0.5 1 0.5
34968 28 7 6 29 0.214285714285714 0.857142857142857 0.206896551724138
34997 28 4 4 28 0.142857142857143 1 0.142857142857143
35028 37 9 5 41 0.135135135135135 0.555555555555556 0.121951219512195
35070 10 1 1 10 0.1 1 0.1
35244 31 20 13 38 0.419354838709677 0.65 0.342105263157895
35272 3 1 1 3 0.333333333333333 1 0.333333333333333
35283 9 2 1 10 0.111111111111111 0.5 0.1
35292 10 1 0 11 0 0 0
35320 118 13 9 122 0.076271186440678 0.692307692307692 0.0737704918032787
35393 9 1 1 9 0.111111111111111 1 0.111111111111111
35425 10 3 3 10 0.3 1 0.3
35470 9 3 2 10 0.222222222222222 0.666666666666667 0.2
35485 4 1 1 4 0.25 1 0.25
3549 1272 105 90 1287 0.0707547169811321 0.857142857142857 0.0699300699300699
35492 4 3 3 4 0.75 1 0.75
3551 1 1 0 2 0 0 0
3557 17 5 5 17 0.294117647058824 1 0.294117647058824
35592 4 2 2 4 0.5 1 0.5
3561 535 4 4 535 0.00747663551401869 1 0.00747663551401869
35612 5 3 0 8 0 0 0
35706 17 6 2 21 0.117647058823529 0.333333333333333 0.0952380952380952
3582 2 2 1 3 0.5 0.5 0.333333333333333
35826 2 1 1 2 0.5 1 0.5
35908 22 2 2 22 0.0909090909090909 1 0.0909090909090909
3597 8 1 1 8 0.125 1 0.125
36351 8 1 1 8 0.125 1 0.125
36383 2 1 1 2 0.5 1 0.5
3640 4 1 1 4 0.25 1 0.25
36472 10 5 5 10 0.5 1 0.5
3661 6 4 1 9 0.166666666666667 0.25 0.111111111111111
3662 15 9 9 15 0.6 1 0.6
3663 3 1 0 4 0 0 0
36671 2 1 1 2 0.5 1 0.5
36692 31 9 7 33 0.225806451612903 0.777777777777778 0.212121212121212
3676 9 1 1 9 0.111111111111111 1 0.111111111111111
36797 1 1 1 1 1 1 1
3681 4 1 1 4 0.25 1 0.25
36856 10 3 1 12 0.1 0.333333333333333 0.0833333333333333
36944 6 4 3 7 0.5 0.75 0.428571428571429
36948 2 1 1 2 0.5 1 0.5
3714 5 1 1 5 0.2 1 0.2
3741 297 1 1 297 0.00336700336700337 1 0.00336700336700337
3742 17 1 1 17 0.0588235294117647 1 0.0588235294117647
3754 38 2 2 38 0.0526315789473684 1 0.0526315789473684
376 17 1 1 17 0.0588235294117647 1 0.0588235294117647
378 3 1 1 3 0.333333333333333 1 0.333333333333333
3790 5 1 1 5 0.2 1 0.2
38005 2 2 2 2 1 1 1
38018 7 6 6 7 0.857142857142857 1 0.857142857142857
38022 29 9 9 29 0.310344827586207 1 0.310344827586207
38082 15 2 2 15 0.133333333333333 1 0.133333333333333
38128 1 1 0 2 0 0 0
38140 2 1 1 2 0.5 1 0.5
38158 6 2 2 6 0.333333333333333 1 0.333333333333333
3825 1 2 0 3 0 0 0
38299 2 1 1 2 0.5 1 0.5
3836 7 3 1 9 0.142857142857143 0.333333333333333 0.111111111111111
38462 2 1 1 2 0.5 1 0.5
38477 1 2 0 3 0 0 0
38566 2 1 1 2 0.5 1 0.5
38620 1 1 1 1 1 1 1
38626 1 1 1 1 1 1 1
38639 1 1 1 1 1 1 1
38711 1 1 1 1 1 1 1
38819 3 1 1 3 0.333333333333333 1 0.333333333333333
39040 6 1 1 6 0.166666666666667 1 0.166666666666667
39102 9 1 1 9 0.111111111111111 1 0.111111111111111
39122 10 1 1 10 0.1 1 0.1
39145 6 3 2 7 0.333333333333333 0.666666666666667 0.285714285714286
39211 1 1 1 1 1 1 1
39301 6 1 1 6 0.166666666666667 1 0.166666666666667
39309 27 1 0 28 0 0 0
39326 83 19 13 89 0.156626506024096 0.684210526315789 0.146067415730337
39342 2 2 1 3 0.5 0.5 0.333333333333333
3943 1 1 0 2 0 0 0
3949 1 1 1 1 1 1 1
39537 2 1 0 3 0 0 0
39570 2 1 1 2 0.5 1 0.5
39602 2 1 0 3 0 0 0
39792 426 21 15 432 0.0352112676056338 0.714285714285714 0.0347222222222222
39837 4 1 1 4 0.25 1 0.25
39839 2 1 1 2 0.5 1 0.5
39854 1 2 1 2 1 0.5 0.5
39875 1 1 0 2 0 0 0
3999 1 1 1 1 1 1 1
40009 25 4 3 26 0.12 0.75 0.115384615384615
40060 8 1 0 9 0 0 0
40068 9 2 2 9 0.222222222222222 1 0.222222222222222
40193 12 6 3 15 0.25 0.5 0.2
40220 13 4 4 13 0.307692307692308 1 0.307692307692308
40490 2 1 1 2 0.5 1 0.5
40528 5 3 3 5 0.6 1 0.6
40589 2 1 1 2 0.5 1 0.5
40832 1 1 1 1 1 1 1
41012 25 6 4 27 0.16 0.666666666666667 0.148148148148148
41045 7 2 2 7 0.285714285714286 1 0.285714285714286
41075 3 2 0 5 0 0 0
41102 1 3 1 3 1 0.333333333333333 0.333333333333333
4134 102 1 0 103 0 0 0
4150 4 1 0 5 0 0 0
4158 2 1 1 2 0.5 1 0.5
41670 1 2 1 2 1 0.5 0.5
41692 372 69 54 387 0.145161290322581 0.782608695652174 0.13953488372093
41695 3 1 0 4 0 0 0
41711 4 4 2 6 0.5 0.5 0.333333333333333
41773 4 2 2 4 0.5 1 0.5
42 102 2 2 102 0.0196078431372549 1 0.0196078431372549
42096 7 1 1 7 0.142857142857143 1 0.142857142857143
42227 3 2 1 4 0.333333333333333 0.5 0.25
42579 7 2 2 7 0.285714285714286 1 0.285714285714286
42652 32 1 1 32 0.03125 1 0.03125
42689 32 8 6 34 0.1875 0.75 0.176470588235294
42841 6 3 2 7 0.333333333333333 0.666666666666667 0.285714285714286
42884 30 1 1 30 0.0333333333333333 1 0.0333333333333333
42909 8 3 2 9 0.25 0.666666666666667 0.222222222222222
42937 1 1 1 1 1 1 1
42965 2 1 1 2 0.5 1 0.5
43037 5 1 1 5 0.2 1 0.2
4323 1112 4 4 1112 0.00359712230215827 1 0.00359712230215827
43383 1 1 1 1 1 1 1
43602 3 1 1 3 0.333333333333333 1 0.333333333333333
43751 3 1 0 4 0 0 0
43821 40 15 11 44 0.275 0.733333333333333 0.25
43911 2 2 0 4 0 0 0
43950 2 1 0 3 0 0 0
44065 1 1 1 1 1 1 1
44212 3 1 1 3 0.333333333333333 1 0.333333333333333
44358 1 1 1 1 1 1 1
4436 129 23 20 132 0.155038759689922 0.869565217391304 0.151515151515152
44514 4 1 0 5 0 0 0
44654 4 2 2 4 0.5 1 0.5
44683 2 1 1 2 0.5 1 0.5
44928 1 1 1 1 1 1 1
45131 1 1 1 1 1 1 1
4528 5 2 2 5 0.4 1 0.4
4538 19 7 5 21 0.263157894736842 0.714285714285714 0.238095238095238
4555 1 4 0 5 0 0 0
4557 8 2 2 8 0.25 1 0.25
4589 696 78 75 699 0.107758620689655 0.961538461538462 0.107296137339056
4600 5 2 2 5 0.4 1 0.4
4605 2 1 1 2 0.5 1 0.5
4608 5 3 1 7 0.2 0.333333333333333 0.142857142857143
4618 15 2 1 16 0.0666666666666667 0.5 0.0625
4621 34 3 3 34 0.0882352941176471 1 0.0882352941176471
4622 1 1 0 2 0 0 0
4635 98 8 7 99 0.0714285714285714 0.875 0.0707070707070707
46357 2 1 1 2 0.5 1 0.5
4645 16 1 1 16 0.0625 1 0.0625
4651 29 10 8 31 0.275862068965517 0.8 0.258064516129032
4673 8 1 0 9 0 0 0
4675 6 2 1 7 0.166666666666667 0.5 0.142857142857143
4677 6 1 1 6 0.166666666666667 1 0.166666666666667
4680 9 3 1 11 0.111111111111111 0.333333333333333 0.0909090909090909
4685 9 3 2 10 0.222222222222222 0.666666666666667 0.2
4691 1 13 1 13 1 0.0769230769230769 0.0769230769230769
4697 3 7 3 7 1 0.428571428571429 0.428571428571429
4711 2 1 0 3 0 0 0
4713 95 10 8 97 0.0842105263157895 0.8 0.0824742268041237
4716 54 11 5 60 0.0925925925925926 0.454545454545455 0.0833333333333333
4717 3 1 1 3 0.333333333333333 1 0.333333333333333
4718 3 1 1 3 0.333333333333333 1 0.333333333333333
4725 123 22 10 135 0.0813008130081301 0.454545454545455 0.0740740740740741
4739 48 10 9 49 0.1875 0.9 0.183673469387755
4741 9 1 1 9 0.111111111111111 1 0.111111111111111
4747 5 2 0 7 0 0 0
4750 55 4 0 59 0 0 0
4755 140 1 1 140 0.00714285714285714 1 0.00714285714285714
4761 71 4 3 72 0.0422535211267606 0.75 0.0416666666666667
4768 25 1 1 25 0.04 1 0.04
4770 16 3 0 19 0 0 0
4775 63 1 1 63 0.0158730158730159 1 0.0158730158730159
4777 35 5 2 38 0.0571428571428571 0.4 0.0526315789473684
4780 25 3 2 26 0.08 0.666666666666667 0.0769230769230769
4782 3 1 0 4 0 0 0
4787 7 4 1 10 0.142857142857143 0.25 0.1
4788 119 4 4 119 0.0336134453781513 1 0.0336134453781513
4795 43 5 2 46 0.0465116279069767 0.4 0.0434782608695652
4796 3 1 1 3 0.333333333333333 1 0.333333333333333
4818 4 1 0 5 0 0 0
4826 20 4 3 21 0.15 0.75 0.142857142857143
4829 3 1 1 3 0.333333333333333 1 0.333333333333333
4844 5 1 1 5 0.2 1 0.2
4927 8 3 2 9 0.25 0.666666666666667 0.222222222222222
5050 21 3 3 21 0.142857142857143 1 0.142857142857143
5056 25 2 0 27 0 0 0
513 50 8 7 51 0.14 0.875 0.137254901960784
52 2 1 1 2 0.5 1 0.5
5381 15 2 1 16 0.0666666666666667 0.5 0.0625
5385 16 7 5 18 0.3125 0.714285714285714 0.277777777777778
5400 243 12 11 244 0.0452674897119342 0.916666666666667 0.0450819672131148
5401 1 1 1 1 1 1 1
5403 20 6 4 22 0.2 0.666666666666667 0.181818181818182
5408 30 2 1 31 0.0333333333333333 0.5 0.032258064516129
5410 63 7 4 66 0.0634920634920635 0.571428571428571 0.0606060606060606
5413 226 1 1 226 0.00442477876106195 1 0.00442477876106195
5418 9 1 1 9 0.111111111111111 1 0.111111111111111
5421 3 2 1 4 0.333333333333333 0.5 0.25
5429 9 1 0 10 0 0 0
5430 306 24 19 311 0.0620915032679739 0.791666666666667 0.0610932475884244
5432 30 2 1 31 0.0333333333333333 0.5 0.032258064516129
5459 53 12 7 58 0.132075471698113 0.583333333333333 0.120689655172414
5466 76 2 1 77 0.0131578947368421 0.5 0.012987012987013
5486 35 2 0 37 0 0 0
55 3 1 1 3 0.333333333333333 1 0.333333333333333
5511 207 23 18 212 0.0869565217391304 0.782608695652174 0.0849056603773585
553 54 22 19 57 0.351851851851852 0.863636363636364 0.333333333333333
5537 25 3 2 26 0.08 0.666666666666667 0.0769230769230769
5539 43 45 19 69 0.441860465116279 0.422222222222222 0.27536231884058
5550 4 2 1 5 0.25 0.5 0.2
5568 184 12 8 188 0.0434782608695652 0.666666666666667 0.0425531914893617
557 5 1 1 5 0.2 1 0.2
559 62 25 24 63 0.387096774193548 0.96 0.380952380952381
5602 26 5 4 27 0.153846153846154 0.8 0.148148148148148
5609 2 10 1 11 0.5 0.1 0.0909090909090909
5617 196 1 1 196 0.00510204081632653 1 0.00510204081632653
5645 10 2 0 12 0 0 0
5661 3 1 1 3 0.333333333333333 1 0.333333333333333
57 24 3 3 24 0.125 1 0.125
5707 3 1 1 3 0.333333333333333 1 0.333333333333333
5713 56 2 1 57 0.0178571428571429 0.5 0.0175438596491228
577 124 1 1 124 0.00806451612903226 1 0.00806451612903226
5774 2 1 1 2 0.5 1 0.5
5786 3 1 1 3 0.333333333333333 1 0.333333333333333
59 4 1 1 4 0.25 1 0.25
600 30 1 1 30 0.0333333333333333 1 0.0333333333333333
6057 6 4 3 7 0.5 0.75 0.428571428571429
6062 10 2 0 12 0 0 0
6066 1 1 0 2 0 0 0
6083 30 16 13 33 0.433333333333333 0.8125 0.393939393939394
6106 2 1 1 2 0.5 1 0.5
6122 9 1 1 9 0.111111111111111 1 0.111111111111111
6128 253 1 1 253 0.00395256916996047 1 0.00395256916996047
6147 1 8 0 9 0 0 0
6163 12 1 1 12 0.0833333333333333 1 0.0833333333333333
6181 42 2 2 42 0.0476190476190476 1 0.0476190476190476
6182 1 1 1 1 1 1 1
6263 3 1 1 3 0.333333333333333 1 0.333333333333333
6342 4 1 0 5 0 0 0
6360 10 2 2 10 0.2 1 0.2
6366 3 1 1 3 0.333333333333333 1 0.333333333333333
6435 3 8 2 9 0.666666666666667 0.25 0.222222222222222
6453 570 88 76 582 0.133333333333333 0.863636363636364 0.130584192439863
6509 26 5 4 27 0.153846153846154 0.8 0.148148148148148
65099 1 1 0 2 0 0 0
6536 17 2 1 18 0.0588235294117647 0.5 0.0555555555555556
6619 23 4 3 24 0.130434782608696 0.75 0.125
6629 3 1 1 3 0.333333333333333 1 0.333333333333333
6648 41 2 1 42 0.024390243902439 0.5 0.0238095238095238
6661 70 1 0 71 0 0 0
6666 40 22 11 51 0.275 0.5 0.215686274509804
6667 502 106 102 506 0.203187250996016 0.962264150943396 0.201581027667984
6677 70 4 2 72 0.0285714285714286 0.5 0.0277777777777778
668 35 7 3 39 0.0857142857142857 0.428571428571429 0.0769230769230769
6695 198 49 45 202 0.227272727272727 0.918367346938776 0.222772277227723
6702 15 1 1 15 0.0666666666666667 1 0.0666666666666667
6706 13 6 5 14 0.384615384615385 0.833333333333333 0.357142857142857
6724 40 17 15 42 0.375 0.882352941176471 0.357142857142857
6730 572 6 5 573 0.00874125874125874 0.833333333333333 0.0087260034904014
6762 214 38 35 217 0.163551401869159 0.921052631578947 0.161290322580645
6770 44 11 5 50 0.113636363636364 0.454545454545455 0.1
6772 13 4 4 13 0.307692307692308 1 0.307692307692308
6774 83 16 15 84 0.180722891566265 0.9375 0.178571428571429
6775 5 2 2 5 0.4 1 0.4
680 62 17 14 65 0.225806451612903 0.823529411764706 0.215384615384615
6802 6 2 2 6 0.333333333333333 1 0.333333333333333
681 2 1 1 2 0.5 1 0.5
683 2 1 1 2 0.5 1 0.5
6830 348 31 22 357 0.0632183908045977 0.709677419354839 0.061624649859944
6838 1 1 1 1 1 1 1
6881 80 22 21 81 0.2625 0.954545454545455 0.259259259259259
6893 2 1 1 2 0.5 1 0.5
6895 8 1 1 8 0.125 1 0.125
6908 95 16 13 98 0.136842105263158 0.8125 0.13265306122449
6939 851 281 209 923 0.245593419506463 0.743772241992883 0.226435536294691
6966 6 2 2 6 0.333333333333333 1 0.333333333333333
6968 3 1 1 3 0.333333333333333 1 0.333333333333333
701 2803 23 18 2808 0.0064216910453086 0.782608695652174 0.00641025641025641
7012 14 1 1 14 0.0714285714285714 1 0.0714285714285714
7018 2204 13 9 2208 0.00408348457350272 0.692307692307692 0.00407608695652174
7019 1 1 1 1 1 1 1
7065 17 3 1 19 0.0588235294117647 0.333333333333333 0.0526315789473684
7066 22 3 3 22 0.136363636363636 1 0.136363636363636
719 16 1 1 16 0.0625 1 0.0625
7377 3 1 0 4 0 0 0
7385 166 4 4 166 0.0240963855421687 1 0.0240963855421687
7470 34 1 1 34 0.0294117647058824 1 0.0294117647058824
7473 171 6 5 172 0.0292397660818713 0.833333333333333 0.0290697674418605
7500 62 10 8 64 0.129032258064516 0.8 0.125
7503 4 2 0 6 0 0 0
7514 24 3 3 24 0.125 1 0.125
7516 4 1 0 5 0 0 0
7521 5 2 1 6 0.2 0.5 0.166666666666667
7522 6 4 1 9 0.166666666666667 0.25 0.111111111111111
7529 18 1 1 18 0.0555555555555556 1 0.0555555555555556
7539 26 8 7 27 0.269230769230769 0.875 0.259259259259259
7573 1 1 1 1 1 1 1
7575 490 98 96 492 0.195918367346939 0.979591836734694 0.195121951219512
7594 5 3 2 6 0.4 0.666666666666667 0.333333333333333
7606 53 6 5 54 0.0943396226415094 0.833333333333333 0.0925925925925926
7610 16 1 0 17 0 0 0
7629 6 1 0 7 0 0 0
766 16 5 4 17 0.25 0.8 0.235294117647059
7660 38 18 15 41 0.394736842105263 0.833333333333333 0.365853658536585
7665 2 1 1 2 0.5 1 0.5
7667 6 1 1 6 0.166666666666667 1 0.166666666666667
7668 10 1 0 11 0 0 0
7670 20 2 2 20 0.1 1 0.1
7671 3 2 1 4 0.333333333333333 0.5 0.25
7682 10 3 2 11 0.2 0.666666666666667 0.181818181818182
7687 3 1 1 3 0.333333333333333 1 0.333333333333333
7693 25 2 1 26 0.04 0.5 0.0384615384615385
7718 12 1 0 13 0 0 0
7753 8 1 1 8 0.125 1 0.125
7781 4 7 2 9 0.5 0.285714285714286 0.222222222222222
7784 29 4 3 30 0.103448275862069 0.75 0.1
7786 9 2 1 10 0.111111111111111 0.5 0.1
7847 4 1 1 4 0.25 1 0.25
786 56 8 7 57 0.125 0.875 0.12280701754386
790 8 2 1 9 0.125 0.5 0.111111111111111
7902 15 1 1 15 0.0666666666666667 1 0.0666666666666667
7908 39 4 2 41 0.0512820512820513 0.5 0.0487804878048781
7922 52 1 1 52 0.0192307692307692 1 0.0192307692307692
7949 10 2 0 12 0 0 0
8002 60 6 4 62 0.0666666666666667 0.666666666666667 0.0645161290322581
8018 2 1 1 2 0.5 1 0.5
8047 23 5 5 23 0.217391304347826 1 0.217391304347826
8092 1 1 0 2 0 0 0
81 21 1 0 22 0 0 0
8121 44 9 5 48 0.113636363636364 0.555555555555556 0.104166666666667
8158 1 1 1 1 1 1 1
8201 7 1 1 7 0.142857142857143 1 0.142857142857143
8218 131 10 9 132 0.0687022900763359 0.9 0.0681818181818182
8220 635 10 10 635 0.015748031496063 1 0.015748031496063
8224 12 5 4 13 0.333333333333333 0.8 0.307692307692308
8226 4 2 0 6 0 0 0
8237 7 3 3 7 0.428571428571429 1 0.428571428571429
8246 190 1 0 191 0 0 0
8251 8 5 5 8 0.625 1 0.625
8256 1 1 1 1 1 1 1
8267 2 1 1 2 0.5 1 0.5
8282 11 1 0 12 0 0 0
8299 8 2 0 10 0 0 0
8302 8 1 1 8 0.125 1 0.125
8312 10 1 1 10 0.1 1 0.1
8319 40 16 14 42 0.35 0.875 0.333333333333333
8330 11 3 2 12 0.181818181818182 0.666666666666667 0.166666666666667
8346 8 2 2 8 0.25 1 0.25
8359 523 30 22 531 0.0420650095602294 0.733333333333333 0.0414312617702448
8364 11 1 1 11 0.0909090909090909 1 0.0909090909090909
8365 119 45 34 130 0.285714285714286 0.755555555555556 0.261538461538462
8368 28 7 6 29 0.214285714285714 0.857142857142857 0.206896551724138
8374 6 2 1 7 0.166666666666667 0.5 0.142857142857143
8387 16 4 3 17 0.1875 0.75 0.176470588235294
8391 4 1 1 4 0.25 1 0.25
8396 1 1 0 2 0 0 0
8419 237 3 3 237 0.0126582278481013 1 0.0126582278481013
8422 105 15 8 112 0.0761904761904762 0.533333333333333 0.0714285714285714
8426 430 18 12 436 0.027906976744186 0.666666666666667 0.0275229357798165
8442 30 19 15 34 0.5 0.789473684210526 0.441176470588235
8447 526 25 22 529 0.0418250950570342 0.88 0.0415879017013233
8468 542 8 7 543 0.0129151291512915 0.875 0.0128913443830571
8469 37 18 15 40 0.405405405405405 0.833333333333333 0.375
8473 27 5 4 28 0.148148148148148 0.8 0.142857142857143
8481 3 1 0 4 0 0 0
8492 318 1 1 318 0.00314465408805031 1 0.00314465408805031
8495 20 3 2 21 0.1 0.666666666666667 0.0952380952380952
8501 36 11 11 36 0.305555555555556 1 0.305555555555556
8508 3 1 1 3 0.333333333333333 1 0.333333333333333
8517 16 1 1 16 0.0625 1 0.0625
852 153 1 1 153 0.0065359477124183 1 0.0065359477124183
8527 22 2 2 22 0.0909090909090909 1 0.0909090909090909
855 30 1 1 30 0.0333333333333333 1 0.0333333333333333
8551 107 1 1 107 0.00934579439252336 1 0.00934579439252336
8560 76 25 19 82 0.25 0.76 0.231707317073171
8565 18 2 1 19 0.0555555555555556 0.5 0.0526315789473684
8586 71 6 4 73 0.0563380281690141 0.666666666666667 0.0547945205479452
8591 40 6 3 43 0.075 0.5 0.0697674418604651
8607 40 5 3 42 0.075 0.6 0.0714285714285714
8657 105 4 2 107 0.019047619047619 0.5 0.0186915887850467
8664 8 3 1 10 0.125 0.333333333333333 0.1
8674 59 8 7 60 0.11864406779661 0.875 0.116666666666667
8676 4 1 1 4 0.25 1 0.25
8683 27 1 1 27 0.037037037037037 1 0.037037037037037
8708 272 5 4 273 0.0147058823529412 0.8 0.0146520146520147
8717 85 4 2 87 0.0235294117647059 0.5 0.0229885057471264
8728 1 1 1 1 1 1 1
8737 35 5 1 39 0.0285714285714286 0.2 0.0256410256410256
8758 12 6 5 13 0.416666666666667 0.833333333333333 0.384615384615385
8763 147 41 38 150 0.258503401360544 0.926829268292683 0.253333333333333
8767 67 24 17 74 0.253731343283582 0.708333333333333 0.22972972972973
8781 30 1 0 31 0 0 0
8820 13 4 3 14 0.230769230769231 0.75 0.214285714285714
8823 7 1 0 8 0 0 0
8881 387 23 23 387 0.0594315245478036 1 0.0594315245478036
8895 7 1 1 7 0.142857142857143 1 0.142857142857143
8897 49 10 7 52 0.142857142857143 0.7 0.134615384615385
8903 13 2 0 15 0 0 0
8943 15 3 3 15 0.2 1 0.2
8954 36 8 5 39 0.138888888888889 0.625 0.128205128205128
8966 86 1 1 86 0.0116279069767442 1 0.0116279069767442
8970 2 1 1 2 0.5 1 0.5
8978 6 2 2 6 0.333333333333333 1 0.333333333333333
9002 832 193 185 840 0.222355769230769 0.958549222797927 0.220238095238095
9009 119 58 21 156 0.176470588235294 0.362068965517241 0.134615384615385
9026 14 5 5 14 0.357142857142857 1 0.357142857142857
9031 58 1 1 58 0.0172413793103448 1 0.0172413793103448
9044 67 22 18 71 0.26865671641791 0.818181818181818 0.253521126760563
9080 13 4 3 14 0.230769230769231 0.75 0.214285714285714
9085 4 2 1 5 0.25 0.5 0.2
9112 10 1 1 10 0.1 1 0.1
9129 10 1 0 11 0 0 0
9150 29 4 3 30 0.103448275862069 0.75 0.1
9153 44 5 5 44 0.113636363636364 1 0.113636363636364
9162 2 1 1 2 0.5 1 0.5
9188 3 1 0 4 0 0 0
9231 2 1 0 3 0 0 0
9264 22 20 8 34 0.363636363636364 0.4 0.235294117647059
9270 27 3 2 28 0.0740740740740741 0.666666666666667 0.0714285714285714
9299 49 2 1 50 0.0204081632653061 0.5 0.02
9304 146 4 3 147 0.0205479452054795 0.75 0.0204081632653061
9316 38 1 1 38 0.0263157894736842 1 0.0263157894736842
9329 13 1 1 13 0.0769230769230769 1 0.0769230769230769
9340 2 4 1 5 0.5 0.25 0.2
9367 3 1 1 3 0.333333333333333 1 0.333333333333333
9406 2 2 1 3 0.5 0.5 0.333333333333333
9431 2 1 1 2 0.5 1 0.5
9433 3 1 1 3 0.333333333333333 1 0.333333333333333
9505 112 6 6 112 0.0535714285714286 1 0.0535714285714286
9534 5 1 1 5 0.2 1 0.2
9541 7 1 0 8 0 0 0
9543 4 1 1 4 0.25 1 0.25
9549 3 1 1 3 0.333333333333333 1 0.333333333333333
9555 4 1 0 5 0 0 0
9583 37 1 0 38 0 0 0
9584 8 1 1 8 0.125 1 0.125
9595 7 3 2 8 0.285714285714286 0.666666666666667 0.25
9600 5 2 1 6 0.2 0.5 0.166666666666667
9607 8 1 0 9 0 0 0
9612 2 1 0 3 0 0 0
9619 2 1 1 2 0.5 1 0.5
9621 3 1 1 3 0.333333333333333 1 0.333333333333333
9622 7 2 1 8 0.142857142857143 0.5 0.125
9680 32 2 1 33 0.03125 0.5 0.0303030303030303
9700 6 2 1 7 0.166666666666667 0.5 0.142857142857143
9701 2 1 0 3 0 0 0
9722 43 6 6 43 0.13953488372093 1 0.13953488372093
9737 9 1 1 9 0.111111111111111 1 0.111111111111111
9758 2 1 0 3 0 0 0
9794 5 1 1 5 0.2 1 0.2
9800 30 2 0 32 0 0 0
9821 4 3 3 4 0.75 1 0.75
9844 2 1 0 3 0 0 0
9901 21 5 3 23 0.142857142857143 0.6 0.130434782608696
9919 16 1 0 17 0 0 0
9924 28 1 0 29 0 0 0
9930 20 1 1 20 0.05 1 0.05
9995 3 2 2 3 0.666666666666667 1 0.666666666666667
