#ASN num_v4adj num_v6adj num_intersect(v4v6adj) num_union(adj) fr_v4(num_intersect/num_v4adj) fr_v6(num_intersect/num_v6adj) fr_intersect(num_intersect/num_union)
10013 1 2 1 2 1 0.5 0.5
10015 9 1 0 10 0 0 0
10021 17 2 2 17 0.117647058823529 1 0.117647058823529
10026 426 18 14 430 0.0328638497652582 0.777777777777778 0.0325581395348837
101 34 10 8 36 0.235294117647059 0.8 0.222222222222222
10105 2 1 0 3 0 0 0
102 3 1 1 3 0.333333333333333 1 0.333333333333333
10204 2 4 1 5 0.5 0.25 0.2
10217 19 1 1 19 0.0526315789473684 1 0.0526315789473684
10248 2 1 1 2 0.5 1 0.5
10310 144 9 6 147 0.0416666666666667 0.666666666666667 0.0408163265306122
10318 3 1 0 4 0 0 0
10326 7 1 1 7 0.142857142857143 1 0.142857142857143
10343 2 1 1 2 0.5 1 0.5
10405 3 1 0 4 0 0 0
10429 88 1 1 88 0.0113636363636364 1 0.0113636363636364
10466 28 3 3 28 0.107142857142857 1 0.107142857142857
10480 6 1 1 6 0.166666666666667 1 0.166666666666667
10490 31 6 4 33 0.129032258064516 0.666666666666667 0.121212121212121
10533 1 2 1 2 1 0.5 0.5
10565 11 1 1 11 0.0909090909090909 1 0.0909090909090909
10569 1 1 1 1 1 1 1
10578 26 5 5 26 0.192307692307692 1 0.192307692307692
10586 7 1 0 8 0 0 0
10745 2 7 0 9 0 0 0
10778 3 1 0 4 0 0 0
10835 17 1 1 17 0.0588235294117647 1 0.0588235294117647
10848 30 1 1 30 0.0333333333333333 1 0.0333333333333333
10886 41 19 9 51 0.219512195121951 0.473684210526316 0.176470588235294
109 22 4 0 26 0 0 0
10996 5 1 1 5 0.2 1 0.2
1101 1 1 1 1 1 1 1
1103 199 78 74 203 0.371859296482412 0.948717948717949 0.364532019704433
11051 13 1 1 13 0.0769230769230769 1 0.0769230769230769
11090 3 1 1 3 0.333333333333333 1 0.333333333333333
11096 40 2 2 40 0.05 1 0.05
111 2 2 1 3 0.5 0.5 0.333333333333333
11164 83 4 3 84 0.036144578313253 0.75 0.0357142857142857
11170 1 2 0 3 0 0 0
1120 19 5 4 20 0.210526315789474 0.8 0.2
1125 3 3 3 3 1 1 1
1126 42 13 8 47 0.19047619047619 0.615384615384615 0.170212765957447
11274 12 4 4 12 0.333333333333333 1 0.333333333333333
11279 3 1 1 3 0.333333333333333 1 0.333333333333333
11317 8 3 3 8 0.375 1 0.375
11340 8 1 1 8 0.125 1 0.125
1140 31 12 7 36 0.225806451612903 0.583333333333333 0.194444444444444
11404 49 3 3 49 0.0612244897959184 1 0.0612244897959184
11457 8 1 0 9 0 0 0
11537 124 54 48 130 0.387096774193548 0.888888888888889 0.369230769230769
11588 5 1 1 5 0.2 1 0.2
11590 8 2 1 9 0.125 0.5 0.111111111111111
11666 227 9 7 229 0.0308370044052863 0.777777777777778 0.0305676855895196
11686 49 2 2 49 0.0408163265306122 1 0.0408163265306122
11706 7 2 1 8 0.142857142857143 0.5 0.125
11734 4 1 0 5 0 0 0
11758 8 2 1 9 0.125 0.5 0.111111111111111
11815 4 1 0 5 0 0 0
11830 6 1 0 7 0 0 0
11847 7 1 0 8 0 0 0
11960 5 4 4 5 0.8 1 0.8
12 4 1 1 4 0.25 1 0.25
1200 48 16 11 53 0.229166666666667 0.6875 0.207547169811321
12008 35 2 2 35 0.0571428571428571 1 0.0571428571428571
12041 45 22 15 52 0.333333333333333 0.681818181818182 0.288461538461538
12046 2 1 1 2 0.5 1 0.5
1206 1 1 1 1 1 1 1
1207 1 1 1 1 1 1 1
12111 27 1 1 27 0.037037037037037 1 0.037037037037037
1213 6 5 4 7 0.666666666666667 0.8 0.571428571428571
12188 19 4 4 19 0.210526315789474 1 0.210526315789474
1221 123 2 0 125 0 0 0
1224 3 1 1 3 0.333333333333333 1 0.333333333333333
12251 4 1 1 4 0.25 1 0.25
12287 2 1 1 2 0.5 1 0.5
12293 2 2 1 3 0.5 0.5 0.333333333333333
12301 104 1 1 104 0.00961538461538462 1 0.00961538461538462
12306 81 18 14 85 0.172839506172839 0.777777777777778 0.164705882352941
12312 54 20 17 57 0.314814814814815 0.85 0.298245614035088
12316 3 1 1 3 0.333333333333333 1 0.333333333333333
12322 71 11 11 71 0.154929577464789 1 0.154929577464789
12329 11 2 1 12 0.0909090909090909 0.5 0.0833333333333333
12335 11 1 1 11 0.0909090909090909 1 0.0909090909090909
12337 50 51 17 84 0.34 0.333333333333333 0.202380952380952
12347 6 3 3 6 0.5 1 0.5
12348 20 1 1 20 0.05 1 0.05
12350 163 5 5 163 0.0306748466257669 1 0.0306748466257669
12353 4 2 2 4 0.5 1 0.5
12355 31 16 13 34 0.419354838709677 0.8125 0.382352941176471
1237 33 4 2 35 0.0606060606060606 0.5 0.0571428571428571
12371 2 1 0 3 0 0 0
12374 4 1 1 4 0.25 1 0.25
12381 3 1 1 3 0.333333333333333 1 0.333333333333333
12386 14 3 3 14 0.214285714285714 1 0.214285714285714
1239 1515 3 0 1518 0 0 0
12399 303 1 1 303 0.0033003300330033 1 0.0033003300330033
12401 14 3 2 15 0.142857142857143 0.666666666666667 0.133333333333333
12414 46 15 10 51 0.217391304347826 0.666666666666667 0.196078431372549
12466 3 2 1 4 0.333333333333333 0.5 0.25
1248 13 13 7 19 0.538461538461538 0.538461538461538 0.368421052631579
12496 47 2 1 48 0.0212765957446809 0.5 0.0208333333333333
12502 3 2 1 4 0.333333333333333 0.5 0.25
1251 10 1 1 10 0.1 1 0.1
12533 2 1 0 3 0 0 0
12552 86 5 5 86 0.0581395348837209 1 0.0581395348837209
12566 15 4 4 15 0.266666666666667 1 0.266666666666667
1257 105 58 28 135 0.266666666666667 0.482758620689655 0.207407407407407
12573 40 17 14 43 0.35 0.823529411764706 0.325581395348837
12594 2 1 1 2 0.5 1 0.5
12605 21 1 0 22 0 0 0
12611 43 23 12 54 0.27906976744186 0.521739130434783 0.222222222222222
12634 46 17 12 51 0.260869565217391 0.705882352941177 0.235294117647059
12637 70 24 21 73 0.3 0.875 0.287671232876712
12638 2 3 0 5 0 0 0
12654 49 22 15 56 0.306122448979592 0.681818181818182 0.267857142857143
12657 3 1 1 3 0.333333333333333 1 0.333333333333333
12684 4 1 0 5 0 0 0
12709 1 1 0 2 0 0 0
12714 57 1 1 57 0.0175438596491228 1 0.0175438596491228
1273 286 69 46 309 0.160839160839161 0.666666666666667 0.148867313915858
12731 68 19 13 74 0.191176470588235 0.684210526315789 0.175675675675676
12732 20 8 6 22 0.3 0.75 0.272727272727273
12757 6 1 0 7 0 0 0
12767 15 3 2 16 0.133333333333333 0.666666666666667 0.125
12769 4 1 1 4 0.25 1 0.25
12778 12 1 0 13 0 0 0
12779 85 22 15 92 0.176470588235294 0.681818181818182 0.16304347826087
12782 2 1 1 2 0.5 1 0.5
1280 108 25 16 117 0.148148148148148 0.64 0.136752136752137
12816 1 1 1 1 1 1 1
12817 2 2 2 2 1 1 1
12850 19 5 5 19 0.263157894736842 1 0.263157894736842
12853 2 3 1 4 0.5 0.333333333333333 0.25
12859 566 185 177 574 0.312720848056537 0.956756756756757 0.308362369337979
12871 34 20 12 42 0.352941176470588 0.6 0.285714285714286
12874 215 2 2 215 0.00930232558139535 1 0.00930232558139535
12895 9 1 1 9 0.111111111111111 1 0.111111111111111
12902 40 11 7 44 0.175 0.636363636363636 0.159090909090909
12931 4 2 2 4 0.5 1 0.5
12956 125 12 11 126 0.088 0.916666666666667 0.0873015873015873
12968 141 17 11 147 0.0780141843971631 0.647058823529412 0.0748299319727891
12989 530 35 31 534 0.0584905660377358 0.885714285714286 0.0580524344569288
1299 566 65 62 569 0.109540636042403 0.953846153846154 0.10896309314587
13000 8 3 3 8 0.375 1 0.375
13030 1033 262 254 1041 0.245885769603098 0.969465648854962 0.243996157540826
13039 4 1 1 4 0.25 1 0.25
13041 8 2 2 8 0.25 1 0.25
13045 4 1 1 4 0.25 1 0.25
13049 27 1 1 27 0.037037037037037 1 0.037037037037037
13062 15 3 1 17 0.0666666666666667 0.333333333333333 0.0588235294117647
13092 3 1 1 3 0.333333333333333 1 0.333333333333333
131 3 1 1 3 0.333333333333333 1 0.333333333333333
13105 20 7 4 23 0.2 0.571428571428571 0.173913043478261
131075 1 1 1 1 1 1 1
13110 8 2 2 8 0.25 1 0.25
13115 4 2 2 4 0.5 1 0.5
1312 3 1 1 3 0.333333333333333 1 0.333333333333333
13132 18 11 7 22 0.388888888888889 0.636363636363636 0.318181818181818
13184 43 17 10 50 0.232558139534884 0.588235294117647 0.2
13189 33 8 7 34 0.212121212121212 0.875 0.205882352941176
13193 51 16 13 54 0.254901960784314 0.8125 0.240740740740741
13210 2 1 1 2 0.5 1 0.5
13237 504 100 85 519 0.168650793650794 0.85 0.163776493256262
13238 30 1 1 30 0.0333333333333333 1 0.0333333333333333
13243 6 1 1 6 0.166666666666667 1 0.166666666666667
13272 1 1 1 1 1 1 1
13284 16 8 6 18 0.375 0.75 0.333333333333333
13293 22 3 3 22 0.136363636363636 1 0.136363636363636
13301 29 2 2 29 0.0689655172413793 1 0.0689655172413793
13319 6 4 1 9 0.166666666666667 0.25 0.111111111111111
13448 7 2 1 8 0.142857142857143 0.5 0.125
13645 16 2 1 17 0.0625 0.5 0.0588235294117647
13657 10 2 2 10 0.2 1 0.2
13680 21 6 6 21 0.285714285714286 1 0.285714285714286
137 26 11 11 26 0.423076923076923 1 0.423076923076923
13714 2 1 1 2 0.5 1 0.5
13810 1 1 1 1 1 1 1
13855 4 1 0 5 0 0 0
13867 3 1 0 4 0 0 0
13868 5 1 0 6 0 0 0
13901 2 1 1 2 0.5 1 0.5
13910 4 1 0 5 0 0 0
13911 3 2 1 4 0.333333333333333 0.5 0.25
14 6 1 1 6 0.166666666666667 1 0.166666666666667
14026 4 1 1 4 0.25 1 0.25
14085 5 2 2 5 0.4 1 0.4
14234 3 1 1 3 0.333333333333333 1 0.333333333333333
14259 29 3 2 30 0.0689655172413793 0.666666666666667 0.0666666666666667
14262 3 2 2 3 0.666666666666667 1 0.666666666666667
14277 5 5 1 9 0.2 0.2 0.111111111111111
14325 11 2 2 11 0.181818181818182 1 0.181818181818182
14383 5 1 1 5 0.2 1 0.2
14492 46 1 1 46 0.0217391304347826 1 0.0217391304347826
14589 21 6 5 22 0.238095238095238 0.833333333333333 0.227272727272727
14595 6 3 2 7 0.333333333333333 0.666666666666667 0.285714285714286
14609 13 1 1 13 0.0769230769230769 1 0.0769230769230769
14650 1 2 1 2 1 0.5 0.5
14868 6 1 1 6 0.166666666666667 1 0.166666666666667
14907 3 3 2 4 0.666666666666667 0.666666666666667 0.5
15169 121 41 27 135 0.223140495867769 0.658536585365854 0.2
15189 4 1 1 4 0.25 1 0.25
15216 4 1 1 4 0.25 1 0.25
15226 3 2 0 5 0 0 0
15318 2 1 0 3 0 0 0
15373 2 1 1 2 0.5 1 0.5
15412 469 12 9 472 0.0191897654584222 0.75 0.0190677966101695
15421 1 2 0 3 0 0 0
15436 10 2 2 10 0.2 1 0.2
15444 280 20 13 287 0.0464285714285714 0.65 0.0452961672473868
15451 2 1 0 3 0 0 0
15456 4 3 3 4 0.75 1 0.75
15469 1 2 0 3 0 0 0
15474 2 1 1 2 0.5 1 0.5
15480 1 1 1 1 1 1 1
15525 14 2 1 15 0.0714285714285714 0.5 0.0666666666666667
15533 19 2 2 19 0.105263157894737 1 0.105263157894737
15557 131 1 1 131 0.00763358778625954 1 0.00763358778625954
15576 33 4 4 33 0.121212121212121 1 0.121212121212121
15589 41 13 5 49 0.121951219512195 0.384615384615385 0.102040816326531
15598 135 31 24 142 0.177777777777778 0.774193548387097 0.169014084507042
15600 47 11 9 49 0.191489361702128 0.818181818181818 0.183673469387755
15623 35 5 4 36 0.114285714285714 0.8 0.111111111111111
15653 3 1 1 3 0.333333333333333 1 0.333333333333333
15657 3 1 1 3 0.333333333333333 1 0.333333333333333
15685 34 15 11 38 0.323529411764706 0.733333333333333 0.289473684210526
15694 80 1 1 80 0.0125 1 0.0125
15696 2 1 0 3 0 0 0
15716 6 2 1 7 0.166666666666667 0.5 0.142857142857143
15725 2 2 1 3 0.5 0.5 0.333333333333333
15726 2 1 1 2 0.5 1 0.5
15744 10 2 2 10 0.2 1 0.2
15772 94 1 1 94 0.0106382978723404 1 0.0106382978723404
15782 14 3 2 15 0.142857142857143 0.666666666666667 0.133333333333333
15798 2 1 0 3 0 0 0
15805 22 7 4 25 0.181818181818182 0.571428571428571 0.16
15830 119 1 0 120 0 0 0
15879 43 19 13 49 0.302325581395349 0.684210526315789 0.26530612244898
15894 2 1 1 2 0.5 1 0.5
15919 9 1 1 9 0.111111111111111 1 0.111111111111111
15965 4 1 1 4 0.25 1 0.25
16004 16 6 5 17 0.3125 0.833333333333333 0.294117647058824
16016 19 2 2 19 0.105263157894737 1 0.105263157894737
16030 50 12 6 56 0.12 0.5 0.107142857142857
16034 14 2 0 16 0 0 0
16086 25 21 10 36 0.4 0.476190476190476 0.277777777777778
16097 46 13 10 49 0.217391304347826 0.769230769230769 0.204081632653061
16117 3 1 1 3 0.333333333333333 1 0.333333333333333
16128 17 3 2 18 0.117647058823529 0.666666666666667 0.111111111111111
16131 45 18 12 51 0.266666666666667 0.666666666666667 0.235294117647059
16150 254 14 12 256 0.047244094488189 0.857142857142857 0.046875
16171 3 1 0 4 0 0 0
16178 6 1 0 7 0 0 0
16186 49 2 1 50 0.0204081632653061 0.5 0.02
16206 18 2 0 20 0 0 0
16210 5 3 2 6 0.4 0.666666666666667 0.333333333333333
16215 17 6 6 17 0.352941176470588 1 0.352941176470588
16237 33 9 5 37 0.151515151515152 0.555555555555556 0.135135135135135
16242 8 1 1 8 0.125 1 0.125
16243 44 17 12 49 0.272727272727273 0.705882352941177 0.244897959183673
16245 24 4 3 25 0.125 0.75 0.12
16246 7 4 3 8 0.428571428571429 0.75 0.375
16265 81 25 18 88 0.222222222222222 0.72 0.204545454545455
16276 83 1 1 83 0.0120481927710843 1 0.0120481927710843
16316 5 4 2 7 0.4 0.5 0.285714285714286
16326 1 1 1 1 1 1 1
16347 9 1 1 9 0.111111111111111 1 0.111111111111111
16471 3 1 1 3 0.333333333333333 1 0.333333333333333
1653 29 3 3 29 0.103448275862069 1 0.103448275862069
16531 8 1 0 9 0 0 0
1659 9 3 2 10 0.222222222222222 0.666666666666667 0.2
16668 7 5 3 9 0.428571428571429 0.6 0.333333333333333
16724 4 1 1 4 0.25 1 0.25
16735 75 7 7 75 0.0933333333333333 1 0.0933333333333333
16807 4 2 0 6 0 0 0
16838 11 1 0 12 0 0 0
16942 2 1 1 2 0.5 1 0.5
17048 2 1 0 3 0 0 0
1706 5 1 1 5 0.2 1 0.2
17061 2 1 0 3 0 0 0
17204 2 1 0 3 0 0 0
1734 1 1 0 2 0 0 0
174 2345 2 2 2345 0.000852878464818763 1 0.000852878464818763
1741 10 4 3 11 0.3 0.75 0.272727272727273
17412 4 2 0 6 0 0 0
17435 3 2 0 5 0 0 0
17464 2 1 1 2 0.5 1 0.5
17511 13 1 1 13 0.0769230769230769 1 0.0769230769230769
17529 7 3 2 8 0.285714285714286 0.666666666666667 0.25
17554 10 3 3 10 0.3 1 0.3
17579 14 13 8 19 0.571428571428571 0.615384615384615 0.421052631578947
1764 46 10 9 47 0.195652173913043 0.9 0.191489361702128
17660 31 8 7 32 0.225806451612903 0.875 0.21875
17676 38 3 2 39 0.0526315789473684 0.666666666666667 0.0512820512820513
17707 5 2 1 6 0.2 0.5 0.166666666666667
17709 17 1 0 18 0 0 0
17727 5 1 1 5 0.2 1 0.2
17741 3 1 0 4 0 0 0
17832 1 3 0 4 0 0 0
17920 7 1 1 7 0.142857142857143 1 0.142857142857143
17934 3 3 3 3 1 1 1
17955 3 2 1 4 0.333333333333333 0.5 0.25
1797 3 4 3 4 1 0.75 0.75
1798 3 3 0 6 0 0 0
17990 5 1 1 5 0.2 1 0.2
18007 2 2 2 2 1 1 1
18011 1 1 0 2 0 0 0
18059 13 1 0 14 0 0 0
18070 3 1 1 3 0.333333333333333 1 0.333333333333333
18119 4 2 1 5 0.25 0.5 0.2
18126 3 1 0 4 0 0 0
18146 2 3 0 5 0 0 0
18149 4 4 3 5 0.75 0.75 0.6
18182 3 1 0 4 0 0 0
18185 4 2 1 5 0.25 0.5 0.2
18203 3 1 1 3 0.333333333333333 1 0.333333333333333
18206 2 1 0 3 0 0 0
18218 2 1 1 2 0.5 1 0.5
18266 3 1 1 3 0.333333333333333 1 0.333333333333333
18344 1 2 0 3 0 0 0
1835 8 2 2 8 0.25 1 0.25
1836 61 8 7 62 0.114754098360656 0.875 0.112903225806452
18366 2 3 1 4 0.5 0.333333333333333 0.25
18369 1 1 0 2 0 0 0
18422 4 1 1 4 0.25 1 0.25
18508 10 5 4 11 0.4 0.8 0.363636363636364
1853 121 33 32 122 0.264462809917355 0.96969696969697 0.262295081967213
18592 25 9 6 28 0.24 0.666666666666667 0.214285714285714
18666 1 1 1 1 1 1 1
18750 2 1 1 2 0.5 1 0.5
18779 5 1 1 5 0.2 1 0.2
1880 17 6 4 19 0.235294117647059 0.666666666666667 0.210526315789474
1881 1 1 1 1 1 1 1
1887 7 1 1 7 0.142857142857143 1 0.142857142857143
19021 3 2 1 4 0.333333333333333 0.5 0.25
19073 2 2 1 3 0.5 0.5 0.333333333333333
19151 809 204 190 823 0.234857849196539 0.931372549019608 0.23086269744836
1916 112 15 14 113 0.125 0.933333333333333 0.123893805309735
19192 2 2 2 2 1 1 1
19255 7 5 3 9 0.428571428571429 0.6 0.333333333333333
1930 23 8 7 24 0.304347826086957 0.875 0.291666666666667
19401 47 18 18 47 0.382978723404255 1 0.382978723404255
195 8 3 2 9 0.25 0.666666666666667 0.222222222222222
1955 11 3 3 11 0.272727272727273 1 0.272727272727273
19557 3 1 0 4 0 0 0
19624 4 1 1 4 0.25 1 0.25
196613 2 2 2 2 1 1 1
196621 2 1 1 2 0.5 1 0.5
19782 18 2 2 18 0.111111111111111 1 0.111111111111111
19783 2 1 0 3 0 0 0
19866 2 1 1 2 0.5 1 0.5
20080 19 5 5 19 0.263157894736842 1 0.263157894736842
20144 33 4 4 33 0.121212121212121 1 0.121212121212121
2018 5 1 1 5 0.2 1 0.2
20308 1 1 1 1 1 1 1
20312 9 4 3 10 0.333333333333333 0.75 0.3
2042 18 3 3 18 0.166666666666667 1 0.166666666666667
20436 2 1 0 3 0 0 0
20473 26 4 3 27 0.115384615384615 0.75 0.111111111111111
20495 56 10 9 57 0.160714285714286 0.9 0.157894736842105
20507 35 4 3 36 0.0857142857142857 0.75 0.0833333333333333
20547 41 5 3 43 0.0731707317073171 0.6 0.0697674418604651
2055 2 1 1 2 0.5 1 0.5
20552 4 1 0 5 0 0 0
20555 6 2 2 6 0.333333333333333 1 0.333333333333333
20569 11 4 3 12 0.272727272727273 0.75 0.25
20570 3 1 1 3 0.333333333333333 1 0.333333333333333
20597 10 2 2 10 0.2 1 0.2
20608 3 2 0 5 0 0 0
20612 3 1 0 4 0 0 0
20621 3 1 1 3 0.333333333333333 1 0.333333333333333
20626 1 1 1 1 1 1 1
20633 21 16 9 28 0.428571428571429 0.5625 0.321428571428571
20634 35 1 1 35 0.0285714285714286 1 0.0285714285714286
20640 246 95 83 258 0.33739837398374 0.873684210526316 0.321705426356589
20650 5 1 1 5 0.2 1 0.2
20704 21 5 5 21 0.238095238095238 1 0.238095238095238
20707 2 1 1 2 0.5 1 0.5
20712 13 5 4 14 0.307692307692308 0.8 0.285714285714286
20718 29 15 3 41 0.103448275862069 0.2 0.0731707317073171
20766 10 1 1 10 0.1 1 0.1
20773 27 15 9 33 0.333333333333333 0.6 0.272727272727273
20783 5 2 0 7 0 0 0
20836 8 1 0 9 0 0 0
20847 35 19 13 41 0.371428571428571 0.684210526315789 0.317073170731707
209 1448 14 12 1450 0.00828729281767956 0.857142857142857 0.00827586206896552
20912 10 7 4 13 0.4 0.571428571428571 0.307692307692308
20932 331 15 13 333 0.0392749244712991 0.866666666666667 0.039039039039039
20940 124 2 2 124 0.0161290322580645 1 0.0161290322580645
20953 28 1 1 28 0.0357142857142857 1 0.0357142857142857
20965 52 41 41 52 0.788461538461538 1 0.788461538461538
20968 1 1 1 1 1 1 1
210 10 1 1 10 0.1 1 0.1
21011 103 17 12 108 0.116504854368932 0.705882352941177 0.111111111111111
21013 37 16 8 45 0.216216216216216 0.5 0.177777777777778
21017 1 1 1 1 1 1 1
21042 2 1 1 2 0.5 1 0.5
21055 44 8 6 46 0.136363636363636 0.75 0.130434782608696
2107 1 1 1 1 1 1 1
2108 1 1 1 1 1 1 1
2110 46 3 1 48 0.0217391304347826 0.333333333333333 0.0208333333333333
21155 43 17 12 48 0.27906976744186 0.705882352941177 0.25
2116 26 5 5 26 0.192307692307692 1 0.192307692307692
21195 21 2 2 21 0.0952380952380952 1 0.0952380952380952
21213 13 2 2 13 0.153846153846154 1 0.153846153846154
21219 200 13 8 205 0.04 0.615384615384615 0.0390243902439024
21221 35 16 8 43 0.228571428571429 0.5 0.186046511627907
21263 31 17 10 38 0.32258064516129 0.588235294117647 0.263157894736842
2128 3 2 2 3 0.666666666666667 1 0.666666666666667
21320 5 1 1 5 0.2 1 0.2
21371 48 14 9 53 0.1875 0.642857142857143 0.169811320754717
21385 90 25 16 99 0.177777777777778 0.64 0.161616161616162
21392 41 11 7 45 0.170731707317073 0.636363636363636 0.155555555555556
21396 29 12 9 32 0.310344827586207 0.75 0.28125
21409 35 1 0 36 0 0 0
21414 68 15 8 75 0.117647058823529 0.533333333333333 0.106666666666667
21435 9 2 2 9 0.222222222222222 1 0.222222222222222
21497 11 1 1 11 0.0909090909090909 1 0.0909090909090909
21499 3 1 1 3 0.333333333333333 1 0.333333333333333
21513 10 3 3 10 0.3 1 0.3
2152 92 2 2 92 0.0217391304347826 1 0.0217391304347826
21527 4 1 1 4 0.25 1 0.25
2153 41 14 13 42 0.317073170731707 0.928571428571429 0.30952380952381
21548 24 1 1 24 0.0416666666666667 1 0.0416666666666667
21719 5 1 0 6 0 0 0
21816 3 1 1 3 0.333333333333333 1 0.333333333333333
21844 38 4 4 38 0.105263157894737 1 0.105263157894737
21856 2 1 1 2 0.5 1 0.5
21947 28 3 3 28 0.107142857142857 1 0.107142857142857
21968 4 1 0 5 0 0 0
21976 20 2 2 20 0.1 1 0.1
2200 44 6 4 46 0.0909090909090909 0.666666666666667 0.0869565217391304
22070 4 1 0 5 0 0 0
22132 2 4 1 5 0.5 0.25 0.2
22166 1 1 0 2 0 0 0
22192 2 1 1 2 0.5 1 0.5
22284 8 1 0 9 0 0 0
22302 7 1 1 7 0.142857142857143 1 0.142857142857143
22335 25 2 2 25 0.08 1 0.08
22351 45 1 1 45 0.0222222222222222 1 0.0222222222222222
22356 38 2 2 38 0.0526315789473684 1 0.0526315789473684
22388 9 8 8 9 0.888888888888889 1 0.888888888888889
224 5 1 1 5 0.2 1 0.2
22404 2 1 0 3 0 0 0
22438 2 1 0 3 0 0 0
22439 2 1 1 2 0.5 1 0.5
225 2 1 1 2 0.5 1 0.5
22548 54 5 5 54 0.0925925925925926 1 0.0925925925925926
22581 2 1 1 2 0.5 1 0.5
226 32 3 2 33 0.0625 0.666666666666667 0.0606060606060606
22652 7 1 1 7 0.142857142857143 1 0.142857142857143
22767 1 1 1 1 1 1 1
22773 268 1 1 268 0.00373134328358209 1 0.00373134328358209
22779 1 1 1 1 1 1 1
22822 651 8 8 651 0.0122887864823349 1 0.0122887864823349
22829 18 3 3 18 0.166666666666667 1 0.166666666666667
22958 7 2 2 7 0.285714285714286 1 0.285714285714286
23028 5 2 0 7 0 0 0
23033 10 1 1 10 0.1 1 0.1
23148 268 2 2 268 0.00746268656716418 1 0.00746268656716418
23308 12 4 4 12 0.333333333333333 1 0.333333333333333
23316 2 1 1 2 0.5 1 0.5
23342 51 7 6 52 0.117647058823529 0.857142857142857 0.115384615384615
23352 36 4 4 36 0.111111111111111 1 0.111111111111111
23456 65 8 6 67 0.0923076923076923 0.75 0.0895522388059701
23504 29 6 2 33 0.0689655172413793 0.333333333333333 0.0606060606060606
23541 10 1 0 11 0 0 0
23577 2 1 0 3 0 0 0
23596 3 2 2 3 0.666666666666667 1 0.666666666666667
23600 3 1 1 3 0.333333333333333 1 0.333333333333333
23624 2 1 1 2 0.5 1 0.5
23634 4 4 3 5 0.75 0.75 0.6
23637 2 1 0 3 0 0 0
23655 21 1 0 22 0 0 0
237 35 2 2 35 0.0571428571428571 1 0.0571428571428571
23754 4 1 0 5 0 0 0
23774 4 3 2 5 0.5 0.666666666666667 0.4
2381 23 4 4 23 0.173913043478261 1 0.173913043478261
23836 1 1 1 1 1 1 1
23862 2 1 1 2 0.5 1 0.5
23869 2 1 0 3 0 0 0
23889 3 1 1 3 0.333333333333333 1 0.333333333333333
23902 2 2 0 4 0 0 0
23910 3 4 1 6 0.333333333333333 0.25 0.166666666666667
23911 8 18 5 21 0.625 0.277777777777778 0.238095238095238
23912 1 1 0 2 0 0 0
23930 27 2 2 27 0.0740740740740741 1 0.0740740740740741
23966 4 1 0 5 0 0 0
24 12 8 5 15 0.416666666666667 0.625 0.333333333333333
24005 4 2 1 5 0.25 0.5 0.2
24047 4 2 2 4 0.5 1 0.5
24129 4 3 2 5 0.5 0.666666666666667 0.4
24130 17 1 1 17 0.0588235294117647 1 0.0588235294117647
24151 11 3 0 14 0 0 0
24175 3 1 1 3 0.333333333333333 1 0.333333333333333
24211 1 1 1 1 1 1 1
24218 16 5 3 18 0.1875 0.6 0.166666666666667
24220 6 1 1 6 0.166666666666667 1 0.166666666666667
24226 3 2 0 5 0 0 0
24227 1 1 0 2 0 0 0
24229 5 1 1 5 0.2 1 0.2
24238 7 2 1 8 0.142857142857143 0.5 0.125
24287 4 3 3 4 0.75 1 0.75
24311 1 1 0 2 0 0 0
24334 2 1 1 2 0.5 1 0.5
24390 2 1 1 2 0.5 1 0.5
24424 2 1 0 3 0 0 0
24437 1 1 1 1 1 1 1
24475 4 4 4 4 1 1 1
24489 9 9 8 10 0.888888888888889 0.888888888888889 0.8
24490 10 8 8 10 0.8 1 0.8
24514 6 2 2 6 0.333333333333333 1 0.333333333333333
24541 3 3 1 5 0.333333333333333 0.333333333333333 0.2
24557 4 2 2 4 0.5 1 0.5
24586 33 14 8 39 0.242424242424242 0.571428571428571 0.205128205128205
24594 23 8 5 26 0.217391304347826 0.625 0.192307692307692
24638 19 1 1 19 0.0526315789473684 1 0.0526315789473684
24642 30 4 4 30 0.133333333333333 1 0.133333333333333
24679 30 14 8 36 0.266666666666667 0.571428571428571 0.222222222222222
24724 122 29 22 129 0.180327868852459 0.758620689655172 0.170542635658915
24730 53 1 1 53 0.0188679245283019 1 0.0188679245283019
24739 49 16 8 57 0.163265306122449 0.5 0.140350877192982
24776 5 2 1 6 0.2 0.5 0.166666666666667
24785 109 12 8 113 0.073394495412844 0.666666666666667 0.0707964601769911
24796 6 3 3 6 0.5 1 0.5
2484 1 1 1 1 1 1 1
24863 20 3 3 20 0.15 1 0.15
24875 43 20 11 52 0.255813953488372 0.55 0.211538461538462
24889 12 4 4 12 0.333333333333333 1 0.333333333333333
24900 1 1 1 1 1 1 1
24940 25 12 8 29 0.32 0.666666666666667 0.275862068965517
2495 12 2 2 12 0.166666666666667 1 0.166666666666667
24963 53 9 7 55 0.132075471698113 0.777777777777778 0.127272727272727
2497 239 68 53 254 0.221757322175732 0.779411764705882 0.208661417322835
24971 26 8 6 28 0.230769230769231 0.75 0.214285714285714
25 2 1 1 2 0.5 1 0.5
250 5 2 1 6 0.2 0.5 0.166666666666667
2500 31 36 18 49 0.580645161290323 0.5 0.36734693877551
2506 2 1 1 2 0.5 1 0.5
25061 42 5 5 42 0.119047619047619 1 0.119047619047619
2510 16 3 2 17 0.125 0.666666666666667 0.117647058823529
25137 18 7 7 18 0.388888888888889 1 0.388888888888889
2514 17 1 1 17 0.0588235294117647 1 0.0588235294117647
25148 8 1 1 8 0.125 1 0.125
2515 6 2 2 6 0.333333333333333 1 0.333333333333333
25151 14 1 0 15 0 0 0
25152 61 12 9 64 0.147540983606557 0.75 0.140625
2516 328 37 34 331 0.103658536585366 0.918918918918919 0.102719033232628
25164 2 1 1 2 0.5 1 0.5
2518 10 3 3 10 0.3 1 0.3
25182 33 10 7 36 0.212121212121212 0.7 0.194444444444444
2519 26 6 5 27 0.192307692307692 0.833333333333333 0.185185185185185
25192 13 7 7 13 0.538461538461538 1 0.538461538461538
25234 5 4 3 6 0.6 0.75 0.5
2527 10 4 2 12 0.2 0.5 0.166666666666667
25279 14 3 3 14 0.214285714285714 1 0.214285714285714
25295 2 1 1 2 0.5 1 0.5
25358 15 10 4 21 0.266666666666667 0.4 0.19047619047619
25384 8 2 1 9 0.125 0.5 0.111111111111111
25409 2 1 1 2 0.5 1 0.5
25415 4 1 1 4 0.25 1 0.25
25441 14 2 1 15 0.0714285714285714 0.5 0.0666666666666667
25466 32 7 7 32 0.21875 1 0.21875
25473 4 2 2 4 0.5 1 0.5
2549 3 1 0 4 0 0 0
25512 24 3 3 24 0.125 1 0.125
25525 55 20 19 56 0.345454545454545 0.95 0.339285714285714
25538 2 2 0 4 0 0 0
25560 74 96 37 133 0.5 0.385416666666667 0.278195488721804
25563 4 1 1 4 0.25 1 0.25
25588 17 1 0 18 0 0 0
25596 38 10 7 41 0.184210526315789 0.7 0.170731707317073
2561 3 1 1 3 0.333333333333333 1 0.333333333333333
25689 12 2 1 13 0.0833333333333333 0.5 0.0769230769230769
2576 2 1 1 2 0.5 1 0.5
25795 8 3 3 8 0.375 1 0.375
25818 23 6 3 26 0.130434782608696 0.5 0.115384615384615
25829 2 1 1 2 0.5 1 0.5
2586 11 1 1 11 0.0909090909090909 1 0.0909090909090909
25899 28 1 1 28 0.0357142857142857 1 0.0357142857142857
2594 4 1 0 5 0 0 0
2595 2 1 0 3 0 0 0
2597 2 2 2 2 1 1 1
2602 4 3 3 4 0.75 1 0.75
2603 99 29 22 106 0.222222222222222 0.758620689655172 0.207547169811321
2607 33 10 10 33 0.303030303030303 1 0.303030303030303
2611 59 12 11 60 0.186440677966102 0.916666666666667 0.183333333333333
2614 16 1 1 16 0.0625 1 0.0625
26347 2 1 1 2 0.5 1 0.5
2637 5 1 1 5 0.2 1 0.2
26415 57 8 2 63 0.0350877192982456 0.25 0.0317460317460317
26496 7 1 1 7 0.142857142857143 1 0.142857142857143
26610 2 1 1 2 0.5 1 0.5
26622 8 1 1 8 0.125 1 0.125
26677 43 1 1 43 0.0232558139534884 1 0.0232558139534884
26773 8 4 4 8 0.5 1 0.5
26785 3 2 1 4 0.333333333333333 0.5 0.25
26888 2 1 1 2 0.5 1 0.5
26943 218 17 15 220 0.0688073394495413 0.882352941176471 0.0681818181818182
26949 1 1 0 2 0 0 0
2697 7 2 2 7 0.285714285714286 1 0.285714285714286
26978 15 2 0 17 0 0 0
2698 6 3 3 6 0.5 1 0.5
27 2 1 1 2 0.5 1 0.5
271 11 2 1 12 0.0909090909090909 0.5 0.0833333333333333
2714 1 1 1 1 1 1 1
2716 3 1 1 3 0.333333333333333 1 0.333333333333333
27319 27 5 5 27 0.185185185185185 1 0.185185185185185
27321 3 2 1 4 0.333333333333333 0.5 0.25
27400 3 1 1 3 0.333333333333333 1 0.333333333333333
27446 4 1 0 5 0 0 0
27524 53 4 3 54 0.0566037735849057 0.75 0.0555555555555556
27552 8 1 1 8 0.125 1 0.125
27589 9 1 1 9 0.111111111111111 1 0.111111111111111
27630 3 1 1 3 0.333333333333333 1 0.333333333333333
27664 58 8 8 58 0.137931034482759 1 0.137931034482759
27678 6 1 0 7 0 0 0
27725 1 1 1 1 1 1 1
27750 19 16 15 20 0.789473684210526 0.9375 0.75
27767 1 1 0 2 0 0 0
27770 1 1 0 2 0 0 0
27781 6 1 0 7 0 0 0
278 8 7 1 14 0.125 0.142857142857143 0.0714285714285714
27807 13 5 5 13 0.384615384615385 1 0.384615384615385
27817 4 1 1 4 0.25 1 0.25
27841 3 1 1 3 0.333333333333333 1 0.333333333333333
27893 1 1 1 1 1 1 1
27912 2 1 0 3 0 0 0
27924 3 1 1 3 0.333333333333333 1 0.333333333333333
27929 3 2 2 3 0.666666666666667 1 0.666666666666667
27933 2 1 1 2 0.5 1 0.5
28000 1 1 1 1 1 1 1
28001 4 1 1 4 0.25 1 0.25
2819 33 3 2 34 0.0606060606060606 0.666666666666667 0.0588235294117647
2828 795 11 10 796 0.0125786163522013 0.909090909090909 0.0125628140703518
28296 2 1 1 2 0.5 1 0.5
28299 7 3 3 7 0.428571428571429 1 0.428571428571429
28324 1 1 0 2 0 0 0
28362 1 1 1 1 1 1 1
2847 4 3 3 4 0.75 1 0.75
2848 17 1 1 17 0.0588235294117647 1 0.0588235294117647
28497 6 2 2 6 0.333333333333333 1 0.333333333333333
28499 4 2 1 5 0.25 0.5 0.2
28511 5 2 1 6 0.2 0.5 0.166666666666667
2852 83 12 10 85 0.120481927710843 0.833333333333333 0.117647058823529
2857 33 31 11 53 0.333333333333333 0.354838709677419 0.207547169811321
286 340 124 71 393 0.208823529411765 0.57258064516129 0.180661577608142
28618 4 2 1 5 0.25 0.5 0.2
28677 1 1 0 2 0 0 0
28678 2 1 1 2 0.5 1 0.5
28697 5 1 0 6 0 0 0
28717 16 4 3 17 0.1875 0.75 0.176470588235294
28725 1 2 0 3 0 0 0
28753 35 15 10 40 0.285714285714286 0.666666666666667 0.25
28788 48 13 10 51 0.208333333333333 0.769230769230769 0.196078431372549
28824 2 1 0 3 0 0 0
2884 4 2 2 4 0.5 1 0.5
28847 1 1 1 1 1 1 1
28855 8 5 5 8 0.625 1 0.625
28857 9 4 4 9 0.444444444444444 1 0.444444444444444
28859 4 1 1 4 0.25 1 0.25
28878 41 15 11 45 0.268292682926829 0.733333333333333 0.244444444444444
28929 80 10 9 81 0.1125 0.9 0.111111111111111
2895 243 2 1 244 0.00411522633744856 0.5 0.00409836065573771
29003 4 1 1 4 0.25 1 0.25
29009 32 8 5 35 0.15625 0.625 0.142857142857143
2905 30 2 0 32 0 0 0
29066 35 13 8 40 0.228571428571429 0.615384615384615 0.2
2907 81 5 5 81 0.0617283950617284 1 0.0617283950617284
29113 69 15 14 70 0.202898550724638 0.933333333333333 0.2
29134 11 4 4 11 0.363636363636364 1 0.363636363636364
2914 634 196 135 695 0.212933753943218 0.688775510204082 0.194244604316547
29147 1 1 1 1 1 1 1
29169 9 1 1 9 0.111111111111111 1 0.111111111111111
29208 315 141 78 378 0.247619047619048 0.553191489361702 0.206349206349206
29216 1 1 1 1 1 1 1
29222 43 3 3 43 0.0697674418604651 1 0.0697674418604651
29240 2 1 1 2 0.5 1 0.5
29243 1 2 1 2 1 0.5 0.5
29259 5 2 2 5 0.4 1 0.4
29278 11 2 2 11 0.181818181818182 1 0.181818181818182
293 150 20 18 152 0.12 0.9 0.118421052631579
29317 2 2 2 2 1 1 1
29321 8 3 3 8 0.375 1 0.375
29372 1 2 0 3 0 0 0
29396 36 8 6 38 0.166666666666667 0.75 0.157894736842105
29405 16 2 2 16 0.125 1 0.125
29422 21 4 2 23 0.0952380952380952 0.5 0.0869565217391304
29432 3 1 1 3 0.333333333333333 1 0.333333333333333
29449 46 20 13 53 0.282608695652174 0.65 0.245283018867925
29452 24 6 5 25 0.208333333333333 0.833333333333333 0.2
29488 3 2 2 3 0.666666666666667 1 0.666666666666667
29527 40 10 8 42 0.2 0.8 0.19047619047619
29542 5 2 1 6 0.2 0.5 0.166666666666667
29608 17 3 3 17 0.176470588235294 1 0.176470588235294
29611 35 9 7 37 0.2 0.777777777777778 0.189189189189189
29632 36 12 5 43 0.138888888888889 0.416666666666667 0.116279069767442
29636 226 43 42 227 0.185840707964602 0.976744186046512 0.185022026431718
29651 12 4 3 13 0.25 0.75 0.230769230769231
29655 8 1 1 8 0.125 1 0.125
29668 35 1 1 35 0.0285714285714286 1 0.0285714285714286
29670 8 4 2 10 0.25 0.5 0.2
29671 3 1 1 3 0.333333333333333 1 0.333333333333333
29680 3 1 1 3 0.333333333333333 1 0.333333333333333
29686 314 119 105 328 0.334394904458599 0.882352941176471 0.320121951219512
29748 26 10 4 32 0.153846153846154 0.4 0.125
29763 1 1 1 1 1 1 1
29789 1 1 1 1 1 1 1
29791 210 5 3 212 0.0142857142857143 0.6 0.0141509433962264
29838 31 6 6 31 0.193548387096774 1 0.193548387096774
29904 1 1 1 1 1 1 1
3 6 1 0 7 0 0 0
30008 6 1 1 6 0.166666666666667 1 0.166666666666667
30058 8 1 1 8 0.125 1 0.125
30059 3 3 2 4 0.666666666666667 0.666666666666667 0.5
30071 10 97 6 101 0.6 0.0618556701030928 0.0594059405940594
30132 35 54 19 70 0.542857142857143 0.351851851851852 0.271428571428571
30176 16 2 2 16 0.125 1 0.125
30217 6 1 1 6 0.166666666666667 1 0.166666666666667
30225 2 1 0 3 0 0 0
30259 3 1 1 3 0.333333333333333 1 0.333333333333333
30340 14 1 1 14 0.0714285714285714 1 0.0714285714285714
30362 4 1 0 5 0 0 0
30374 2 1 0 3 0 0 0
3043 16 3 3 16 0.1875 1 0.1875
30528 6 3 2 7 0.333333333333333 0.666666666666667 0.285714285714286
30653 26 10 7 29 0.269230769230769 0.7 0.241379310344828
30700 5 2 2 5 0.4 1 0.4
30708 1 1 1 1 1 1 1
30740 36 8 7 37 0.194444444444444 0.875 0.189189189189189
30781 68 21 18 71 0.264705882352941 0.857142857142857 0.253521126760563
30795 3 2 2 3 0.666666666666667 1 0.666666666666667
30833 12 2 1 13 0.0833333333333333 0.5 0.0769230769230769
30844 297 8 8 297 0.0269360269360269 1 0.0269360269360269
30880 10 2 1 11 0.1 0.5 0.0909090909090909
30890 140 24 17 147 0.121428571428571 0.708333333333333 0.115646258503401
30925 2 1 1 2 0.5 1 0.5
30971 7 3 3 7 0.428571428571429 1 0.428571428571429
30975 5 2 0 7 0 0 0
31065 5 1 1 5 0.2 1 0.2
31078 3 2 1 4 0.333333333333333 0.5 0.25
31117 11 5 4 12 0.363636363636364 0.8 0.333333333333333
31122 11 2 1 12 0.0909090909090909 0.5 0.0833333333333333
31127 2 3 1 4 0.5 0.333333333333333 0.25
31229 6 2 1 7 0.166666666666667 0.5 0.142857142857143
31252 21 3 3 21 0.142857142857143 1 0.142857142857143
31261 23 2 1 24 0.0434782608695652 0.5 0.0416666666666667
31283 51 3 3 51 0.0588235294117647 1 0.0588235294117647
31333 10 5 4 11 0.4 0.8 0.363636363636364
31334 57 1 0 58 0 0 0
31383 21 9 5 25 0.238095238095238 0.555555555555556 0.2
3140 1 1 1 1 1 1 1
31400 10 3 3 10 0.3 1 0.3
31424 17 4 4 17 0.235294117647059 1 0.235294117647059
31442 2 1 0 3 0 0 0
31458 51 8 6 53 0.117647058823529 0.75 0.113207547169811
31477 43 2 2 43 0.0465116279069767 1 0.0465116279069767
31479 4 2 1 5 0.25 0.5 0.2
31513 2 1 1 2 0.5 1 0.5
31529 57 19 14 62 0.245614035087719 0.736842105263158 0.225806451612903
31530 6 1 1 6 0.166666666666667 1 0.166666666666667
31615 2 1 0 3 0 0 0
31621 6 2 1 7 0.166666666666667 0.5 0.142857142857143
31677 4 2 0 6 0 0 0
31688 7 2 2 7 0.285714285714286 1 0.285714285714286
31708 24 11 8 27 0.333333333333333 0.727272727272727 0.296296296296296
31736 10 1 1 10 0.1 1 0.1
31877 13 1 1 13 0.0769230769230769 1 0.0769230769230769
32034 6 3 3 6 0.5 1 0.5
3212 23 1 1 23 0.0434782608695652 1 0.0434782608695652
3213 44 11 9 46 0.204545454545455 0.818181818181818 0.195652173913043
3215 98 1 1 98 0.0102040816326531 1 0.0102040816326531
3221 1 1 1 1 1 1 1
32335 4 1 1 4 0.25 1 0.25
32346 1 1 1 1 1 1 1
32354 18 4 3 19 0.166666666666667 0.75 0.157894736842105
32360 3 1 0 4 0 0 0
32361 7 2 1 8 0.142857142857143 0.5 0.125
3243 18 4 2 20 0.111111111111111 0.5 0.1
32440 23 2 2 23 0.0869565217391304 1 0.0869565217391304
3248 59 22 15 66 0.254237288135593 0.681818181818182 0.227272727272727
3249 58 13 9 62 0.155172413793103 0.692307692307692 0.145161290322581
3257 572 258 134 696 0.234265734265734 0.51937984496124 0.192528735632184
32592 16 3 3 16 0.1875 1 0.1875
3261 28 1 1 28 0.0357142857142857 1 0.0357142857142857
3265 41 16 10 47 0.24390243902439 0.625 0.212765957446809
3267 399 8 7 400 0.0175438596491228 0.875 0.0175
3269 120 1 1 120 0.00833333333333333 1 0.00833333333333333
32748 19 5 5 19 0.263157894736842 1 0.263157894736842
3277 78 1 1 78 0.0128205128205128 1 0.0128205128205128
32809 1 1 0 2 0 0 0
32825 2 1 0 3 0 0 0
32915 4 1 0 5 0 0 0
3292 419 20 19 420 0.045346062052506 0.95 0.0452380952380952
32978 1 1 1 1 1 1 1
33 6 1 0 7 0 0 0
3301 64 5 3 66 0.046875 0.6 0.0454545454545455
3303 504 25 21 508 0.0416666666666667 0.84 0.0413385826771654
33071 9 2 2 9 0.222222222222222 1 0.222222222222222
33080 4 1 1 4 0.25 1 0.25
33082 10 6 3 13 0.3 0.5 0.230769230769231
33152 1 1 0 2 0 0 0
33189 9 1 1 9 0.111111111111111 1 0.111111111111111
3320 529 24 16 537 0.0302457466918715 0.666666666666667 0.0297951582867784
3327 106 28 22 112 0.207547169811321 0.785714285714286 0.196428571428571
3333 161 4 4 161 0.0248447204968944 1 0.0248447204968944
33362 3 1 0 4 0 0 0
3344 7 5 2 10 0.285714285714286 0.4 0.2
33475 3 1 1 3 0.333333333333333 1 0.333333333333333
33517 7 2 2 7 0.285714285714286 1 0.285714285714286
3352 72 2 1 73 0.0138888888888889 0.5 0.0136986301369863
33557 1 2 0 3 0 0 0
3356 2451 88 76 2463 0.0310077519379845 0.863636363636364 0.0308566788469346
33597 27 1 1 27 0.037037037037037 1 0.037037037037037
33789 2 2 2 2 1 1 1
33843 43 21 14 50 0.325581395348837 0.666666666666667 0.28
33845 11 1 1 11 0.0909090909090909 1 0.0909090909090909
33868 6 1 1 6 0.166666666666667 1 0.166666666666667
33876 1 1 1 1 1 1 1
33885 12 2 2 12 0.166666666666667 1 0.166666666666667
33891 39 15 10 44 0.256410256410256 0.666666666666667 0.227272727272727
33926 47 6 5 48 0.106382978723404 0.833333333333333 0.104166666666667
33930 2 1 0 3 0 0 0
33984 2 1 1 2 0.5 1 0.5
34019 11 3 3 11 0.272727272727273 1 0.272727272727273
34021 7 3 2 8 0.285714285714286 0.666666666666667 0.25
34080 7 2 2 7 0.285714285714286 1 0.285714285714286
34081 3 1 1 3 0.333333333333333 1 0.333333333333333
34108 5 4 2 7 0.4 0.5 0.285714285714286
34109 7 1 0 8 0 0 0
34141 25 1 1 25 0.04 1 0.04
34146 13 2 2 13 0.153846153846154 1 0.153846153846154
34225 47 5 4 48 0.0851063829787234 0.8 0.0833333333333333
34244 4 3 2 5 0.5 0.666666666666667 0.4
34270 40 4 4 40 0.1 1 0.1
34288 7 2 1 8 0.142857142857143 0.5 0.125
34305 64 13 12 65 0.1875 0.923076923076923 0.184615384615385
34309 48 148 23 173 0.479166666666667 0.155405405405405 0.132947976878613
34313 26 6 5 27 0.192307692307692 0.833333333333333 0.185185185185185
34372 3 1 1 3 0.333333333333333 1 0.333333333333333
34419 58 11 9 60 0.155172413793103 0.818181818181818 0.15
34427 3 1 1 3 0.333333333333333 1 0.333333333333333
34486 33 4 3 34 0.0909090909090909 0.75 0.0882352941176471
34505 2 3 2 3 1 0.666666666666667 0.666666666666667
34549 6 5 3 8 0.5 0.6 0.375
34554 11 2 2 11 0.181818181818182 1 0.181818181818182
34567 2 1 0 3 0 0 0
34594 16 3 3 16 0.1875 1 0.1875
34602 14 2 1 15 0.0714285714285714 0.5 0.0666666666666667
3464 8 1 1 8 0.125 1 0.125
34683 2 1 1 2 0.5 1 0.5
34695 317 66 47 336 0.148264984227129 0.712121212121212 0.139880952380952
34718 6 1 0 7 0 0 0
34744 4 1 1 4 0.25 1 0.25
34752 3 1 1 3 0.333333333333333 1 0.333333333333333
34763 67 24 12 79 0.17910447761194 0.5 0.151898734177215
34781 14 1 1 14 0.0714285714285714 1 0.0714285714285714
34784 2 1 1 2 0.5 1 0.5
34863 2 1 0 3 0 0 0
34958 3 1 1 3 0.333333333333333 1 0.333333333333333
34968 31 12 8 35 0.258064516129032 0.666666666666667 0.228571428571429
34997 10 2 2 10 0.2 1 0.2
35 2 1 0 3 0 0 0
35028 33 10 7 36 0.212121212121212 0.7 0.194444444444444
35070 8 2 2 8 0.25 1 0.25
35087 10 1 1 10 0.1 1 0.1
35244 28 19 13 34 0.464285714285714 0.684210526315789 0.382352941176471
35272 3 2 2 3 0.666666666666667 1 0.666666666666667
35283 6 1 1 6 0.166666666666667 1 0.166666666666667
35320 106 16 11 111 0.10377358490566 0.6875 0.0990990990990991
35393 10 2 2 10 0.2 1 0.2
35425 16 3 3 16 0.1875 1 0.1875
35470 9 4 2 11 0.222222222222222 0.5 0.181818181818182
35485 1 1 0 2 0 0 0
3549 1313 141 128 1326 0.0974866717440975 0.907801418439716 0.0965309200603318
35492 5 3 3 5 0.6 1 0.6
3551 1 1 0 2 0 0 0
3557 22 6 6 22 0.272727272727273 1 0.272727272727273
35592 7 3 3 7 0.428571428571429 1 0.428571428571429
3561 451 4 4 451 0.00886917960088692 1 0.00886917960088692
35612 7 3 0 10 0 0 0
35703 3 1 1 3 0.333333333333333 1 0.333333333333333
35706 17 6 3 20 0.176470588235294 0.5 0.15
35826 3 1 1 3 0.333333333333333 1 0.333333333333333
35908 22 1 1 22 0.0454545454545455 1 0.0454545454545455
3597 8 2 2 8 0.25 1 0.25
36141 2 1 0 3 0 0 0
36221 1 1 1 1 1 1 1
36236 14 1 0 15 0 0 0
36252 2 2 2 2 1 1 1
36351 17 5 5 17 0.294117647058824 1 0.294117647058824
36383 2 1 1 2 0.5 1 0.5
36384 1 1 1 1 1 1 1
3640 4 1 1 4 0.25 1 0.25
36412 4 2 2 4 0.5 1 0.5
36472 11 2 2 11 0.181818181818182 1 0.181818181818182
3661 6 6 2 10 0.333333333333333 0.333333333333333 0.2
3662 18 8 8 18 0.444444444444444 1 0.444444444444444
3663 6 2 1 7 0.166666666666667 0.5 0.142857142857143
36671 2 1 1 2 0.5 1 0.5
36692 41 7 6 42 0.146341463414634 0.857142857142857 0.142857142857143
3676 6 2 2 6 0.333333333333333 1 0.333333333333333
36786 1 1 1 1 1 1 1
36797 1 1 1 1 1 1 1
3681 4 1 1 4 0.25 1 0.25
36856 11 4 2 13 0.181818181818182 0.5 0.153846153846154
36944 39 6 4 41 0.102564102564103 0.666666666666667 0.0975609756097561
3714 5 1 1 5 0.2 1 0.2
3741 98 1 1 98 0.0102040816326531 1 0.0102040816326531
3742 16 2 2 16 0.125 1 0.125
3754 41 3 3 41 0.0731707317073171 1 0.0731707317073171
3758 50 1 1 50 0.02 1 0.02
376 18 3 3 18 0.166666666666667 1 0.166666666666667
378 3 1 1 3 0.333333333333333 1 0.333333333333333
3790 5 1 1 5 0.2 1 0.2
37918 3 1 1 3 0.333333333333333 1 0.333333333333333
38005 2 2 2 2 1 1 1
38018 7 5 4 8 0.571428571428571 0.8 0.5
38022 35 10 10 35 0.285714285714286 1 0.285714285714286
38082 48 12 11 49 0.229166666666667 0.916666666666667 0.224489795918367
38140 2 1 1 2 0.5 1 0.5
38158 5 4 4 5 0.8 1 0.8
38229 1 1 1 1 1 1 1
3825 1 1 0 2 0 0 0
38299 2 1 1 2 0.5 1 0.5
38321 2 1 1 2 0.5 1 0.5
3836 7 1 1 7 0.142857142857143 1 0.142857142857143
38457 2 1 1 2 0.5 1 0.5
38462 3 1 1 3 0.333333333333333 1 0.333333333333333
38477 4 1 1 4 0.25 1 0.25
38566 3 2 2 3 0.666666666666667 1 0.666666666666667
38629 2 1 1 2 0.5 1 0.5
38639 1 1 1 1 1 1 1
38646 2 1 0 3 0 0 0
38652 1 1 0 2 0 0 0
38711 1 1 1 1 1 1 1
38759 1 1 0 2 0 0 0
38794 9 1 1 9 0.111111111111111 1 0.111111111111111
38819 3 2 2 3 0.666666666666667 1 0.666666666666667
38826 4 3 1 6 0.25 0.333333333333333 0.166666666666667
38922 10 3 1 12 0.1 0.333333333333333 0.0833333333333333
38930 24 2 1 25 0.0416666666666667 0.5 0.04
39029 5 1 1 5 0.2 1 0.2
39040 10 2 2 10 0.2 1 0.2
39093 4 2 1 5 0.25 0.5 0.2
39122 11 4 3 12 0.272727272727273 0.75 0.25
39145 8 3 3 8 0.375 1 0.375
39211 3 2 1 4 0.333333333333333 0.5 0.25
39288 2 1 1 2 0.5 1 0.5
39301 6 2 1 7 0.166666666666667 0.5 0.142857142857143
39309 24 1 0 25 0 0 0
3931 3 1 0 4 0 0 0
393222 1 1 1 1 1 1 1
393224 1 1 1 1 1 1 1
39326 231 23 20 234 0.0865800865800866 0.869565217391304 0.0854700854700855
39342 2 1 1 2 0.5 1 0.5
3943 3 2 2 3 0.666666666666667 1 0.666666666666667
3949 1 2 1 2 1 0.5 0.5
39520 2 1 0 3 0 0 0
39537 2 1 0 3 0 0 0
39545 2 2 2 2 1 1 1
39554 6 2 2 6 0.333333333333333 1 0.333333333333333
39556 30 9 7 32 0.233333333333333 0.777777777777778 0.21875
39560 2 1 1 2 0.5 1 0.5
39570 3 4 2 5 0.666666666666667 0.5 0.4
39572 3 1 1 3 0.333333333333333 1 0.333333333333333
39602 4 1 0 5 0 0 0
39737 41 2 2 41 0.0487804878048781 1 0.0487804878048781
39780 3 1 0 4 0 0 0
39787 6 2 1 7 0.166666666666667 0.5 0.142857142857143
39792 750 27 21 756 0.028 0.777777777777778 0.0277777777777778
39837 4 2 2 4 0.5 1 0.5
39839 2 2 1 3 0.5 0.5 0.333333333333333
39854 1 1 1 1 1 1 1
39875 2 1 1 2 0.5 1 0.5
39912 343 4 4 343 0.0116618075801749 1 0.0116618075801749
3999 1 1 1 1 1 1 1
40009 46 6 5 47 0.108695652173913 0.833333333333333 0.106382978723404
40060 3 1 0 4 0 0 0
40068 13 2 2 13 0.153846153846154 1 0.153846153846154
40193 15 7 5 17 0.333333333333333 0.714285714285714 0.294117647058824
40220 12 5 5 12 0.416666666666667 1 0.416666666666667
40342 5 4 3 6 0.6 0.75 0.5
40387 18 2 2 18 0.111111111111111 1 0.111111111111111
40490 2 1 1 2 0.5 1 0.5
40528 10 4 4 10 0.4 1 0.4
40589 2 1 1 2 0.5 1 0.5
40679 2 1 1 2 0.5 1 0.5
40832 2 1 1 2 0.5 1 0.5
40912 2 1 1 2 0.5 1 0.5
40943 2 1 0 3 0 0 0
41012 36 7 6 37 0.166666666666667 0.857142857142857 0.162162162162162
41045 23 9 8 24 0.347826086956522 0.888888888888889 0.333333333333333
41075 2 4 1 5 0.5 0.25 0.2
4134 100 1 0 101 0 0 0
4150 5 2 1 6 0.2 0.5 0.166666666666667
4158 2 1 1 2 0.5 1 0.5
41692 426 86 68 444 0.15962441314554 0.790697674418605 0.153153153153153
41695 3 1 0 4 0 0 0
41698 2 1 1 2 0.5 1 0.5
41711 10 4 2 12 0.2 0.5 0.166666666666667
41773 4 3 3 4 0.75 1 0.75
41824 9 4 4 9 0.444444444444444 1 0.444444444444444
41887 12 6 4 14 0.333333333333333 0.666666666666667 0.285714285714286
41913 10 2 2 10 0.2 1 0.2
42 119 10 9 120 0.0756302521008403 0.9 0.075
42017 3 1 0 4 0 0 0
42184 34 9 5 38 0.147058823529412 0.555555555555556 0.131578947368421
42227 9 6 5 10 0.555555555555556 0.833333333333333 0.5
42525 30 1 1 30 0.0333333333333333 1 0.0333333333333333
42579 9 2 2 9 0.222222222222222 1 0.222222222222222
42585 8 4 3 9 0.375 0.75 0.333333333333333
42605 19 15 8 26 0.421052631578947 0.533333333333333 0.307692307692308
42652 38 2 2 38 0.0526315789473684 1 0.0526315789473684
42678 2 1 1 2 0.5 1 0.5
42689 34 9 7 36 0.205882352941176 0.777777777777778 0.194444444444444
4270 5 2 1 6 0.2 0.5 0.166666666666667
42732 3 2 2 3 0.666666666666667 1 0.666666666666667
42841 5 3 3 5 0.6 1 0.6
42909 16 3 3 16 0.1875 1 0.1875
42965 3 1 1 3 0.333333333333333 1 0.333333333333333
43037 5 1 1 5 0.2 1 0.2
43070 7 1 1 7 0.142857142857143 1 0.142857142857143
43128 1 1 1 1 1 1 1
43148 2 1 0 3 0 0 0
4323 1253 8 8 1253 0.00638467677573823 1 0.00638467677573823
43289 2 1 1 2 0.5 1 0.5
43313 3 1 1 3 0.333333333333333 1 0.333333333333333
43333 7 3 3 7 0.428571428571429 1 0.428571428571429
43383 1 1 1 1 1 1 1
43447 1 1 1 1 1 1 1
43483 3 1 1 3 0.333333333333333 1 0.333333333333333
43556 6 2 2 6 0.333333333333333 1 0.333333333333333
43602 3 2 2 3 0.666666666666667 1 0.666666666666667
43655 2 1 1 2 0.5 1 0.5
43751 4 1 0 5 0 0 0
43821 35 16 11 40 0.314285714285714 0.6875 0.275
43884 2 1 0 3 0 0 0
43892 2 1 0 3 0 0 0
43911 4 2 1 5 0.25 0.5 0.2
43930 4 1 0 5 0 0 0
43948 3 2 2 3 0.666666666666667 1 0.666666666666667
43950 2 1 0 3 0 0 0
43978 2 1 1 2 0.5 1 0.5
44042 40 19 13 46 0.325 0.684210526315789 0.282608695652174
44065 2 1 1 2 0.5 1 0.5
44066 26 1 1 26 0.0384615384615385 1 0.0384615384615385
44146 9 3 2 10 0.222222222222222 0.666666666666667 0.2
44212 3 2 1 4 0.333333333333333 0.5 0.25
44227 4 1 1 4 0.25 1 0.25
44237 30 3 3 30 0.1 1 0.1
44285 4 1 0 5 0 0 0
44358 5 2 2 5 0.4 1 0.4
4436 145 25 21 149 0.144827586206897 0.84 0.140939597315436
44489 1 1 1 1 1 1 1
44513 7 2 2 7 0.285714285714286 1 0.285714285714286
44514 6 3 2 7 0.333333333333333 0.666666666666667 0.285714285714286
44654 7 1 1 7 0.142857142857143 1 0.142857142857143
44683 2 2 2 2 1 1 1
4474 1 1 1 1 1 1 1
44928 1 1 1 1 1 1 1
44953 8 3 3 8 0.375 1 0.375
44980 3 1 1 3 0.333333333333333 1 0.333333333333333
45131 1 1 1 1 1 1 1
45147 61 3 2 62 0.0327868852459016 0.666666666666667 0.032258064516129
45170 2 1 1 2 0.5 1 0.5
45177 3 2 0 5 0 0 0
4528 4 1 1 4 0.25 1 0.25
45344 2 1 1 2 0.5 1 0.5
4538 50 4 3 51 0.06 0.75 0.0588235294117647
45437 1 1 1 1 1 1 1
45438 1 1 1 1 1 1 1
45444 2 2 0 4 0 0 0
45456 1 2 0 3 0 0 0
45459 2 1 0 3 0 0 0
45482 2 2 1 3 0.5 0.5 0.333333333333333
45506 2 1 1 2 0.5 1 0.5
45522 1 1 0 2 0 0 0
4555 1 3 0 4 0 0 0
4557 10 2 2 10 0.2 1 0.2
45638 3 1 1 3 0.333333333333333 1 0.333333333333333
45695 1 1 1 1 1 1 1
4589 707 111 107 711 0.151343705799151 0.963963963963964 0.150492264416315
46 2 1 1 2 0.5 1 0.5
4605 2 1 1 2 0.5 1 0.5
4608 5 3 0 8 0 0 0
46135 12 2 2 12 0.166666666666667 1 0.166666666666667
46177 5 1 1 5 0.2 1 0.2
4618 14 2 1 15 0.0714285714285714 0.5 0.0666666666666667
46208 4 2 2 4 0.5 1 0.5
4621 34 3 3 34 0.0882352941176471 1 0.0882352941176471
4622 1 1 0 2 0 0 0
4635 110 23 21 112 0.190909090909091 0.91304347826087 0.1875
46357 2 1 1 2 0.5 1 0.5
4637 171 3 2 172 0.0116959064327485 0.666666666666667 0.0116279069767442
4648 54 2 2 54 0.037037037037037 1 0.037037037037037
4651 34 8 7 35 0.205882352941176 0.875 0.2
4657 113 4 4 113 0.0353982300884956 1 0.0353982300884956
46722 1 1 1 1 1 1 1
4673 8 2 2 8 0.25 1 0.25
4675 6 2 0 8 0 0 0
4677 5 1 1 5 0.2 1 0.2
4680 9 3 1 11 0.111111111111111 0.333333333333333 0.0909090909090909
4685 10 1 1 10 0.1 1 0.1
4691 1 15 1 15 1 0.0666666666666667 0.0666666666666667
46925 2 1 1 2 0.5 1 0.5
4697 3 8 3 8 1 0.375 0.375
4704 7 3 1 9 0.142857142857143 0.333333333333333 0.111111111111111
4711 2 1 0 3 0 0 0
4713 104 14 10 108 0.0961538461538462 0.714285714285714 0.0925925925925926
4716 22 10 2 30 0.0909090909090909 0.2 0.0666666666666667
4717 3 2 2 3 0.666666666666667 1 0.666666666666667
4718 2 2 2 2 1 1 1
47201 2 1 0 3 0 0 0
47202 2 1 1 2 0.5 1 0.5
47227 3 2 2 3 0.666666666666667 1 0.666666666666667
4725 126 19 12 133 0.0952380952380952 0.631578947368421 0.0902255639097744
4739 79 15 13 81 0.164556962025316 0.866666666666667 0.160493827160494
4741 10 1 1 10 0.1 1 0.1
47447 2 2 2 2 1 1 1
4747 3 1 0 4 0 0 0
47490 1 1 1 1 1 1 1
47533 3 1 1 3 0.333333333333333 1 0.333333333333333
4755 182 2 2 182 0.010989010989011 1 0.010989010989011
4760 7 1 1 7 0.142857142857143 1 0.142857142857143
4761 56 4 3 57 0.0535714285714286 0.75 0.0526315789473684
47617 3 1 1 3 0.333333333333333 1 0.333333333333333
4768 25 1 1 25 0.04 1 0.04
4770 14 1 0 15 0 0 0
4775 58 1 1 58 0.0172413793103448 1 0.0172413793103448
4777 35 5 3 37 0.0857142857142857 0.6 0.0810810810810811
4780 25 3 2 26 0.08 0.666666666666667 0.0769230769230769
4782 3 1 0 4 0 0 0
4787 6 3 1 8 0.166666666666667 0.333333333333333 0.125
4788 127 7 7 127 0.0551181102362205 1 0.0551181102362205
47885 1 2 0 3 0 0 0
47886 3 2 2 3 0.666666666666667 1 0.666666666666667
47917 1 1 1 1 1 1 1
4795 31 4 2 33 0.0645161290322581 0.5 0.0606060606060606
47956 2 1 0 3 0 0 0
4796 3 1 1 3 0.333333333333333 1 0.333333333333333
47998 2 1 1 2 0.5 1 0.5
48039 6 3 3 6 0.5 1 0.5
48053 1 1 1 1 1 1 1
48136 1 1 1 1 1 1 1
48173 6 2 2 6 0.333333333333333 1 0.333333333333333
4818 4 1 1 4 0.25 1 0.25
48185 2 2 1 3 0.5 0.5 0.333333333333333
48191 3 1 0 4 0 0 0
48200 1 6 0 7 0 0 0
4826 177 22 19 180 0.107344632768362 0.863636363636364 0.105555555555556
4829 4 1 1 4 0.25 1 0.25
48417 3 2 2 3 0.666666666666667 1 0.666666666666667
48451 1 1 1 1 1 1 1
48484 1 1 1 1 1 1 1
48514 3 3 1 5 0.333333333333333 0.333333333333333 0.2
48519 3 1 1 3 0.333333333333333 1 0.333333333333333
48539 7 5 4 8 0.571428571428571 0.8 0.5
48972 1 1 1 1 1 1 1
49237 4 1 1 4 0.25 1 0.25
4927 16 6 5 17 0.3125 0.833333333333333 0.294117647058824
49409 1 1 0 2 0 0 0
49416 1 1 1 1 1 1 1
49488 1 1 1 1 1 1 1
5050 20 5 5 20 0.25 1 0.25
5056 26 2 0 28 0 0 0
513 50 10 10 50 0.2 1 0.2
52 2 1 1 2 0.5 1 0.5
5381 15 3 2 16 0.133333333333333 0.666666666666667 0.125
5385 57 3 3 57 0.0526315789473684 1 0.0526315789473684
5394 19 3 3 19 0.157894736842105 1 0.157894736842105
5400 213 16 12 217 0.0563380281690141 0.75 0.0552995391705069
5401 1 1 1 1 1 1 1
5403 20 6 5 21 0.25 0.833333333333333 0.238095238095238
5407 9 2 2 9 0.222222222222222 1 0.222222222222222
5408 29 2 1 30 0.0344827586206897 0.5 0.0333333333333333
5410 60 9 6 63 0.1 0.666666666666667 0.0952380952380952
5413 221 2 2 221 0.00904977375565611 1 0.00904977375565611
5418 9 2 2 9 0.222222222222222 1 0.222222222222222
5421 2 2 1 3 0.5 0.5 0.333333333333333
543 1 1 1 1 1 1 1
5430 70 21 16 75 0.228571428571429 0.761904761904762 0.213333333333333
5432 29 2 1 30 0.0344827586206897 0.5 0.0333333333333333
5459 51 13 9 55 0.176470588235294 0.692307692307692 0.163636363636364
5466 72 2 1 73 0.0138888888888889 0.5 0.0136986301369863
5483 63 1 1 63 0.0158730158730159 1 0.0158730158730159
5486 26 2 0 28 0 0 0
55 3 1 1 3 0.333333333333333 1 0.333333333333333
5511 154 27 22 159 0.142857142857143 0.814814814814815 0.138364779874214
553 50 23 19 54 0.38 0.826086956521739 0.351851851851852
5537 23 2 2 23 0.0869565217391304 1 0.0869565217391304
5538 6 1 1 6 0.166666666666667 1 0.166666666666667
5539 52 55 19 88 0.365384615384615 0.345454545454545 0.215909090909091
5550 5 2 1 6 0.2 0.5 0.166666666666667
5560 8 2 2 8 0.25 1 0.25
5568 168 12 9 171 0.0535714285714286 0.75 0.0526315789473684
557 6 2 1 7 0.166666666666667 0.5 0.142857142857143
558 25 1 1 25 0.04 1 0.04
5580 139 17 15 141 0.107913669064748 0.882352941176471 0.106382978723404
559 178 77 68 187 0.382022471910112 0.883116883116883 0.363636363636364
5602 33 6 5 34 0.151515151515152 0.833333333333333 0.147058823529412
5609 2 8 1 9 0.5 0.125 0.111111111111111
5615 20 1 1 20 0.05 1 0.05
5617 217 2 2 217 0.00921658986175115 1 0.00921658986175115
5645 19 7 5 21 0.263157894736842 0.714285714285714 0.238095238095238
5661 4 1 1 4 0.25 1 0.25
567 10 2 2 10 0.2 1 0.2
57 30 5 5 30 0.166666666666667 1 0.166666666666667
5707 3 1 1 3 0.333333333333333 1 0.333333333333333
5713 61 2 1 62 0.0163934426229508 0.5 0.0161290322580645
5764 7 1 1 7 0.142857142857143 1 0.142857142857143
577 129 2 2 129 0.0155038759689922 1 0.0155038759689922
5786 2 1 1 2 0.5 1 0.5
59 6 3 3 6 0.5 1 0.5
600 26 1 1 26 0.0384615384615385 1 0.0384615384615385
6057 6 5 4 7 0.666666666666667 0.8 0.571428571428571
6062 9 2 0 11 0 0 0
6066 1 1 0 2 0 0 0
6083 25 13 10 28 0.4 0.769230769230769 0.357142857142857
6106 2 1 1 2 0.5 1 0.5
6122 10 1 1 10 0.1 1 0.1
6128 273 2 2 273 0.00732600732600733 1 0.00732600732600733
6147 1 8 0 9 0 0 0
6181 45 2 2 45 0.0444444444444444 1 0.0444444444444444
6182 1 1 1 1 1 1 1
6245 2 1 0 3 0 0 0
6262 1 1 1 1 1 1 1
6263 3 1 1 3 0.333333333333333 1 0.333333333333333
6315 7 1 1 7 0.142857142857143 1 0.142857142857143
6327 174 1 1 174 0.00574712643678161 1 0.00574712643678161
6337 5 1 0 6 0 0 0
6342 4 1 0 5 0 0 0
6360 7 3 3 7 0.428571428571429 1 0.428571428571429
6366 3 1 1 3 0.333333333333333 1 0.333333333333333
6435 3 6 2 7 0.666666666666667 0.333333333333333 0.285714285714286
6453 523 98 82 539 0.15678776290631 0.836734693877551 0.152133580705009
6456 15 2 2 15 0.133333333333333 1 0.133333333333333
65071 1 2 1 2 1 0.5 0.5
65075 1 1 0 2 0 0 0
6509 25 9 8 26 0.32 0.888888888888889 0.307692307692308
65104 1 1 1 1 1 1 1
6536 18 2 1 19 0.0555555555555556 0.5 0.0526315789473684
65382 1 1 1 1 1 1 1
6619 25 7 5 27 0.2 0.714285714285714 0.185185185185185
6629 3 1 1 3 0.333333333333333 1 0.333333333333333
6648 45 5 4 46 0.0888888888888889 0.8 0.0869565217391304
6656 39 1 1 39 0.0256410256410256 1 0.0256410256410256
6661 71 1 1 71 0.0140845070422535 1 0.0140845070422535
6666 27 12 7 32 0.259259259259259 0.583333333333333 0.21875
6667 518 131 127 522 0.245173745173745 0.969465648854962 0.243295019157088
6677 57 1 1 57 0.0175438596491228 1 0.0175438596491228
668 31 8 2 37 0.0645161290322581 0.25 0.0540540540540541
6695 219 67 58 228 0.264840182648402 0.865671641791045 0.254385964912281
6702 17 1 1 17 0.0588235294117647 1 0.0588235294117647
6706 14 5 5 14 0.357142857142857 1 0.357142857142857
6724 33 19 14 38 0.424242424242424 0.736842105263158 0.368421052631579
6730 574 9 9 574 0.0156794425087108 1 0.0156794425087108
6734 14 3 3 14 0.214285714285714 1 0.214285714285714
6760 10 2 2 10 0.2 1 0.2
6762 191 60 51 200 0.267015706806283 0.85 0.255
6770 39 14 5 48 0.128205128205128 0.357142857142857 0.104166666666667
6772 16 5 5 16 0.3125 1 0.3125
6774 78 15 14 79 0.179487179487179 0.933333333333333 0.177215189873418
6775 4 3 2 5 0.5 0.666666666666667 0.4
680 62 20 16 66 0.258064516129032 0.8 0.242424242424242
6802 7 2 2 7 0.285714285714286 1 0.285714285714286
681 2 1 1 2 0.5 1 0.5
683 2 1 1 2 0.5 1 0.5
6830 364 33 23 374 0.0631868131868132 0.696969696969697 0.0614973262032086
6838 1 1 1 1 1 1 1
6881 90 30 28 92 0.311111111111111 0.933333333333333 0.304347826086957
6893 2 1 1 2 0.5 1 0.5
6895 5 1 1 5 0.2 1 0.2
6908 95 19 16 98 0.168421052631579 0.842105263157895 0.163265306122449
6911 4 1 1 4 0.25 1 0.25
6939 1112 490 343 1259 0.308453237410072 0.7 0.272438443208896
6966 3 1 1 3 0.333333333333333 1 0.333333333333333
6968 3 1 1 3 0.333333333333333 1 0.333333333333333
701 2158 22 15 2165 0.00695088044485635 0.681818181818182 0.0069284064665127
7012 17 3 2 18 0.117647058823529 0.666666666666667 0.111111111111111
7018 2236 18 15 2239 0.00670840787119857 0.833333333333333 0.00669941938365342
7019 1 1 1 1 1 1 1
7065 18 3 2 19 0.111111111111111 0.666666666666667 0.105263157894737
7066 17 2 2 17 0.117647058823529 1 0.117647058823529
7081 54 6 3 57 0.0555555555555556 0.5 0.0526315789473684
71 13 2 1 14 0.0769230769230769 0.5 0.0714285714285714
7106 9 1 0 10 0 0 0
714 10 1 1 10 0.1 1 0.1
719 19 2 2 19 0.105263157894737 1 0.105263157894737
7195 1 1 0 2 0 0 0
72 9 1 0 10 0 0 0
7377 4 1 1 4 0.25 1 0.25
7385 189 8 6 191 0.0317460317460317 0.75 0.031413612565445
7412 1 1 0 2 0 0 0
7470 36 2 2 36 0.0555555555555556 1 0.0555555555555556
7473 142 20 15 147 0.105633802816901 0.75 0.102040816326531
7500 53 8 6 55 0.113207547169811 0.75 0.109090909090909
7503 4 3 1 6 0.25 0.333333333333333 0.166666666666667
7511 2 1 0 3 0 0 0
7514 19 3 2 20 0.105263157894737 0.666666666666667 0.1
7516 4 1 0 5 0 0 0
7521 5 2 1 6 0.2 0.5 0.166666666666667
7522 6 3 0 9 0 0 0
7527 6 1 1 6 0.166666666666667 1 0.166666666666667
7529 18 3 2 19 0.111111111111111 0.666666666666667 0.105263157894737
7530 2 1 0 3 0 0 0
7539 23 8 5 26 0.217391304347826 0.625 0.192307692307692
7543 16 2 1 17 0.0625 0.5 0.0588235294117647
7545 17 2 1 18 0.0588235294117647 0.5 0.0555555555555556
7575 237 18 18 237 0.0759493670886076 1 0.0759493670886076
7587 1 1 0 2 0 0 0
7594 5 1 0 6 0 0 0
760 4 2 2 4 0.5 1 0.5
7606 50 5 4 51 0.08 0.8 0.0784313725490196
7610 21 2 0 23 0 0 0
7629 6 2 0 8 0 0 0
766 18 5 5 18 0.277777777777778 1 0.277777777777778
7660 43 24 20 47 0.465116279069767 0.833333333333333 0.425531914893617
7665 1 1 1 1 1 1 1
7667 4 1 1 4 0.25 1 0.25
7668 10 1 1 10 0.1 1 0.1
7670 19 3 2 20 0.105263157894737 0.666666666666667 0.1
7671 3 2 1 4 0.333333333333333 0.5 0.25
7682 10 3 1 12 0.1 0.333333333333333 0.0833333333333333
7687 4 1 1 4 0.25 1 0.25
7693 24 2 2 24 0.0833333333333333 1 0.0833333333333333
7718 17 3 3 17 0.176470588235294 1 0.176470588235294
7753 6 1 1 6 0.166666666666667 1 0.166666666666667
7781 6 9 4 11 0.666666666666667 0.444444444444444 0.363636363636364
7784 32 4 3 33 0.09375 0.75 0.0909090909090909
7786 9 2 1 10 0.111111111111111 0.5 0.1
7843 49 1 1 49 0.0204081632653061 1 0.0204081632653061
7847 2 1 1 2 0.5 1 0.5
786 63 11 9 65 0.142857142857143 0.818181818181818 0.138461538461538
7860 1 1 1 1 1 1 1
790 1 1 0 2 0 0 0
7908 37 2 1 38 0.027027027027027 0.5 0.0263157894736842
7922 74 10 9 75 0.121621621621622 0.9 0.12
7941 3 1 1 3 0.333333333333333 1 0.333333333333333
7949 11 2 0 13 0 0 0
8001 343 9 9 343 0.0262390670553936 1 0.0262390670553936
8002 52 5 3 54 0.0576923076923077 0.6 0.0555555555555556
8018 2 1 0 3 0 0 0
8025 6 1 0 7 0 0 0
8047 25 5 5 25 0.2 1 0.2
8092 11 4 4 11 0.363636363636364 1 0.363636363636364
81 28 2 1 29 0.0357142857142857 0.5 0.0344827586206897
8111 5 1 1 5 0.2 1 0.2
812 118 1 1 118 0.00847457627118644 1 0.00847457627118644
8121 51 9 5 55 0.0980392156862745 0.555555555555556 0.0909090909090909
8158 2 1 1 2 0.5 1 0.5
8190 59 1 1 59 0.0169491525423729 1 0.0169491525423729
8201 9 2 2 9 0.222222222222222 1 0.222222222222222
8218 266 27 25 268 0.093984962406015 0.925925925925926 0.0932835820895522
8220 554 11 11 554 0.01985559566787 1 0.01985559566787
8224 11 8 6 13 0.545454545454545 0.75 0.461538461538462
8226 4 2 0 6 0 0 0
8237 8 4 4 8 0.5 1 0.5
8240 1 1 0 2 0 0 0
8246 202 3 0 205 0 0 0
8251 11 4 4 11 0.363636363636364 1 0.363636363636364
8256 1 1 1 1 1 1 1
8262 33 1 1 33 0.0303030303030303 1 0.0303030303030303
8267 2 1 1 2 0.5 1 0.5
8282 9 1 1 9 0.111111111111111 1 0.111111111111111
8283 6 3 2 7 0.333333333333333 0.666666666666667 0.285714285714286
8299 13 1 0 14 0 0 0
8302 8 1 1 8 0.125 1 0.125
8312 8 1 0 9 0 0 0
8319 36 15 13 38 0.361111111111111 0.866666666666667 0.342105263157895
8330 11 3 2 12 0.181818181818182 0.666666666666667 0.166666666666667
8346 6 2 2 6 0.333333333333333 1 0.333333333333333
8358 13 1 1 13 0.0769230769230769 1 0.0769230769230769
8359 647 35 26 656 0.0401854714064915 0.742857142857143 0.0396341463414634
8364 9 1 1 9 0.111111111111111 1 0.111111111111111
8365 159 82 52 189 0.327044025157233 0.634146341463415 0.275132275132275
8368 34 9 7 36 0.205882352941176 0.777777777777778 0.194444444444444
8374 8 2 2 8 0.25 1 0.25
8386 6 1 0 7 0 0 0
8387 17 4 3 18 0.176470588235294 0.75 0.166666666666667
8391 20 15 7 28 0.35 0.466666666666667 0.25
8396 1 1 0 2 0 0 0
8412 20 2 2 20 0.1 1 0.1
8419 262 2 2 262 0.00763358778625954 1 0.00763358778625954
8422 103 18 12 109 0.116504854368932 0.666666666666667 0.110091743119266
8426 455 19 16 458 0.0351648351648352 0.842105263157895 0.0349344978165939
8442 24 18 11 31 0.458333333333333 0.611111111111111 0.354838709677419
8447 563 81 69 575 0.122557726465364 0.851851851851852 0.12
8452 34 2 2 34 0.0588235294117647 1 0.0588235294117647
8468 581 14 13 582 0.0223752151462995 0.928571428571429 0.0223367697594502
8469 33 19 14 38 0.424242424242424 0.736842105263158 0.368421052631579
8473 36 6 3 39 0.0833333333333333 0.5 0.0769230769230769
8481 2 1 1 2 0.5 1 0.5
8492 890 1 1 890 0.00112359550561798 1 0.00112359550561798
8495 22 4 3 23 0.136363636363636 0.75 0.130434782608696
8501 36 12 12 36 0.333333333333333 1 0.333333333333333
8508 1 1 1 1 1 1 1
8517 20 2 1 21 0.05 0.5 0.0476190476190476
8518 4 1 1 4 0.25 1 0.25
852 164 2 2 164 0.0121951219512195 1 0.0121951219512195
8527 22 3 3 22 0.136363636363636 1 0.136363636363636
8535 5 3 3 5 0.6 1 0.6
8545 4 5 1 8 0.25 0.2 0.125
855 31 1 1 31 0.032258064516129 1 0.032258064516129
8551 126 1 1 126 0.00793650793650794 1 0.00793650793650794
8560 75 30 24 81 0.32 0.8 0.296296296296296
8565 15 4 4 15 0.266666666666667 1 0.266666666666667
8582 52 18 12 58 0.230769230769231 0.666666666666667 0.206896551724138
8586 60 6 5 61 0.0833333333333333 0.833333333333333 0.0819672131147541
8591 44 9 7 46 0.159090909090909 0.777777777777778 0.152173913043478
8607 47 5 4 48 0.0851063829787234 0.8 0.0833333333333333
8648 27 17 6 38 0.222222222222222 0.352941176470588 0.157894736842105
8657 89 15 13 91 0.146067415730337 0.866666666666667 0.142857142857143
8664 9 3 2 10 0.222222222222222 0.666666666666667 0.2
8674 56 6 5 57 0.0892857142857143 0.833333333333333 0.087719298245614
8676 5 2 2 5 0.4 1 0.4
8681 42 8 4 46 0.0952380952380952 0.5 0.0869565217391304
8683 35 2 2 35 0.0571428571428571 1 0.0571428571428571
8708 271 18 15 274 0.0553505535055351 0.833333333333333 0.0547445255474453
8717 98 15 10 103 0.102040816326531 0.666666666666667 0.0970873786407767
8728 1 1 1 1 1 1 1
8737 29 5 3 31 0.103448275862069 0.6 0.0967741935483871
8758 12 6 5 13 0.416666666666667 0.833333333333333 0.384615384615385
8763 161 54 51 164 0.316770186335404 0.944444444444444 0.310975609756098
8767 65 28 18 75 0.276923076923077 0.642857142857143 0.24
8778 8 2 2 8 0.25 1 0.25
8781 61 15 10 66 0.163934426229508 0.666666666666667 0.151515151515152
8804 45 13 9 49 0.2 0.692307692307692 0.183673469387755
8816 16 1 1 16 0.0625 1 0.0625
8820 10 4 3 11 0.3 0.75 0.272727272727273
8833 10 1 1 10 0.1 1 0.1
8881 179 33 30 182 0.167597765363128 0.909090909090909 0.164835164835165
8895 7 2 2 7 0.285714285714286 1 0.285714285714286
8897 59 14 7 66 0.11864406779661 0.5 0.106060606060606
8903 13 3 1 15 0.0769230769230769 0.333333333333333 0.0666666666666667
8928 637 14 14 637 0.021978021978022 1 0.021978021978022
8943 17 5 4 18 0.235294117647059 0.8 0.222222222222222
8953 20 1 0 21 0 0 0
8954 38 11 6 43 0.157894736842105 0.545454545454545 0.13953488372093
8966 95 1 1 95 0.0105263157894737 1 0.0105263157894737
8970 2 1 1 2 0.5 1 0.5
8978 5 2 2 5 0.4 1 0.4
9002 1254 330 320 1264 0.25518341307815 0.96969696969697 0.253164556962025
9008 5 1 1 5 0.2 1 0.2
9009 148 3 2 149 0.0135135135135135 0.666666666666667 0.0134228187919463
9022 3 1 1 3 0.333333333333333 1 0.333333333333333
9026 14 5 4 15 0.285714285714286 0.8 0.266666666666667
9031 59 16 11 64 0.186440677966102 0.6875 0.171875
9044 62 16 12 66 0.193548387096774 0.75 0.181818181818182
9063 48 18 13 53 0.270833333333333 0.722222222222222 0.245283018867925
9080 9 6 4 11 0.444444444444444 0.666666666666667 0.363636363636364
9085 8 1 1 8 0.125 1 0.125
9112 6 1 1 6 0.166666666666667 1 0.166666666666667
9121 244 1 1 244 0.00409836065573771 1 0.00409836065573771
9129 9 1 0 10 0 0 0
9150 27 9 6 30 0.222222222222222 0.666666666666667 0.2
9153 45 7 7 45 0.155555555555556 1 0.155555555555556
9162 1 1 1 1 1 1 1
9167 23 1 1 23 0.0434782608695652 1 0.0434782608695652
9188 3 2 1 4 0.333333333333333 0.5 0.25
9191 51 5 4 52 0.0784313725490196 0.8 0.0769230769230769
9231 2 2 1 3 0.5 0.5 0.333333333333333
9264 30 15 7 38 0.233333333333333 0.466666666666667 0.184210526315789
9270 28 2 2 28 0.0714285714285714 1 0.0714285714285714
9293 20 1 1 20 0.05 1 0.05
9299 40 2 1 41 0.025 0.5 0.024390243902439
9304 260 7 6 261 0.0230769230769231 0.857142857142857 0.0229885057471264
9329 13 2 2 13 0.153846153846154 1 0.153846153846154
9340 3 4 1 6 0.333333333333333 0.25 0.166666666666667
9354 11 1 1 11 0.0909090909090909 1 0.0909090909090909
9367 3 1 1 3 0.333333333333333 1 0.333333333333333
9406 2 1 0 3 0 0 0
9431 2 1 1 2 0.5 1 0.5
9433 4 2 1 5 0.25 0.5 0.2
9445 1 1 1 1 1 1 1
9482 10 4 4 10 0.4 1 0.4
9497 34 6 6 34 0.176470588235294 1 0.176470588235294
9503 26 3 1 28 0.0384615384615385 0.333333333333333 0.0357142857142857
9505 107 4 3 108 0.0280373831775701 0.75 0.0277777777777778
9534 9 1 1 9 0.111111111111111 1 0.111111111111111
9541 6 1 0 7 0 0 0
9549 3 1 1 3 0.333333333333333 1 0.333333333333333
9555 2 1 0 3 0 0 0
9583 35 2 1 36 0.0285714285714286 0.5 0.0277777777777778
9584 9 2 1 10 0.111111111111111 0.5 0.1
9595 6 6 3 9 0.5 0.5 0.333333333333333
9600 5 3 3 5 0.6 1 0.6
9601 8 1 1 8 0.125 1 0.125
9607 6 4 0 10 0 0 0
9612 1 1 0 2 0 0 0
9619 2 1 1 2 0.5 1 0.5
9621 3 1 1 3 0.333333333333333 1 0.333333333333333
9622 7 4 2 9 0.285714285714286 0.5 0.222222222222222
9680 27 2 0 29 0 0 0
9700 7 3 2 8 0.285714285714286 0.666666666666667 0.25
9732 2 2 1 3 0.5 0.5 0.333333333333333
9794 4 1 1 4 0.25 1 0.25
9800 21 2 0 23 0 0 0
9821 6 4 4 6 0.666666666666667 1 0.666666666666667
9892 2 1 1 2 0.5 1 0.5
9901 24 3 1 26 0.0416666666666667 0.333333333333333 0.0384615384615385
9911 18 1 1 18 0.0555555555555556 1 0.0555555555555556
9919 14 1 0 15 0 0 0
9930 16 4 4 16 0.25 1 0.25
9999 2 1 0 3 0 0 0
