#ASN num_v4adj num_v6adj num_intersect(v4v6adj) num_union(adj) fr_v4(num_intersect/num_v4adj) fr_v6(num_intersect/num_v6adj) fr_intersect(num_intersect/num_union)
10013 2 6 1 7 0.5 0.166666666666667 0.142857142857143
10015 10 1 0 11 0 0 0
101 35 6 6 35 0.171428571428571 1 0.171428571428571
102 3 1 1 3 0.333333333333333 1 0.333333333333333
10204 8 6 2 12 0.25 0.333333333333333 0.166666666666667
10217 17 1 1 17 0.0588235294117647 1 0.0588235294117647
10318 3 1 0 4 0 0 0
10343 2 1 1 2 0.5 1 0.5
10429 63 1 1 63 0.0158730158730159 1 0.0158730158730159
10480 5 1 1 5 0.2 1 0.2
10490 31 2 2 31 0.0645161290322581 1 0.0645161290322581
10533 1 2 1 2 1 0.5 0.5
10569 1 1 1 1 1 1 1
10578 26 3 3 26 0.115384615384615 1 0.115384615384615
10586 4 2 0 6 0 0 0
10745 2 6 0 8 0 0 0
10764 13 2 2 13 0.153846153846154 1 0.153846153846154
10778 5 2 2 5 0.4 1 0.4
10886 40 17 7 50 0.175 0.411764705882353 0.14
109 14 4 0 18 0 0 0
1101 1 1 1 1 1 1 1
1103 179 42 39 182 0.217877094972067 0.928571428571429 0.214285714285714
111 3 2 2 3 0.666666666666667 1 0.666666666666667
1125 3 3 2 4 0.666666666666667 0.666666666666667 0.5
1126 35 10 6 39 0.171428571428571 0.6 0.153846153846154
11274 2 1 1 2 0.5 1 0.5
11317 11 2 2 11 0.181818181818182 1 0.181818181818182
1133 3 1 1 3 0.333333333333333 1 0.333333333333333
11340 5 1 1 5 0.2 1 0.2
1140 22 4 0 26 0 0 0
11404 17 1 1 17 0.0588235294117647 1 0.0588235294117647
11537 81 45 33 93 0.407407407407407 0.733333333333333 0.354838709677419
11588 13 1 1 13 0.0769230769230769 1 0.0769230769230769
11656 1 1 0 2 0 0 0
11815 2 1 0 3 0 0 0
11960 5 2 2 5 0.4 1 0.4
11990 4 1 0 5 0 0 0
1200 42 13 8 47 0.19047619047619 0.615384615384615 0.170212765957447
12008 29 1 1 29 0.0344827586206897 1 0.0344827586206897
12041 4 4 2 6 0.5 0.5 0.333333333333333
12046 2 1 1 2 0.5 1 0.5
12111 25 2 1 26 0.04 0.5 0.0384615384615385
1213 5 2 2 5 0.4 1 0.4
1221 102 4 1 105 0.00980392156862745 0.25 0.00952380952380952
12287 2 2 1 3 0.5 0.5 0.333333333333333
12312 41 1 1 41 0.024390243902439 1 0.024390243902439
12337 39 16 14 41 0.358974358974359 0.875 0.341463414634146
12353 5 4 1 8 0.2 0.25 0.125
12355 12 9 7 14 0.583333333333333 0.777777777777778 0.5
1237 37 3 2 38 0.0540540540540541 0.666666666666667 0.0526315789473684
12371 2 1 0 3 0 0 0
12386 13 2 2 13 0.153846153846154 1 0.153846153846154
12399 172 1 1 172 0.00581395348837209 1 0.00581395348837209
12401 10 3 2 11 0.2 0.666666666666667 0.181818181818182
12414 37 11 8 40 0.216216216216216 0.727272727272727 0.2
12429 20 1 1 20 0.05 1 0.05
12533 2 1 0 3 0 0 0
1257 106 4 1 109 0.00943396226415094 0.25 0.00917431192660551
12600 14 1 1 14 0.0714285714285714 1 0.0714285714285714
12611 38 16 10 44 0.263157894736842 0.625 0.227272727272727
12634 38 13 10 41 0.263157894736842 0.769230769230769 0.24390243902439
12637 9 2 1 10 0.111111111111111 0.5 0.1
12638 1 3 0 4 0 0 0
12654 61 3 2 62 0.0327868852459016 0.666666666666667 0.032258064516129
12657 2 2 2 2 1 1 1
12709 2 1 0 3 0 0 0
1273 329 78 44 363 0.133738601823708 0.564102564102564 0.121212121212121
12731 47 11 8 50 0.170212765957447 0.727272727272727 0.16
12732 19 2 1 20 0.0526315789473684 0.5 0.05
12741 94 1 0 95 0 0 0
12757 4 1 1 4 0.25 1 0.25
12767 10 1 0 11 0 0 0
12769 6 1 1 6 0.166666666666667 1 0.166666666666667
12779 67 17 8 76 0.119402985074627 0.470588235294118 0.105263157894737
1280 56 11 9 58 0.160714285714286 0.818181818181818 0.155172413793103
12816 1 1 1 1 1 1 1
12817 2 2 2 2 1 1 1
12853 1 5 0 6 0 0 0
12859 342 70 64 348 0.187134502923977 0.914285714285714 0.183908045977011
12871 33 14 9 38 0.272727272727273 0.642857142857143 0.236842105263158
12874 112 2 2 112 0.0178571428571429 1 0.0178571428571429
12895 8 1 1 8 0.125 1 0.125
12902 39 10 8 41 0.205128205128205 0.8 0.195121951219512
12931 4 3 2 5 0.5 0.666666666666667 0.4
12956 128 9 8 129 0.0625 0.888888888888889 0.062015503875969
12968 107 2 1 108 0.00934579439252336 0.5 0.00925925925925926
12989 376 4 4 376 0.0106382978723404 1 0.0106382978723404
1299 491 31 26 496 0.0529531568228106 0.838709677419355 0.0524193548387097
13030 125 7 7 125 0.056 1 0.056
13039 6 1 1 6 0.166666666666667 1 0.166666666666667
13041 6 1 1 6 0.166666666666667 1 0.166666666666667
13092 5 1 1 5 0.2 1 0.2
131075 1 1 1 1 1 1 1
13110 5 1 1 5 0.2 1 0.2
13115 4 1 1 4 0.25 1 0.25
1312 2 1 1 2 0.5 1 0.5
1316 2 1 0 3 0 0 0
13189 23 4 3 24 0.130434782608696 0.75 0.125
13193 43 11 8 46 0.186046511627907 0.727272727272727 0.173913043478261
13237 479 50 42 487 0.0876826722338205 0.84 0.0862422997946612
13272 1 1 1 1 1 1 1
13276 17 3 2 18 0.117647058823529 0.666666666666667 0.111111111111111
13293 22 2 2 22 0.0909090909090909 1 0.0909090909090909
13319 3 1 0 4 0 0 0
13448 4 1 1 4 0.25 1 0.25
13645 174 10 5 179 0.028735632183908 0.5 0.0279329608938547
137 15 3 3 15 0.2 1 0.2
13714 2 1 1 2 0.5 1 0.5
13737 1 2 0 3 0 0 0
13802 7 1 0 8 0 0 0
13855 5 1 0 6 0 0 0
13911 4 1 0 5 0 0 0
14277 9 7 1 15 0.111111111111111 0.142857142857143 0.0666666666666667
14595 4 1 0 5 0 0 0
15169 98 4 1 101 0.0102040816326531 0.25 0.0099009900990099
15412 262 3 2 263 0.00763358778625954 0.666666666666667 0.00760456273764259
15431 1 1 1 1 1 1 1
15440 6 2 1 7 0.166666666666667 0.5 0.142857142857143
15444 258 20 10 268 0.0387596899224806 0.5 0.0373134328358209
15456 1 2 0 3 0 0 0
15475 9 2 0 11 0 0 0
15480 2 1 1 2 0.5 1 0.5
15501 2 2 2 2 1 1 1
15589 29 9 2 36 0.0689655172413793 0.222222222222222 0.0555555555555556
15598 62 17 13 66 0.209677419354839 0.764705882352941 0.196969696969697
15623 29 2 1 30 0.0344827586206897 0.5 0.0333333333333333
15685 16 4 4 16 0.25 1 0.25
15694 49 1 1 49 0.0204081632653061 1 0.0204081632653061
15706 3 2 1 4 0.333333333333333 0.5 0.25
15725 2 2 1 3 0.5 0.5 0.333333333333333
15744 10 1 1 10 0.1 1 0.1
15782 12 1 1 12 0.0833333333333333 1 0.0833333333333333
15798 1 1 0 2 0 0 0
15919 7 1 1 7 0.142857142857143 1 0.142857142857143
16004 9 2 1 10 0.111111111111111 0.5 0.1
16023 3 1 0 4 0 0 0
16030 55 14 10 59 0.181818181818182 0.714285714285714 0.169491525423729
16034 247 32 29 250 0.117408906882591 0.90625 0.116
16086 31 17 6 42 0.193548387096774 0.352941176470588 0.142857142857143
16128 13 3 2 14 0.153846153846154 0.666666666666667 0.142857142857143
16131 33 10 7 36 0.212121212121212 0.7 0.194444444444444
16150 208 8 6 210 0.0288461538461538 0.75 0.0285714285714286
16186 45 5 2 48 0.0444444444444444 0.4 0.0416666666666667
16215 12 3 3 12 0.25 1 0.25
16237 29 3 1 31 0.0344827586206897 0.333333333333333 0.032258064516129
16245 22 2 1 23 0.0454545454545455 0.5 0.0434782608695652
16265 65 1 1 65 0.0153846153846154 1 0.0153846153846154
16276 62 2 2 62 0.032258064516129 1 0.032258064516129
16316 5 3 1 7 0.2 0.333333333333333 0.142857142857143
16397 6 2 0 8 0 0 0
1653 22 3 2 23 0.0909090909090909 0.666666666666667 0.0869565217391304
16531 9 1 0 10 0 0 0
1659 6 3 2 7 0.333333333333333 0.666666666666667 0.285714285714286
16668 7 1 0 8 0 0 0
16713 27 1 0 28 0 0 0
16838 12 1 0 13 0 0 0
16942 2 3 0 5 0 0 0
16993 3 1 0 4 0 0 0
17106 4 1 0 5 0 0 0
17263 3 1 0 4 0 0 0
1741 10 3 2 11 0.2 0.666666666666667 0.181818181818182
17435 3 1 0 4 0 0 0
17511 7 2 0 9 0 0 0
17529 6 1 0 7 0 0 0
17554 7 3 3 7 0.428571428571429 1 0.428571428571429
17579 8 5 3 10 0.375 0.6 0.3
1764 24 7 5 26 0.208333333333333 0.714285714285714 0.192307692307692
17676 36 6 2 40 0.0555555555555556 0.333333333333333 0.05
17709 9 1 0 10 0 0 0
17716 3 1 1 3 0.333333333333333 1 0.333333333333333
17832 4 11 1 14 0.25 0.0909090909090909 0.0714285714285714
17843 2 1 1 2 0.5 1 0.5
17853 1 1 0 2 0 0 0
17934 2 3 1 4 0.5 0.333333333333333 0.25
17955 3 1 1 3 0.333333333333333 1 0.333333333333333
1797 2 3 2 3 1 0.666666666666667 0.666666666666667
1798 3 2 0 5 0 0 0
18015 2 2 2 2 1 1 1
18119 3 1 0 4 0 0 0
18126 4 1 1 4 0.25 1 0.25
18182 3 1 0 4 0 0 0
18185 4 2 1 5 0.25 0.5 0.2
18206 3 2 0 5 0 0 0
18210 2 1 0 3 0 0 0
18266 4 1 1 4 0.25 1 0.25
18344 1 3 0 4 0 0 0
1835 8 2 2 8 0.25 1 0.25
1836 45 7 6 46 0.133333333333333 0.857142857142857 0.130434782608696
18366 2 2 1 3 0.5 0.5 0.333333333333333
18422 4 2 2 4 0.5 1 0.5
18508 1 3 0 4 0 0 0
1853 105 18 16 107 0.152380952380952 0.888888888888889 0.149532710280374
18592 25 8 7 26 0.28 0.875 0.269230769230769
18666 2 2 0 4 0 0 0
1880 15 5 1 19 0.0666666666666667 0.2 0.0526315789473684
1887 8 1 1 8 0.125 1 0.125
1888 1 1 1 1 1 1 1
18922 25 2 1 26 0.04 0.5 0.0384615384615385
1901 127 2 2 127 0.015748031496063 1 0.015748031496063
19021 1 1 0 2 0 0 0
1916 72 7 4 75 0.0555555555555556 0.571428571428571 0.0533333333333333
19165 2 1 0 3 0 0 0
19166 3 1 1 3 0.333333333333333 1 0.333333333333333
19255 1 1 0 2 0 0 0
1930 24 5 4 25 0.166666666666667 0.8 0.16
19318 44 4 2 46 0.0454545454545455 0.5 0.0434782608695652
19401 41 8 8 41 0.195121951219512 1 0.195121951219512
195 7 4 2 9 0.285714285714286 0.5 0.222222222222222
1955 11 2 2 11 0.181818181818182 1 0.181818181818182
196613 2 1 1 2 0.5 1 0.5
196615 2 1 1 2 0.5 1 0.5
19782 13 1 1 13 0.0769230769230769 1 0.0769230769230769
19783 2 1 0 3 0 0 0
2018 4 3 1 6 0.25 0.333333333333333 0.166666666666667
20312 5 1 1 5 0.2 1 0.2
2042 16 3 2 17 0.125 0.666666666666667 0.117647058823529
20473 23 1 0 24 0 0 0
20495 58 9 7 60 0.120689655172414 0.777777777777778 0.116666666666667
20569 12 2 2 12 0.166666666666667 1 0.166666666666667
20597 2 1 0 3 0 0 0
20612 3 2 2 3 0.666666666666667 1 0.666666666666667
20621 2 1 1 2 0.5 1 0.5
20633 19 8 3 24 0.157894736842105 0.375 0.125
20640 204 65 51 218 0.25 0.784615384615385 0.23394495412844
20646 41 16 9 48 0.219512195121951 0.5625 0.1875
20650 6 1 1 6 0.166666666666667 1 0.166666666666667
20704 20 4 4 20 0.2 1 0.2
20712 7 2 0 9 0 0 0
20718 30 11 3 38 0.1 0.272727272727273 0.0789473684210526
20745 1 4 0 5 0 0 0
20794 2 1 0 3 0 0 0
20834 32 5 4 33 0.125 0.8 0.121212121212121
20847 32 10 6 36 0.1875 0.6 0.166666666666667
209 1300 6 4 1302 0.00307692307692308 0.666666666666667 0.00307219662058372
20900 2 1 0 3 0 0 0
20912 3 4 0 7 0 0 0
20965 48 39 39 48 0.8125 1 0.8125
210 9 1 1 9 0.111111111111111 1 0.111111111111111
21055 22 3 1 24 0.0454545454545455 0.333333333333333 0.0416666666666667
2107 1 1 1 1 1 1 1
2108 1 1 1 1 1 1 1
2110 53 6 1 58 0.0188679245283019 0.166666666666667 0.0172413793103448
21119 5 1 1 5 0.2 1 0.2
21155 39 13 9 43 0.230769230769231 0.692307692307692 0.209302325581395
2116 29 1 1 29 0.0344827586206897 1 0.0344827586206897
21221 26 9 6 29 0.230769230769231 0.666666666666667 0.206896551724138
2128 4 1 1 4 0.25 1 0.25
21280 9 1 0 10 0 0 0
21385 61 15 12 64 0.19672131147541 0.8 0.1875
2153 41 8 8 41 0.195121951219512 1 0.195121951219512
21844 11 1 1 11 0.0909090909090909 1 0.0909090909090909
21947 21 3 3 21 0.142857142857143 1 0.142857142857143
2200 50 3 3 50 0.06 1 0.06
22166 2 1 0 3 0 0 0
22388 9 6 6 9 0.666666666666667 1 0.666666666666667
224 5 1 1 5 0.2 1 0.2
22548 25 2 1 26 0.04 0.5 0.0384615384615385
226 24 1 1 24 0.0416666666666667 1 0.0416666666666667
22767 2 1 1 2 0.5 1 0.5
23265 20 1 1 20 0.05 1 0.05
23352 122 2 2 122 0.0163934426229508 1 0.0163934426229508
23393 58 3 2 59 0.0344827586206897 0.666666666666667 0.0338983050847458
23456 6 3 2 7 0.333333333333333 0.666666666666667 0.285714285714286
23504 27 8 3 32 0.111111111111111 0.375 0.09375
23541 4 2 1 5 0.25 0.5 0.2
23554 2 1 1 2 0.5 1 0.5
23596 2 1 1 2 0.5 1 0.5
23600 3 2 2 3 0.666666666666667 1 0.666666666666667
23624 2 1 1 2 0.5 1 0.5
23634 4 3 2 5 0.5 0.666666666666667 0.4
23654 2 1 1 2 0.5 1 0.5
237 31 1 1 31 0.032258064516129 1 0.032258064516129
23754 1 1 0 2 0 0 0
23774 3 2 1 4 0.333333333333333 0.5 0.25
23787 2 2 1 3 0.5 0.5 0.333333333333333
2381 29 2 1 30 0.0344827586206897 0.5 0.0333333333333333
23836 1 1 1 1 1 1 1
23869 2 1 0 3 0 0 0
23902 2 2 0 4 0 0 0
23910 3 7 2 8 0.666666666666667 0.285714285714286 0.25
23911 5 12 5 12 1 0.416666666666667 0.416666666666667
23912 1 1 0 2 0 0 0
23966 4 3 0 7 0 0 0
24 10 8 5 13 0.5 0.625 0.384615384615385
24218 31 1 1 31 0.032258064516129 1 0.032258064516129
24226 2 2 0 4 0 0 0
24229 3 1 1 3 0.333333333333333 1 0.333333333333333
24287 4 3 3 4 0.75 1 0.75
24311 1 2 0 3 0 0 0
24334 2 1 1 2 0.5 1 0.5
24433 2 1 1 2 0.5 1 0.5
24475 3 3 3 3 1 1 1
24489 7 5 5 7 0.714285714285714 1 0.714285714285714
24490 9 8 8 9 0.888888888888889 1 0.888888888888889
24514 2 2 1 3 0.5 0.5 0.333333333333333
24541 2 3 1 4 0.5 0.333333333333333 0.25
24586 23 3 2 24 0.0869565217391304 0.666666666666667 0.0833333333333333
24587 39 8 5 42 0.128205128205128 0.625 0.119047619047619
24724 59 3 3 59 0.0508474576271186 1 0.0508474576271186
24730 46 1 1 46 0.0217391304347826 1 0.0217391304347826
24776 5 2 1 6 0.2 0.5 0.166666666666667
24875 194 42 35 201 0.180412371134021 0.833333333333333 0.174129353233831
2497 231 56 40 247 0.173160173160173 0.714285714285714 0.161943319838057
24973 4 1 0 5 0 0 0
250 2 1 0 3 0 0 0
2500 32 43 12 63 0.375 0.27906976744186 0.19047619047619
2506 2 1 1 2 0.5 1 0.5
25061 34 4 3 35 0.0882352941176471 0.75 0.0857142857142857
25098 21 1 1 21 0.0476190476190476 1 0.0476190476190476
2510 18 6 3 21 0.166666666666667 0.5 0.142857142857143
25108 16 5 4 17 0.25 0.8 0.235294117647059
25137 5 1 1 5 0.2 1 0.2
2514 19 3 2 20 0.105263157894737 0.666666666666667 0.1
2515 6 1 1 6 0.166666666666667 1 0.166666666666667
25152 45 5 2 48 0.0444444444444444 0.4 0.0416666666666667
2516 300 43 30 313 0.1 0.697674418604651 0.0958466453674121
2518 52 8 3 57 0.0576923076923077 0.375 0.0526315789473684
2519 27 4 1 30 0.037037037037037 0.25 0.0333333333333333
25192 7 2 2 7 0.285714285714286 1 0.285714285714286
25208 5 1 0 6 0 0 0
25220 14 2 2 14 0.142857142857143 1 0.142857142857143
2523 3 1 1 3 0.333333333333333 1 0.333333333333333
25232 235 11 10 236 0.0425531914893617 0.909090909090909 0.0423728813559322
2527 10 5 3 12 0.3 0.6 0.25
25358 15 9 1 23 0.0666666666666667 0.111111111111111 0.0434782608695652
25441 11 1 1 11 0.0909090909090909 1 0.0909090909090909
25466 8 2 2 8 0.25 1 0.25
25473 5 1 1 5 0.2 1 0.2
2549 3 2 1 4 0.333333333333333 0.5 0.25
25538 2 1 0 3 0 0 0
25560 60 17 12 65 0.2 0.705882352941177 0.184615384615385
25689 7 2 1 8 0.142857142857143 0.5 0.125
2572 6 1 1 6 0.166666666666667 1 0.166666666666667
2586 8 1 1 8 0.125 1 0.125
2594 4 1 0 5 0 0 0
2595 1 1 0 2 0 0 0
2602 2 1 1 2 0.5 1 0.5
2603 30 11 8 33 0.266666666666667 0.727272727272727 0.242424242424242
2607 27 4 4 27 0.148148148148148 1 0.148148148148148
2611 50 11 8 53 0.16 0.727272727272727 0.150943396226415
2614 10 1 1 10 0.1 1 0.1
26415 26 3 0 29 0 0 0
26943 148 14 11 151 0.0743243243243243 0.785714285714286 0.0728476821192053
2697 4 1 1 4 0.25 1 0.25
26978 13 2 0 15 0 0 0
27 2 1 1 2 0.5 1 0.5
2714 1 1 1 1 1 1 1
27319 24 3 3 24 0.125 1 0.125
27325 11 1 1 11 0.0909090909090909 1 0.0909090909090909
27446 5 1 0 6 0 0 0
27576 2 1 0 3 0 0 0
27678 6 1 1 6 0.166666666666667 1 0.166666666666667
27750 20 16 16 20 0.8 1 0.8
278 7 7 1 13 0.142857142857143 0.142857142857143 0.0769230769230769
27807 3 2 2 3 0.666666666666667 1 0.666666666666667
27841 1 1 1 1 1 1 1
2819 22 3 0 25 0 0 0
2847 2 1 1 2 0.5 1 0.5
28472 1 1 1 1 1 1 1
2852 46 3 3 46 0.0652173913043478 1 0.0652173913043478
2857 145 12 8 149 0.0551724137931034 0.666666666666667 0.0536912751677852
286 335 57 32 360 0.0955223880597015 0.56140350877193 0.0888888888888889
2861 10 2 2 10 0.2 1 0.2
28678 2 1 1 2 0.5 1 0.5
28716 48 1 1 48 0.0208333333333333 1 0.0208333333333333
28725 4 1 0 5 0 0 0
28747 1 1 1 1 1 1 1
28788 44 3 3 44 0.0681818181818182 1 0.0681818181818182
28824 2 1 0 3 0 0 0
2884 6 2 2 6 0.333333333333333 1 0.333333333333333
28855 8 1 1 8 0.125 1 0.125
28857 7 4 2 9 0.285714285714286 0.5 0.222222222222222
2895 9 2 2 9 0.222222222222222 1 0.222222222222222
2905 25 2 0 27 0 0 0
2907 76 4 2 78 0.0263157894736842 0.5 0.0256410256410256
29134 3 1 0 4 0 0 0
2914 583 145 82 646 0.14065180102916 0.56551724137931 0.126934984520124
2915 9 8 1 16 0.111111111111111 0.125 0.0625
29208 28 4 4 28 0.142857142857143 1 0.142857142857143
29216 1 2 1 2 1 0.5 0.5
29243 2 1 1 2 0.5 1 0.5
29259 2 2 2 2 1 1 1
293 126 21 17 130 0.134920634920635 0.80952380952381 0.130769230769231
29317 1 1 1 1 1 1 1
29402 9 1 0 10 0 0 0
29405 6 1 1 6 0.166666666666667 1 0.166666666666667
29422 20 3 2 21 0.1 0.666666666666667 0.0952380952380952
29449 2 4 0 6 0 0 0
29452 3 1 0 4 0 0 0
29527 37 8 6 39 0.162162162162162 0.75 0.153846153846154
29632 10 4 0 14 0 0 0
29636 172 28 27 173 0.156976744186047 0.964285714285714 0.15606936416185
29668 31 2 1 32 0.032258064516129 0.5 0.03125
29670 3 1 1 3 0.333333333333333 1 0.333333333333333
29686 294 73 69 298 0.23469387755102 0.945205479452055 0.231543624161074
29748 26 6 3 29 0.115384615384615 0.5 0.103448275862069
29791 40 3 1 42 0.025 0.333333333333333 0.0238095238095238
29877 4 1 0 5 0 0 0
3 6 1 0 7 0 0 0
30071 26 96 12 110 0.461538461538462 0.125 0.109090909090909
30128 3 4 2 5 0.666666666666667 0.5 0.4
30129 2 2 2 2 1 1 1
30132 10 3 3 10 0.3 1 0.3
30374 2 1 0 3 0 0 0
30653 17 3 1 19 0.0588235294117647 0.333333333333333 0.0526315789473684
30834 7 2 2 7 0.285714285714286 1 0.285714285714286
30913 20 3 1 22 0.05 0.333333333333333 0.0454545454545455
31065 4 2 0 6 0 0 0
31103 2 3 0 5 0 0 0
31127 3 1 1 3 0.333333333333333 1 0.333333333333333
31246 6 1 1 6 0.166666666666667 1 0.166666666666667
31265 1 1 1 1 1 1 1
31333 6 2 2 6 0.333333333333333 1 0.333333333333333
31383 21 10 4 27 0.19047619047619 0.4 0.148148148148148
3140 1 1 1 1 1 1 1
31424 11 1 1 11 0.0909090909090909 1 0.0909090909090909
31458 43 2 1 44 0.0232558139534884 0.5 0.0227272727272727
31477 59 2 2 59 0.0338983050847458 1 0.0338983050847458
31479 6 1 1 6 0.166666666666667 1 0.166666666666667
31529 30 1 1 30 0.0333333333333333 1 0.0333333333333333
31708 5 2 2 5 0.4 1 0.4
31985 7 1 0 8 0 0 0
32034 5 4 3 6 0.6 0.75 0.5
3212 46 1 1 46 0.0217391304347826 1 0.0217391304347826
3213 128 11 10 129 0.078125 0.909090909090909 0.0775193798449612
3221 2 1 1 2 0.5 1 0.5
3224 1 1 1 1 1 1 1
32361 7 2 2 7 0.285714285714286 1 0.285714285714286
3243 13 3 2 14 0.153846153846154 0.666666666666667 0.142857142857143
32459 3 1 1 3 0.333333333333333 1 0.333333333333333
3246 104 3 2 105 0.0192307692307692 0.666666666666667 0.019047619047619
3248 38 6 3 41 0.0789473684210526 0.5 0.0731707317073171
3249 47 11 7 51 0.148936170212766 0.636363636363636 0.137254901960784
3257 407 160 78 489 0.191646191646192 0.4875 0.159509202453988
3265 41 14 8 47 0.195121951219512 0.571428571428571 0.170212765957447
3277 111 1 0 112 0 0 0
3292 311 9 7 313 0.022508038585209 0.777777777777778 0.0223642172523962
32978 3 1 1 3 0.333333333333333 1 0.333333333333333
3301 55 1 1 55 0.0181818181818182 1 0.0181818181818182
3303 389 20 14 395 0.0359897172236504 0.7 0.0354430379746835
3320 440 14 7 447 0.0159090909090909 0.5 0.0156599552572707
3327 318 12 11 319 0.0345911949685535 0.916666666666667 0.0344827586206897
3333 147 5 3 149 0.0204081632653061 0.6 0.0201342281879195
3343 20 6 3 23 0.15 0.5 0.130434782608696
33437 1 11 1 11 1 0.0909090909090909 0.0909090909090909
3344 24 12 6 30 0.25 0.5 0.2
3352 60 3 1 62 0.0166666666666667 0.333333333333333 0.0161290322580645
3356 1421 40 33 1428 0.0232230823363828 0.825 0.023109243697479
33843 31 10 6 35 0.193548387096774 0.6 0.171428571428571
34081 5 2 2 5 0.4 1 0.4
34159 4 1 1 4 0.25 1 0.25
34225 28 4 3 29 0.107142857142857 0.75 0.103448275862069
34243 1 1 1 1 1 1 1
34288 5 3 1 7 0.2 0.333333333333333 0.142857142857143
34309 27 35 8 54 0.296296296296296 0.228571428571429 0.148148148148148
34419 8 4 2 10 0.25 0.5 0.2
34549 8 1 0 9 0 0 0
34631 3 2 2 3 0.666666666666667 1 0.666666666666667
34763 64 11 4 71 0.0625 0.363636363636364 0.0563380281690141
34806 3 1 0 4 0 0 0
35003 2 1 1 2 0.5 1 0.5
35028 30 4 4 30 0.133333333333333 1 0.133333333333333
35244 23 12 9 26 0.391304347826087 0.75 0.346153846153846
35272 4 1 1 4 0.25 1 0.25
35425 7 2 2 7 0.285714285714286 1 0.285714285714286
35485 4 1 1 4 0.25 1 0.25
3549 970 75 60 985 0.0618556701030928 0.8 0.0609137055837563
35492 3 1 1 3 0.333333333333333 1 0.333333333333333
3551 1 1 0 2 0 0 0
3557 80 17 8 89 0.1 0.470588235294118 0.0898876404494382
35612 4 2 0 6 0 0 0
35627 5 2 2 5 0.4 1 0.4
35706 14 4 2 16 0.142857142857143 0.5 0.125
3597 8 1 1 8 0.125 1 0.125
3640 4 1 1 4 0.25 1 0.25
36472 8 1 0 9 0 0 0
3661 3 1 1 3 0.333333333333333 1 0.333333333333333
3662 13 1 1 13 0.0769230769230769 1 0.0769230769230769
36810 2 1 0 3 0 0 0
36856 2 2 0 4 0 0 0
376 14 1 1 14 0.0714285714285714 1 0.0714285714285714
378 3 1 1 3 0.333333333333333 1 0.333333333333333
3790 3 1 1 3 0.333333333333333 1 0.333333333333333
38005 1 2 1 2 1 0.5 0.5
38018 8 3 3 8 0.375 1 0.375
38022 15 3 3 15 0.2 1 0.2
38083 2 1 1 2 0.5 1 0.5
38128 1 1 0 2 0 0 0
38140 2 1 1 2 0.5 1 0.5
3825 1 3 0 4 0 0 0
38299 1 1 1 1 1 1 1
3836 6 7 1 12 0.166666666666667 0.142857142857143 0.0833333333333333
38462 2 1 1 2 0.5 1 0.5
38986 3 1 1 3 0.333333333333333 1 0.333333333333333
39122 4 1 1 4 0.25 1 0.25
39211 1 1 1 1 1 1 1
39301 2 2 2 2 1 1 1
39326 38 9 6 41 0.157894736842105 0.666666666666667 0.146341463414634
39854 1 2 1 2 1 0.5 0.5
3999 1 1 1 1 1 1 1
40009 31 3 1 33 0.032258064516129 0.333333333333333 0.0303030303030303
40193 7 1 0 8 0 0 0
40220 11 2 2 11 0.181818181818182 1 0.181818181818182
40490 2 1 1 2 0.5 1 0.5
40528 3 2 2 3 0.666666666666667 1 0.666666666666667
41075 3 1 0 4 0 0 0
41102 1 6 1 6 1 0.166666666666667 0.166666666666667
4134 76 2 0 78 0 0 0
41670 1 1 0 2 0 0 0
41692 228 60 43 245 0.18859649122807 0.716666666666667 0.175510204081633
41773 1 1 1 1 1 1 1
42 83 2 2 83 0.0240963855421687 1 0.0240963855421687
42689 1 1 1 1 1 1 1
4436 84 10 9 85 0.107142857142857 0.9 0.105882352941176
4538 18 7 5 20 0.277777777777778 0.714285714285714 0.25
4555 1 3 0 4 0 0 0
4557 8 2 2 8 0.25 1 0.25
4589 675 50 45 680 0.0666666666666667 0.9 0.0661764705882353
4608 3 1 1 3 0.333333333333333 1 0.333333333333333
4618 16 4 1 19 0.0625 0.25 0.0526315789473684
4621 28 3 2 29 0.0714285714285714 0.666666666666667 0.0689655172413793
4635 76 11 10 77 0.131578947368421 0.909090909090909 0.12987012987013
4641 2 2 1 3 0.5 0.5 0.333333333333333
4645 16 2 1 17 0.0625 0.5 0.0588235294117647
4651 30 7 5 32 0.166666666666667 0.714285714285714 0.15625
4673 8 1 1 8 0.125 1 0.125
4675 6 5 1 10 0.166666666666667 0.2 0.1
4677 6 1 1 6 0.166666666666667 1 0.166666666666667
4678 8 6 3 11 0.375 0.5 0.272727272727273
4680 10 5 2 13 0.2 0.4 0.153846153846154
4685 9 5 3 11 0.333333333333333 0.6 0.272727272727273
4688 11 6 3 14 0.272727272727273 0.5 0.214285714285714
4691 9 12 4 17 0.444444444444444 0.333333333333333 0.235294117647059
4697 3 16 3 16 1 0.1875 0.1875
4702 5 3 1 7 0.2 0.333333333333333 0.142857142857143
4713 87 4 4 87 0.0459770114942529 1 0.0459770114942529
4716 84 21 10 95 0.119047619047619 0.476190476190476 0.105263157894737
4717 3 2 2 3 0.666666666666667 1 0.666666666666667
4718 3 4 1 6 0.333333333333333 0.25 0.166666666666667
4721 11 6 1 16 0.0909090909090909 0.166666666666667 0.0625
4725 130 30 13 147 0.1 0.433333333333333 0.0884353741496599
4741 9 2 0 11 0 0 0
4747 9 2 0 11 0 0 0
4750 43 2 1 44 0.0232558139534884 0.5 0.0227272727272727
4755 99 1 1 99 0.0101010101010101 1 0.0101010101010101
4761 47 3 2 48 0.0425531914893617 0.666666666666667 0.0416666666666667
4768 20 1 1 20 0.05 1 0.05
4775 47 1 1 47 0.0212765957446809 1 0.0212765957446809
4777 26 7 5 28 0.192307692307692 0.714285714285714 0.178571428571429
4780 25 2 1 26 0.04 0.5 0.0384615384615385
4782 3 1 0 4 0 0 0
4787 8 3 0 11 0 0 0
4788 155 7 4 158 0.0258064516129032 0.571428571428571 0.0253164556962025
4795 36 6 2 40 0.0555555555555556 0.333333333333333 0.05
4796 3 1 1 3 0.333333333333333 1 0.333333333333333
4818 4 1 0 5 0 0 0
5050 18 2 2 18 0.111111111111111 1 0.111111111111111
513 41 8 6 43 0.146341463414634 0.75 0.13953488372093
5381 13 1 1 13 0.0769230769230769 1 0.0769230769230769
5385 12 6 3 15 0.25 0.5 0.2
5401 3 1 1 3 0.333333333333333 1 0.333333333333333
5408 29 1 1 29 0.0344827586206897 1 0.0344827586206897
5410 61 2 1 62 0.0163934426229508 0.5 0.0161290322580645
5413 197 2 1 198 0.0050761421319797 0.5 0.00505050505050505
5421 3 1 1 3 0.333333333333333 1 0.333333333333333
5430 197 22 19 200 0.0964467005076142 0.863636363636364 0.095
5459 232 10 10 232 0.0431034482758621 1 0.0431034482758621
5466 70 2 1 71 0.0142857142857143 0.5 0.0140845070422535
5486 37 2 0 39 0 0 0
5511 168 23 18 173 0.107142857142857 0.782608695652174 0.104046242774566
553 44 17 13 48 0.295454545454545 0.764705882352941 0.270833333333333
5537 24 2 1 25 0.0416666666666667 0.5 0.04
5539 33 41 15 59 0.454545454545455 0.365853658536585 0.254237288135593
5549 3 2 2 3 0.666666666666667 1 0.666666666666667
5550 4 2 1 5 0.25 0.5 0.2
5568 96 7 4 99 0.0416666666666667 0.571428571428571 0.0404040404040404
557 6 1 1 6 0.166666666666667 1 0.166666666666667
559 57 18 17 58 0.298245614035088 0.944444444444444 0.293103448275862
5602 16 3 1 18 0.0625 0.333333333333333 0.0555555555555556
5609 2 7 0 9 0 0 0
5617 151 1 1 151 0.00662251655629139 1 0.00662251655629139
5623 1 3 0 4 0 0 0
5669 11 3 0 14 0 0 0
57 22 3 3 22 0.136363636363636 1 0.136363636363636
5707 3 1 1 3 0.333333333333333 1 0.333333333333333
5713 136 2 1 137 0.00735294117647059 0.5 0.0072992700729927
577 117 1 1 117 0.00854700854700855 1 0.00854700854700855
6057 5 3 2 6 0.4 0.666666666666667 0.333333333333333
6062 10 2 0 12 0 0 0
6066 3 1 0 4 0 0 0
6083 27 7 5 29 0.185185185185185 0.714285714285714 0.172413793103448
6140 117 1 0 118 0 0 0
6163 11 1 1 11 0.0909090909090909 1 0.0909090909090909
6182 1 1 1 1 1 1 1
6263 3 1 1 3 0.333333333333333 1 0.333333333333333
6320 311 1 0 312 0 0 0
6342 4 1 0 5 0 0 0
6360 11 2 2 11 0.181818181818182 1 0.181818181818182
6435 3 10 0 13 0 0 0
6453 443 54 43 454 0.0970654627539503 0.796296296296296 0.0947136563876652
6509 41 5 5 41 0.121951219512195 1 0.121951219512195
65100 1 1 1 1 1 1 1
6536 15 2 0 17 0 0 0
65500 6 1 0 7 0 0 0
65535 4 1 0 5 0 0 0
6619 14 2 1 15 0.0714285714285714 0.5 0.0666666666666667
6629 2 1 1 2 0.5 1 0.5
6648 28 1 1 28 0.0357142857142857 1 0.0357142857142857
6666 36 17 11 42 0.305555555555556 0.647058823529412 0.261904761904762
6667 487 84 80 491 0.164271047227926 0.952380952380952 0.162932790224033
668 37 6 3 40 0.0810810810810811 0.5 0.075
6695 152 17 15 154 0.0986842105263158 0.882352941176471 0.0974025974025974
6696 9 3 2 10 0.222222222222222 0.666666666666667 0.2
6706 7 4 3 8 0.428571428571429 0.75 0.375
6730 612 4 4 612 0.0065359477124183 1 0.0065359477124183
6762 140 27 20 147 0.142857142857143 0.740740740740741 0.136054421768707
6770 43 13 8 48 0.186046511627907 0.615384615384615 0.166666666666667
6772 13 4 4 13 0.307692307692308 1 0.307692307692308
6774 83 15 11 87 0.132530120481928 0.733333333333333 0.126436781609195
6775 4 1 1 4 0.25 1 0.25
680 52 12 10 54 0.192307692307692 0.833333333333333 0.185185185185185
6802 7 2 2 7 0.285714285714286 1 0.285714285714286
6830 270 80 34 316 0.125925925925926 0.425 0.107594936708861
6881 69 1 1 69 0.0144927536231884 1 0.0144927536231884
6895 4 1 1 4 0.25 1 0.25
6939 667 71 48 690 0.0719640179910045 0.676056338028169 0.0695652173913043
701 2772 14 10 2776 0.00360750360750361 0.714285714285714 0.00360230547550432
7018 2112 10 5 2117 0.00236742424242424 0.5 0.00236183278223902
7019 1 1 1 1 1 1 1
7065 13 3 1 15 0.0769230769230769 0.333333333333333 0.0666666666666667
7066 22 3 3 22 0.136363636363636 1 0.136363636363636
719 14 1 0 15 0 0 0
7377 3 1 0 4 0 0 0
7470 28 1 1 28 0.0357142857142857 1 0.0357142857142857
7500 65 6 2 69 0.0307692307692308 0.333333333333333 0.0289855072463768
7514 19 8 4 23 0.210526315789474 0.5 0.173913043478261
7516 3 1 0 4 0 0 0
7521 4 2 1 5 0.25 0.5 0.2
7522 6 7 2 11 0.333333333333333 0.285714285714286 0.181818181818182
7530 2 1 0 3 0 0 0
7539 23 9 7 25 0.304347826086957 0.777777777777778 0.28
7573 1 1 1 1 1 1 1
7575 421 75 72 424 0.171021377672209 0.96 0.169811320754717
7606 49 3 3 49 0.0612244897959184 1 0.0612244897959184
7610 13 2 0 15 0 0 0
766 17 5 4 18 0.235294117647059 0.8 0.222222222222222
7660 38 18 13 43 0.342105263157895 0.722222222222222 0.302325581395349
7665 2 1 1 2 0.5 1 0.5
7667 5 1 0 6 0 0 0
7668 10 1 0 11 0 0 0
7670 20 2 1 21 0.05 0.5 0.0476190476190476
7671 4 32 3 33 0.75 0.09375 0.0909090909090909
7682 11 3 2 12 0.181818181818182 0.666666666666667 0.166666666666667
7687 4 1 1 4 0.25 1 0.25
7753 6 1 1 6 0.166666666666667 1 0.166666666666667
7781 2 4 1 5 0.5 0.25 0.2
7784 36 3 2 37 0.0555555555555556 0.666666666666667 0.0540540540540541
7786 7 1 0 8 0 0 0
786 48 9 4 53 0.0833333333333333 0.444444444444444 0.0754716981132075
790 1 2 1 2 1 0.5 0.5
7908 33 4 3 34 0.0909090909090909 0.75 0.0882352941176471
7949 9 2 0 11 0 0 0
8002 37 3 2 38 0.0540540540540541 0.666666666666667 0.0526315789473684
8018 2 1 1 2 0.5 1 0.5
81 17 1 1 17 0.0588235294117647 1 0.0588235294117647
8121 41 6 3 44 0.0731707317073171 0.5 0.0681818181818182
8195 49 8 6 51 0.122448979591837 0.75 0.117647058823529
8201 7 3 1 9 0.142857142857143 0.333333333333333 0.111111111111111
8220 522 13 13 522 0.024904214559387 1 0.024904214559387
8224 7 3 2 8 0.285714285714286 0.666666666666667 0.25
8226 4 2 0 6 0 0 0
8237 7 2 2 7 0.285714285714286 1 0.285714285714286
8246 168 1 0 169 0 0 0
8256 1 1 1 1 1 1 1
8267 2 1 1 2 0.5 1 0.5
8282 10 4 1 13 0.1 0.25 0.0769230769230769
8299 7 1 0 8 0 0 0
8312 10 1 1 10 0.1 1 0.1
8319 30 11 9 32 0.3 0.818181818181818 0.28125
8330 8 3 1 10 0.125 0.333333333333333 0.1
8346 3 1 1 3 0.333333333333333 1 0.333333333333333
8364 10 1 0 11 0 0 0
8365 86 18 14 90 0.162790697674419 0.777777777777778 0.155555555555556
8368 13 2 1 14 0.0769230769230769 0.5 0.0714285714285714
8387 13 1 1 13 0.0769230769230769 1 0.0769230769230769
8419 203 5 4 204 0.0197044334975369 0.8 0.0196078431372549
8422 95 8 3 100 0.0315789473684211 0.375 0.03
8426 253 10 7 256 0.0276679841897233 0.7 0.02734375
8447 415 19 16 418 0.0385542168674699 0.842105263157895 0.0382775119617225
8468 476 1 1 476 0.00210084033613445 1 0.00210084033613445
8469 31 10 9 32 0.290322580645161 0.9 0.28125
8473 23 3 2 24 0.0869565217391304 0.666666666666667 0.0833333333333333
8481 3 1 0 4 0 0 0
8489 5 2 1 6 0.2 0.5 0.166666666666667
8495 12 1 1 12 0.0833333333333333 1 0.0833333333333333
8501 32 10 10 32 0.3125 1 0.3125
8508 5 1 1 5 0.2 1 0.2
8517 18 1 1 18 0.0555555555555556 1 0.0555555555555556
852 137 1 1 137 0.0072992700729927 1 0.0072992700729927
8527 16 2 2 16 0.125 1 0.125
855 24 1 1 24 0.0416666666666667 1 0.0416666666666667
8560 68 16 12 72 0.176470588235294 0.75 0.166666666666667
8565 12 1 0 13 0 0 0
8586 71 5 4 72 0.0563380281690141 0.8 0.0555555555555556
8591 25 6 3 28 0.12 0.5 0.107142857142857
8657 95 4 2 97 0.0210526315789474 0.5 0.0206185567010309
8664 13 2 1 14 0.0769230769230769 0.5 0.0714285714285714
8665 21 14 7 28 0.333333333333333 0.5 0.25
8674 52 5 3 54 0.0576923076923077 0.6 0.0555555555555556
8676 5 2 1 6 0.2 0.5 0.166666666666667
8717 52 1 1 52 0.0192307692307692 1 0.0192307692307692
8728 1 1 1 1 1 1 1
8737 37 7 3 41 0.0810810810810811 0.428571428571429 0.0731707317073171
8758 8 3 3 8 0.375 1 0.375
8763 138 38 35 141 0.253623188405797 0.921052631578947 0.24822695035461
8767 55 17 12 60 0.218181818181818 0.705882352941177 0.2
8820 45 4 3 46 0.0666666666666667 0.75 0.0652173913043478
8823 6 2 1 7 0.166666666666667 0.5 0.142857142857143
8881 166 13 11 168 0.0662650602409639 0.846153846153846 0.0654761904761905
8897 55 10 6 59 0.109090909090909 0.6 0.101694915254237
8903 13 5 0 18 0 0 0
8943 17 4 3 18 0.176470588235294 0.75 0.166666666666667
8954 22 7 3 26 0.136363636363636 0.428571428571429 0.115384615384615
8966 75 1 1 75 0.0133333333333333 1 0.0133333333333333
8970 2 1 1 2 0.5 1 0.5
8975 68 3 2 69 0.0294117647058824 0.666666666666667 0.0289855072463768
8978 4 1 1 4 0.25 1 0.25
9009 147 20 13 154 0.0884353741496599 0.65 0.0844155844155844
9052 3 2 0 5 0 0 0
9080 10 3 2 11 0.2 0.666666666666667 0.181818181818182
9085 6 1 1 6 0.166666666666667 1 0.166666666666667
9112 10 1 1 10 0.1 1 0.1
9150 31 2 2 31 0.0645161290322581 1 0.0645161290322581
9153 35 3 3 35 0.0857142857142857 1 0.0857142857142857
9162 2 1 0 3 0 0 0
9264 66 39 10 95 0.151515151515152 0.256410256410256 0.105263157894737
9270 28 8 6 30 0.214285714285714 0.75 0.2
9299 43 2 1 44 0.0232558139534884 0.5 0.0227272727272727
9316 34 1 0 35 0 0 0
9327 2 1 0 3 0 0 0
9340 8 2 0 10 0 0 0
9406 2 2 1 3 0.5 0.5 0.333333333333333
9505 103 3 3 103 0.029126213592233 1 0.029126213592233
9534 5 1 1 5 0.2 1 0.2
9541 6 3 0 9 0 0 0
9543 3 1 1 3 0.333333333333333 1 0.333333333333333
9583 34 1 0 35 0 0 0
9584 9 1 1 9 0.111111111111111 1 0.111111111111111
9595 10 2 2 10 0.2 1 0.2
9600 6 7 3 10 0.5 0.428571428571429 0.3
9607 7 1 0 8 0 0 0
9619 2 2 2 2 1 1 1
9621 3 6 1 8 0.333333333333333 0.166666666666667 0.125
9622 5 1 1 5 0.2 1 0.2
9687 3 1 1 3 0.333333333333333 1 0.333333333333333
9700 6 2 2 6 0.333333333333333 1 0.333333333333333
9758 1 1 0 2 0 0 0
9800 34 2 0 36 0 0 0
9821 3 2 2 3 0.666666666666667 1 0.666666666666667
9875 3 1 1 3 0.333333333333333 1 0.333333333333333
9901 21 3 2 22 0.0952380952380952 0.666666666666667 0.0909090909090909
9919 18 1 0 19 0 0 0
9930 17 1 1 17 0.0588235294117647 1 0.0588235294117647
9931 24 1 1 24 0.0416666666666667 1 0.0416666666666667
9995 3 2 2 3 0.666666666666667 1 0.666666666666667
