#ASN num_v4adj num_v6adj num_intersect(v4v6adj) num_union(adj) fr_v4(num_intersect/num_v4adj) fr_v6(num_intersect/num_v6adj) fr_intersect(num_intersect/num_union)
10013 3 9 1 11 0.333333333333333 0.111111111111111 0.0909090909090909
10015 14 1 0 15 0 0 0
10204 6 2 1 7 0.166666666666667 0.5 0.142857142857143
10318 4 3 0 7 0 0 0
10764 11 2 2 11 0.181818181818182 1 0.181818181818182
109 8 28 1 35 0.125 0.0357142857142857 0.0285714285714286
1103 150 34 30 154 0.2 0.882352941176471 0.194805194805195
11085 1 2 0 3 0 0 0
11340 7 2 2 7 0.285714285714286 1 0.285714285714286
11537 80 28 26 82 0.325 0.928571428571429 0.317073170731707
11588 13 1 0 14 0 0 0
1200 27 9 5 31 0.185185185185185 0.555555555555556 0.161290322580645
12111 22 2 1 23 0.0454545454545455 0.5 0.0434782608695652
1213 5 4 3 6 0.6 0.75 0.5
12199 1 1 0 2 0 0 0
1221 83 5 1 87 0.0120481927710843 0.2 0.0114942528735632
12337 28 10 5 33 0.178571428571429 0.5 0.151515151515152
12353 3 4 1 6 0.333333333333333 0.25 0.166666666666667
12355 3 2 0 5 0 0 0
1237 25 2 2 25 0.08 1 0.08
12371 2 1 0 3 0 0 0
12414 28 9 7 30 0.25 0.777777777777778 0.233333333333333
1248 4 3 1 6 0.25 0.333333333333333 0.166666666666667
1251 4 4 0 8 0 0 0
12533 2 5 1 6 0.5 0.2 0.166666666666667
12558 13 3 1 15 0.0769230769230769 0.333333333333333 0.0666666666666667
12565 3 4 0 7 0 0 0
1257 85 6 0 91 0 0 0
12600 7 1 1 7 0.142857142857143 1 0.142857142857143
12611 24 9 6 27 0.25 0.666666666666667 0.222222222222222
12634 24 15 6 33 0.25 0.4 0.181818181818182
12638 2 2 0 4 0 0 0
12731 29 9 5 33 0.172413793103448 0.555555555555556 0.151515151515152
12732 12 4 3 13 0.25 0.75 0.230769230769231
12767 3 1 0 4 0 0 0
12779 61 13 6 68 0.0983606557377049 0.461538461538462 0.0882352941176471
12793 168 7 5 170 0.0297619047619048 0.714285714285714 0.0294117647058824
12853 1 4 0 5 0 0 0
12859 222 52 46 228 0.207207207207207 0.884615384615385 0.201754385964912
12871 24 15 6 33 0.25 0.4 0.181818181818182
12895 4 1 1 4 0.25 1 0.25
12902 27 10 6 31 0.222222222222222 0.6 0.193548387096774
12931 3 1 1 3 0.333333333333333 1 0.333333333333333
12956 226 1 1 226 0.00442477876106195 1 0.00442477876106195
12968 46 7 1 52 0.0217391304347826 0.142857142857143 0.0192307692307692
1299 283 13 11 285 0.03886925795053 0.846153846153846 0.0385964912280702
13 3 1 1 3 0.333333333333333 1 0.333333333333333
13039 2 1 1 2 0.5 1 0.5
13046 15 1 1 15 0.0666666666666667 1 0.0666666666666667
13058 2 2 0 4 0 0 0
13110 3 7 0 10 0 0 0
13129 245 8 6 247 0.0244897959183673 0.75 0.0242914979757085
13189 19 1 1 19 0.0526315789473684 1 0.0526315789473684
13193 22 8 2 28 0.0909090909090909 0.25 0.0714285714285714
13272 1 1 1 1 1 1 1
13285 35 1 0 36 0 0 0
13300 1 1 1 1 1 1 1
13645 10 2 0 12 0 0 0
137 8 4 1 11 0.125 0.25 0.0909090909090909
13944 3 13 0 16 0 0 0
14277 10 9 2 17 0.2 0.222222222222222 0.117647058823529
145 8 9 0 17 0 0 0
14654 3 1 0 4 0 0 0
15180 7 5 0 12 0 0 0
15440 5 1 0 6 0 0 0
15444 241 22 17 246 0.0705394190871369 0.772727272727273 0.0691056910569106
15450 4 3 0 7 0 0 0
15469 1 1 0 2 0 0 0
15498 9 3 0 12 0 0 0
15516 4 4 0 8 0 0 0
15557 53 1 0 54 0 0 0
15589 36 16 2 50 0.0555555555555556 0.125 0.04
15600 31 10 4 37 0.129032258064516 0.4 0.108108108108108
15623 16 4 1 19 0.0625 0.25 0.0526315789473684
15685 10 1 1 10 0.1 1 0.1
15694 25 1 0 26 0 0 0
15703 58 12 5 65 0.0862068965517241 0.416666666666667 0.0769230769230769
15709 2 1 0 3 0 0 0
15717 46 9 4 51 0.0869565217391304 0.444444444444444 0.0784313725490196
15861 6 1 0 7 0 0 0
15897 1 2 0 3 0 0 0
15997 12 2 0 14 0 0 0
16004 8 3 1 10 0.125 0.333333333333333 0.1
16023 3 2 0 5 0 0 0
16034 15 3 0 18 0 0 0
16086 14 5 2 17 0.142857142857143 0.4 0.117647058823529
16091 2 2 0 4 0 0 0
16131 24 2 1 25 0.0416666666666667 0.5 0.04
16186 6 5 1 10 0.166666666666667 0.2 0.1
16215 9 4 3 10 0.333333333333333 0.75 0.3
16237 21 4 2 23 0.0952380952380952 0.5 0.0869565217391304
16245 10 4 2 12 0.2 0.5 0.166666666666667
16260 22 2 1 23 0.0454545454545455 0.5 0.0434782608695652
1653 25 2 1 26 0.04 0.5 0.0384615384615385
16531 6 1 0 7 0 0 0
16713 23 4 2 25 0.0869565217391304 0.5 0.08
16838 7 2 0 9 0 0 0
17263 3 1 0 4 0 0 0
1741 9 3 2 10 0.222222222222222 0.666666666666667 0.2
17511 7 2 0 9 0 0 0
17527 5 7 2 10 0.4 0.285714285714286 0.2
17529 5 1 0 6 0 0 0
17579 7 7 5 9 0.714285714285714 0.714285714285714 0.555555555555556
1759 28 1 1 28 0.0357142857142857 1 0.0357142857142857
17709 13 1 0 14 0 0 0
17828 2 1 0 3 0 0 0
17832 6 12 0 18 0 0 0
17934 1 1 0 2 0 0 0
17935 1 1 0 2 0 0 0
1797 1 2 0 3 0 0 0
1798 4 2 0 6 0 0 0
18098 1 1 0 2 0 0 0
18181 3 1 1 3 0.333333333333333 1 0.333333333333333
18185 5 2 2 5 0.4 1 0.4
1835 5 3 2 6 0.4 0.666666666666667 0.333333333333333
1853 87 14 12 89 0.137931034482759 0.857142857142857 0.134831460674157
18592 19 3 3 19 0.157894736842105 1 0.157894736842105
1897 9 2 1 10 0.111111111111111 0.5 0.1
1916 16 8 3 21 0.1875 0.375 0.142857142857143
1930 5 13 2 16 0.4 0.153846153846154 0.125
1955 10 3 1 12 0.1 0.333333333333333 0.0833333333333333
20080 13 4 4 13 0.307692307692308 1 0.307692307692308
2042 10 10 1 19 0.1 0.1 0.0526315789473684
20495 76 8 5 79 0.0657894736842105 0.625 0.0632911392405063
20569 6 3 2 7 0.333333333333333 0.666666666666667 0.285714285714286
20612 3 1 1 3 0.333333333333333 1 0.333333333333333
20621 2 1 1 2 0.5 1 0.5
20646 45 12 10 47 0.222222222222222 0.833333333333333 0.212765957446809
20704 14 3 2 15 0.142857142857143 0.666666666666667 0.133333333333333
20712 6 1 0 7 0 0 0
20718 24 2 1 25 0.0416666666666667 0.5 0.04
20745 2 6 0 8 0 0 0
20794 3 3 1 5 0.333333333333333 0.333333333333333 0.2
20834 35 6 0 41 0 0 0
20847 35 12 8 39 0.228571428571429 0.666666666666667 0.205128205128205
209 1112 1 1 1112 0.000899280575539568 1 0.000899280575539568
20900 2 1 0 3 0 0 0
20912 2 1 0 3 0 0 0
20965 40 31 31 40 0.775 1 0.775
210 9 1 1 9 0.111111111111111 1 0.111111111111111
2107 1 1 1 1 1 1 1
2108 1 1 1 1 1 1 1
2110 41 10 4 47 0.0975609756097561 0.4 0.0851063829787234
21119 8 2 0 10 0 0 0
21155 37 15 7 45 0.189189189189189 0.466666666666667 0.155555555555556
21193 3 1 1 3 0.333333333333333 1 0.333333333333333
21202 42 2 2 42 0.0476190476190476 1 0.0476190476190476
21221 26 11 7 30 0.269230769230769 0.636363636363636 0.233333333333333
2128 2 1 1 2 0.5 1 0.5
21385 25 11 6 30 0.24 0.545454545454545 0.2
21392 26 9 5 30 0.192307692307692 0.555555555555556 0.166666666666667
21398 22 4 1 25 0.0454545454545455 0.25 0.04
21501 6 1 0 7 0 0 0
2200 42 6 3 45 0.0714285714285714 0.5 0.0666666666666667
22166 2 1 0 3 0 0 0
22335 21 2 1 22 0.0476190476190476 0.5 0.0454545454545455
224 6 3 2 7 0.333333333333333 0.666666666666667 0.285714285714286
22548 4 2 0 6 0 0 0
23774 3 2 1 4 0.333333333333333 0.5 0.25
23787 1 1 1 1 1 1 1
2381 18 1 1 18 0.0555555555555556 1 0.0555555555555556
2386 5 1 1 5 0.2 1 0.2
23910 2 1 1 2 0.5 1 0.5
23911 2 2 1 3 0.5 0.5 0.333333333333333
23912 1 1 0 2 0 0 0
24 7 1 1 7 0.142857142857143 1 0.142857142857143
24587 32 9 5 36 0.15625 0.555555555555556 0.138888888888889
24723 2 5 0 7 0 0 0
24730 31 7 3 35 0.0967741935483871 0.428571428571429 0.0857142857142857
24776 4 2 1 5 0.25 0.5 0.2
2486 9 1 1 9 0.111111111111111 1 0.111111111111111
24875 45 9 4 50 0.0888888888888889 0.444444444444444 0.08
2497 201 53 36 218 0.17910447761194 0.679245283018868 0.165137614678899
24973 2 1 1 2 0.5 1 0.5
2500 32 47 12 67 0.375 0.25531914893617 0.17910447761194
2510 13 8 3 18 0.230769230769231 0.375 0.166666666666667
25108 12 2 1 13 0.0833333333333333 0.5 0.0769230769230769
25137 21 5 2 24 0.0952380952380952 0.4 0.0833333333333333
2514 18 4 3 19 0.166666666666667 0.75 0.157894736842105
25152 21 5 3 23 0.142857142857143 0.6 0.130434782608696
2516 300 42 32 310 0.106666666666667 0.761904761904762 0.103225806451613
2518 44 8 5 47 0.113636363636364 0.625 0.106382978723404
2519 23 1 0 24 0 0 0
25208 5 2 0 7 0 0 0
25232 27 6 2 31 0.0740740740740741 0.333333333333333 0.0645161290322581
2527 9 7 3 13 0.333333333333333 0.428571428571429 0.230769230769231
25358 10 11 1 20 0.1 0.0909090909090909 0.05
25384 6 2 0 8 0 0 0
2549 1 4 1 4 1 0.25 0.25
25492 18 2 0 20 0 0 0
25538 2 1 0 3 0 0 0
25560 22 11 7 26 0.318181818181818 0.636363636363636 0.269230769230769
2586 5 3 0 8 0 0 0
2594 8 1 1 8 0.125 1 0.125
2595 3 2 1 4 0.333333333333333 0.5 0.25
2602 2 2 1 3 0.5 0.5 0.333333333333333
2603 35 11 6 40 0.171428571428571 0.545454545454545 0.15
2607 45 5 0 50 0 0 0
2609 3 1 0 4 0 0 0
2611 38 7 5 40 0.131578947368421 0.714285714285714 0.125
2614 10 2 1 11 0.1 0.5 0.0909090909090909
26415 13 2 0 15 0 0 0
27319 20 2 2 20 0.1 1 0.1
27552 4 1 1 4 0.25 1 0.25
278 9 8 1 16 0.111111111111111 0.125 0.0625
2819 17 3 0 20 0 0 0
2847 2 3 1 4 0.5 0.333333333333333 0.25
2852 6 4 3 7 0.5 0.75 0.428571428571429
28747 176 2 2 176 0.0113636363636364 1 0.0113636363636364
28855 8 3 2 9 0.25 0.666666666666667 0.222222222222222
2895 4 1 1 4 0.25 1 0.25
2905 28 2 1 29 0.0357142857142857 0.5 0.0344827586206897
2907 58 5 3 60 0.0517241379310345 0.6 0.05
2914 725 97 52 770 0.0717241379310345 0.536082474226804 0.0675324675324675
2915 35 9 3 41 0.0857142857142857 0.333333333333333 0.0731707317073171
29188 5 1 0 6 0 0 0
29216 1 3 1 3 1 0.333333333333333 0.333333333333333
29243 2 2 2 2 1 1 1
29259 11 2 1 12 0.0909090909090909 0.5 0.0833333333333333
293 114 18 9 123 0.0789473684210526 0.5 0.0731707317073171
29377 1 7 0 8 0 0 0
29422 3 2 1 4 0.333333333333333 0.5 0.25
29449 3 4 1 6 0.333333333333333 0.25 0.166666666666667
29623 1 1 1 1 1 1 1
29629 8 1 1 8 0.125 1 0.125
29670 2 3 1 4 0.5 0.333333333333333 0.25
29686 215 50 44 221 0.204651162790698 0.88 0.199095022624434
29789 4 1 1 4 0.25 1 0.25
29838 8 1 0 9 0 0 0
3 3 1 0 4 0 0 0
30071 2 20 2 20 1 0.1 0.1
30129 1 2 1 2 1 0.5 0.5
30726 6 3 0 9 0 0 0
31079 1 1 0 2 0 0 0
31103 2 6 0 8 0 0 0
3130 20 1 1 20 0.05 1 0.05
31383 11 7 5 13 0.454545454545455 0.714285714285714 0.384615384615385
31479 2 1 1 2 0.5 1 0.5
31968 1 1 0 2 0 0 0
3212 22 1 0 23 0 0 0
3221 1 2 1 2 1 0.5 0.5
3243 12 4 1 15 0.0833333333333333 0.25 0.0666666666666667
3246 113 34 10 137 0.0884955752212389 0.294117647058824 0.072992700729927
3248 11 6 2 15 0.181818181818182 0.333333333333333 0.133333333333333
3249 27 2 1 28 0.037037037037037 0.5 0.0357142857142857
3257 256 121 46 331 0.1796875 0.380165289256198 0.138972809667674
3265 33 18 9 42 0.272727272727273 0.5 0.214285714285714
3274 3 3 0 6 0 0 0
3292 283 8 5 286 0.0176678445229682 0.625 0.0174825174825175
33 8 12 3 17 0.375 0.25 0.176470588235294
3301 28 2 2 28 0.0714285714285714 1 0.0714285714285714
3303 516 28 21 523 0.0406976744186047 0.75 0.0401529636711281
3320 283 21 8 296 0.0282685512367491 0.380952380952381 0.027027027027027
3327 8 7 2 13 0.25 0.285714285714286 0.153846153846154
3333 130 21 19 132 0.146153846153846 0.904761904761905 0.143939393939394
3344 19 11 0 30 0 0 0
3352 55 4 1 58 0.0181818181818182 0.25 0.0172413793103448
3549 618 36 25 629 0.040453074433657 0.694444444444444 0.0397456279809221
3557 82 14 10 86 0.121951219512195 0.714285714285714 0.116279069767442
3582 4 4 0 8 0 0 0
3597 8 1 1 8 0.125 1 0.125
3662 12 1 1 12 0.0833333333333333 1 0.0833333333333333
3741 140 1 0 141 0 0 0
3748 2 6 1 7 0.5 0.166666666666667 0.142857142857143
3758 31 5 0 36 0 0 0
3776 9 2 0 11 0 0 0
378 2 1 1 2 0.5 1 0.5
3786 314 3 1 316 0.00318471337579618 0.333333333333333 0.00316455696202532
3825 1 1 0 2 0 0 0
3836 5 3 0 8 0 0 0
4436 89 4 3 90 0.0337078651685393 0.75 0.0333333333333333
4538 15 15 4 26 0.266666666666667 0.266666666666667 0.153846153846154
4555 1 11 0 12 0 0 0
4589 410 32 23 419 0.0560975609756098 0.71875 0.0548926014319809
4608 3 1 1 3 0.333333333333333 1 0.333333333333333
4618 11 8 0 19 0 0 0
4621 24 1 1 24 0.0416666666666667 1 0.0416666666666667
4645 14 1 1 14 0.0714285714285714 1 0.0714285714285714
4651 26 2 0 28 0 0 0
4673 8 1 1 8 0.125 1 0.125
4675 4 6 2 8 0.5 0.333333333333333 0.25
4677 4 8 2 10 0.5 0.25 0.2
4678 7 9 2 14 0.285714285714286 0.222222222222222 0.142857142857143
4680 8 6 2 12 0.25 0.333333333333333 0.166666666666667
4685 7 7 3 11 0.428571428571429 0.428571428571429 0.272727272727273
4688 11 8 3 16 0.272727272727273 0.375 0.1875
4691 8 15 3 20 0.375 0.2 0.15
4694 83 2 2 83 0.0240963855421687 1 0.0240963855421687
4697 1 27 1 27 1 0.037037037037037 0.037037037037037
4702 5 4 2 7 0.4 0.5 0.285714285714286
4713 82 2 2 82 0.024390243902439 1 0.024390243902439
4716 92 41 14 119 0.152173913043478 0.341463414634146 0.117647058823529
4717 4 3 2 5 0.5 0.666666666666667 0.4
4718 3 5 2 6 0.666666666666667 0.4 0.333333333333333
4721 7 5 0 12 0 0 0
4725 93 27 4 116 0.043010752688172 0.148148148148148 0.0344827586206897
4736 15 1 1 15 0.0666666666666667 1 0.0666666666666667
4741 4 1 0 5 0 0 0
4747 8 1 0 9 0 0 0
4750 35 2 0 37 0 0 0
4774 5 3 2 6 0.4 0.666666666666667 0.333333333333333
4777 28 5 4 29 0.142857142857143 0.8 0.137931034482759
4780 29 1 1 29 0.0344827586206897 1 0.0344827586206897
4795 10 2 0 12 0 0 0
5050 10 1 1 10 0.1 1 0.1
513 35 13 6 42 0.171428571428571 0.461538461538462 0.142857142857143
5381 11 2 0 13 0 0 0
5385 9 5 2 12 0.222222222222222 0.4 0.166666666666667
5397 5 1 0 6 0 0 0
5408 31 7 1 37 0.032258064516129 0.142857142857143 0.027027027027027
5410 39 6 2 43 0.0512820512820513 0.333333333333333 0.0465116279069767
5417 158 26 24 160 0.151898734177215 0.923076923076923 0.15
5418 6 2 2 6 0.333333333333333 1 0.333333333333333
5424 11 12 1 22 0.0909090909090909 0.0833333333333333 0.0454545454545455
5430 48 10 4 54 0.0833333333333333 0.4 0.0740740740740741
5459 152 4 4 152 0.0263157894736842 1 0.0263157894736842
5466 52 2 0 54 0 0 0
5511 186 38 12 212 0.0645161290322581 0.315789473684211 0.0566037735849057
553 33 9 7 35 0.212121212121212 0.777777777777778 0.2
5539 29 44 11 62 0.379310344827586 0.25 0.17741935483871
5550 1 1 1 1 1 1 1
5568 68 3 3 68 0.0441176470588235 1 0.0441176470588235
559 43 18 11 50 0.255813953488372 0.611111111111111 0.22
5602 15 4 3 16 0.2 0.75 0.1875
5609 2 18 0 20 0 0 0
5617 67 7 0 74 0 0 0
5623 1 4 0 5 0 0 0
5669 74 4 3 75 0.0405405405405405 0.75 0.04
5693 9 3 2 10 0.222222222222222 0.666666666666667 0.2
6062 8 2 0 10 0 0 0
6066 4 1 0 5 0 0 0
6163 9 1 0 10 0 0 0
6342 4 3 0 7 0 0 0
6360 8 1 1 8 0.125 1 0.125
6389 31 1 0 32 0 0 0
6435 3 23 0 26 0 0 0
6453 256 7 6 257 0.0234375 0.857142857142857 0.0233463035019455
6461 594 9 8 595 0.0134680134680135 0.888888888888889 0.0134453781512605
6509 34 3 2 35 0.0588235294117647 0.666666666666667 0.0571428571428571
6619 12 1 0 13 0 0 0
6661 25 3 1 27 0.04 0.333333333333333 0.037037037037037
6666 24 5 1 28 0.0416666666666667 0.2 0.0357142857142857
6667 367 41 39 369 0.106267029972752 0.951219512195122 0.105691056910569
668 43 7 3 47 0.0697674418604651 0.428571428571429 0.0638297872340425
6695 69 1 1 69 0.0144927536231884 1 0.0144927536231884
6696 28 9 4 33 0.142857142857143 0.444444444444444 0.121212121212121
6706 3 2 1 4 0.333333333333333 0.5 0.25
6722 2 1 0 3 0 0 0
6730 177 6 6 177 0.0338983050847458 1 0.0338983050847458
6772 7 2 1 8 0.142857142857143 0.5 0.125
680 45 12 5 52 0.111111111111111 0.416666666666667 0.0961538461538462
6830 72 84 17 139 0.236111111111111 0.202380952380952 0.122302158273381
6895 33 1 1 33 0.0303030303030303 1 0.0303030303030303
6939 309 48 14 343 0.0453074433656958 0.291666666666667 0.0408163265306122
7018 1937 5 3 1939 0.00154878678368611 0.6 0.00154718927282104
7065 9 1 1 9 0.111111111111111 1 0.111111111111111
71 10 2 0 12 0 0 0
7500 67 4 3 68 0.0447761194029851 0.75 0.0441176470588235
7514 16 10 4 22 0.25 0.4 0.181818181818182
7516 6 1 0 7 0 0 0
7521 4 3 1 6 0.25 0.333333333333333 0.166666666666667
7522 4 5 2 7 0.5 0.4 0.285714285714286
7530 3 2 0 5 0 0 0
7539 21 4 3 22 0.142857142857143 0.75 0.136363636363636
7570 18 3 2 19 0.111111111111111 0.666666666666667 0.105263157894737
7575 23 3 3 23 0.130434782608696 1 0.130434782608696
7580 1 4 0 5 0 0 0
7610 27 3 2 28 0.0740740740740741 0.666666666666667 0.0714285714285714
7623 12 2 1 13 0.0833333333333333 0.5 0.0769230769230769
766 13 5 3 15 0.230769230769231 0.6 0.2
7660 30 31 14 47 0.466666666666667 0.451612903225806 0.297872340425532
7665 2 1 1 2 0.5 1 0.5
7667 3 5 2 6 0.666666666666667 0.4 0.333333333333333
7668 7 1 1 7 0.142857142857143 1 0.142857142857143
7670 12 1 1 12 0.0833333333333333 1 0.0833333333333333
7671 5 37 4 38 0.8 0.108108108108108 0.105263157894737
7682 9 2 0 11 0 0 0
7687 4 2 1 5 0.25 0.5 0.2
7786 5 1 0 6 0 0 0
786 36 12 2 46 0.0555555555555556 0.166666666666667 0.0434782608695652
790 2 6 1 7 0.5 0.166666666666667 0.142857142857143
8002 24 6 0 30 0 0 0
8015 9 1 0 10 0 0 0
8070 1 4 0 5 0 0 0
81 10 2 0 12 0 0 0
8121 71 3 2 72 0.028169014084507 0.666666666666667 0.0277777777777778
8220 565 8 6 567 0.0106194690265487 0.75 0.0105820105820106
8228 27 1 0 28 0 0 0
8237 7 4 0 11 0 0 0
8251 127 1 1 127 0.0078740157480315 1 0.0078740157480315
8256 2 1 1 2 0.5 1 0.5
8267 1 4 1 4 1 0.25 0.25
8319 26 3 2 27 0.0769230769230769 0.666666666666667 0.0740740740740741
8447 63 13 5 71 0.0793650793650794 0.384615384615385 0.0704225352112676
8469 25 7 5 27 0.2 0.714285714285714 0.185185185185185
8472 50 6 1 55 0.02 0.166666666666667 0.0181818181818182
8473 20 1 1 20 0.05 1 0.05
8501 26 6 6 26 0.230769230769231 1 0.230769230769231
8514 34 5 1 38 0.0294117647058824 0.2 0.0263157894736842
8517 16 1 1 16 0.0625 1 0.0625
8560 44 11 8 47 0.181818181818182 0.727272727272727 0.170212765957447
8565 7 1 0 8 0 0 0
8591 15 4 2 17 0.133333333333333 0.5 0.117647058823529
8657 60 4 2 62 0.0333333333333333 0.5 0.032258064516129
8664 13 5 0 18 0 0 0
8665 4 2 1 5 0.25 0.5 0.2
8674 32 1 1 32 0.03125 1 0.03125
8676 3 2 0 5 0 0 0
8708 121 8 5 124 0.0413223140495868 0.625 0.0403225806451613
8728 1 1 1 1 1 1 1
8758 6 4 1 9 0.166666666666667 0.25 0.111111111111111
8763 108 22 19 111 0.175925925925926 0.863636363636364 0.171171171171171
8767 19 5 3 21 0.157894736842105 0.6 0.142857142857143
8823 4 1 1 4 0.25 1 0.25
8903 36 5 1 40 0.0277777777777778 0.2 0.025
8921 1 2 0 3 0 0 0
8925 3 1 0 4 0 0 0
8943 8 1 0 9 0 0 0
8954 21 20 4 37 0.19047619047619 0.2 0.108108108108108
8966 29 1 1 29 0.0344827586206897 1 0.0344827586206897
8970 1 1 1 1 1 1 1
8973 4 1 0 5 0 0 0
8975 55 2 2 55 0.0363636363636364 1 0.0363636363636364
9044 77 8 2 83 0.025974025974026 0.25 0.0240963855421687
9112 2 9 1 10 0.5 0.111111111111111 0.1
9150 23 2 0 25 0 0 0
9186 19 1 0 20 0 0 0
9196 5 1 0 6 0 0 0
9264 43 16 5 54 0.116279069767442 0.3125 0.0925925925925926
9270 39 9 6 42 0.153846153846154 0.666666666666667 0.142857142857143
9316 25 1 0 26 0 0 0
9407 2 4 2 4 1 0.5 0.5
9416 15 1 0 16 0 0 0
9505 45 2 1 46 0.0222222222222222 0.5 0.0217391304347826
9595 7 4 2 9 0.285714285714286 0.5 0.222222222222222
9600 6 9 2 13 0.333333333333333 0.222222222222222 0.153846153846154
9607 7 3 0 10 0 0 0
9612 2 3 0 5 0 0 0
9619 2 2 2 2 1 1 1
9621 2 6 1 7 0.5 0.166666666666667 0.142857142857143
9622 6 1 1 6 0.166666666666667 1 0.166666666666667
9687 2 1 1 2 0.5 1 0.5
9701 3 1 0 4 0 0 0
9758 1 1 0 2 0 0 0
9821 5 1 1 5 0.2 1 0.2
9844 2 1 0 3 0 0 0
