#ASN num_v4adj num_v6adj num_intersect(v4v6adj) num_union(adj) fr_v4(num_intersect/num_v4adj) fr_v6(num_intersect/num_v6adj) fr_intersect(num_intersect/num_union)
10013 1 2 1 2 1 0.5 0.5
10015 8 1 0 9 0 0 0
10021 18 2 2 18 0.111111111111111 1 0.111111111111111
10026 439 23 19 443 0.0432801822323462 0.826086956521739 0.0428893905191874
101 31 11 8 34 0.258064516129032 0.727272727272727 0.235294117647059
10105 2 1 0 3 0 0 0
102 3 1 1 3 0.333333333333333 1 0.333333333333333
10204 3 4 1 6 0.333333333333333 0.25 0.166666666666667
10217 20 2 2 20 0.1 1 0.1
10248 2 1 1 2 0.5 1 0.5
10310 149 7 6 150 0.0402684563758389 0.857142857142857 0.04
10318 3 1 0 4 0 0 0
10326 8 2 1 9 0.125 0.5 0.111111111111111
10343 2 1 1 2 0.5 1 0.5
10405 3 1 0 4 0 0 0
10429 89 1 1 89 0.0112359550561798 1 0.0112359550561798
10466 28 3 3 28 0.107142857142857 1 0.107142857142857
10480 7 1 1 7 0.142857142857143 1 0.142857142857143
10490 31 5 3 33 0.0967741935483871 0.6 0.0909090909090909
10533 1 2 1 2 1 0.5 0.5
10569 1 1 1 1 1 1 1
10578 27 5 5 27 0.185185185185185 1 0.185185185185185
10586 5 2 0 7 0 0 0
10596 1 1 1 1 1 1 1
10745 2 8 0 10 0 0 0
10778 4 1 0 5 0 0 0
10835 19 1 1 19 0.0526315789473684 1 0.0526315789473684
10848 31 2 2 31 0.0645161290322581 1 0.0645161290322581
10886 40 18 9 49 0.225 0.5 0.183673469387755
109 20 4 0 24 0 0 0
10996 6 1 1 6 0.166666666666667 1 0.166666666666667
1101 1 1 1 1 1 1 1
1103 205 85 81 209 0.395121951219512 0.952941176470588 0.38755980861244
11051 12 2 2 12 0.166666666666667 1 0.166666666666667
11090 3 1 1 3 0.333333333333333 1 0.333333333333333
11096 41 2 2 41 0.0487804878048781 1 0.0487804878048781
111 2 2 1 3 0.5 0.5 0.333333333333333
11164 86 5 4 87 0.0465116279069767 0.8 0.0459770114942529
11170 1 2 0 3 0 0 0
1120 18 5 4 19 0.222222222222222 0.8 0.210526315789474
1125 3 3 3 3 1 1 1
1126 43 12 7 48 0.162790697674419 0.583333333333333 0.145833333333333
11260 23 3 3 23 0.130434782608696 1 0.130434782608696
11274 11 4 3 12 0.272727272727273 0.75 0.25
11317 8 2 2 8 0.25 1 0.25
1132 2 2 2 2 1 1 1
11340 8 1 1 8 0.125 1 0.125
1140 33 13 8 38 0.242424242424242 0.615384615384615 0.210526315789474
11404 54 3 3 54 0.0555555555555556 1 0.0555555555555556
11457 6 1 0 7 0 0 0
11508 4 2 2 4 0.5 1 0.5
11537 130 64 57 137 0.438461538461538 0.890625 0.416058394160584
11588 5 1 1 5 0.2 1 0.2
11590 8 2 1 9 0.125 0.5 0.111111111111111
11666 231 10 8 233 0.0346320346320346 0.8 0.0343347639484979
11686 50 2 2 50 0.04 1 0.04
11694 3 1 1 3 0.333333333333333 1 0.333333333333333
11706 8 3 2 9 0.25 0.666666666666667 0.222222222222222
11734 4 1 0 5 0 0 0
11758 10 2 1 11 0.1 0.5 0.0909090909090909
11815 3 1 0 4 0 0 0
11830 5 1 0 6 0 0 0
11847 7 1 0 8 0 0 0
11960 5 4 4 5 0.8 1 0.8
12 4 1 1 4 0.25 1 0.25
1200 47 17 13 51 0.276595744680851 0.764705882352941 0.254901960784314
12008 34 2 2 34 0.0588235294117647 1 0.0588235294117647
12036 3 2 1 4 0.333333333333333 0.5 0.25
12041 43 20 13 50 0.302325581395349 0.65 0.26
12046 2 1 1 2 0.5 1 0.5
1206 1 1 1 1 1 1 1
1207 1 1 1 1 1 1 1
12111 24 1 1 24 0.0416666666666667 1 0.0416666666666667
12129 29 3 3 29 0.103448275862069 1 0.103448275862069
1213 7 5 5 7 0.714285714285714 1 0.714285714285714
12188 19 4 4 19 0.210526315789474 1 0.210526315789474
1221 128 2 0 130 0 0 0
1224 3 1 1 3 0.333333333333333 1 0.333333333333333
12251 5 1 1 5 0.2 1 0.2
12287 2 1 1 2 0.5 1 0.5
12293 3 2 2 3 0.666666666666667 1 0.666666666666667
12301 109 13 9 113 0.0825688073394495 0.692307692307692 0.079646017699115
12306 81 17 15 83 0.185185185185185 0.882352941176471 0.180722891566265
12312 52 17 15 54 0.288461538461538 0.882352941176471 0.277777777777778
12316 3 1 1 3 0.333333333333333 1 0.333333333333333
12322 67 12 11 68 0.164179104477612 0.916666666666667 0.161764705882353
12329 9 2 1 10 0.111111111111111 0.5 0.1
12335 11 1 1 11 0.0909090909090909 1 0.0909090909090909
12337 61 18 15 64 0.245901639344262 0.833333333333333 0.234375
12347 7 3 3 7 0.428571428571429 1 0.428571428571429
12348 20 1 1 20 0.05 1 0.05
12350 175 5 5 175 0.0285714285714286 1 0.0285714285714286
12355 35 13 10 38 0.285714285714286 0.769230769230769 0.263157894736842
1237 32 4 2 34 0.0625 0.5 0.0588235294117647
12371 2 1 0 3 0 0 0
12374 4 1 1 4 0.25 1 0.25
12381 3 1 1 3 0.333333333333333 1 0.333333333333333
12386 14 3 3 14 0.214285714285714 1 0.214285714285714
12389 763 18 14 767 0.018348623853211 0.777777777777778 0.0182529335071708
1239 1462 4 0 1466 0 0 0
12399 289 1 1 289 0.00346020761245675 1 0.00346020761245675
12401 14 3 2 15 0.142857142857143 0.666666666666667 0.133333333333333
12414 47 17 11 53 0.234042553191489 0.647058823529412 0.207547169811321
12466 3 2 1 4 0.333333333333333 0.5 0.25
12476 9 1 0 10 0 0 0
1248 16 12 8 20 0.5 0.666666666666667 0.4
12496 47 1 0 48 0 0 0
12502 3 2 1 4 0.333333333333333 0.5 0.25
1251 10 2 2 10 0.2 1 0.2
12533 2 1 0 3 0 0 0
12552 84 7 7 84 0.0833333333333333 1 0.0833333333333333
12566 15 5 4 16 0.266666666666667 0.8 0.25
1257 102 72 32 142 0.313725490196078 0.444444444444444 0.225352112676056
12573 42 20 15 47 0.357142857142857 0.75 0.319148936170213
12594 1 1 1 1 1 1 1
12605 18 3 2 19 0.111111111111111 0.666666666666667 0.105263157894737
12611 45 20 12 53 0.266666666666667 0.6 0.226415094339623
12634 47 19 13 53 0.276595744680851 0.684210526315789 0.245283018867925
12637 70 28 25 73 0.357142857142857 0.892857142857143 0.342465753424658
12638 2 3 0 5 0 0 0
12654 45 21 15 51 0.333333333333333 0.714285714285714 0.294117647058824
12657 3 1 1 3 0.333333333333333 1 0.333333333333333
12684 4 1 0 5 0 0 0
12709 2 1 0 3 0 0 0
12714 42 16 10 48 0.238095238095238 0.625 0.208333333333333
1273 286 74 46 314 0.160839160839161 0.621621621621622 0.146496815286624
12731 63 19 14 68 0.222222222222222 0.736842105263158 0.205882352941176
12732 17 8 6 19 0.352941176470588 0.75 0.315789473684211
12757 8 1 0 9 0 0 0
12759 26 6 5 27 0.192307692307692 0.833333333333333 0.185185185185185
12767 15 3 2 16 0.133333333333333 0.666666666666667 0.125
12769 4 1 1 4 0.25 1 0.25
12778 13 1 0 14 0 0 0
12779 86 22 15 93 0.174418604651163 0.681818181818182 0.161290322580645
12782 2 1 1 2 0.5 1 0.5
1280 41 26 17 50 0.414634146341463 0.653846153846154 0.34
12816 1 1 1 1 1 1 1
12817 2 2 2 2 1 1 1
12850 18 5 5 18 0.277777777777778 1 0.277777777777778
12853 2 3 1 4 0.5 0.333333333333333 0.25
12859 589 203 193 599 0.3276740237691 0.950738916256158 0.32220367278798
12871 40 21 14 47 0.35 0.666666666666667 0.297872340425532
12874 213 2 2 213 0.00938967136150235 1 0.00938967136150235
12888 3 1 0 4 0 0 0
12895 9 1 1 9 0.111111111111111 1 0.111111111111111
12902 36 11 8 39 0.222222222222222 0.727272727272727 0.205128205128205
12931 4 2 2 4 0.5 1 0.5
12956 124 14 12 126 0.0967741935483871 0.857142857142857 0.0952380952380952
12964 2 1 1 2 0.5 1 0.5
12968 143 15 10 148 0.0699300699300699 0.666666666666667 0.0675675675675676
12969 17 1 1 17 0.0588235294117647 1 0.0588235294117647
12989 539 34 31 542 0.0575139146567718 0.911764705882353 0.0571955719557196
1299 555 72 69 558 0.124324324324324 0.958333333333333 0.123655913978495
13000 9 4 4 9 0.444444444444444 1 0.444444444444444
13030 1057 291 281 1067 0.265846736045412 0.965635738831615 0.263355201499531
13039 3 1 1 3 0.333333333333333 1 0.333333333333333
13041 8 2 2 8 0.25 1 0.25
13045 4 1 1 4 0.25 1 0.25
13049 9 1 1 9 0.111111111111111 1 0.111111111111111
13062 13 3 1 15 0.0769230769230769 0.333333333333333 0.0666666666666667
13092 4 1 1 4 0.25 1 0.25
131 2 1 1 2 0.5 1 0.5
13105 22 7 4 25 0.181818181818182 0.571428571428571 0.16
131075 1 1 1 1 1 1 1
13110 10 2 2 10 0.2 1 0.2
13115 4 2 2 4 0.5 1 0.5
1312 3 1 1 3 0.333333333333333 1 0.333333333333333
13132 18 12 8 22 0.444444444444444 0.666666666666667 0.363636363636364
13184 41 17 9 49 0.219512195121951 0.529411764705882 0.183673469387755
13189 33 8 7 34 0.212121212121212 0.875 0.205882352941176
13193 56 21 15 62 0.267857142857143 0.714285714285714 0.241935483870968
13210 2 1 1 2 0.5 1 0.5
13237 503 105 89 519 0.176938369781312 0.847619047619048 0.171483622350674
13238 31 1 1 31 0.032258064516129 1 0.032258064516129
13243 5 1 1 5 0.2 1 0.2
13272 2 1 1 2 0.5 1 0.5
13284 19 8 5 22 0.263157894736842 0.625 0.227272727272727
13293 21 3 3 21 0.142857142857143 1 0.142857142857143
13319 7 6 4 9 0.571428571428571 0.666666666666667 0.444444444444444
13448 7 2 1 8 0.142857142857143 0.5 0.125
13645 15 2 1 16 0.0666666666666667 0.5 0.0625
13657 8 2 2 8 0.25 1 0.25
13680 43 13 10 46 0.232558139534884 0.769230769230769 0.217391304347826
137 27 11 11 27 0.407407407407407 1 0.407407407407407
13714 2 1 1 2 0.5 1 0.5
13768 160 3 3 160 0.01875 1 0.01875
13810 2 1 1 2 0.5 1 0.5
13855 4 1 0 5 0 0 0
13867 3 1 0 4 0 0 0
13868 5 1 0 6 0 0 0
13911 3 1 0 4 0 0 0
13945 3 1 0 4 0 0 0
14 5 2 2 5 0.4 1 0.4
14026 6 1 1 6 0.166666666666667 1 0.166666666666667
1406 1 1 1 1 1 1 1
14080 11 2 2 11 0.181818181818182 1 0.181818181818182
14085 5 2 2 5 0.4 1 0.4
14234 3 1 1 3 0.333333333333333 1 0.333333333333333
1424 1 1 1 1 1 1 1
14259 26 3 2 27 0.0769230769230769 0.666666666666667 0.0740740740740741
14262 3 2 2 3 0.666666666666667 1 0.666666666666667
14277 4 5 1 8 0.25 0.2 0.125
14325 11 2 2 11 0.181818181818182 1 0.181818181818182
14383 4 1 1 4 0.25 1 0.25
14492 46 1 1 46 0.0217391304347826 1 0.0217391304347826
14589 20 6 5 21 0.25 0.833333333333333 0.238095238095238
14595 6 2 1 7 0.166666666666667 0.5 0.142857142857143
14609 14 1 1 14 0.0714285714285714 1 0.0714285714285714
14650 1 2 1 2 1 0.5 0.5
14868 10 1 1 10 0.1 1 0.1
14907 3 2 2 3 0.666666666666667 1 0.666666666666667
15022 1 1 1 1 1 1 1
15169 115 40 27 128 0.234782608695652 0.675 0.2109375
15189 4 1 1 4 0.25 1 0.25
15216 3 1 0 4 0 0 0
15226 3 2 0 5 0 0 0
15296 5 1 1 5 0.2 1 0.2
15318 2 1 0 3 0 0 0
15373 2 1 1 2 0.5 1 0.5
15412 407 13 9 411 0.0221130221130221 0.692307692307692 0.0218978102189781
15436 10 2 2 10 0.2 1 0.2
15444 293 18 12 299 0.0409556313993174 0.666666666666667 0.040133779264214
15451 2 1 0 3 0 0 0
15456 3 2 2 3 0.666666666666667 1 0.666666666666667
15469 1 2 0 3 0 0 0
15474 1 1 0 2 0 0 0
15479 11 1 1 11 0.0909090909090909 1 0.0909090909090909
15525 17 1 0 18 0 0 0
15533 22 2 2 22 0.0909090909090909 1 0.0909090909090909
15557 137 1 1 137 0.0072992700729927 1 0.0072992700729927
15576 30 4 4 30 0.133333333333333 1 0.133333333333333
15589 38 8 5 41 0.131578947368421 0.625 0.121951219512195
15598 147 30 24 153 0.163265306122449 0.8 0.156862745098039
15600 50 12 11 51 0.22 0.916666666666667 0.215686274509804
15623 33 5 4 34 0.121212121212121 0.8 0.117647058823529
15653 3 1 1 3 0.333333333333333 1 0.333333333333333
15657 1 1 1 1 1 1 1
15685 33 14 11 36 0.333333333333333 0.785714285714286 0.305555555555556
15694 85 1 1 85 0.0117647058823529 1 0.0117647058823529
15696 2 1 0 3 0 0 0
15716 3 2 1 4 0.333333333333333 0.5 0.25
15725 2 2 1 3 0.5 0.5 0.333333333333333
15726 2 1 1 2 0.5 1 0.5
15744 10 2 2 10 0.2 1 0.2
15772 87 1 1 87 0.0114942528735632 1 0.0114942528735632
15782 13 2 2 13 0.153846153846154 1 0.153846153846154
15798 2 1 0 3 0 0 0
15805 22 6 4 24 0.181818181818182 0.666666666666667 0.166666666666667
15830 118 1 0 119 0 0 0
15879 48 20 15 53 0.3125 0.75 0.283018867924528
15894 2 1 1 2 0.5 1 0.5
159 2 1 1 2 0.5 1 0.5
15919 9 1 1 9 0.111111111111111 1 0.111111111111111
15965 4 1 1 4 0.25 1 0.25
16004 13 6 5 14 0.384615384615385 0.833333333333333 0.357142857142857
16016 21 3 3 21 0.142857142857143 1 0.142857142857143
16030 10 8 1 17 0.1 0.125 0.0588235294117647
16034 9 1 0 10 0 0 0
16086 24 21 10 35 0.416666666666667 0.476190476190476 0.285714285714286
16097 45 13 9 49 0.2 0.692307692307692 0.183673469387755
16117 3 1 1 3 0.333333333333333 1 0.333333333333333
16128 17 4 3 18 0.176470588235294 0.75 0.166666666666667
16131 48 19 13 54 0.270833333333333 0.684210526315789 0.240740740740741
16150 261 14 12 263 0.0459770114942529 0.857142857142857 0.0456273764258555
16171 4 1 1 4 0.25 1 0.25
16178 6 1 0 7 0 0 0
16186 49 2 1 50 0.0204081632653061 0.5 0.02
16206 18 2 0 20 0 0 0
16210 6 3 2 7 0.333333333333333 0.666666666666667 0.285714285714286
16215 16 4 4 16 0.25 1 0.25
16237 35 8 5 38 0.142857142857143 0.625 0.131578947368421
16242 7 1 1 7 0.142857142857143 1 0.142857142857143
16243 47 14 10 51 0.212765957446809 0.714285714285714 0.196078431372549
16245 23 4 3 24 0.130434782608696 0.75 0.125
16246 6 1 1 6 0.166666666666667 1 0.166666666666667
16265 77 24 18 83 0.233766233766234 0.75 0.216867469879518
16276 80 1 1 80 0.0125 1 0.0125
16316 5 3 2 6 0.4 0.666666666666667 0.333333333333333
16326 1 1 1 1 1 1 1
16347 8 1 1 8 0.125 1 0.125
16397 23 2 2 23 0.0869565217391304 1 0.0869565217391304
1653 29 3 3 29 0.103448275862069 1 0.103448275862069
16531 3 1 0 4 0 0 0
1659 9 3 2 10 0.222222222222222 0.666666666666667 0.2
16617 8 1 0 9 0 0 0
16668 8 5 3 10 0.375 0.6 0.3
16724 4 1 1 4 0.25 1 0.25
16735 83 10 9 84 0.108433734939759 0.9 0.107142857142857
16807 3 2 0 5 0 0 0
16838 11 1 0 12 0 0 0
16866 3 2 1 4 0.333333333333333 0.5 0.25
16876 2 1 1 2 0.5 1 0.5
16942 2 1 1 2 0.5 1 0.5
17048 4 1 0 5 0 0 0
1706 5 1 1 5 0.2 1 0.2
17061 2 1 0 3 0 0 0
17204 2 1 0 3 0 0 0
174 2484 16 16 2484 0.00644122383252818 1 0.00644122383252818
1741 9 4 3 10 0.333333333333333 0.75 0.3
17412 3 1 0 4 0 0 0
17435 1 1 1 1 1 1 1
17451 64 3 2 65 0.03125 0.666666666666667 0.0307692307692308
17464 2 1 1 2 0.5 1 0.5
17498 3 1 1 3 0.333333333333333 1 0.333333333333333
17511 14 1 1 14 0.0714285714285714 1 0.0714285714285714
17529 7 3 2 8 0.285714285714286 0.666666666666667 0.25
17554 10 3 3 10 0.3 1 0.3
17579 13 13 7 19 0.538461538461538 0.538461538461538 0.368421052631579
1764 50 10 9 51 0.18 0.9 0.176470588235294
17660 31 7 6 32 0.193548387096774 0.857142857142857 0.1875
17676 37 3 2 38 0.0540540540540541 0.666666666666667 0.0526315789473684
17705 5 1 0 6 0 0 0
17707 7 1 0 8 0 0 0
17709 18 1 0 19 0 0 0
17727 3 1 1 3 0.333333333333333 1 0.333333333333333
17741 3 2 1 4 0.333333333333333 0.5 0.25
17832 1 3 0 4 0 0 0
17888 18 2 2 18 0.111111111111111 1 0.111111111111111
17920 7 1 1 7 0.142857142857143 1 0.142857142857143
17934 3 3 3 3 1 1 1
17955 3 2 1 4 0.333333333333333 0.5 0.25
1797 3 3 2 4 0.666666666666667 0.666666666666667 0.5
17977 2 1 1 2 0.5 1 0.5
1798 3 3 0 6 0 0 0
17990 5 1 1 5 0.2 1 0.2
18001 7 2 0 9 0 0 0
18007 5 2 2 5 0.4 1 0.4
18011 1 1 0 2 0 0 0
18059 16 1 0 17 0 0 0
18070 3 1 1 3 0.333333333333333 1 0.333333333333333
18084 1 19 1 19 1 0.0526315789473684 0.0526315789473684
18119 4 2 1 5 0.25 0.5 0.2
18126 3 1 0 4 0 0 0
18146 2 3 0 5 0 0 0
18149 4 4 3 5 0.75 0.75 0.6
18182 2 1 0 3 0 0 0
18185 4 2 1 5 0.25 0.5 0.2
18203 2 3 2 3 1 0.666666666666667 0.666666666666667
18206 2 1 0 3 0 0 0
18218 2 1 1 2 0.5 1 0.5
18259 3 3 2 4 0.666666666666667 0.666666666666667 0.5
18266 3 1 1 3 0.333333333333333 1 0.333333333333333
18344 1 2 0 3 0 0 0
1835 8 2 2 8 0.25 1 0.25
1836 62 12 11 63 0.17741935483871 0.916666666666667 0.174603174603175
18366 2 3 1 4 0.5 0.333333333333333 0.25
18369 1 1 0 2 0 0 0
18422 4 1 1 4 0.25 1 0.25
18450 4 1 1 4 0.25 1 0.25
18508 8 5 2 11 0.25 0.4 0.181818181818182
1853 123 36 35 124 0.284552845528455 0.972222222222222 0.282258064516129
18592 27 10 7 30 0.259259259259259 0.7 0.233333333333333
18666 2 1 1 2 0.5 1 0.5
18750 2 1 1 2 0.5 1 0.5
18779 10 3 2 11 0.2 0.666666666666667 0.181818181818182
1879 1 1 0 2 0 0 0
1880 18 6 3 21 0.166666666666667 0.5 0.142857142857143
1881 1 1 1 1 1 1 1
19021 3 2 1 4 0.333333333333333 0.5 0.25
19073 2 1 0 3 0 0 0
19080 91 2 1 92 0.010989010989011 0.5 0.0108695652173913
19089 79 2 2 79 0.0253164556962025 1 0.0253164556962025
19151 800 221 198 823 0.2475 0.895927601809955 0.240583232077764
1916 123 22 21 124 0.170731707317073 0.954545454545455 0.169354838709677
19192 2 1 1 2 0.5 1 0.5
19255 6 3 2 7 0.333333333333333 0.666666666666667 0.285714285714286
1930 23 7 6 24 0.260869565217391 0.857142857142857 0.25
19384 8 1 0 9 0 0 0
19401 47 14 12 49 0.25531914893617 0.857142857142857 0.244897959183673
195 9 2 1 10 0.111111111111111 0.5 0.1
1955 11 3 3 11 0.272727272727273 1 0.272727272727273
19557 5 1 0 6 0 0 0
19624 4 1 1 4 0.25 1 0.25
196613 2 2 2 2 1 1 1
196621 4 1 1 4 0.25 1 0.25
19740 13 3 3 13 0.230769230769231 1 0.230769230769231
19782 16 1 1 16 0.0625 1 0.0625
19783 2 1 0 3 0 0 0
19855 46 2 1 47 0.0217391304347826 0.5 0.0212765957446809
19866 2 1 1 2 0.5 1 0.5
19872 1 1 1 1 1 1 1
1998 5 1 1 5 0.2 1 0.2
20080 19 5 5 19 0.263157894736842 1 0.263157894736842
20144 12 3 2 13 0.166666666666667 0.666666666666667 0.153846153846154
2018 5 1 1 5 0.2 1 0.2
20205 3 1 0 4 0 0 0
20308 1 1 1 1 1 1 1
20312 10 5 4 11 0.4 0.8 0.363636363636364
20381 2 2 1 3 0.5 0.5 0.333333333333333
2042 16 3 3 16 0.1875 1 0.1875
20436 2 1 0 3 0 0 0
2044 16 3 3 16 0.1875 1 0.1875
20473 24 4 3 25 0.125 0.75 0.12
20495 58 10 8 60 0.137931034482759 0.8 0.133333333333333
20507 37 4 2 39 0.0540540540540541 0.5 0.0512820512820513
20547 34 5 4 35 0.117647058823529 0.8 0.114285714285714
2055 2 1 1 2 0.5 1 0.5
20552 5 1 0 6 0 0 0
20555 5 2 2 5 0.4 1 0.4
20562 326 5 5 326 0.0153374233128834 1 0.0153374233128834
20569 10 5 4 11 0.4 0.8 0.363636363636364
20570 3 1 1 3 0.333333333333333 1 0.333333333333333
20597 9 2 2 9 0.222222222222222 1 0.222222222222222
20608 3 2 0 5 0 0 0
20612 4 2 1 5 0.25 0.5 0.2
20621 3 1 1 3 0.333333333333333 1 0.333333333333333
20626 1 1 1 1 1 1 1
20633 21 13 8 26 0.380952380952381 0.615384615384615 0.307692307692308
20634 38 1 1 38 0.0263157894736842 1 0.0263157894736842
20640 251 96 85 262 0.338645418326693 0.885416666666667 0.324427480916031
20650 5 1 1 5 0.2 1 0.2
20704 23 5 5 23 0.217391304347826 1 0.217391304347826
20707 2 2 2 2 1 1 1
20712 15 5 4 16 0.266666666666667 0.8 0.25
20718 32 15 3 44 0.09375 0.2 0.0681818181818182
20766 9 1 1 9 0.111111111111111 1 0.111111111111111
20773 26 15 10 31 0.384615384615385 0.666666666666667 0.32258064516129
20783 5 2 0 7 0 0 0
20836 8 1 0 9 0 0 0
20847 38 19 13 44 0.342105263157895 0.684210526315789 0.295454545454545
20857 26 2 1 27 0.0384615384615385 0.5 0.037037037037037
209 1449 25 23 1451 0.0158730158730159 0.92 0.0158511371467953
20912 11 4 3 12 0.272727272727273 0.75 0.25
20932 336 16 14 338 0.0416666666666667 0.875 0.0414201183431953
20940 127 3 2 128 0.015748031496063 0.666666666666667 0.015625
20953 28 1 1 28 0.0357142857142857 1 0.0357142857142857
20965 54 42 42 54 0.777777777777778 1 0.777777777777778
20968 1 1 1 1 1 1 1
210 11 1 1 11 0.0909090909090909 1 0.0909090909090909
21011 117 13 10 120 0.0854700854700855 0.769230769230769 0.0833333333333333
21013 38 16 9 45 0.236842105263158 0.5625 0.2
21017 1 1 1 1 1 1 1
21055 44 8 6 46 0.136363636363636 0.75 0.130434782608696
2107 1 1 1 1 1 1 1
2108 1 1 1 1 1 1 1
2110 46 3 3 46 0.0652173913043478 1 0.0652173913043478
21155 46 17 13 50 0.282608695652174 0.764705882352941 0.26
2116 27 5 5 27 0.185185185185185 1 0.185185185185185
21174 4 1 0 5 0 0 0
21195 23 3 3 23 0.130434782608696 1 0.130434782608696
2121 1 1 1 1 1 1 1
21213 13 4 4 13 0.307692307692308 1 0.307692307692308
21219 212 14 8 218 0.0377358490566038 0.571428571428571 0.036697247706422
21221 38 16 11 43 0.289473684210526 0.6875 0.255813953488372
21263 30 18 11 37 0.366666666666667 0.611111111111111 0.297297297297297
2128 4 2 2 4 0.5 1 0.5
21320 6 1 1 6 0.166666666666667 1 0.166666666666667
21371 49 14 9 54 0.183673469387755 0.642857142857143 0.166666666666667
21385 107 26 16 117 0.149532710280374 0.615384615384615 0.136752136752137
21392 40 12 8 44 0.2 0.666666666666667 0.181818181818182
21396 35 11 8 38 0.228571428571429 0.727272727272727 0.210526315789474
21409 38 1 0 39 0 0 0
21414 68 13 8 73 0.117647058823529 0.615384615384615 0.10958904109589
21435 8 2 2 8 0.25 1 0.25
21497 10 1 1 10 0.1 1 0.1
21499 3 1 1 3 0.333333333333333 1 0.333333333333333
21513 14 4 4 14 0.285714285714286 1 0.285714285714286
2152 92 2 2 92 0.0217391304347826 1 0.0217391304347826
21527 7 2 2 7 0.285714285714286 1 0.285714285714286
2153 41 17 16 42 0.390243902439024 0.941176470588235 0.380952380952381
21548 23 1 1 23 0.0434782608695652 1 0.0434782608695652
21719 5 1 0 6 0 0 0
21788 12 4 4 12 0.333333333333333 1 0.333333333333333
21816 3 1 1 3 0.333333333333333 1 0.333333333333333
21844 37 4 4 37 0.108108108108108 1 0.108108108108108
21856 2 1 1 2 0.5 1 0.5
21911 7 3 3 7 0.428571428571429 1 0.428571428571429
21928 4 2 0 6 0 0 0
21947 27 3 3 27 0.111111111111111 1 0.111111111111111
21968 2 1 0 3 0 0 0
21976 20 2 2 20 0.1 1 0.1
2200 44 5 4 45 0.0909090909090909 0.8 0.0888888888888889
22070 4 1 0 5 0 0 0
22192 2 1 1 2 0.5 1 0.5
22212 192 2 2 192 0.0104166666666667 1 0.0104166666666667
22284 8 1 0 9 0 0 0
22298 13 1 1 13 0.0769230769230769 1 0.0769230769230769
22302 7 1 1 7 0.142857142857143 1 0.142857142857143
22335 24 2 2 24 0.0833333333333333 1 0.0833333333333333
22351 39 1 1 39 0.0256410256410256 1 0.0256410256410256
22356 39 2 2 39 0.0512820512820513 1 0.0512820512820513
22388 9 7 7 9 0.777777777777778 1 0.777777777777778
224 6 1 1 6 0.166666666666667 1 0.166666666666667
22404 2 1 0 3 0 0 0
22438 3 2 1 4 0.333333333333333 0.5 0.25
22439 3 1 1 3 0.333333333333333 1 0.333333333333333
225 2 1 1 2 0.5 1 0.5
22548 66 6 6 66 0.0909090909090909 1 0.0909090909090909
22581 2 1 1 2 0.5 1 0.5
226 32 3 3 32 0.09375 1 0.09375
22645 10 1 1 10 0.1 1 0.1
22652 7 1 1 7 0.142857142857143 1 0.142857142857143
22767 1 1 1 1 1 1 1
22773 283 1 1 283 0.00353356890459364 1 0.00353356890459364
22779 1 1 1 1 1 1 1
22822 656 9 9 656 0.013719512195122 1 0.013719512195122
22829 17 3 3 17 0.176470588235294 1 0.176470588235294
22911 10 2 1 11 0.1 0.5 0.0909090909090909
22958 7 2 2 7 0.285714285714286 1 0.285714285714286
23007 3 1 1 3 0.333333333333333 1 0.333333333333333
23028 2 2 0 4 0 0 0
23033 11 1 1 11 0.0909090909090909 1 0.0909090909090909
23127 2 1 0 3 0 0 0
23148 347 2 2 347 0.00576368876080692 1 0.00576368876080692
23308 13 4 4 13 0.307692307692308 1 0.307692307692308
23316 2 1 1 2 0.5 1 0.5
23342 50 7 6 51 0.12 0.857142857142857 0.117647058823529
23352 37 4 4 37 0.108108108108108 1 0.108108108108108
23456 116 8 6 118 0.0517241379310345 0.75 0.0508474576271186
23504 28 6 2 32 0.0714285714285714 0.333333333333333 0.0625
23541 9 1 0 10 0 0 0
23577 8 1 0 9 0 0 0
23596 3 3 3 3 1 1 1
23600 3 2 2 3 0.666666666666667 1 0.666666666666667
23624 2 1 1 2 0.5 1 0.5
23634 4 4 3 5 0.75 0.75 0.6
23637 3 1 0 4 0 0 0
23655 22 1 1 22 0.0454545454545455 1 0.0454545454545455
23661 2 1 1 2 0.5 1 0.5
237 35 2 2 35 0.0571428571428571 1 0.0571428571428571
23709 3 2 2 3 0.666666666666667 1 0.666666666666667
23754 3 1 0 4 0 0 0
23774 4 3 2 5 0.5 0.666666666666667 0.4
2381 26 4 4 26 0.153846153846154 1 0.153846153846154
23836 1 1 1 1 1 1 1
23862 2 1 1 2 0.5 1 0.5
23869 2 1 0 3 0 0 0
23889 3 1 1 3 0.333333333333333 1 0.333333333333333
23902 1 1 0 2 0 0 0
23905 3 1 0 4 0 0 0
23910 3 3 1 5 0.333333333333333 0.333333333333333 0.2
23911 7 18 4 21 0.571428571428571 0.222222222222222 0.19047619047619
23912 1 1 0 2 0 0 0
23930 31 1 0 32 0 0 0
23947 33 1 1 33 0.0303030303030303 1 0.0303030303030303
23953 3 1 0 4 0 0 0
23966 5 1 0 6 0 0 0
24 11 8 5 14 0.454545454545455 0.625 0.357142857142857
24005 3 1 1 3 0.333333333333333 1 0.333333333333333
24047 4 2 2 4 0.5 1 0.5
24086 17 1 0 18 0 0 0
24129 5 3 2 6 0.4 0.666666666666667 0.333333333333333
24130 22 1 1 22 0.0454545454545455 1 0.0454545454545455
24151 11 3 1 13 0.0909090909090909 0.333333333333333 0.0769230769230769
24175 3 2 2 3 0.666666666666667 1 0.666666666666667
24203 21 1 1 21 0.0476190476190476 1 0.0476190476190476
24211 1 1 1 1 1 1 1
24212 3 1 0 4 0 0 0
24218 17 5 3 19 0.176470588235294 0.6 0.157894736842105
24220 6 1 1 6 0.166666666666667 1 0.166666666666667
24226 2 2 0 4 0 0 0
24227 1 1 0 2 0 0 0
24229 4 1 1 4 0.25 1 0.25
24238 9 3 1 11 0.111111111111111 0.333333333333333 0.0909090909090909
24287 4 3 3 4 0.75 1 0.75
24311 1 1 0 2 0 0 0
24334 2 1 1 2 0.5 1 0.5
24390 2 1 1 2 0.5 1 0.5
24424 2 1 0 3 0 0 0
24437 1 1 1 1 1 1 1
24475 4 4 4 4 1 1 1
24489 9 9 8 10 0.888888888888889 0.888888888888889 0.8
24490 10 8 8 10 0.8 1 0.8
24514 6 1 1 6 0.166666666666667 1 0.166666666666667
24530 2 1 0 3 0 0 0
24541 3 3 1 5 0.333333333333333 0.333333333333333 0.2
24557 4 2 2 4 0.5 1 0.5
24586 34 13 9 38 0.264705882352941 0.692307692307692 0.236842105263158
24594 28 7 5 30 0.178571428571429 0.714285714285714 0.166666666666667
24629 2 1 1 2 0.5 1 0.5
24642 33 5 3 35 0.0909090909090909 0.6 0.0857142857142857
24679 30 13 7 36 0.233333333333333 0.538461538461538 0.194444444444444
24724 128 29 23 134 0.1796875 0.793103448275862 0.171641791044776
24730 54 1 1 54 0.0185185185185185 1 0.0185185185185185
24739 48 14 7 55 0.145833333333333 0.5 0.127272727272727
24776 6 2 1 7 0.166666666666667 0.5 0.142857142857143
24785 110 20 13 117 0.118181818181818 0.65 0.111111111111111
24796 7 2 2 7 0.285714285714286 1 0.285714285714286
2484 1 1 1 1 1 1 1
24863 20 3 3 20 0.15 1 0.15
24875 45 19 11 53 0.244444444444444 0.578947368421053 0.207547169811321
24889 13 5 5 13 0.384615384615385 1 0.384615384615385
24900 1 1 1 1 1 1 1
24940 24 13 9 28 0.375 0.692307692307692 0.321428571428571
2495 12 1 1 12 0.0833333333333333 1 0.0833333333333333
24953 20 2 2 20 0.1 1 0.1
24963 55 7 6 56 0.109090909090909 0.857142857142857 0.107142857142857
2497 244 71 55 260 0.225409836065574 0.774647887323944 0.211538461538462
24971 23 7 6 24 0.260869565217391 0.857142857142857 0.25
24973 2 2 0 4 0 0 0
2499 1 2 1 2 1 0.5 0.5
25 2 1 1 2 0.5 1 0.5
2500 31 38 17 52 0.548387096774194 0.447368421052632 0.326923076923077
25058 2 1 1 2 0.5 1 0.5
2506 2 1 1 2 0.5 1 0.5
25061 41 5 5 41 0.121951219512195 1 0.121951219512195
25098 14 2 2 14 0.142857142857143 1 0.142857142857143
2510 16 3 2 17 0.125 0.666666666666667 0.117647058823529
25137 18 8 8 18 0.444444444444444 1 0.444444444444444
2514 17 1 1 17 0.0588235294117647 1 0.0588235294117647
25148 8 1 1 8 0.125 1 0.125
2515 6 2 2 6 0.333333333333333 1 0.333333333333333
25151 13 1 0 14 0 0 0
25152 64 16 11 69 0.171875 0.6875 0.159420289855072
2516 327 42 38 331 0.116207951070336 0.904761904761905 0.114803625377644
25164 2 1 1 2 0.5 1 0.5
2518 11 3 3 11 0.272727272727273 1 0.272727272727273
25182 34 9 6 37 0.176470588235294 0.666666666666667 0.162162162162162
2519 27 6 5 28 0.185185185185185 0.833333333333333 0.178571428571429
25192 24 14 10 28 0.416666666666667 0.714285714285714 0.357142857142857
25234 6 4 3 7 0.5 0.75 0.428571428571429
2527 11 5 2 14 0.181818181818182 0.4 0.142857142857143
25279 13 3 3 13 0.230769230769231 1 0.230769230769231
25286 29 1 1 29 0.0344827586206897 1 0.0344827586206897
25295 2 1 1 2 0.5 1 0.5
25358 18 10 5 23 0.277777777777778 0.5 0.217391304347826
25384 8 2 1 9 0.125 0.5 0.111111111111111
25409 2 1 1 2 0.5 1 0.5
25415 4 2 2 4 0.5 1 0.5
25441 16 4 4 16 0.25 1 0.25
25459 34 9 7 36 0.205882352941176 0.777777777777778 0.194444444444444
25466 33 8 7 34 0.212121212121212 0.875 0.205882352941176
25473 6 3 3 6 0.5 1 0.5
2549 3 2 1 4 0.333333333333333 0.5 0.25
25512 19 3 3 19 0.157894736842105 1 0.157894736842105
25525 51 18 16 53 0.313725490196078 0.888888888888889 0.30188679245283
25538 2 2 0 4 0 0 0
25560 65 104 27 142 0.415384615384615 0.259615384615385 0.190140845070423
25563 3 1 1 3 0.333333333333333 1 0.333333333333333
25577 84 6 5 85 0.0595238095238095 0.833333333333333 0.0588235294117647
25588 7 1 0 8 0 0 0
25596 41 9 6 44 0.146341463414634 0.666666666666667 0.136363636363636
2561 3 2 2 3 0.666666666666667 1 0.666666666666667
25689 12 2 1 13 0.0833333333333333 0.5 0.0769230769230769
2576 2 1 1 2 0.5 1 0.5
25795 9 3 3 9 0.333333333333333 1 0.333333333333333
25818 25 5 3 27 0.12 0.6 0.111111111111111
25829 2 1 1 2 0.5 1 0.5
2586 13 1 1 13 0.0769230769230769 1 0.0769230769230769
25899 29 1 1 29 0.0344827586206897 1 0.0344827586206897
2594 5 1 0 6 0 0 0
2595 3 1 0 4 0 0 0
2597 2 2 2 2 1 1 1
2602 4 3 3 4 0.75 1 0.75
2603 103 29 22 110 0.213592233009709 0.758620689655172 0.2
2607 33 10 9 34 0.272727272727273 0.9 0.264705882352941
2609 3 1 0 4 0 0 0
2611 58 12 11 59 0.189655172413793 0.916666666666667 0.186440677966102
2614 18 1 1 18 0.0555555555555556 1 0.0555555555555556
26347 3 2 2 3 0.666666666666667 1 0.666666666666667
2637 5 1 1 5 0.2 1 0.2
26415 58 8 2 64 0.0344827586206897 0.25 0.03125
26496 7 1 1 7 0.142857142857143 1 0.142857142857143
26592 23 3 2 24 0.0869565217391304 0.666666666666667 0.0833333333333333
26610 2 1 1 2 0.5 1 0.5
26622 10 2 1 11 0.1 0.5 0.0909090909090909
26677 41 1 1 41 0.024390243902439 1 0.024390243902439
26773 9 3 3 9 0.333333333333333 1 0.333333333333333
26785 3 2 1 4 0.333333333333333 0.5 0.25
26788 17 1 1 17 0.0588235294117647 1 0.0588235294117647
26888 2 2 2 2 1 1 1
26935 9 1 1 9 0.111111111111111 1 0.111111111111111
26943 225 12 10 227 0.0444444444444444 0.833333333333333 0.0440528634361234
2697 6 1 1 6 0.166666666666667 1 0.166666666666667
26978 14 3 1 16 0.0714285714285714 0.333333333333333 0.0625
2698 6 2 2 6 0.333333333333333 1 0.333333333333333
27 2 1 1 2 0.5 1 0.5
271 13 1 1 13 0.0769230769230769 1 0.0769230769230769
2714 1 1 1 1 1 1 1
2716 5 1 1 5 0.2 1 0.2
27319 28 6 6 28 0.214285714285714 1 0.214285714285714
27400 3 1 1 3 0.333333333333333 1 0.333333333333333
27446 3 1 0 4 0 0 0
27524 53 4 3 54 0.0566037735849057 0.75 0.0555555555555556
27552 10 1 1 10 0.1 1 0.1
27589 6 2 2 6 0.333333333333333 1 0.333333333333333
27630 3 1 1 3 0.333333333333333 1 0.333333333333333
27664 69 15 15 69 0.217391304347826 1 0.217391304347826
27678 7 2 1 8 0.142857142857143 0.5 0.125
27693 3 1 1 3 0.333333333333333 1 0.333333333333333
27725 1 1 1 1 1 1 1
27750 19 14 13 20 0.684210526315789 0.928571428571429 0.65
27767 1 1 0 2 0 0 0
27770 1 1 0 2 0 0 0
27781 4 1 0 5 0 0 0
278 8 7 1 14 0.125 0.142857142857143 0.0714285714285714
27807 13 2 2 13 0.153846153846154 1 0.153846153846154
27814 3 1 0 4 0 0 0
27817 4 2 2 4 0.5 1 0.5
27820 3 1 0 4 0 0 0
27841 3 1 1 3 0.333333333333333 1 0.333333333333333
27893 1 1 0 2 0 0 0
27924 3 1 1 3 0.333333333333333 1 0.333333333333333
27929 3 2 2 3 0.666666666666667 1 0.666666666666667
27933 2 1 1 2 0.5 1 0.5
28000 1 1 1 1 1 1 1
28001 5 3 3 5 0.6 1 0.6
2819 36 3 2 37 0.0555555555555556 0.666666666666667 0.0540540540540541
2828 818 16 15 819 0.0183374083129584 0.9375 0.0183150183150183
28296 2 1 1 2 0.5 1 0.5
28299 7 3 2 8 0.285714285714286 0.666666666666667 0.25
28360 4 1 1 4 0.25 1 0.25
28362 1 1 1 1 1 1 1
2847 4 3 3 4 0.75 1 0.75
2848 16 1 1 16 0.0625 1 0.0625
28497 6 2 2 6 0.333333333333333 1 0.333333333333333
28499 3 2 1 4 0.333333333333333 0.5 0.25
28511 5 2 1 6 0.2 0.5 0.166666666666667
2852 83 12 10 85 0.120481927710843 0.833333333333333 0.117647058823529
2857 33 30 10 53 0.303030303030303 0.333333333333333 0.188679245283019
28571 6 2 2 6 0.333333333333333 1 0.333333333333333
286 340 143 76 407 0.223529411764706 0.531468531468531 0.186732186732187
28606 1 1 0 2 0 0 0
28618 5 2 1 6 0.2 0.5 0.166666666666667
28677 2 1 1 2 0.5 1 0.5
28678 2 1 1 2 0.5 1 0.5
28697 5 1 0 6 0 0 0
28717 20 3 3 20 0.15 1 0.15
28725 1 2 0 3 0 0 0
28753 25 14 7 32 0.28 0.5 0.21875
28788 50 13 11 52 0.22 0.846153846153846 0.211538461538462
28809 101 2 2 101 0.0198019801980198 1 0.0198019801980198
28824 2 1 0 3 0 0 0
2884 4 2 2 4 0.5 1 0.5
28847 1 1 1 1 1 1 1
28855 9 5 5 9 0.555555555555556 1 0.555555555555556
28857 8 4 4 8 0.5 1 0.5
28859 4 1 1 4 0.25 1 0.25
28878 45 17 12 50 0.266666666666667 0.705882352941177 0.24
28929 82 13 11 84 0.134146341463415 0.846153846153846 0.130952380952381
2895 243 3 2 244 0.00823045267489712 0.666666666666667 0.00819672131147541
29003 4 1 1 4 0.25 1 0.25
29009 34 8 4 38 0.117647058823529 0.5 0.105263157894737
29014 7 1 1 7 0.142857142857143 1 0.142857142857143
2905 38 2 0 40 0 0 0
2906 7 4 3 8 0.428571428571429 0.75 0.375
29066 36 17 11 42 0.305555555555556 0.647058823529412 0.261904761904762
2907 82 5 5 82 0.0609756097560976 1 0.0609756097560976
29113 71 15 14 72 0.197183098591549 0.933333333333333 0.194444444444444
29134 9 4 4 9 0.444444444444444 1 0.444444444444444
2914 635 202 142 695 0.223622047244094 0.702970297029703 0.20431654676259
29147 1 1 1 1 1 1 1
29169 9 2 2 9 0.222222222222222 1 0.222222222222222
29208 317 154 90 381 0.28391167192429 0.584415584415584 0.236220472440945
29216 1 1 1 1 1 1 1
29222 40 4 3 41 0.075 0.75 0.0731707317073171
29240 2 1 1 2 0.5 1 0.5
29243 1 2 1 2 1 0.5 0.5
29259 3 2 2 3 0.666666666666667 1 0.666666666666667
29278 13 2 2 13 0.153846153846154 1 0.153846153846154
293 157 20 19 158 0.121019108280255 0.95 0.120253164556962
29317 2 2 2 2 1 1 1
29321 8 3 3 8 0.375 1 0.375
29329 19 1 1 19 0.0526315789473684 1 0.0526315789473684
29372 1 1 0 2 0 0 0
29396 36 10 8 38 0.222222222222222 0.8 0.210526315789474
29405 12 2 2 12 0.166666666666667 1 0.166666666666667
29422 22 4 2 24 0.0909090909090909 0.5 0.0833333333333333
29432 2 1 1 2 0.5 1 0.5
29449 47 20 15 52 0.319148936170213 0.75 0.288461538461538
29452 24 5 4 25 0.166666666666667 0.8 0.16
29488 3 2 2 3 0.666666666666667 1 0.666666666666667
29527 44 9 7 46 0.159090909090909 0.777777777777778 0.152173913043478
29542 5 2 1 6 0.2 0.5 0.166666666666667
29608 16 5 5 16 0.3125 1 0.3125
29611 35 8 6 37 0.171428571428571 0.75 0.162162162162162
29632 35 11 5 41 0.142857142857143 0.454545454545455 0.121951219512195
29636 230 47 42 235 0.182608695652174 0.893617021276596 0.178723404255319
29651 13 3 3 13 0.230769230769231 1 0.230769230769231
29655 8 4 4 8 0.5 1 0.5
29668 37 1 1 37 0.027027027027027 1 0.027027027027027
29670 8 5 2 11 0.25 0.4 0.181818181818182
29671 3 1 1 3 0.333333333333333 1 0.333333333333333
29680 4 1 1 4 0.25 1 0.25
29686 315 130 106 339 0.336507936507937 0.815384615384615 0.312684365781711
29748 27 9 5 31 0.185185185185185 0.555555555555556 0.161290322580645
29763 1 1 1 1 1 1 1
29789 1 1 1 1 1 1 1
29791 233 5 3 235 0.0128755364806867 0.6 0.0127659574468085
29838 32 6 6 32 0.1875 1 0.1875
29904 1 1 1 1 1 1 1
3 6 1 0 7 0 0 0
30008 4 1 1 4 0.25 1 0.25
30058 7 2 2 7 0.285714285714286 1 0.285714285714286
30059 3 3 2 4 0.666666666666667 0.666666666666667 0.5
30071 10 104 7 107 0.7 0.0673076923076923 0.0654205607476635
30075 2 1 0 3 0 0 0
30126 3 2 1 4 0.333333333333333 0.5 0.25
30128 3 2 1 4 0.333333333333333 0.5 0.25
30132 36 55 20 71 0.555555555555556 0.363636363636364 0.28169014084507
30176 14 2 1 15 0.0714285714285714 0.5 0.0666666666666667
30217 6 1 1 6 0.166666666666667 1 0.166666666666667
30221 2 1 0 3 0 0 0
30225 1 1 0 2 0 0 0
30259 3 1 1 3 0.333333333333333 1 0.333333333333333
30340 16 1 1 16 0.0625 1 0.0625
30362 2 1 0 3 0 0 0
30374 2 1 0 3 0 0 0
3043 26 6 5 27 0.192307692307692 0.833333333333333 0.185185185185185
30528 6 3 2 7 0.333333333333333 0.666666666666667 0.285714285714286
30619 9 1 1 9 0.111111111111111 1 0.111111111111111
30653 28 10 7 31 0.25 0.7 0.225806451612903
30700 5 2 2 5 0.4 1 0.4
30708 1 1 1 1 1 1 1
30740 39 8 6 41 0.153846153846154 0.75 0.146341463414634
30781 74 26 20 80 0.27027027027027 0.769230769230769 0.25
30795 3 2 2 3 0.666666666666667 1 0.666666666666667
30833 12 2 1 13 0.0833333333333333 0.5 0.0769230769230769
30844 304 8 8 304 0.0263157894736842 1 0.0263157894736842
30880 10 2 1 11 0.1 0.5 0.0909090909090909
30890 140 25 19 146 0.135714285714286 0.76 0.13013698630137
30925 20 3 3 20 0.15 1 0.15
30961 3 2 2 3 0.666666666666667 1 0.666666666666667
30971 6 3 3 6 0.5 1 0.5
30975 9 7 2 14 0.222222222222222 0.285714285714286 0.142857142857143
31065 4 1 1 4 0.25 1 0.25
31078 2 2 1 3 0.5 0.5 0.333333333333333
31103 19 14 7 26 0.368421052631579 0.5 0.269230769230769
31117 12 5 4 13 0.333333333333333 0.8 0.307692307692308
31122 12 3 3 12 0.25 1 0.25
31127 3 3 1 5 0.333333333333333 0.333333333333333 0.2
31148 4 1 1 4 0.25 1 0.25
31229 7 2 1 8 0.142857142857143 0.5 0.125
31252 59 17 13 63 0.220338983050847 0.764705882352941 0.206349206349206
31261 22 2 1 23 0.0454545454545455 0.5 0.0434782608695652
31283 52 3 3 52 0.0576923076923077 1 0.0576923076923077
31333 10 5 4 11 0.4 0.8 0.363636363636364
31334 50 1 0 51 0 0 0
31383 23 8 5 26 0.217391304347826 0.625 0.192307692307692
3140 1 1 1 1 1 1 1
31400 25 3 3 25 0.12 1 0.12
31424 18 4 4 18 0.222222222222222 1 0.222222222222222
31442 2 1 0 3 0 0 0
31458 58 9 8 59 0.137931034482759 0.888888888888889 0.135593220338983
31477 209 1 1 209 0.00478468899521531 1 0.00478468899521531
31479 4 1 1 4 0.25 1 0.25
31513 3 1 1 3 0.333333333333333 1 0.333333333333333
31529 60 21 16 65 0.266666666666667 0.761904761904762 0.246153846153846
31530 6 1 1 6 0.166666666666667 1 0.166666666666667
31615 2 1 0 3 0 0 0
31621 7 2 1 8 0.142857142857143 0.5 0.125
31677 4 2 0 6 0 0 0
31688 8 2 2 8 0.25 1 0.25
31708 28 10 8 30 0.285714285714286 0.8 0.266666666666667
31736 9 1 1 9 0.111111111111111 1 0.111111111111111
31877 12 1 1 12 0.0833333333333333 1 0.0833333333333333
31939 3 1 1 3 0.333333333333333 1 0.333333333333333
32 5 1 1 5 0.2 1 0.2
32034 6 2 2 6 0.333333333333333 1 0.333333333333333
3212 22 1 1 22 0.0454545454545455 1 0.0454545454545455
3213 44 11 9 46 0.204545454545455 0.818181818181818 0.195652173913043
3215 97 2 2 97 0.0206185567010309 1 0.0206185567010309
3221 1 1 1 1 1 1 1
3223 1 1 1 1 1 1 1
32335 4 1 1 4 0.25 1 0.25
32346 1 1 1 1 1 1 1
32354 18 4 3 19 0.166666666666667 0.75 0.157894736842105
32360 3 1 0 4 0 0 0
32361 8 1 0 9 0 0 0
3243 18 4 2 20 0.111111111111111 0.5 0.1
32440 31 2 2 31 0.0645161290322581 1 0.0645161290322581
3248 61 22 15 68 0.245901639344262 0.681818181818182 0.220588235294118
3249 58 12 8 62 0.137931034482759 0.666666666666667 0.129032258064516
3257 602 291 153 740 0.254152823920266 0.525773195876289 0.206756756756757
32592 17 3 3 17 0.176470588235294 1 0.176470588235294
3261 31 1 1 31 0.032258064516129 1 0.032258064516129
32613 12 2 2 12 0.166666666666667 1 0.166666666666667
3265 41 17 11 47 0.268292682926829 0.647058823529412 0.234042553191489
3267 434 12 11 435 0.0253456221198157 0.916666666666667 0.0252873563218391
3269 128 1 1 128 0.0078125 1 0.0078125
32748 33 8 7 34 0.212121212121212 0.875 0.205882352941176
3277 84 1 1 84 0.0119047619047619 1 0.0119047619047619
32809 1 1 0 2 0 0 0
32825 3 1 0 4 0 0 0
32890 4 1 1 4 0.25 1 0.25
32915 4 1 0 5 0 0 0
3292 424 20 19 425 0.044811320754717 0.95 0.0447058823529412
32978 1 1 1 1 1 1 1
3301 65 5 3 67 0.0461538461538462 0.6 0.0447761194029851
3302 48 1 1 48 0.0208333333333333 1 0.0208333333333333
3303 513 26 22 517 0.0428849902534113 0.846153846153846 0.0425531914893617
33071 8 3 2 9 0.25 0.666666666666667 0.222222222222222
33075 2 1 1 2 0.5 1 0.5
33080 4 1 1 4 0.25 1 0.25
33081 5 3 1 7 0.2 0.333333333333333 0.142857142857143
33082 4 1 1 4 0.25 1 0.25
33152 1 1 0 2 0 0 0
33189 9 1 1 9 0.111111111111111 1 0.111111111111111
3320 530 22 17 535 0.0320754716981132 0.772727272727273 0.0317757009345794
3327 108 25 19 114 0.175925925925926 0.76 0.166666666666667
33310 2 1 0 3 0 0 0
3333 163 4 4 163 0.0245398773006135 1 0.0245398773006135
33362 3 1 0 4 0 0 0
33437 2 9 1 10 0.5 0.111111111111111 0.1
3344 7 4 2 9 0.285714285714286 0.5 0.222222222222222
33475 3 1 1 3 0.333333333333333 1 0.333333333333333
33517 7 2 2 7 0.285714285714286 1 0.285714285714286
3352 73 3 1 75 0.0136986301369863 0.333333333333333 0.0133333333333333
33557 1 2 0 3 0 0 0
3356 2574 102 89 2587 0.0345765345765346 0.872549019607843 0.0344027831465017
33597 25 1 1 25 0.04 1 0.04
3363 2 1 1 2 0.5 1 0.5
33642 3 1 1 3 0.333333333333333 1 0.333333333333333
33789 2 2 2 2 1 1 1
33843 44 20 14 50 0.318181818181818 0.7 0.28
33845 11 1 1 11 0.0909090909090909 1 0.0909090909090909
33868 5 1 1 5 0.2 1 0.2
33873 21 1 1 21 0.0476190476190476 1 0.0476190476190476
33876 1 1 1 1 1 1 1
33885 14 5 5 14 0.357142857142857 1 0.357142857142857
33891 41 16 10 47 0.24390243902439 0.625 0.212765957446809
33930 2 1 0 3 0 0 0
33965 25 1 1 25 0.04 1 0.04
33984 2 1 1 2 0.5 1 0.5
34011 20 13 7 26 0.35 0.538461538461538 0.269230769230769
34019 11 3 3 11 0.272727272727273 1 0.272727272727273
34021 6 3 2 7 0.333333333333333 0.666666666666667 0.285714285714286
34080 7 2 2 7 0.285714285714286 1 0.285714285714286
34081 3 2 2 3 0.666666666666667 1 0.666666666666667
34108 6 4 3 7 0.5 0.75 0.428571428571429
34109 10 1 0 11 0 0 0
34123 32 2 2 32 0.0625 1 0.0625
34139 2 1 1 2 0.5 1 0.5
34141 28 1 1 28 0.0357142857142857 1 0.0357142857142857
34146 14 3 3 14 0.214285714285714 1 0.214285714285714
34225 7 6 2 11 0.285714285714286 0.333333333333333 0.181818181818182
34244 4 2 2 4 0.5 1 0.5
34245 37 1 1 37 0.027027027027027 1 0.027027027027027
34270 40 4 3 41 0.075 0.75 0.0731707317073171
34288 7 2 2 7 0.285714285714286 1 0.285714285714286
34305 66 9 8 67 0.121212121212121 0.888888888888889 0.119402985074627
34309 49 162 23 188 0.469387755102041 0.141975308641975 0.122340425531915
34313 24 6 5 25 0.208333333333333 0.833333333333333 0.2
34372 3 1 1 3 0.333333333333333 1 0.333333333333333
34419 20 8 1 27 0.05 0.125 0.037037037037037
34427 3 1 1 3 0.333333333333333 1 0.333333333333333
34486 37 4 3 38 0.0810810810810811 0.75 0.0789473684210526
34505 3 3 3 3 1 1 1
34549 6 5 3 8 0.5 0.6 0.375
34554 12 3 3 12 0.25 1 0.25
34567 3 2 1 4 0.333333333333333 0.5 0.25
34574 2 1 0 3 0 0 0
34594 17 3 3 17 0.176470588235294 1 0.176470588235294
34602 10 3 1 12 0.1 0.333333333333333 0.0833333333333333
3464 8 1 1 8 0.125 1 0.125
34683 2 1 1 2 0.5 1 0.5
34695 519 76 71 524 0.136801541425819 0.934210526315789 0.135496183206107
34718 9 1 0 10 0 0 0
34744 4 1 1 4 0.25 1 0.25
34752 3 1 1 3 0.333333333333333 1 0.333333333333333
34763 69 21 10 80 0.144927536231884 0.476190476190476 0.125
34784 2 1 1 2 0.5 1 0.5
34863 2 1 0 3 0 0 0
3491 437 3 3 437 0.0068649885583524 1 0.0068649885583524
34912 2 1 0 3 0 0 0
34958 2 1 1 2 0.5 1 0.5
34968 31 11 8 34 0.258064516129032 0.727272727272727 0.235294117647059
34997 9 3 3 9 0.333333333333333 1 0.333333333333333
35 2 1 0 3 0 0 0
35028 36 9 6 39 0.166666666666667 0.666666666666667 0.153846153846154
35070 7 3 3 7 0.428571428571429 1 0.428571428571429
35087 10 1 1 10 0.1 1 0.1
35236 10 2 2 10 0.2 1 0.2
35244 29 19 13 35 0.448275862068966 0.684210526315789 0.371428571428571
35272 1 2 1 2 1 0.5 0.5
35283 7 5 1 11 0.142857142857143 0.2 0.0909090909090909
35320 107 16 9 114 0.0841121495327103 0.5625 0.0789473684210526
35339 7 2 2 7 0.285714285714286 1 0.285714285714286
35366 29 16 8 37 0.275862068965517 0.5 0.216216216216216
35383 2 1 0 3 0 0 0
35393 11 2 2 11 0.181818181818182 1 0.181818181818182
35425 16 3 3 16 0.1875 1 0.1875
35432 6 1 1 6 0.166666666666667 1 0.166666666666667
35470 10 4 2 12 0.2 0.5 0.166666666666667
3549 1345 145 132 1358 0.0981412639405204 0.910344827586207 0.0972017673048601
35492 5 3 3 5 0.6 1 0.6
3551 1 1 0 2 0 0 0
3557 23 8 8 23 0.347826086956522 1 0.347826086956522
35574 10 2 2 10 0.2 1 0.2
35592 7 3 3 7 0.428571428571429 1 0.428571428571429
3561 446 5 5 446 0.0112107623318386 1 0.0112107623318386
35612 8 3 0 11 0 0 0
35627 6 3 1 8 0.166666666666667 0.333333333333333 0.125
35703 3 1 1 3 0.333333333333333 1 0.333333333333333
35705 4 1 1 4 0.25 1 0.25
35706 18 6 3 21 0.166666666666667 0.5 0.142857142857143
35745 7 3 2 8 0.285714285714286 0.666666666666667 0.25
35819 14 1 1 14 0.0714285714285714 1 0.0714285714285714
35826 3 1 1 3 0.333333333333333 1 0.333333333333333
3597 8 2 2 8 0.25 1 0.25
36017 2 1 0 3 0 0 0
3603 2 1 1 2 0.5 1 0.5
36086 3 2 2 3 0.666666666666667 1 0.666666666666667
36141 1 1 0 2 0 0 0
36221 2 1 1 2 0.5 1 0.5
36236 16 1 1 16 0.0625 1 0.0625
36252 2 2 2 2 1 1 1
36351 21 5 5 21 0.238095238095238 1 0.238095238095238
36383 2 1 1 2 0.5 1 0.5
36384 1 1 1 1 1 1 1
3640 4 1 1 4 0.25 1 0.25
36412 4 2 2 4 0.5 1 0.5
36472 3 1 1 3 0.333333333333333 1 0.333333333333333
36563 2 1 1 2 0.5 1 0.5
3661 6 6 2 10 0.333333333333333 0.333333333333333 0.2
3662 18 9 9 18 0.5 1 0.5
3663 6 2 1 7 0.166666666666667 0.5 0.142857142857143
36671 2 1 1 2 0.5 1 0.5
36692 45 4 4 45 0.0888888888888889 1 0.0888888888888889
3676 5 1 1 5 0.2 1 0.2
36786 1 1 1 1 1 1 1
36797 1 1 1 1 1 1 1
3681 4 1 1 4 0.25 1 0.25
36856 11 4 2 13 0.181818181818182 0.5 0.153846153846154
36944 36 5 4 37 0.111111111111111 0.8 0.108108108108108
3714 4 1 1 4 0.25 1 0.25
3741 102 1 1 102 0.00980392156862745 1 0.00980392156862745
3742 18 2 2 18 0.111111111111111 1 0.111111111111111
3754 41 3 3 41 0.0731707317073171 1 0.0731707317073171
3758 53 1 1 53 0.0188679245283019 1 0.0188679245283019
376 19 3 3 19 0.157894736842105 1 0.157894736842105
378 2 1 1 2 0.5 1 0.5
3790 5 1 1 5 0.2 1 0.2
37918 3 1 1 3 0.333333333333333 1 0.333333333333333
38005 2 1 1 2 0.5 1 0.5
38018 6 5 3 8 0.5 0.6 0.375
38022 35 9 9 35 0.257142857142857 1 0.257142857142857
38037 1 1 1 1 1 1 1
38082 47 4 4 47 0.0851063829787234 1 0.0851063829787234
38128 1 1 0 2 0 0 0
38158 4 4 4 4 1 1 1
38229 1 1 1 1 1 1 1
3825 1 1 0 2 0 0 0
38299 2 1 1 2 0.5 1 0.5
38321 2 1 1 2 0.5 1 0.5
3836 7 2 1 8 0.142857142857143 0.5 0.125
38457 3 1 1 3 0.333333333333333 1 0.333333333333333
38462 3 2 2 3 0.666666666666667 1 0.666666666666667
38477 2 1 1 2 0.5 1 0.5
3856 84 10 8 86 0.0952380952380952 0.8 0.0930232558139535
38566 3 1 1 3 0.333333333333333 1 0.333333333333333
38629 3 2 2 3 0.666666666666667 1 0.666666666666667
38639 1 2 1 2 1 0.5 0.5
38646 2 2 1 3 0.5 0.5 0.333333333333333
38652 2 1 1 2 0.5 1 0.5
38710 2 1 0 3 0 0 0
38711 1 1 1 1 1 1 1
38727 3 1 1 3 0.333333333333333 1 0.333333333333333
38759 3 11 2 12 0.666666666666667 0.181818181818182 0.166666666666667
38794 9 1 1 9 0.111111111111111 1 0.111111111111111
38796 1 1 0 2 0 0 0
38819 3 2 2 3 0.666666666666667 1 0.666666666666667
38826 4 1 1 4 0.25 1 0.25
38915 8 1 1 8 0.125 1 0.125
38922 12 2 1 13 0.0833333333333333 0.5 0.0769230769230769
38930 30 3 2 31 0.0666666666666667 0.666666666666667 0.0645161290322581
39029 5 2 2 5 0.4 1 0.4
39040 11 2 2 11 0.181818181818182 1 0.181818181818182
39091 5 1 1 5 0.2 1 0.2
39093 5 2 1 6 0.2 0.5 0.166666666666667
39117 5 1 0 6 0 0 0
39122 12 4 4 12 0.333333333333333 1 0.333333333333333
39145 10 3 3 10 0.3 1 0.3
39211 4 3 2 5 0.5 0.666666666666667 0.4
39288 2 1 1 2 0.5 1 0.5
39301 6 2 1 7 0.166666666666667 0.5 0.142857142857143
39309 26 1 0 27 0 0 0
3931 3 1 0 4 0 0 0
393220 2 2 2 2 1 1 1
393224 1 1 1 1 1 1 1
39326 235 25 22 238 0.0936170212765957 0.88 0.092436974789916
39342 2 1 1 2 0.5 1 0.5
3943 3 1 1 3 0.333333333333333 1 0.333333333333333
39472 1 1 0 2 0 0 0
3949 2 2 1 3 0.5 0.5 0.333333333333333
39520 2 1 0 3 0 0 0
39537 2 1 0 3 0 0 0
39545 3 2 2 3 0.666666666666667 1 0.666666666666667
39554 5 2 2 5 0.4 1 0.4
39556 36 9 8 37 0.222222222222222 0.888888888888889 0.216216216216216
39560 2 1 1 2 0.5 1 0.5
39570 3 4 2 5 0.666666666666667 0.5 0.4
39572 3 1 1 3 0.333333333333333 1 0.333333333333333
39598 6 1 1 6 0.166666666666667 1 0.166666666666667
39602 4 1 0 5 0 0 0
39637 27 3 2 28 0.0740740740740741 0.666666666666667 0.0714285714285714
39737 61 2 2 61 0.0327868852459016 1 0.0327868852459016
39761 2 1 1 2 0.5 1 0.5
39787 6 2 1 7 0.166666666666667 0.5 0.142857142857143
39792 835 29 23 841 0.0275449101796407 0.793103448275862 0.0273483947681332
39837 4 2 2 4 0.5 1 0.5
39839 3 2 2 3 0.666666666666667 1 0.666666666666667
39854 1 1 1 1 1 1 1
39875 1 1 0 2 0 0 0
39905 6 3 3 6 0.5 1 0.5
39912 336 8 8 336 0.0238095238095238 1 0.0238095238095238
3999 2 1 1 2 0.5 1 0.5
40009 49 6 5 50 0.102040816326531 0.833333333333333 0.1
40068 12 2 2 12 0.166666666666667 1 0.166666666666667
40193 14 7 5 16 0.357142857142857 0.714285714285714 0.3125
40220 13 4 4 13 0.307692307692308 1 0.307692307692308
40387 18 2 2 18 0.111111111111111 1 0.111111111111111
40490 2 1 1 2 0.5 1 0.5
40528 10 5 5 10 0.5 1 0.5
40581 6 1 0 7 0 0 0
40589 2 1 1 2 0.5 1 0.5
40679 2 2 2 2 1 1 1
40832 2 1 1 2 0.5 1 0.5
40912 2 1 1 2 0.5 1 0.5
40943 2 1 0 3 0 0 0
41012 31 6 5 32 0.161290322580645 0.833333333333333 0.15625
41045 23 9 7 25 0.304347826086957 0.777777777777778 0.28
41075 2 4 1 5 0.5 0.25 0.2
41145 16 1 1 16 0.0625 1 0.0625
41176 2 1 0 3 0 0 0
41323 4 1 1 4 0.25 1 0.25
4134 105 2 0 107 0 0 0
41391 7 2 1 8 0.142857142857143 0.5 0.125
4150 7 4 2 9 0.285714285714286 0.5 0.222222222222222
4158 2 1 1 2 0.5 1 0.5
41589 5 1 1 5 0.2 1 0.2
41692 79 32 20 91 0.253164556962025 0.625 0.21978021978022
41695 4 1 0 5 0 0 0
41698 2 1 1 2 0.5 1 0.5
41711 9 4 2 11 0.222222222222222 0.5 0.181818181818182
41773 4 3 2 5 0.5 0.666666666666667 0.4
41824 11 5 4 12 0.363636363636364 0.8 0.333333333333333
41828 2 1 1 2 0.5 1 0.5
41884 3 1 1 3 0.333333333333333 1 0.333333333333333
41887 11 6 4 13 0.363636363636364 0.666666666666667 0.307692307692308
41913 10 3 3 10 0.3 1 0.3
41960 6 1 0 7 0 0 0
42 113 14 13 114 0.115044247787611 0.928571428571429 0.114035087719298
42017 3 1 0 4 0 0 0
42184 37 10 6 41 0.162162162162162 0.6 0.146341463414634
42227 12 6 6 12 0.5 1 0.5
42476 2 2 1 3 0.5 0.5 0.333333333333333
42525 30 3 3 30 0.1 1 0.1
42579 9 2 2 9 0.222222222222222 1 0.222222222222222
42585 8 2 2 8 0.25 1 0.25
42605 19 16 9 26 0.473684210526316 0.5625 0.346153846153846
42652 41 3 2 42 0.0487804878048781 0.666666666666667 0.0476190476190476
42678 2 1 1 2 0.5 1 0.5
42689 33 9 7 35 0.212121212121212 0.777777777777778 0.2
4270 7 3 2 8 0.285714285714286 0.666666666666667 0.25
42732 1 1 1 1 1 1 1
42841 6 4 4 6 0.666666666666667 1 0.666666666666667
42909 17 3 3 17 0.176470588235294 1 0.176470588235294
42965 7 1 1 7 0.142857142857143 1 0.142857142857143
43037 5 1 1 5 0.2 1 0.2
43070 7 1 1 7 0.142857142857143 1 0.142857142857143
43118 6 2 1 7 0.166666666666667 0.5 0.142857142857143
43128 1 1 1 1 1 1 1
43148 2 1 0 3 0 0 0
4323 1270 13 13 1270 0.0102362204724409 1 0.0102362204724409
43333 8 3 3 8 0.375 1 0.375
43383 1 1 1 1 1 1 1
43447 1 1 1 1 1 1 1
43483 2 1 1 2 0.5 1 0.5
43602 2 2 2 2 1 1 1
43629 2 1 1 2 0.5 1 0.5
43655 2 1 1 2 0.5 1 0.5
43751 4 1 0 5 0 0 0
43782 3 2 0 5 0 0 0
43821 34 16 9 41 0.264705882352941 0.5625 0.219512195121951
43843 7 2 2 7 0.285714285714286 1 0.285714285714286
43884 2 1 0 3 0 0 0
43892 2 4 1 5 0.5 0.25 0.2
43893 4 1 1 4 0.25 1 0.25
43911 3 5 0 8 0 0 0
43930 3 1 0 4 0 0 0
43948 3 2 2 3 0.666666666666667 1 0.666666666666667
43950 3 2 1 4 0.333333333333333 0.5 0.25
43978 2 1 1 2 0.5 1 0.5
44034 10 3 3 10 0.3 1 0.3
44042 41 18 11 48 0.268292682926829 0.611111111111111 0.229166666666667
44065 2 1 1 2 0.5 1 0.5
44066 26 1 1 26 0.0384615384615385 1 0.0384615384615385
44140 2 1 0 3 0 0 0
44146 9 3 3 9 0.333333333333333 1 0.333333333333333
44160 10 1 1 10 0.1 1 0.1
44212 3 2 2 3 0.666666666666667 1 0.666666666666667
44227 4 1 1 4 0.25 1 0.25
44237 30 3 3 30 0.1 1 0.1
44285 4 1 0 5 0 0 0
4434 7 1 0 8 0 0 0
44358 4 2 2 4 0.5 1 0.5
4436 145 24 22 147 0.151724137931034 0.916666666666667 0.149659863945578
44513 7 2 2 7 0.285714285714286 1 0.285714285714286
44514 7 3 2 8 0.285714285714286 0.666666666666667 0.25
44515 1 2 0 3 0 0 0
44654 44 16 9 51 0.204545454545455 0.5625 0.176470588235294
44683 3 2 2 3 0.666666666666667 1 0.666666666666667
44706 6 4 3 7 0.5 0.75 0.428571428571429
44928 2 2 2 2 1 1 1
44953 9 3 3 9 0.333333333333333 1 0.333333333333333
44980 3 1 1 3 0.333333333333333 1 0.333333333333333
45131 1 1 1 1 1 1 1
45147 64 3 2 65 0.03125 0.666666666666667 0.0307692307692308
45170 2 1 1 2 0.5 1 0.5
45177 3 2 0 5 0 0 0
4528 4 1 1 4 0.25 1 0.25
45344 2 1 1 2 0.5 1 0.5
4538 53 3 3 53 0.0566037735849057 1 0.0566037735849057
45437 1 1 1 1 1 1 1
45438 1 1 1 1 1 1 1
45444 2 2 0 4 0 0 0
45459 2 1 0 3 0 0 0
45483 3 1 1 3 0.333333333333333 1 0.333333333333333
45506 2 1 1 2 0.5 1 0.5
45522 2 1 0 3 0 0 0
4555 1 3 0 4 0 0 0
4557 11 2 2 11 0.181818181818182 1 0.181818181818182
45633 1 1 0 2 0 0 0
45638 3 1 1 3 0.333333333333333 1 0.333333333333333
45695 2 1 1 2 0.5 1 0.5
4589 719 125 120 724 0.166898470097357 0.96 0.165745856353591
46 2 1 1 2 0.5 1 0.5
4605 2 1 1 2 0.5 1 0.5
4608 5 3 0 8 0 0 0
46176 2 1 0 3 0 0 0
46177 8 1 1 8 0.125 1 0.125
4618 13 2 1 14 0.0769230769230769 0.5 0.0714285714285714
46208 5 2 2 5 0.4 1 0.4
4621 36 2 2 36 0.0555555555555556 1 0.0555555555555556
4622 1 1 0 2 0 0 0
4635 113 26 24 115 0.212389380530973 0.923076923076923 0.208695652173913
46357 2 1 1 2 0.5 1 0.5
4637 171 6 5 172 0.0292397660818713 0.833333333333333 0.0290697674418605
4648 57 3 3 57 0.0526315789473684 1 0.0526315789473684
4651 35 7 6 36 0.171428571428571 0.857142857142857 0.166666666666667
4657 114 4 4 114 0.0350877192982456 1 0.0350877192982456
46609 4 2 2 4 0.5 1 0.5
46722 1 1 1 1 1 1 1
4673 8 2 2 8 0.25 1 0.25
4675 6 3 1 8 0.166666666666667 0.333333333333333 0.125
4677 5 1 1 5 0.2 1 0.2
46786 39 2 1 40 0.0256410256410256 0.5 0.025
4680 9 4 1 12 0.111111111111111 0.25 0.0833333333333333
4685 11 1 1 11 0.0909090909090909 1 0.0909090909090909
4691 1 14 1 14 1 0.0714285714285714 0.0714285714285714
46925 8 1 1 8 0.125 1 0.125
4697 3 8 3 8 1 0.375 0.375
4704 7 3 1 9 0.142857142857143 0.333333333333333 0.111111111111111
4711 2 1 0 3 0 0 0
4713 109 15 12 112 0.110091743119266 0.8 0.107142857142857
4716 20 10 2 28 0.1 0.2 0.0714285714285714
4717 3 2 2 3 0.666666666666667 1 0.666666666666667
4718 2 2 2 2 1 1 1
47201 1 1 0 2 0 0 0
47202 2 1 1 2 0.5 1 0.5
47227 2 1 1 2 0.5 1 0.5
4725 126 21 11 136 0.0873015873015873 0.523809523809524 0.0808823529411765
4739 80 18 14 84 0.175 0.777777777777778 0.166666666666667
4741 11 1 1 11 0.0909090909090909 1 0.0909090909090909
47447 4 3 3 4 0.75 1 0.75
4747 2 2 0 4 0 0 0
47473 1 2 1 2 1 0.5 0.5
47490 1 2 1 2 1 0.5 0.5
47506 4 1 1 4 0.25 1 0.25
47533 3 1 1 3 0.333333333333333 1 0.333333333333333
4755 199 3 3 199 0.0150753768844221 1 0.0150753768844221
4760 7 2 2 7 0.285714285714286 1 0.285714285714286
4761 55 4 3 56 0.0545454545454545 0.75 0.0535714285714286
47617 4 1 1 4 0.25 1 0.25
4768 31 2 2 31 0.0645161290322581 1 0.0645161290322581
4770 13 1 0 14 0 0 0
4777 36 6 3 39 0.0833333333333333 0.5 0.0769230769230769
4780 25 3 2 26 0.08 0.666666666666667 0.0769230769230769
4782 2 1 0 3 0 0 0
47862 1 2 1 2 1 0.5 0.5
4787 6 3 1 8 0.166666666666667 0.333333333333333 0.125
4788 123 5 5 123 0.040650406504065 1 0.040650406504065
47885 1 2 0 3 0 0 0
47886 4 2 2 4 0.5 1 0.5
47917 1 1 1 1 1 1 1
4795 29 4 2 31 0.0689655172413793 0.5 0.0645161290322581
47956 2 1 0 3 0 0 0
4796 3 1 1 3 0.333333333333333 1 0.333333333333333
47973 2 1 0 3 0 0 0
47998 2 1 1 2 0.5 1 0.5
48039 7 5 5 7 0.714285714285714 1 0.714285714285714
48053 1 1 1 1 1 1 1
48056 2 1 1 2 0.5 1 0.5
48118 2 1 1 2 0.5 1 0.5
48136 1 1 1 1 1 1 1
48173 7 1 1 7 0.142857142857143 1 0.142857142857143
4818 4 1 1 4 0.25 1 0.25
48185 2 2 1 3 0.5 0.5 0.333333333333333
48191 5 2 1 6 0.2 0.5 0.166666666666667
48200 2 11 0 13 0 0 0
48259 2 1 1 2 0.5 1 0.5
4826 193 26 22 197 0.113989637305699 0.846153846153846 0.111675126903553
48284 2 1 0 3 0 0 0
48417 3 2 2 3 0.666666666666667 1 0.666666666666667
4844 2 1 1 2 0.5 1 0.5
4845 3 1 1 3 0.333333333333333 1 0.333333333333333
48451 2 1 1 2 0.5 1 0.5
48484 12 14 5 21 0.416666666666667 0.357142857142857 0.238095238095238
48514 3 3 1 5 0.333333333333333 0.333333333333333 0.2
48519 3 1 1 3 0.333333333333333 1 0.333333333333333
48528 2 1 1 2 0.5 1 0.5
48539 9 6 5 10 0.555555555555556 0.833333333333333 0.5
48961 8 1 1 8 0.125 1 0.125
48972 1 1 1 1 1 1 1
48994 2 1 1 2 0.5 1 0.5
49237 4 1 1 4 0.25 1 0.25
4927 17 7 6 18 0.352941176470588 0.857142857142857 0.333333333333333
49334 1 1 1 1 1 1 1
49352 1 1 0 2 0 0 0
49409 2 1 0 3 0 0 0
49416 1 1 1 1 1 1 1
49463 2 1 1 2 0.5 1 0.5
49488 3 3 3 3 1 1 1
49573 2 1 1 2 0.5 1 0.5
5050 20 6 6 20 0.3 1 0.3
5056 32 2 0 34 0 0 0
5078 18 1 1 18 0.0555555555555556 1 0.0555555555555556
513 49 10 10 49 0.204081632653061 1 0.204081632653061
52 2 1 1 2 0.5 1 0.5
53280 2 1 1 2 0.5 1 0.5
5381 15 3 2 16 0.133333333333333 0.666666666666667 0.125
5385 58 3 3 58 0.0517241379310345 1 0.0517241379310345
5394 18 3 3 18 0.166666666666667 1 0.166666666666667
5400 210 17 13 214 0.0619047619047619 0.764705882352941 0.0607476635514019
5401 1 1 1 1 1 1 1
5403 21 7 6 22 0.285714285714286 0.857142857142857 0.272727272727273
5407 7 2 2 7 0.285714285714286 1 0.285714285714286
5408 28 2 1 29 0.0357142857142857 0.5 0.0344827586206897
5410 57 8 5 60 0.087719298245614 0.625 0.0833333333333333
5413 216 2 2 216 0.00925925925925926 1 0.00925925925925926
5418 9 2 2 9 0.222222222222222 1 0.222222222222222
5421 3 3 2 4 0.666666666666667 0.666666666666667 0.5
543 1 1 1 1 1 1 1
5430 70 21 17 74 0.242857142857143 0.80952380952381 0.22972972972973
5432 31 2 1 32 0.032258064516129 0.5 0.03125
5459 50 13 9 54 0.18 0.692307692307692 0.166666666666667
5466 72 2 1 73 0.0138888888888889 0.5 0.0136986301369863
5483 68 2 1 69 0.0147058823529412 0.5 0.0144927536231884
5486 28 2 0 30 0 0 0
5491 3 1 0 4 0 0 0
55 3 1 1 3 0.333333333333333 1 0.333333333333333
5511 143 26 21 148 0.146853146853147 0.807692307692308 0.141891891891892
553 45 22 17 50 0.377777777777778 0.772727272727273 0.34
5537 26 2 2 26 0.0769230769230769 1 0.0769230769230769
5538 7 1 1 7 0.142857142857143 1 0.142857142857143
5539 54 55 22 87 0.407407407407407 0.4 0.252873563218391
5550 4 2 1 5 0.25 0.5 0.2
5560 9 2 2 9 0.222222222222222 1 0.222222222222222
5568 167 12 9 170 0.0538922155688623 0.75 0.0529411764705882
557 6 2 1 7 0.166666666666667 0.5 0.142857142857143
558 25 1 1 25 0.04 1 0.04
5580 177 19 16 180 0.0903954802259887 0.842105263157895 0.0888888888888889
559 222 85 80 227 0.36036036036036 0.941176470588235 0.352422907488987
5602 35 8 6 37 0.171428571428571 0.75 0.162162162162162
5607 1 1 1 1 1 1 1
5609 2 8 1 9 0.5 0.125 0.111111111111111
5617 210 2 2 210 0.00952380952380952 1 0.00952380952380952
5645 19 7 5 21 0.263157894736842 0.714285714285714 0.238095238095238
5661 4 1 1 4 0.25 1 0.25
567 10 2 2 10 0.2 1 0.2
57 30 6 6 30 0.2 1 0.2
5707 3 1 1 3 0.333333333333333 1 0.333333333333333
5713 64 4 3 65 0.046875 0.75 0.0461538461538462
5726 13 1 1 13 0.0769230769230769 1 0.0769230769230769
5764 8 1 1 8 0.125 1 0.125
577 130 2 2 130 0.0153846153846154 1 0.0153846153846154
5786 2 1 1 2 0.5 1 0.5
59 6 3 3 6 0.5 1 0.5
600 24 3 3 24 0.125 1 0.125
6057 7 5 4 8 0.571428571428571 0.8 0.5
6062 10 2 0 12 0 0 0
6066 1 1 0 2 0 0 0
6083 26 13 10 29 0.384615384615385 0.769230769230769 0.344827586206897
6106 2 1 1 2 0.5 1 0.5
6122 11 1 1 11 0.0909090909090909 1 0.0909090909090909
6128 292 2 2 292 0.00684931506849315 1 0.00684931506849315
6147 1 9 1 9 1 0.111111111111111 0.111111111111111
6181 44 2 2 44 0.0454545454545455 1 0.0454545454545455
6182 1 1 1 1 1 1 1
6245 2 1 0 3 0 0 0
6262 1 1 1 1 1 1 1
6263 3 1 1 3 0.333333333333333 1 0.333333333333333
6315 7 1 1 7 0.142857142857143 1 0.142857142857143
6337 5 1 0 6 0 0 0
6342 4 1 0 5 0 0 0
6360 7 3 2 8 0.285714285714286 0.666666666666667 0.25
6366 3 1 1 3 0.333333333333333 1 0.333333333333333
6406 1 1 1 1 1 1 1
6435 3 6 2 7 0.666666666666667 0.333333333333333 0.285714285714286
6453 538 109 92 555 0.171003717472119 0.844036697247706 0.165765765765766
6456 16 2 2 16 0.125 1 0.125
65071 1 2 1 2 1 0.5 0.5
65075 1 1 0 2 0 0 0
6509 26 9 8 27 0.307692307692308 0.888888888888889 0.296296296296296
65104 1 1 1 1 1 1 1
6536 17 2 1 18 0.0588235294117647 0.5 0.0555555555555556
6619 24 7 5 26 0.208333333333333 0.714285714285714 0.192307692307692
6629 3 1 1 3 0.333333333333333 1 0.333333333333333
6648 48 5 5 48 0.104166666666667 1 0.104166666666667
6656 40 7 4 43 0.1 0.571428571428571 0.0930232558139535
6661 74 2 2 74 0.027027027027027 1 0.027027027027027
6667 517 131 125 523 0.241779497098646 0.954198473282443 0.239005736137667
6677 58 3 1 60 0.0172413793103448 0.333333333333333 0.0166666666666667
668 31 7 2 36 0.0645161290322581 0.285714285714286 0.0555555555555556
6695 236 79 69 246 0.292372881355932 0.873417721518987 0.280487804878049
6702 17 1 1 17 0.0588235294117647 1 0.0588235294117647
6706 13 4 3 14 0.230769230769231 0.75 0.214285714285714
6724 36 19 14 41 0.388888888888889 0.736842105263158 0.341463414634146
6730 581 7 6 582 0.0103270223752151 0.857142857142857 0.0103092783505155
6734 14 4 3 15 0.214285714285714 0.75 0.2
6760 11 4 3 12 0.272727272727273 0.75 0.25
6762 193 62 53 202 0.274611398963731 0.854838709677419 0.262376237623762
6770 39 14 5 48 0.128205128205128 0.357142857142857 0.104166666666667
6772 16 5 5 16 0.3125 1 0.3125
6774 79 14 14 79 0.177215189873418 1 0.177215189873418
6775 5 3 3 5 0.6 1 0.6
680 65 19 16 68 0.246153846153846 0.842105263157895 0.235294117647059
6802 7 2 2 7 0.285714285714286 1 0.285714285714286
681 2 1 1 2 0.5 1 0.5
683 2 1 1 2 0.5 1 0.5
6830 366 31 23 374 0.0628415300546448 0.741935483870968 0.0614973262032086
6838 1 1 1 1 1 1 1
6881 88 31 29 90 0.329545454545455 0.935483870967742 0.322222222222222
6893 2 1 1 2 0.5 1 0.5
6895 5 1 1 5 0.2 1 0.2
6908 96 20 18 98 0.1875 0.9 0.183673469387755
6911 21 3 3 21 0.142857142857143 1 0.142857142857143
6939 1212 586 392 1406 0.323432343234323 0.668941979522184 0.278805120910384
6966 3 1 1 3 0.333333333333333 1 0.333333333333333
6968 3 1 1 3 0.333333333333333 1 0.333333333333333
701 2197 24 17 2204 0.00773782430587164 0.708333333333333 0.00771324863883848
7012 19 3 2 20 0.105263157894737 0.666666666666667 0.1
7018 2258 18 14 2262 0.00620017714791851 0.777777777777778 0.00618921308576481
7019 1 1 1 1 1 1 1
7055 3 1 1 3 0.333333333333333 1 0.333333333333333
7065 19 3 2 20 0.105263157894737 0.666666666666667 0.1
7066 18 2 2 18 0.111111111111111 1 0.111111111111111
7081 41 8 6 43 0.146341463414634 0.75 0.13953488372093
71 12 2 1 13 0.0833333333333333 0.5 0.0769230769230769
7106 9 1 0 10 0 0 0
714 11 2 1 12 0.0909090909090909 0.5 0.0833333333333333
719 18 2 2 18 0.111111111111111 1 0.111111111111111
7195 1 1 0 2 0 0 0
72 9 1 0 10 0 0 0
7303 75 2 2 75 0.0266666666666667 1 0.0266666666666667
7377 5 1 1 5 0.2 1 0.2
7385 190 8 6 192 0.0315789473684211 0.75 0.03125
7412 1 1 0 2 0 0 0
7470 37 2 2 37 0.0540540540540541 1 0.0540540540540541
7473 141 26 21 146 0.148936170212766 0.807692307692308 0.143835616438356
7477 2 1 1 2 0.5 1 0.5
7491 8 1 0 9 0 0 0
7500 57 9 6 60 0.105263157894737 0.666666666666667 0.1
7503 4 3 1 6 0.25 0.333333333333333 0.166666666666667
7511 2 1 0 3 0 0 0
7514 19 3 3 19 0.157894736842105 1 0.157894736842105
7516 4 1 0 5 0 0 0
7521 5 2 1 6 0.2 0.5 0.166666666666667
7522 6 3 1 8 0.166666666666667 0.333333333333333 0.125
7527 6 1 1 6 0.166666666666667 1 0.166666666666667
7529 18 3 2 19 0.111111111111111 0.666666666666667 0.105263157894737
7530 2 2 1 3 0.5 0.5 0.333333333333333
7539 22 9 6 25 0.272727272727273 0.666666666666667 0.24
7543 19 2 1 20 0.0526315789473684 0.5 0.05
7545 16 1 0 17 0 0 0
7575 241 18 18 241 0.0746887966804979 1 0.0746887966804979
7587 1 2 1 2 1 0.5 0.5
7594 4 3 1 6 0.25 0.333333333333333 0.166666666666667
7599 1 1 0 2 0 0 0
760 3 2 2 3 0.666666666666667 1 0.666666666666667
7602 8 1 0 9 0 0 0
7606 50 4 3 51 0.06 0.75 0.0588235294117647
7629 5 2 0 7 0 0 0
7657 10 1 1 10 0.1 1 0.1
766 17 6 5 18 0.294117647058824 0.833333333333333 0.277777777777778
7660 43 25 21 47 0.488372093023256 0.84 0.446808510638298
7665 1 1 1 1 1 1 1
7667 4 2 1 5 0.25 0.5 0.2
7668 10 1 0 11 0 0 0
7670 21 3 2 22 0.0952380952380952 0.666666666666667 0.0909090909090909
7671 3 1 1 3 0.333333333333333 1 0.333333333333333
7682 11 3 2 12 0.181818181818182 0.666666666666667 0.166666666666667
7687 4 1 1 4 0.25 1 0.25
7693 21 2 2 21 0.0952380952380952 1 0.0952380952380952
7718 17 2 2 17 0.117647058823529 1 0.117647058823529
7753 6 1 1 6 0.166666666666667 1 0.166666666666667
7781 7 8 4 11 0.571428571428571 0.5 0.363636363636364
7784 31 3 3 31 0.0967741935483871 1 0.0967741935483871
7786 9 3 2 10 0.222222222222222 0.666666666666667 0.2
7843 50 1 1 50 0.02 1 0.02
7847 2 1 1 2 0.5 1 0.5
786 61 12 9 64 0.147540983606557 0.75 0.140625
7860 1 1 1 1 1 1 1
790 1 1 0 2 0 0 0
7908 37 4 2 39 0.0540540540540541 0.5 0.0512820512820513
7922 78 11 10 79 0.128205128205128 0.909090909090909 0.126582278481013
7941 3 1 1 3 0.333333333333333 1 0.333333333333333
7949 12 2 0 14 0 0 0
8001 322 12 12 322 0.0372670807453416 1 0.0372670807453416
8002 52 5 3 54 0.0576923076923077 0.6 0.0555555555555556
8018 2 1 0 3 0 0 0
8025 6 1 0 7 0 0 0
8038 1 2 1 2 1 0.5 0.5
8047 25 5 5 25 0.2 1 0.2
8075 74 5 4 75 0.0540540540540541 0.8 0.0533333333333333
8092 12 5 5 12 0.416666666666667 1 0.416666666666667
81 30 2 1 31 0.0333333333333333 0.5 0.032258064516129
8111 5 2 2 5 0.4 1 0.4
812 123 1 1 123 0.00813008130081301 1 0.00813008130081301
8121 56 10 5 61 0.0892857142857143 0.5 0.0819672131147541
8158 2 1 1 2 0.5 1 0.5
8190 70 1 1 70 0.0142857142857143 1 0.0142857142857143
8201 9 2 2 9 0.222222222222222 1 0.222222222222222
8218 260 26 24 262 0.0923076923076923 0.923076923076923 0.0916030534351145
8220 562 12 11 563 0.0195729537366548 0.916666666666667 0.019538188277087
8224 11 8 6 13 0.545454545454545 0.75 0.461538461538462
8226 6 3 0 9 0 0 0
8237 8 5 4 9 0.5 0.8 0.444444444444444
8240 1 1 0 2 0 0 0
8246 198 3 0 201 0 0 0
8251 12 4 4 12 0.333333333333333 1 0.333333333333333
8256 1 1 1 1 1 1 1
8262 37 1 1 37 0.027027027027027 1 0.027027027027027
8267 2 1 1 2 0.5 1 0.5
8282 9 1 1 9 0.111111111111111 1 0.111111111111111
8283 6 4 3 7 0.5 0.75 0.428571428571429
8299 12 1 0 13 0 0 0
8302 3 1 1 3 0.333333333333333 1 0.333333333333333
8308 49 1 1 49 0.0204081632653061 1 0.0204081632653061
8312 12 1 1 12 0.0833333333333333 1 0.0833333333333333
8319 53 16 13 56 0.245283018867925 0.8125 0.232142857142857
8330 11 3 2 12 0.181818181818182 0.666666666666667 0.166666666666667
8346 6 2 2 6 0.333333333333333 1 0.333333333333333
8358 16 1 1 16 0.0625 1 0.0625
8359 648 37 27 658 0.0416666666666667 0.72972972972973 0.0410334346504559
8364 10 1 1 10 0.1 1 0.1
8365 205 97 65 237 0.317073170731707 0.670103092783505 0.274261603375527
8368 36 8 7 37 0.194444444444444 0.875 0.189189189189189
8374 9 3 3 9 0.333333333333333 1 0.333333333333333
8386 5 1 0 6 0 0 0
8387 17 4 3 18 0.176470588235294 0.75 0.166666666666667
8391 18 15 7 26 0.388888888888889 0.466666666666667 0.269230769230769
8396 1 1 0 2 0 0 0
8412 20 3 2 21 0.1 0.666666666666667 0.0952380952380952
8419 264 3 3 264 0.0113636363636364 1 0.0113636363636364
8422 101 17 12 106 0.118811881188119 0.705882352941177 0.113207547169811
8426 453 22 17 458 0.0375275938189845 0.772727272727273 0.037117903930131
8442 23 17 10 30 0.434782608695652 0.588235294117647 0.333333333333333
8447 574 88 74 588 0.128919860627178 0.840909090909091 0.125850340136054
8452 37 3 3 37 0.0810810810810811 1 0.0810810810810811
8455 2 4 1 5 0.5 0.25 0.2
8468 626 14 13 627 0.0207667731629393 0.928571428571429 0.0207336523125997
8469 35 17 13 39 0.371428571428571 0.764705882352941 0.333333333333333
8473 71 10 6 75 0.0845070422535211 0.6 0.08
8481 2 1 1 2 0.5 1 0.5
8492 911 2 2 911 0.0021953896816685 1 0.0021953896816685
8495 23 3 3 23 0.130434782608696 1 0.130434782608696
8501 35 12 12 35 0.342857142857143 1 0.342857142857143
8508 1 1 1 1 1 1 1
8517 19 2 1 20 0.0526315789473684 0.5 0.05
8518 5 1 1 5 0.2 1 0.2
852 163 2 2 163 0.0122699386503067 1 0.0122699386503067
8527 23 4 4 23 0.173913043478261 1 0.173913043478261
8529 8 1 1 8 0.125 1 0.125
8535 5 3 3 5 0.6 1 0.6
8545 5 7 1 11 0.2 0.142857142857143 0.0909090909090909
855 32 1 1 32 0.03125 1 0.03125
8551 228 12 8 232 0.0350877192982456 0.666666666666667 0.0344827586206897
8560 78 28 23 83 0.294871794871795 0.821428571428571 0.27710843373494
8565 16 5 4 17 0.25 0.8 0.235294117647059
8567 2 1 1 2 0.5 1 0.5
8582 51 20 16 55 0.313725490196078 0.8 0.290909090909091
8586 61 7 4 64 0.0655737704918033 0.571428571428571 0.0625
8591 46 10 8 48 0.173913043478261 0.8 0.166666666666667
8596 95 8 8 95 0.0842105263157895 1 0.0842105263157895
8607 47 6 5 48 0.106382978723404 0.833333333333333 0.104166666666667
8648 30 19 5 44 0.166666666666667 0.263157894736842 0.113636363636364
8657 97 14 11 100 0.11340206185567 0.785714285714286 0.11
8664 14 3 2 15 0.142857142857143 0.666666666666667 0.133333333333333
8674 50 6 5 51 0.1 0.833333333333333 0.0980392156862745
8676 5 2 2 5 0.4 1 0.4
8677 9 1 1 9 0.111111111111111 1 0.111111111111111
8681 44 7 3 48 0.0681818181818182 0.428571428571429 0.0625
8683 34 1 1 34 0.0294117647058824 1 0.0294117647058824
8708 272 3 3 272 0.0110294117647059 1 0.0110294117647059
8717 96 15 10 101 0.104166666666667 0.666666666666667 0.099009900990099
8728 2 1 1 2 0.5 1 0.5
8737 30 5 3 32 0.1 0.6 0.09375
8758 13 4 4 13 0.307692307692308 1 0.307692307692308
8763 165 55 52 168 0.315151515151515 0.945454545454545 0.30952380952381
8767 66 27 21 72 0.318181818181818 0.777777777777778 0.291666666666667
8771 10 1 0 11 0 0 0
8778 8 2 1 9 0.125 0.5 0.111111111111111
8781 58 8 7 59 0.120689655172414 0.875 0.11864406779661
8784 10 1 0 11 0 0 0
8804 42 14 9 47 0.214285714285714 0.642857142857143 0.191489361702128
8816 16 1 1 16 0.0625 1 0.0625
8820 7 3 1 9 0.142857142857143 0.333333333333333 0.111111111111111
8833 10 1 1 10 0.1 1 0.1
8844 35 2 2 35 0.0571428571428571 1 0.0571428571428571
8866 103 2 2 103 0.0194174757281553 1 0.0194174757281553
8879 24 12 6 30 0.25 0.5 0.2
8881 190 32 30 192 0.157894736842105 0.9375 0.15625
8895 9 2 2 9 0.222222222222222 1 0.222222222222222
8897 59 14 8 65 0.135593220338983 0.571428571428571 0.123076923076923
8903 14 3 1 16 0.0714285714285714 0.333333333333333 0.0625
8928 641 21 20 642 0.031201248049922 0.952380952380952 0.0311526479750779
8943 19 5 5 19 0.263157894736842 1 0.263157894736842
8953 18 1 0 19 0 0 0
8954 36 14 9 41 0.25 0.642857142857143 0.219512195121951
8966 99 1 1 99 0.0101010101010101 1 0.0101010101010101
8970 2 1 1 2 0.5 1 0.5
8978 4 2 2 4 0.5 1 0.5
9 3 1 1 3 0.333333333333333 1 0.333333333333333
9002 1353 370 358 1365 0.26459719142646 0.967567567567568 0.262271062271062
9008 4 1 1 4 0.25 1 0.25
9009 155 19 12 162 0.0774193548387097 0.631578947368421 0.0740740740740741
9022 3 1 1 3 0.333333333333333 1 0.333333333333333
9026 14 6 5 15 0.357142857142857 0.833333333333333 0.333333333333333
9031 62 17 13 66 0.209677419354839 0.764705882352941 0.196969696969697
9044 59 16 12 63 0.203389830508475 0.75 0.19047619047619
9063 47 16 12 51 0.25531914893617 0.75 0.235294117647059
9070 92 4 4 92 0.0434782608695652 1 0.0434782608695652
9080 9 6 4 11 0.444444444444444 0.666666666666667 0.363636363636364
9085 10 1 1 10 0.1 1 0.1
9112 6 1 1 6 0.166666666666667 1 0.166666666666667
9121 245 2 2 245 0.00816326530612245 1 0.00816326530612245
9129 3 1 0 4 0 0 0
9145 77 12 8 81 0.103896103896104 0.666666666666667 0.0987654320987654
9150 27 9 6 30 0.222222222222222 0.666666666666667 0.2
9153 42 7 7 42 0.166666666666667 1 0.166666666666667
9162 1 1 1 1 1 1 1
9167 22 1 1 22 0.0454545454545455 1 0.0454545454545455
9188 3 2 1 4 0.333333333333333 0.5 0.25
9191 54 5 4 55 0.0740740740740741 0.8 0.0727272727272727
9211 39 13 8 44 0.205128205128205 0.615384615384615 0.181818181818182
9231 2 2 1 3 0.5 0.5 0.333333333333333
9264 30 17 7 40 0.233333333333333 0.411764705882353 0.175
9268 9 1 1 9 0.111111111111111 1 0.111111111111111
9270 27 4 2 29 0.0740740740740741 0.5 0.0689655172413793
9293 23 1 1 23 0.0434782608695652 1 0.0434782608695652
9299 45 2 1 46 0.0222222222222222 0.5 0.0217391304347826
9304 192 7 6 193 0.03125 0.857142857142857 0.0310880829015544
9329 13 2 2 13 0.153846153846154 1 0.153846153846154
9340 3 2 1 4 0.333333333333333 0.5 0.25
9354 13 1 1 13 0.0769230769230769 1 0.0769230769230769
9365 9 1 1 9 0.111111111111111 1 0.111111111111111
9367 3 1 1 3 0.333333333333333 1 0.333333333333333
9406 2 1 0 3 0 0 0
9431 2 2 2 2 1 1 1
9433 4 2 1 5 0.25 0.5 0.2
9445 1 1 1 1 1 1 1
9476 6 1 0 7 0 0 0
9482 15 4 4 15 0.266666666666667 1 0.266666666666667
9497 33 6 6 33 0.181818181818182 1 0.181818181818182
9498 213 1 1 213 0.00469483568075117 1 0.00469483568075117
9503 26 5 3 28 0.115384615384615 0.6 0.107142857142857
9505 111 8 6 113 0.0540540540540541 0.75 0.0530973451327434
9534 10 2 2 10 0.2 1 0.2
9541 5 1 0 6 0 0 0
9549 3 1 1 3 0.333333333333333 1 0.333333333333333
9555 2 1 0 3 0 0 0
9583 33 2 2 33 0.0606060606060606 1 0.0606060606060606
9584 9 2 1 10 0.111111111111111 0.5 0.1
9595 6 5 3 8 0.5 0.6 0.375
9600 5 3 3 5 0.6 1 0.6
9601 9 1 1 9 0.111111111111111 1 0.111111111111111
9607 6 4 0 10 0 0 0
9612 1 1 0 2 0 0 0
9619 2 2 2 2 1 1 1
9621 2 1 1 2 0.5 1 0.5
9622 7 5 2 10 0.285714285714286 0.4 0.2
9700 7 3 2 8 0.285714285714286 0.666666666666667 0.25
9732 2 2 1 3 0.5 0.5 0.333333333333333
9738 8 1 0 9 0 0 0
9794 5 1 1 5 0.2 1 0.2
9800 14 2 0 16 0 0 0
9821 5 3 3 5 0.6 1 0.6
9829 16 2 2 16 0.125 1 0.125
9892 3 1 1 3 0.333333333333333 1 0.333333333333333
9896 2 1 1 2 0.5 1 0.5
9901 23 6 3 26 0.130434782608696 0.5 0.115384615384615
9911 21 1 1 21 0.0476190476190476 1 0.0476190476190476
9919 16 1 0 17 0 0 0
9924 46 1 0 47 0 0 0
9930 14 3 3 14 0.214285714285714 1 0.214285714285714
9999 2 1 0 3 0 0 0
