#ASN num_v4adj num_v6adj num_intersect(v4v6adj) num_union(adj) fr_v4(num_intersect/num_v4adj) fr_v6(num_intersect/num_v6adj) fr_intersect(num_intersect/num_union)
10013 2 8 1 9 0.5 0.125 0.111111111111111
10015 11 1 0 12 0 0 0
101 49 4 4 49 0.0816326530612245 1 0.0816326530612245
102 3 1 1 3 0.333333333333333 1 0.333333333333333
10204 8 6 1 13 0.125 0.166666666666667 0.0769230769230769
10217 8 2 1 9 0.125 0.5 0.111111111111111
10480 6 1 1 6 0.166666666666667 1 0.166666666666667
10490 27 2 2 27 0.0740740740740741 1 0.0740740740740741
10533 1 2 1 2 1 0.5 0.5
10569 1 1 1 1 1 1 1
10578 26 2 2 26 0.0769230769230769 1 0.0769230769230769
10745 2 3 0 5 0 0 0
10764 13 2 2 13 0.153846153846154 1 0.153846153846154
10778 4 2 2 4 0.5 1 0.5
10886 38 15 7 46 0.184210526315789 0.466666666666667 0.152173913043478
109 9 4 0 13 0 0 0
1103 178 36 34 180 0.191011235955056 0.944444444444444 0.188888888888889
111 3 1 1 3 0.333333333333333 1 0.333333333333333
1126 32 9 5 36 0.15625 0.555555555555556 0.138888888888889
11340 4 1 1 4 0.25 1 0.25
1140 19 3 1 21 0.0526315789473684 0.333333333333333 0.0476190476190476
11537 84 45 32 97 0.380952380952381 0.711111111111111 0.329896907216495
11588 13 1 1 13 0.0769230769230769 1 0.0769230769230769
11656 1 1 0 2 0 0 0
11815 2 1 0 3 0 0 0
11960 5 2 2 5 0.4 1 0.4
11990 4 1 0 5 0 0 0
1200 38 11 7 42 0.184210526315789 0.636363636363636 0.166666666666667
12008 27 1 1 27 0.037037037037037 1 0.037037037037037
12041 2 2 2 2 1 1 1
12046 2 1 1 2 0.5 1 0.5
12066 3 1 0 4 0 0 0
12111 24 1 0 25 0 0 0
1213 5 3 3 5 0.6 1 0.6
12199 1 2 0 3 0 0 0
1221 86 7 1 92 0.0116279069767442 0.142857142857143 0.0108695652173913
12287 1 2 1 2 1 0.5 0.5
12312 26 1 1 26 0.0384615384615385 1 0.0384615384615385
12337 33 13 11 35 0.333333333333333 0.846153846153846 0.314285714285714
12353 3 4 0 7 0 0 0
12355 13 8 5 16 0.384615384615385 0.625 0.3125
1237 34 3 2 35 0.0588235294117647 0.666666666666667 0.0571428571428571
12371 2 1 0 3 0 0 0
12386 11 2 2 11 0.181818181818182 1 0.181818181818182
1239 1737 2 1 1738 0.000575705238917674 0.5 0.000575373993095512
12399 72 1 1 72 0.0138888888888889 1 0.0138888888888889
12401 10 3 2 11 0.2 0.666666666666667 0.181818181818182
12414 35 10 7 38 0.2 0.7 0.184210526315789
12429 17 1 1 17 0.0588235294117647 1 0.0588235294117647
12533 2 1 0 3 0 0 0
1257 102 5 1 106 0.00980392156862745 0.2 0.00943396226415094
12600 14 1 1 14 0.0714285714285714 1 0.0714285714285714
12611 34 15 9 40 0.264705882352941 0.6 0.225
12634 31 10 7 34 0.225806451612903 0.7 0.205882352941176
12637 4 4 1 7 0.25 0.25 0.142857142857143
12638 2 3 0 5 0 0 0
12657 2 3 2 3 1 0.666666666666667 0.666666666666667
12709 2 1 0 3 0 0 0
1273 329 69 42 356 0.127659574468085 0.608695652173913 0.117977528089888
12731 31 11 7 35 0.225806451612903 0.636363636363636 0.2
12732 17 1 1 17 0.0588235294117647 1 0.0588235294117647
12741 62 1 0 63 0 0 0
12767 11 1 0 12 0 0 0
12769 6 1 1 6 0.166666666666667 1 0.166666666666667
12779 65 8 2 71 0.0307692307692308 0.25 0.028169014084507
12816 2 1 1 2 0.5 1 0.5
12817 2 2 2 2 1 1 1
12853 1 5 0 6 0 0 0
12859 325 68 62 331 0.190769230769231 0.911764705882353 0.187311178247734
12871 30 14 9 35 0.3 0.642857142857143 0.257142857142857
12874 104 1 1 104 0.00961538461538462 1 0.00961538461538462
12895 6 1 1 6 0.166666666666667 1 0.166666666666667
12902 32 10 8 34 0.25 0.8 0.235294117647059
12931 3 1 0 4 0 0 0
12956 145 9 8 146 0.0551724137931034 0.888888888888889 0.0547945205479452
12968 93 3 1 95 0.010752688172043 0.333333333333333 0.0105263157894737
12989 63 4 3 64 0.0476190476190476 0.75 0.046875
1299 440 28 23 445 0.0522727272727273 0.821428571428571 0.051685393258427
13030 621 6 6 621 0.00966183574879227 1 0.00966183574879227
13039 4 1 1 4 0.25 1 0.25
13041 5 1 1 5 0.2 1 0.2
13092 4 1 1 4 0.25 1 0.25
13110 4 2 2 4 0.5 1 0.5
13115 4 2 1 5 0.25 0.5 0.2
1312 2 1 1 2 0.5 1 0.5
13189 17 2 2 17 0.117647058823529 1 0.117647058823529
13193 33 10 3 40 0.0909090909090909 0.3 0.075
132 2 1 1 2 0.5 1 0.5
13237 460 45 39 466 0.0847826086956522 0.866666666666667 0.0836909871244635
13272 1 1 1 1 1 1 1
13319 3 1 0 4 0 0 0
13645 82 20 12 90 0.146341463414634 0.6 0.133333333333333
13657 5 2 0 7 0 0 0
137 14 3 3 14 0.214285714285714 1 0.214285714285714
13802 6 1 0 7 0 0 0
13911 5 1 0 6 0 0 0
14277 10 10 3 17 0.3 0.3 0.176470588235294
145 4 2 0 6 0 0 0
15169 91 5 2 94 0.021978021978022 0.4 0.0212765957446809
15444 245 22 13 254 0.0530612244897959 0.590909090909091 0.0511811023622047
15456 4 3 0 7 0 0 0
15469 1 1 0 2 0 0 0
15501 2 2 2 2 1 1 1
15589 34 4 0 38 0 0 0
15598 43 10 5 48 0.116279069767442 0.5 0.104166666666667
15623 23 3 2 24 0.0869565217391304 0.666666666666667 0.0833333333333333
15685 15 3 3 15 0.2 1 0.2
15694 41 1 1 41 0.024390243902439 1 0.024390243902439
15706 3 2 1 4 0.333333333333333 0.5 0.25
15725 2 2 1 3 0.5 0.5 0.333333333333333
15798 2 1 0 3 0 0 0
15919 7 1 1 7 0.142857142857143 1 0.142857142857143
16004 9 1 0 10 0 0 0
16023 3 1 0 4 0 0 0
16030 50 13 10 53 0.2 0.769230769230769 0.188679245283019
16034 233 22 19 236 0.0815450643776824 0.863636363636364 0.0805084745762712
16086 30 7 4 33 0.133333333333333 0.571428571428571 0.121212121212121
16111 3 1 1 3 0.333333333333333 1 0.333333333333333
16128 10 3 3 10 0.3 1 0.3
16131 28 8 5 31 0.178571428571429 0.625 0.161290322580645
16150 245 5 2 248 0.00816326530612245 0.4 0.00806451612903226
16186 45 8 4 49 0.0888888888888889 0.5 0.0816326530612245
16215 199 37 35 201 0.175879396984925 0.945945945945946 0.174129353233831
16237 27 3 1 29 0.037037037037037 0.333333333333333 0.0344827586206897
16245 16 2 1 17 0.0625 0.5 0.0588235294117647
16265 98 1 0 99 0 0 0
16276 57 2 2 57 0.0350877192982456 1 0.0350877192982456
16305 1 1 1 1 1 1 1
16316 4 3 1 6 0.25 0.333333333333333 0.166666666666667
16397 9 1 0 10 0 0 0
1653 27 3 1 29 0.037037037037037 0.333333333333333 0.0344827586206897
16531 8 1 0 9 0 0 0
16713 29 2 1 30 0.0344827586206897 0.5 0.0333333333333333
16838 12 1 0 13 0 0 0
16942 2 2 0 4 0 0 0
16993 2 1 0 3 0 0 0
17263 3 1 0 4 0 0 0
1741 9 2 2 9 0.222222222222222 1 0.222222222222222
17435 2 1 0 3 0 0 0
17511 9 2 0 11 0 0 0
17529 7 1 0 8 0 0 0
17554 8 2 2 8 0.25 1 0.25
17579 10 4 3 11 0.3 0.75 0.272727272727273
1764 17 5 3 19 0.176470588235294 0.6 0.157894736842105
17676 35 6 2 39 0.0571428571428571 0.333333333333333 0.0512820512820513
17716 3 1 1 3 0.333333333333333 1 0.333333333333333
17828 3 1 0 4 0 0 0
17832 4 12 1 15 0.25 0.0833333333333333 0.0666666666666667
17853 1 1 0 2 0 0 0
17934 2 4 1 5 0.5 0.25 0.2
1797 2 3 2 3 1 0.666666666666667 0.666666666666667
1798 3 3 0 6 0 0 0
18015 2 2 2 2 1 1 1
18062 1 1 0 2 0 0 0
18119 1 1 0 2 0 0 0
18126 4 1 1 4 0.25 1 0.25
18182 3 1 0 4 0 0 0
18185 4 2 1 5 0.25 0.5 0.2
18206 3 2 0 5 0 0 0
18210 2 1 0 3 0 0 0
18266 3 1 1 3 0.333333333333333 1 0.333333333333333
18288 2 1 0 3 0 0 0
18344 1 1 0 2 0 0 0
1835 5 2 2 5 0.4 1 0.4
18422 4 2 2 4 0.5 1 0.5
1853 96 14 11 99 0.114583333333333 0.785714285714286 0.111111111111111
18592 27 9 7 29 0.259259259259259 0.777777777777778 0.241379310344828
18666 3 2 0 5 0 0 0
1879 1 1 1 1 1 1 1
1880 13 3 2 14 0.153846153846154 0.666666666666667 0.142857142857143
1881 1 1 1 1 1 1 1
1887 6 1 1 6 0.166666666666667 1 0.166666666666667
1901 131 4 4 131 0.0305343511450382 1 0.0305343511450382
19021 1 1 0 2 0 0 0
1916 18 5 3 20 0.166666666666667 0.6 0.15
19165 2 1 0 3 0 0 0
1930 5 2 1 6 0.2 0.5 0.166666666666667
19318 34 8 5 37 0.147058823529412 0.625 0.135135135135135
19401 31 3 2 32 0.0645161290322581 0.666666666666667 0.0625
195 7 2 2 7 0.285714285714286 1 0.285714285714286
1955 11 2 2 11 0.181818181818182 1 0.181818181818182
19782 12 1 1 12 0.0833333333333333 1 0.0833333333333333
20080 9 2 2 9 0.222222222222222 1 0.222222222222222
2018 5 4 1 8 0.2 0.25 0.125
20312 6 2 1 7 0.166666666666667 0.5 0.142857142857143
2042 17 4 0 21 0 0 0
20473 24 1 0 25 0 0 0
20495 47 6 4 49 0.0851063829787234 0.666666666666667 0.0816326530612245
20569 12 1 1 12 0.0833333333333333 1 0.0833333333333333
20597 2 1 0 3 0 0 0
20612 3 2 1 4 0.333333333333333 0.5 0.25
20621 2 1 1 2 0.5 1 0.5
20633 15 8 3 20 0.2 0.375 0.15
20640 202 63 52 213 0.257425742574257 0.825396825396825 0.244131455399061
20646 44 20 11 53 0.25 0.55 0.207547169811321
20650 6 1 1 6 0.166666666666667 1 0.166666666666667
20704 21 5 3 23 0.142857142857143 0.6 0.130434782608696
20712 7 2 0 9 0 0 0
20718 31 10 4 37 0.129032258064516 0.4 0.108108108108108
20745 1 2 0 3 0 0 0
20794 2 1 0 3 0 0 0
20834 32 5 4 33 0.125 0.8 0.121212121212121
20847 36 10 8 38 0.222222222222222 0.8 0.210526315789474
209 1254 6 5 1255 0.00398724082934609 0.833333333333333 0.00398406374501992
20900 2 1 0 3 0 0 0
20912 3 4 0 7 0 0 0
20965 47 40 40 47 0.851063829787234 1 0.851063829787234
210 9 1 1 9 0.111111111111111 1 0.111111111111111
21055 24 2 1 25 0.0416666666666667 0.5 0.04
2107 1 1 1 1 1 1 1
2108 1 1 1 1 1 1 1
2110 46 6 1 51 0.0217391304347826 0.166666666666667 0.0196078431372549
21119 7 1 1 7 0.142857142857143 1 0.142857142857143
21155 37 11 7 41 0.189189189189189 0.636363636363636 0.170731707317073
2116 30 2 1 31 0.0333333333333333 0.5 0.032258064516129
21221 25 8 5 28 0.2 0.625 0.178571428571429
2128 3 1 1 3 0.333333333333333 1 0.333333333333333
21280 6 1 0 7 0 0 0
21385 32 10 7 35 0.21875 0.7 0.2
2153 38 6 6 38 0.157894736842105 1 0.157894736842105
21844 12 1 1 12 0.0833333333333333 1 0.0833333333333333
21947 19 2 2 19 0.105263157894737 1 0.105263157894737
22 1 1 1 1 1 1 1
2200 46 3 3 46 0.0652173913043478 1 0.0652173913043478
22166 2 1 0 3 0 0 0
22388 8 6 6 8 0.75 1 0.75
224 6 5 1 10 0.166666666666667 0.2 0.1
22548 20 2 1 21 0.05 0.5 0.0476190476190476
226 20 2 2 20 0.1 1 0.1
22767 2 1 1 2 0.5 1 0.5
23265 16 1 1 16 0.0625 1 0.0625
23393 37 3 2 38 0.0540540540540541 0.666666666666667 0.0526315789473684
23504 26 7 2 31 0.0769230769230769 0.285714285714286 0.0645161290322581
23541 5 2 1 6 0.2 0.5 0.166666666666667
23554 2 1 1 2 0.5 1 0.5
23596 2 2 2 2 1 1 1
23600 3 2 2 3 0.666666666666667 1 0.666666666666667
23624 2 1 1 2 0.5 1 0.5
23634 5 2 2 5 0.4 1 0.4
23654 1 1 1 1 1 1 1
23754 1 1 0 2 0 0 0
23774 3 2 1 4 0.333333333333333 0.5 0.25
23787 2 2 1 3 0.5 0.5 0.333333333333333
2381 29 3 2 30 0.0689655172413793 0.666666666666667 0.0666666666666667
23836 1 1 1 1 1 1 1
23889 4 1 1 4 0.25 1 0.25
23902 2 2 0 4 0 0 0
23910 2 4 1 5 0.5 0.25 0.2
23911 2 7 2 7 1 0.285714285714286 0.285714285714286
23912 1 2 0 3 0 0 0
23966 5 2 0 7 0 0 0
24 8 5 3 10 0.375 0.6 0.3
24151 5 3 1 7 0.2 0.333333333333333 0.142857142857143
24218 14 1 0 15 0 0 0
24229 3 1 1 3 0.333333333333333 1 0.333333333333333
24287 4 3 3 4 0.75 1 0.75
24311 1 1 0 2 0 0 0
24334 2 1 1 2 0.5 1 0.5
24433 2 1 1 2 0.5 1 0.5
24435 2 1 0 3 0 0 0
24475 3 3 3 3 1 1 1
24489 6 4 4 6 0.666666666666667 1 0.666666666666667
24490 9 7 7 9 0.777777777777778 1 0.777777777777778
24514 1 1 1 1 1 1 1
24587 36 3 1 38 0.0277777777777778 0.333333333333333 0.0263157894736842
24724 36 4 4 36 0.111111111111111 1 0.111111111111111
24730 41 6 4 43 0.0975609756097561 0.666666666666667 0.0930232558139535
24776 5 2 1 6 0.2 0.5 0.166666666666667
24875 29 11 6 34 0.206896551724138 0.545454545454545 0.176470588235294
2497 211 59 40 230 0.18957345971564 0.677966101694915 0.173913043478261
24973 3 1 0 4 0 0 0
250 3 4 0 7 0 0 0
2500 27 48 10 65 0.37037037037037 0.208333333333333 0.153846153846154
25058 2 1 1 2 0.5 1 0.5
2506 3 1 1 3 0.333333333333333 1 0.333333333333333
25061 24 2 1 25 0.0416666666666667 0.5 0.04
2510 16 7 3 20 0.1875 0.428571428571429 0.15
25108 15 4 4 15 0.266666666666667 1 0.266666666666667
25137 6 4 3 7 0.5 0.75 0.428571428571429
2514 18 4 2 20 0.111111111111111 0.5 0.1
2515 6 1 1 6 0.166666666666667 1 0.166666666666667
25152 40 4 2 42 0.05 0.5 0.0476190476190476
2516 295 46 31 310 0.105084745762712 0.673913043478261 0.1
2518 52 8 3 57 0.0576923076923077 0.375 0.0526315789473684
2519 25 3 1 27 0.04 0.333333333333333 0.037037037037037
25192 19 7 4 22 0.210526315789474 0.571428571428571 0.181818181818182
25208 5 1 0 6 0 0 0
25220 15 2 2 15 0.133333333333333 1 0.133333333333333
2523 5 1 1 5 0.2 1 0.2
25232 203 9 9 203 0.0443349753694581 1 0.0443349753694581
2527 10 6 2 14 0.2 0.333333333333333 0.142857142857143
25358 16 7 1 22 0.0625 0.142857142857143 0.0454545454545455
25384 8 2 0 10 0 0 0
25441 9 1 1 9 0.111111111111111 1 0.111111111111111
25473 4 1 1 4 0.25 1 0.25
2549 3 2 1 4 0.333333333333333 0.5 0.25
25538 2 1 0 3 0 0 0
25560 30 14 11 33 0.366666666666667 0.785714285714286 0.333333333333333
25689 6 2 1 7 0.166666666666667 0.5 0.142857142857143
2594 5 1 0 6 0 0 0
2595 2 1 0 3 0 0 0
2602 2 1 1 2 0.5 1 0.5
2603 28 11 8 31 0.285714285714286 0.727272727272727 0.258064516129032
2607 29 4 4 29 0.137931034482759 1 0.137931034482759
2611 46 11 9 48 0.195652173913043 0.818181818181818 0.1875
2614 9 1 1 9 0.111111111111111 1 0.111111111111111
26415 24 3 0 27 0 0 0
26943 30 6 6 30 0.2 1 0.2
2697 4 1 1 4 0.25 1 0.25
27 2 1 1 2 0.5 1 0.5
27319 24 3 3 24 0.125 1 0.125
27446 5 1 0 6 0 0 0
27678 7 1 1 7 0.142857142857143 1 0.142857142857143
27750 13 12 10 15 0.769230769230769 0.833333333333333 0.666666666666667
278 7 7 1 13 0.142857142857143 0.142857142857143 0.0769230769230769
27841 1 1 1 1 1 1 1
2819 22 4 0 26 0 0 0
2847 2 1 1 2 0.5 1 0.5
28472 1 1 1 1 1 1 1
2852 39 3 3 39 0.0769230769230769 1 0.0769230769230769
2857 143 12 8 147 0.0559440559440559 0.666666666666667 0.054421768707483
286 313 51 28 336 0.0894568690095847 0.549019607843137 0.0833333333333333
2861 8 2 2 8 0.25 1 0.25
28678 2 1 1 2 0.5 1 0.5
28716 36 1 1 36 0.0277777777777778 1 0.0277777777777778
28725 5 1 0 6 0 0 0
28788 42 3 3 42 0.0714285714285714 1 0.0714285714285714
28814 1 1 1 1 1 1 1
2884 6 2 2 6 0.333333333333333 1 0.333333333333333
28855 5 1 1 5 0.2 1 0.2
28857 6 3 2 7 0.333333333333333 0.666666666666667 0.285714285714286
2895 9 2 2 9 0.222222222222222 1 0.222222222222222
2905 24 1 0 25 0 0 0
2907 69 6 3 72 0.0434782608695652 0.5 0.0416666666666667
29134 4 1 0 5 0 0 0
2914 552 124 66 610 0.119565217391304 0.532258064516129 0.108196721311475
2915 13 9 1 21 0.0769230769230769 0.111111111111111 0.0476190476190476
292 1 1 1 1 1 1 1
29208 29 3 2 30 0.0689655172413793 0.666666666666667 0.0666666666666667
29216 1 2 1 2 1 0.5 0.5
29243 2 1 1 2 0.5 1 0.5
29259 7 4 4 7 0.571428571428571 1 0.571428571428571
293 122 39 30 131 0.245901639344262 0.769230769230769 0.229007633587786
29317 1 2 1 2 1 0.5 0.5
29402 6 1 0 7 0 0 0
29422 19 1 1 19 0.0526315789473684 1 0.0526315789473684
29432 1 1 1 1 1 1 1
29449 3 2 0 5 0 0 0
29452 4 1 0 5 0 0 0
29527 38 5 5 38 0.131578947368421 1 0.131578947368421
29632 8 3 1 10 0.125 0.333333333333333 0.1
29636 172 24 24 172 0.13953488372093 1 0.13953488372093
29668 28 2 1 29 0.0357142857142857 0.5 0.0344827586206897
29670 2 1 0 3 0 0 0
29686 288 72 66 294 0.229166666666667 0.916666666666667 0.224489795918367
29748 27 2 2 27 0.0740740740740741 1 0.0740740740740741
29838 16 3 1 18 0.0625 0.333333333333333 0.0555555555555556
29877 4 3 0 7 0 0 0
29904 2 1 1 2 0.5 1 0.5
3 6 1 0 7 0 0 0
30071 24 81 9 96 0.375 0.111111111111111 0.09375
30128 3 3 2 4 0.666666666666667 0.666666666666667 0.5
30132 9 2 2 9 0.222222222222222 1 0.222222222222222
30653 17 3 1 19 0.0588235294117647 0.333333333333333 0.0526315789473684
3066 7 2 1 8 0.142857142857143 0.5 0.125
30834 4 2 2 4 0.5 1 0.5
30913 16 3 1 18 0.0625 0.333333333333333 0.0555555555555556
30947 3 1 1 3 0.333333333333333 1 0.333333333333333
31065 2 2 0 4 0 0 0
31103 3 3 0 6 0 0 0
31127 3 1 1 3 0.333333333333333 1 0.333333333333333
31246 7 1 1 7 0.142857142857143 1 0.142857142857143
31265 1 1 1 1 1 1 1
31283 55 4 2 57 0.0363636363636364 0.5 0.0350877192982456
31383 26 8 4 30 0.153846153846154 0.5 0.133333333333333
31424 9 2 1 10 0.111111111111111 0.5 0.1
31458 39 2 1 40 0.0256410256410256 0.5 0.025
31477 35 1 1 35 0.0285714285714286 1 0.0285714285714286
31479 5 1 1 5 0.2 1 0.2
31513 2 1 1 2 0.5 1 0.5
31708 4 1 1 4 0.25 1 0.25
31859 2 1 0 3 0 0 0
31985 5 1 0 6 0 0 0
32034 6 2 1 7 0.166666666666667 0.5 0.142857142857143
3212 43 1 1 43 0.0232558139534884 1 0.0232558139534884
3213 133 5 5 133 0.037593984962406 1 0.037593984962406
3221 1 1 1 1 1 1 1
32361 5 1 1 5 0.2 1 0.2
3243 12 4 1 15 0.0833333333333333 0.25 0.0666666666666667
32459 3 1 1 3 0.333333333333333 1 0.333333333333333
3246 122 16 12 126 0.0983606557377049 0.75 0.0952380952380952
3248 36 11 5 42 0.138888888888889 0.454545454545455 0.119047619047619
3249 41 7 3 45 0.0731707317073171 0.428571428571429 0.0666666666666667
3257 334 144 68 410 0.203592814371257 0.472222222222222 0.165853658536585
3265 62 13 9 66 0.145161290322581 0.692307692307692 0.136363636363636
3268 1 1 1 1 1 1 1
3277 104 1 0 105 0 0 0
3292 306 8 6 308 0.0196078431372549 0.75 0.0194805194805195
32978 3 1 1 3 0.333333333333333 1 0.333333333333333
3301 49 2 1 50 0.0204081632653061 0.5 0.02
3303 416 2 1 417 0.00240384615384615 0.5 0.00239808153477218
3320 418 13 8 423 0.0191387559808612 0.615384615384615 0.0189125295508274
3327 38 9 7 40 0.184210526315789 0.777777777777778 0.175
3333 144 5 3 146 0.0208333333333333 0.6 0.0205479452054795
3343 16 6 3 19 0.1875 0.5 0.157894736842105
33437 1 8 1 8 1 0.125 0.125
3344 29 13 8 34 0.275862068965517 0.615384615384615 0.235294117647059
3352 60 3 1 62 0.0166666666666667 0.333333333333333 0.0161290322580645
3356 1335 25 22 1338 0.0164794007490637 0.88 0.0164424514200299
33843 22 7 1 28 0.0454545454545455 0.142857142857143 0.0357142857142857
33956 5 1 1 5 0.2 1 0.2
34081 2 1 1 2 0.5 1 0.5
34225 26 4 4 26 0.153846153846154 1 0.153846153846154
34243 1 1 1 1 1 1 1
34288 6 2 1 7 0.166666666666667 0.5 0.142857142857143
34309 22 33 7 48 0.318181818181818 0.212121212121212 0.145833333333333
34419 6 3 2 7 0.333333333333333 0.666666666666667 0.285714285714286
34623 1 1 1 1 1 1 1
34631 2 1 1 2 0.5 1 0.5
34763 54 15 7 62 0.12962962962963 0.466666666666667 0.112903225806452
35003 2 1 1 2 0.5 1 0.5
35028 29 1 0 30 0 0 0
35244 14 7 4 17 0.285714285714286 0.571428571428571 0.235294117647059
35292 3 1 0 4 0 0 0
35406 3 1 1 3 0.333333333333333 1 0.333333333333333
35425 5 1 1 5 0.2 1 0.2
35485 10 3 3 10 0.3 1 0.3
3549 858 62 44 876 0.0512820512820513 0.709677419354839 0.0502283105022831
3551 1 1 0 2 0 0 0
3557 84 24 14 94 0.166666666666667 0.583333333333333 0.148936170212766
35612 2 2 0 4 0 0 0
35706 8 3 2 9 0.25 0.666666666666667 0.222222222222222
3597 9 1 1 9 0.111111111111111 1 0.111111111111111
3662 13 1 1 13 0.0769230769230769 1 0.0769230769230769
3671 2 1 1 2 0.5 1 0.5
3741 242 1 0 243 0 0 0
376 13 1 1 13 0.0769230769230769 1 0.0769230769230769
378 3 1 1 3 0.333333333333333 1 0.333333333333333
3790 3 1 1 3 0.333333333333333 1 0.333333333333333
38083 1 1 1 1 1 1 1
38128 1 1 0 2 0 0 0
3825 1 2 0 3 0 0 0
3836 5 8 1 12 0.2 0.125 0.0833333333333333
39122 4 1 1 4 0.25 1 0.25
39211 1 1 1 1 1 1 1
39301 2 1 1 2 0.5 1 0.5
39469 73 9 7 75 0.0958904109589041 0.777777777777778 0.0933333333333333
39764 4 1 1 4 0.25 1 0.25
39854 1 1 0 2 0 0 0
3999 1 1 1 1 1 1 1
4134 62 1 0 63 0 0 0
41539 1 1 1 1 1 1 1
41670 1 1 0 2 0 0 0
42 78 2 2 78 0.0256410256410256 1 0.0256410256410256
4436 82 10 9 83 0.109756097560976 0.9 0.108433734939759
4538 18 8 5 21 0.277777777777778 0.625 0.238095238095238
4555 1 3 0 4 0 0 0
4589 178 24 15 187 0.0842696629213483 0.625 0.0802139037433155
4608 3 2 1 4 0.333333333333333 0.5 0.25
4618 17 1 0 18 0 0 0
4621 26 3 2 27 0.0769230769230769 0.666666666666667 0.0740740740740741
4645 13 1 1 13 0.0769230769230769 1 0.0769230769230769
4651 28 5 3 30 0.107142857142857 0.6 0.1
4673 8 1 1 8 0.125 1 0.125
4675 6 6 2 10 0.333333333333333 0.333333333333333 0.2
4677 5 8 3 10 0.6 0.375 0.3
4678 9 7 2 14 0.222222222222222 0.285714285714286 0.142857142857143
4680 10 6 2 14 0.2 0.333333333333333 0.142857142857143
4685 8 7 3 12 0.375 0.428571428571429 0.25
4688 10 7 3 14 0.3 0.428571428571429 0.214285714285714
4691 8 13 4 17 0.5 0.307692307692308 0.235294117647059
4697 1 18 1 18 1 0.0555555555555556 0.0555555555555556
4702 5 4 2 7 0.4 0.5 0.285714285714286
4713 90 5 4 91 0.0444444444444444 0.8 0.043956043956044
4716 88 38 12 114 0.136363636363636 0.315789473684211 0.105263157894737
4717 3 2 2 3 0.666666666666667 1 0.666666666666667
4718 3 4 1 6 0.333333333333333 0.25 0.166666666666667
4721 11 6 0 17 0 0 0
4725 119 36 13 142 0.109243697478992 0.361111111111111 0.0915492957746479
4747 9 2 0 11 0 0 0
4750 41 3 1 43 0.024390243902439 0.333333333333333 0.0232558139534884
4775 43 1 1 43 0.0232558139534884 1 0.0232558139534884
4777 26 7 5 28 0.192307692307692 0.714285714285714 0.178571428571429
4780 26 2 1 27 0.0384615384615385 0.5 0.037037037037037
4782 2 2 0 4 0 0 0
4787 6 6 0 12 0 0 0
4788 91 9 3 97 0.032967032967033 0.333333333333333 0.0309278350515464
4795 34 3 1 36 0.0294117647058824 0.333333333333333 0.0277777777777778
48 1 1 1 1 1 1 1
4818 3 1 0 4 0 0 0
5050 17 2 2 17 0.117647058823529 1 0.117647058823529
513 39 7 6 40 0.153846153846154 0.857142857142857 0.15
5381 13 2 1 14 0.0769230769230769 0.5 0.0714285714285714
5385 11 7 4 14 0.363636363636364 0.571428571428571 0.285714285714286
5401 3 1 1 3 0.333333333333333 1 0.333333333333333
5408 29 1 1 29 0.0344827586206897 1 0.0344827586206897
5410 48 5 1 52 0.0208333333333333 0.2 0.0192307692307692
5417 170 30 23 177 0.135294117647059 0.766666666666667 0.129943502824859
5418 7 1 1 7 0.142857142857143 1 0.142857142857143
5430 70 20 14 76 0.2 0.7 0.184210526315789
5459 218 11 10 219 0.0458715596330275 0.909090909090909 0.045662100456621
5466 68 2 1 69 0.0147058823529412 0.5 0.0144927536231884
5486 39 2 0 41 0 0 0
5511 161 23 17 167 0.105590062111801 0.739130434782609 0.101796407185629
553 39 12 10 41 0.256410256410256 0.833333333333333 0.24390243902439
5533 6 1 1 6 0.166666666666667 1 0.166666666666667
5537 29 2 1 30 0.0344827586206897 0.5 0.0333333333333333
5539 31 43 14 60 0.451612903225806 0.325581395348837 0.233333333333333
5549 3 2 2 3 0.666666666666667 1 0.666666666666667
5550 4 3 1 6 0.25 0.333333333333333 0.166666666666667
5568 93 4 3 94 0.032258064516129 0.75 0.0319148936170213
559 57 14 13 58 0.228070175438596 0.928571428571429 0.224137931034483
5602 14 2 0 16 0 0 0
5609 2 10 0 12 0 0 0
5623 1 3 0 4 0 0 0
5669 34 2 0 36 0 0 0
5693 8 2 0 10 0 0 0
57 19 2 2 19 0.105263157894737 1 0.105263157894737
5713 118 2 1 119 0.00847457627118644 0.5 0.00840336134453781
577 110 1 1 110 0.00909090909090909 1 0.00909090909090909
6057 7 2 1 8 0.142857142857143 0.5 0.125
6062 10 3 0 13 0 0 0
6066 3 2 1 4 0.333333333333333 0.5 0.25
6140 116 1 0 117 0 0 0
6149 1 2 0 3 0 0 0
6163 9 1 0 10 0 0 0
6182 1 1 1 1 1 1 1
6263 3 1 1 3 0.333333333333333 1 0.333333333333333
6320 187 1 1 187 0.0053475935828877 1 0.0053475935828877
6342 4 1 0 5 0 0 0
6360 9 2 2 9 0.222222222222222 1 0.222222222222222
6435 3 10 0 13 0 0 0
6453 386 43 32 397 0.0829015544041451 0.744186046511628 0.0806045340050378
6509 38 5 4 39 0.105263157894737 0.8 0.102564102564103
65500 3 1 0 4 0 0 0
6596 22 1 1 22 0.0454545454545455 1 0.0454545454545455
6619 13 1 0 14 0 0 0
6629 2 1 1 2 0.5 1 0.5
6648 21 2 1 22 0.0476190476190476 0.5 0.0454545454545455
6666 35 16 10 41 0.285714285714286 0.625 0.24390243902439
6667 460 85 82 463 0.178260869565217 0.964705882352941 0.177105831533477
668 37 9 5 41 0.135135135135135 0.555555555555556 0.121951219512195
6695 102 14 11 105 0.107843137254902 0.785714285714286 0.104761904761905
6696 4 3 1 6 0.25 0.333333333333333 0.166666666666667
6706 6 4 3 7 0.5 0.75 0.428571428571429
6730 616 8 7 617 0.0113636363636364 0.875 0.0113452188006483
6762 143 29 21 151 0.146853146853147 0.724137931034483 0.139072847682119
6770 44 14 8 50 0.181818181818182 0.571428571428571 0.16
6772 12 4 4 12 0.333333333333333 1 0.333333333333333
6774 71 11 9 73 0.126760563380282 0.818181818181818 0.123287671232877
680 43 10 8 45 0.186046511627907 0.8 0.177777777777778
6802 7 1 1 7 0.142857142857143 1 0.142857142857143
6830 137 89 31 195 0.226277372262774 0.348314606741573 0.158974358974359
6881 59 1 1 59 0.0169491525423729 1 0.0169491525423729
6882 3 1 1 3 0.333333333333333 1 0.333333333333333
6893 5 1 0 6 0 0 0
6895 8 1 1 8 0.125 1 0.125
6939 539 41 20 560 0.0371057513914657 0.48780487804878 0.0357142857142857
7018 2054 7 4 2057 0.00194741966893866 0.571428571428571 0.00194457948468644
7019 1 1 1 1 1 1 1
7065 9 2 1 10 0.111111111111111 0.5 0.1
7066 23 2 2 23 0.0869565217391304 1 0.0869565217391304
719 11 1 1 11 0.0909090909090909 1 0.0909090909090909
7470 32 1 1 32 0.03125 1 0.03125
7500 68 5 3 70 0.0441176470588235 0.6 0.0428571428571429
7514 21 9 5 25 0.238095238095238 0.555555555555556 0.2
7516 5 1 0 6 0 0 0
7521 4 3 1 6 0.25 0.333333333333333 0.166666666666667
7522 7 6 2 11 0.285714285714286 0.333333333333333 0.181818181818182
7530 2 3 0 5 0 0 0
7539 21 9 5 25 0.238095238095238 0.555555555555556 0.2
7570 3 4 1 6 0.333333333333333 0.25 0.166666666666667
7575 298 58 50 306 0.167785234899329 0.862068965517241 0.163398692810458
7610 18 2 1 19 0.0555555555555556 0.5 0.0526315789473684
766 15 5 4 16 0.266666666666667 0.8 0.25
7660 38 30 16 52 0.421052631578947 0.533333333333333 0.307692307692308
7665 2 1 1 2 0.5 1 0.5
7667 3 1 0 4 0 0 0
7668 9 1 0 10 0 0 0
7670 20 2 1 21 0.05 0.5 0.0476190476190476
7671 4 33 3 34 0.75 0.0909090909090909 0.0882352941176471
7682 11 3 2 12 0.181818181818182 0.666666666666667 0.166666666666667
7687 4 1 1 4 0.25 1 0.25
7753 4 1 0 5 0 0 0
7781 4 3 1 6 0.25 0.333333333333333 0.166666666666667
7786 5 1 0 6 0 0 0
786 47 9 3 53 0.0638297872340425 0.333333333333333 0.0566037735849057
790 2 1 1 2 0.5 1 0.5
7949 9 2 0 11 0 0 0
8002 35 3 2 36 0.0571428571428571 0.666666666666667 0.0555555555555556
81 16 1 1 16 0.0625 1 0.0625
8121 36 6 3 39 0.0833333333333333 0.5 0.0769230769230769
8195 69 7 6 70 0.0869565217391304 0.857142857142857 0.0857142857142857
8201 8 2 1 9 0.125 0.5 0.111111111111111
8220 543 12 12 543 0.0220994475138122 1 0.0220994475138122
8226 3 3 1 5 0.333333333333333 0.333333333333333 0.2
8237 6 4 3 7 0.5 0.75 0.428571428571429
8246 145 1 0 146 0 0 0
8256 1 1 1 1 1 1 1
8267 2 1 1 2 0.5 1 0.5
8286 1 1 0 2 0 0 0
8299 8 1 0 9 0 0 0
8319 27 12 8 31 0.296296296296296 0.666666666666667 0.258064516129032
8346 3 1 1 3 0.333333333333333 1 0.333333333333333
8364 9 1 0 10 0 0 0
8365 68 17 13 72 0.191176470588235 0.764705882352941 0.180555555555556
8368 7 1 1 7 0.142857142857143 1 0.142857142857143
8419 194 4 3 195 0.0154639175257732 0.75 0.0153846153846154
8426 237 10 8 239 0.0337552742616034 0.8 0.0334728033472803
8447 320 17 15 322 0.046875 0.882352941176471 0.046583850931677
8469 29 9 7 31 0.241379310344828 0.777777777777778 0.225806451612903
8473 17 3 1 19 0.0588235294117647 0.333333333333333 0.0526315789473684
8481 2 1 0 3 0 0 0
8489 3 2 1 4 0.333333333333333 0.5 0.25
8495 5 3 2 6 0.4 0.666666666666667 0.333333333333333
8501 33 9 9 33 0.272727272727273 1 0.272727272727273
8508 1 1 1 1 1 1 1
8517 16 1 1 16 0.0625 1 0.0625
852 120 1 1 120 0.00833333333333333 1 0.00833333333333333
8527 13 2 2 13 0.153846153846154 1 0.153846153846154
855 19 1 0 20 0 0 0
8560 62 16 12 66 0.193548387096774 0.75 0.181818181818182
8586 63 5 4 64 0.0634920634920635 0.8 0.0625
8591 25 3 2 26 0.08 0.666666666666667 0.0769230769230769
8657 79 3 2 80 0.0253164556962025 0.666666666666667 0.025
8664 7 1 0 8 0 0 0
8665 18 12 6 24 0.333333333333333 0.5 0.25
8674 46 3 3 46 0.0652173913043478 1 0.0652173913043478
8728 1 1 1 1 1 1 1
8737 33 6 4 35 0.121212121212121 0.666666666666667 0.114285714285714
8758 7 5 3 9 0.428571428571429 0.6 0.333333333333333
8763 132 35 33 134 0.25 0.942857142857143 0.246268656716418
8767 49 12 10 51 0.204081632653061 0.833333333333333 0.196078431372549
8820 229 26 19 236 0.0829694323144105 0.730769230769231 0.0805084745762712
8881 136 8 7 137 0.0514705882352941 0.875 0.0510948905109489
8897 53 8 5 56 0.0943396226415094 0.625 0.0892857142857143
8903 11 3 0 14 0 0 0
8943 18 3 2 19 0.111111111111111 0.666666666666667 0.105263157894737
8954 19 5 2 22 0.105263157894737 0.4 0.0909090909090909
8966 61 1 1 61 0.0163934426229508 1 0.0163934426229508
8970 2 1 1 2 0.5 1 0.5
8975 68 3 2 69 0.0294117647058824 0.666666666666667 0.0289855072463768
8978 4 3 1 6 0.25 0.333333333333333 0.166666666666667
9009 155 8 6 157 0.0387096774193548 0.75 0.0382165605095541
9052 3 2 0 5 0 0 0
9080 9 3 2 10 0.222222222222222 0.666666666666667 0.2
9085 6 1 1 6 0.166666666666667 1 0.166666666666667
9112 7 1 1 7 0.142857142857143 1 0.142857142857143
9150 28 3 3 28 0.107142857142857 1 0.107142857142857
9153 32 3 3 32 0.09375 1 0.09375
9162 2 1 0 3 0 0 0
9264 56 39 8 87 0.142857142857143 0.205128205128205 0.0919540229885057
9270 34 7 5 36 0.147058823529412 0.714285714285714 0.138888888888889
9299 35 1 1 35 0.0285714285714286 1 0.0285714285714286
9316 36 1 0 37 0 0 0
9327 2 2 0 4 0 0 0
9340 8 4 0 12 0 0 0
9406 1 2 0 3 0 0 0
9416 18 1 0 19 0 0 0
9505 67 4 3 68 0.0447761194029851 0.75 0.0441176470588235
9541 7 3 0 10 0 0 0
9583 31 1 0 32 0 0 0
9595 10 4 2 12 0.2 0.5 0.166666666666667
9600 7 9 2 14 0.285714285714286 0.222222222222222 0.142857142857143
9607 7 2 0 9 0 0 0
9619 2 2 2 2 1 1 1
9621 3 8 2 9 0.666666666666667 0.25 0.222222222222222
9622 6 1 1 6 0.166666666666667 1 0.166666666666667
9687 2 1 1 2 0.5 1 0.5
9700 5 2 2 5 0.4 1 0.4
9758 1 1 0 2 0 0 0
9800 36 1 0 37 0 0 0
9821 2 2 2 2 1 1 1
9844 2 1 0 3 0 0 0
9875 3 2 1 4 0.333333333333333 0.5 0.25
9901 23 2 0 25 0 0 0
9919 16 1 0 17 0 0 0
9995 3 2 2 3 0.666666666666667 1 0.666666666666667
