#ASN num_v4adj num_v6adj num_intersect(v4v6adj) num_union(adj) fr_v4(num_intersect/num_v4adj) fr_v6(num_intersect/num_v6adj) fr_intersect(num_intersect/num_union)
10013 2 1 1 2 0.5 1 0.5
10015 10 1 0 11 0 0 0
101 33 8 7 34 0.212121212121212 0.875 0.205882352941176
10148 1 2 1 2 1 0.5 0.5
102 4 1 1 4 0.25 1 0.25
10204 3 3 1 5 0.333333333333333 0.333333333333333 0.2
10217 27 1 1 27 0.037037037037037 1 0.037037037037037
10318 3 1 0 4 0 0 0
10343 2 1 1 2 0.5 1 0.5
10405 2 1 0 3 0 0 0
10429 76 1 1 76 0.0131578947368421 1 0.0131578947368421
10466 28 3 3 28 0.107142857142857 1 0.107142857142857
10490 31 3 2 32 0.0645161290322581 0.666666666666667 0.0625
10533 1 1 1 1 1 1 1
10569 1 1 1 1 1 1 1
10578 25 3 3 25 0.12 1 0.12
10745 2 8 0 10 0 0 0
10778 7 1 1 7 0.142857142857143 1 0.142857142857143
10782 2 1 1 2 0.5 1 0.5
10886 40 21 9 52 0.225 0.428571428571429 0.173076923076923
109 18 4 0 22 0 0 0
1101 1 1 1 1 1 1 1
1103 186 65 60 191 0.32258064516129 0.923076923076923 0.31413612565445
111 2 2 1 3 0.5 0.5 0.333333333333333
11170 2 2 0 4 0 0 0
1120 15 1 1 15 0.0666666666666667 1 0.0666666666666667
1126 38 10 6 42 0.157894736842105 0.6 0.142857142857143
11274 9 2 2 9 0.222222222222222 1 0.222222222222222
11279 2 1 1 2 0.5 1 0.5
11317 6 4 4 6 0.666666666666667 1 0.666666666666667
11340 7 1 1 7 0.142857142857143 1 0.142857142857143
1140 28 6 3 31 0.107142857142857 0.5 0.0967741935483871
11404 38 3 3 38 0.0789473684210526 1 0.0789473684210526
11508 3 1 1 3 0.333333333333333 1 0.333333333333333
11537 117 51 39 129 0.333333333333333 0.764705882352941 0.302325581395349
11656 1 1 0 2 0 0 0
11666 7 3 0 10 0 0 0
11694 2 1 1 2 0.5 1 0.5
11734 4 1 0 5 0 0 0
11960 5 2 2 5 0.4 1 0.4
1200 46 16 11 51 0.239130434782609 0.6875 0.215686274509804
12008 29 1 1 29 0.0344827586206897 1 0.0344827586206897
12041 40 17 11 46 0.275 0.647058823529412 0.239130434782609
12046 2 1 1 2 0.5 1 0.5
12111 23 3 2 24 0.0869565217391304 0.666666666666667 0.0833333333333333
1213 7 4 3 8 0.428571428571429 0.75 0.375
1221 114 2 0 116 0 0 0
1224 3 1 1 3 0.333333333333333 1 0.333333333333333
12287 2 1 1 2 0.5 1 0.5
12301 65 1 1 65 0.0153846153846154 1 0.0153846153846154
12303 3 2 1 4 0.333333333333333 0.5 0.25
12312 55 13 11 57 0.2 0.846153846153846 0.192982456140351
12322 66 4 4 66 0.0606060606060606 1 0.0606060606060606
12329 6 1 1 6 0.166666666666667 1 0.166666666666667
12335 3 1 1 3 0.333333333333333 1 0.333333333333333
12337 45 50 21 74 0.466666666666667 0.42 0.283783783783784
12353 5 3 1 7 0.2 0.333333333333333 0.142857142857143
12355 33 16 13 36 0.393939393939394 0.8125 0.361111111111111
1237 36 4 2 38 0.0555555555555556 0.5 0.0526315789473684
12371 2 1 0 3 0 0 0
12386 15 3 3 15 0.2 1 0.2
1239 1680 3 1 1682 0.000595238095238095 0.333333333333333 0.000594530321046373
12399 309 1 1 309 0.00323624595469256 1 0.00323624595469256
12401 14 2 2 14 0.142857142857143 1 0.142857142857143
12414 40 14 11 43 0.275 0.785714285714286 0.255813953488372
12502 3 2 1 4 0.333333333333333 0.5 0.25
12533 2 1 0 3 0 0 0
12566 40 3 3 40 0.075 1 0.075
1257 153 20 16 157 0.104575163398693 0.8 0.101910828025478
12573 31 10 10 31 0.32258064516129 1 0.32258064516129
12600 16 1 0 17 0 0 0
12611 41 21 14 48 0.341463414634146 0.666666666666667 0.291666666666667
12634 38 16 9 45 0.236842105263158 0.5625 0.2
12637 64 20 17 67 0.265625 0.85 0.253731343283582
12638 3 3 0 6 0 0 0
12654 58 19 11 66 0.189655172413793 0.578947368421053 0.166666666666667
12657 2 1 0 3 0 0 0
12684 3 1 0 4 0 0 0
12709 2 1 0 3 0 0 0
1273 282 71 43 310 0.152482269503546 0.605633802816901 0.138709677419355
12731 106 22 14 114 0.132075471698113 0.636363636363636 0.12280701754386
12732 18 3 1 20 0.0555555555555556 0.333333333333333 0.05
12741 165 1 0 166 0 0 0
12757 3 1 1 3 0.333333333333333 1 0.333333333333333
12767 9 3 2 10 0.222222222222222 0.666666666666667 0.2
12769 4 1 1 4 0.25 1 0.25
12779 73 23 14 82 0.191780821917808 0.608695652173913 0.170731707317073
1280 102 33 23 112 0.225490196078431 0.696969696969697 0.205357142857143
12816 1 1 1 1 1 1 1
12817 2 2 2 2 1 1 1
12850 15 4 4 15 0.266666666666667 1 0.266666666666667
12853 2 3 1 4 0.5 0.333333333333333 0.25
12859 490 119 112 497 0.228571428571429 0.941176470588235 0.225352112676056
12871 37 13 6 44 0.162162162162162 0.461538461538462 0.136363636363636
12874 143 2 2 143 0.013986013986014 1 0.013986013986014
12895 7 1 1 7 0.142857142857143 1 0.142857142857143
12902 43 11 6 48 0.13953488372093 0.545454545454545 0.125
12931 4 3 2 5 0.5 0.666666666666667 0.4
12956 120 8 8 120 0.0666666666666667 1 0.0666666666666667
12968 144 1 1 144 0.00694444444444444 1 0.00694444444444444
12989 525 18 15 528 0.0285714285714286 0.833333333333333 0.0284090909090909
1299 544 38 36 546 0.0661764705882353 0.947368421052632 0.0659340659340659
13030 884 38 35 887 0.0395927601809955 0.921052631578947 0.0394588500563698
13039 5 1 1 5 0.2 1 0.2
13041 7 2 2 7 0.285714285714286 1 0.285714285714286
13049 28 1 1 28 0.0357142857142857 1 0.0357142857142857
13092 5 1 1 5 0.2 1 0.2
131 3 1 1 3 0.333333333333333 1 0.333333333333333
13105 13 6 2 17 0.153846153846154 0.333333333333333 0.117647058823529
131075 1 2 1 2 1 0.5 0.5
13110 6 1 1 6 0.166666666666667 1 0.166666666666667
13115 4 1 1 4 0.25 1 0.25
1312 2 1 1 2 0.5 1 0.5
13132 20 14 11 23 0.55 0.785714285714286 0.478260869565217
13184 38 14 7 45 0.184210526315789 0.5 0.155555555555556
13189 30 6 6 30 0.2 1 0.2
13193 49 11 9 51 0.183673469387755 0.818181818181818 0.176470588235294
13237 482 84 69 497 0.143153526970954 0.821428571428571 0.138832997987928
13272 2 2 2 2 1 1 1
13284 10 4 2 12 0.2 0.5 0.166666666666667
13293 22 2 2 22 0.0909090909090909 1 0.0909090909090909
13301 33 2 2 33 0.0606060606060606 1 0.0606060606060606
13319 4 1 0 5 0 0 0
13332 6 1 1 6 0.166666666666667 1 0.166666666666667
13448 6 2 1 7 0.166666666666667 0.5 0.142857142857143
13645 163 13 7 169 0.0429447852760736 0.538461538461538 0.0414201183431953
13680 48 10 9 49 0.1875 0.9 0.183673469387755
137 41 6 6 41 0.146341463414634 1 0.146341463414634
13714 2 1 1 2 0.5 1 0.5
13810 2 2 1 3 0.5 0.5 0.333333333333333
13855 4 1 0 5 0 0 0
13910 6 1 0 7 0 0 0
13911 4 1 0 5 0 0 0
14037 1 1 1 1 1 1 1
14085 5 2 2 5 0.4 1 0.4
14259 26 2 1 27 0.0384615384615385 0.5 0.037037037037037
14262 4 2 2 4 0.5 1 0.5
14277 8 9 3 14 0.375 0.333333333333333 0.214285714285714
14589 20 3 2 21 0.1 0.666666666666667 0.0952380952380952
14595 2 1 0 3 0 0 0
14868 5 1 1 5 0.2 1 0.2
14907 3 2 1 4 0.333333333333333 0.5 0.25
15169 116 21 13 124 0.112068965517241 0.619047619047619 0.104838709677419
15226 3 2 0 5 0 0 0
15373 2 1 1 2 0.5 1 0.5
15412 480 9 8 481 0.0166666666666667 0.888888888888889 0.0166320166320166
15440 5 1 1 5 0.2 1 0.2
15444 261 20 12 269 0.0459770114942529 0.6 0.0446096654275093
15456 1 3 1 3 1 0.333333333333333 0.333333333333333
15469 1 1 0 2 0 0 0
15480 1 1 1 1 1 1 1
15557 121 1 1 121 0.00826446280991736 1 0.00826446280991736
15589 32 14 4 42 0.125 0.285714285714286 0.0952380952380952
15598 62 26 20 68 0.32258064516129 0.769230769230769 0.294117647058824
15623 33 4 3 34 0.0909090909090909 0.75 0.0882352941176471
15685 25 9 8 26 0.32 0.888888888888889 0.307692307692308
15694 59 1 1 59 0.0169491525423729 1 0.0169491525423729
15725 2 2 2 2 1 1 1
15782 16 4 3 17 0.1875 0.75 0.176470588235294
15798 3 1 1 3 0.333333333333333 1 0.333333333333333
15879 39 5 4 40 0.102564102564103 0.8 0.1
15919 8 1 1 8 0.125 1 0.125
16004 15 5 4 16 0.266666666666667 0.8 0.25
16030 57 13 7 63 0.12280701754386 0.538461538461538 0.111111111111111
16034 29 7 3 33 0.103448275862069 0.428571428571429 0.0909090909090909
16086 33 20 9 44 0.272727272727273 0.45 0.204545454545455
16117 3 1 1 3 0.333333333333333 1 0.333333333333333
16128 18 3 2 19 0.111111111111111 0.666666666666667 0.105263157894737
16131 48 17 10 55 0.208333333333333 0.588235294117647 0.181818181818182
16150 225 9 9 225 0.04 1 0.04
16186 42 1 1 42 0.0238095238095238 1 0.0238095238095238
16206 14 1 0 15 0 0 0
16210 4 3 3 4 0.75 1 0.75
16215 15 3 3 15 0.2 1 0.2
16237 32 5 2 35 0.0625 0.4 0.0571428571428571
16242 6 1 1 6 0.166666666666667 1 0.166666666666667
16243 57 1 1 57 0.0175438596491228 1 0.0175438596491228
16245 26 3 2 27 0.0769230769230769 0.666666666666667 0.0740740740740741
16246 6 3 3 6 0.5 1 0.5
16265 96 42 15 123 0.15625 0.357142857142857 0.121951219512195
16276 55 2 2 55 0.0363636363636364 1 0.0363636363636364
16316 5 1 1 5 0.2 1 0.2
1653 28 5 4 29 0.142857142857143 0.8 0.137931034482759
16531 8 1 0 9 0 0 0
1654 1 1 0 2 0 0 0
1659 11 3 2 12 0.181818181818182 0.666666666666667 0.166666666666667
16668 6 5 2 9 0.333333333333333 0.4 0.222222222222222
16713 27 2 2 27 0.0740740740740741 1 0.0740740740740741
16724 5 1 1 5 0.2 1 0.2
16807 3 2 0 5 0 0 0
16838 10 1 0 11 0 0 0
16942 2 1 1 2 0.5 1 0.5
16993 3 1 0 4 0 0 0
1706 4 1 0 5 0 0 0
17061 2 1 0 3 0 0 0
17263 9 1 0 10 0 0 0
1741 11 4 3 12 0.272727272727273 0.75 0.25
17435 1 2 0 3 0 0 0
17511 12 1 0 13 0 0 0
17529 7 1 1 7 0.142857142857143 1 0.142857142857143
17554 7 3 3 7 0.428571428571429 1 0.428571428571429
17579 15 12 10 17 0.666666666666667 0.833333333333333 0.588235294117647
1764 38 8 6 40 0.157894736842105 0.75 0.15
17676 36 2 2 36 0.0555555555555556 1 0.0555555555555556
17707 6 1 0 7 0 0 0
17709 10 1 0 11 0 0 0
17716 3 1 1 3 0.333333333333333 1 0.333333333333333
17741 3 2 1 4 0.333333333333333 0.5 0.25
17832 1 10 1 10 1 0.1 0.1
17934 2 2 2 2 1 1 1
17955 2 2 1 3 0.5 0.5 0.333333333333333
1797 2 3 2 3 1 0.666666666666667 0.666666666666667
1798 4 3 0 7 0 0 0
18011 1 1 0 2 0 0 0
18119 4 1 0 5 0 0 0
18126 3 1 0 4 0 0 0
18146 3 3 0 6 0 0 0
18149 4 1 1 4 0.25 1 0.25
18182 3 1 0 4 0 0 0
18185 5 2 2 5 0.4 1 0.4
18203 3 2 0 5 0 0 0
18206 2 2 0 4 0 0 0
18266 3 1 1 3 0.333333333333333 1 0.333333333333333
18344 1 3 0 4 0 0 0
1835 8 2 2 8 0.25 1 0.25
1836 58 8 7 59 0.120689655172414 0.875 0.11864406779661
18366 2 2 1 3 0.5 0.5 0.333333333333333
18422 5 1 1 5 0.2 1 0.2
18508 4 3 2 5 0.5 0.666666666666667 0.4
1853 113 22 21 114 0.185840707964602 0.954545454545455 0.184210526315789
18592 23 7 7 23 0.304347826086957 1 0.304347826086957
18666 2 2 0 4 0 0 0
18750 2 1 1 2 0.5 1 0.5
18779 2 1 1 2 0.5 1 0.5
1879 1 2 1 2 1 0.5 0.5
1880 13 6 4 15 0.307692307692308 0.666666666666667 0.266666666666667
1881 2 1 1 2 0.5 1 0.5
1887 6 1 1 6 0.166666666666667 1 0.166666666666667
18984 2 1 0 3 0 0 0
1901 43 1 1 43 0.0232558139534884 1 0.0232558139534884
19021 1 1 0 2 0 0 0
19151 777 139 131 785 0.168597168597169 0.942446043165468 0.16687898089172
1916 87 10 8 89 0.0919540229885057 0.8 0.0898876404494382
19192 3 1 1 3 0.333333333333333 1 0.333333333333333
19255 8 8 6 10 0.75 0.75 0.6
1930 21 6 5 22 0.238095238095238 0.833333333333333 0.227272727272727
19318 41 3 2 42 0.0487804878048781 0.666666666666667 0.0476190476190476
19401 45 14 14 45 0.311111111111111 1 0.311111111111111
195 8 3 1 10 0.125 0.333333333333333 0.1
1955 11 4 3 12 0.272727272727273 0.75 0.25
196621 2 1 1 2 0.5 1 0.5
19782 19 2 2 19 0.105263157894737 1 0.105263157894737
19783 2 1 0 3 0 0 0
19866 2 1 1 2 0.5 1 0.5
20021 5 1 0 6 0 0 0
20080 18 5 5 18 0.277777777777778 1 0.277777777777778
20144 32 4 4 32 0.125 1 0.125
2018 4 1 1 4 0.25 1 0.25
20312 10 3 2 11 0.2 0.666666666666667 0.181818181818182
2042 18 2 2 18 0.111111111111111 1 0.111111111111111
20436 2 1 0 3 0 0 0
20473 31 5 3 33 0.0967741935483871 0.6 0.0909090909090909
20495 55 11 7 59 0.127272727272727 0.636363636363636 0.11864406779661
20507 33 1 1 33 0.0303030303030303 1 0.0303030303030303
20555 4 1 1 4 0.25 1 0.25
20569 11 4 4 11 0.363636363636364 1 0.363636363636364
20597 3 2 2 3 0.666666666666667 1 0.666666666666667
20612 1 1 1 1 1 1 1
20621 2 1 1 2 0.5 1 0.5
20633 24 15 8 31 0.333333333333333 0.533333333333333 0.258064516129032
20640 189 77 54 212 0.285714285714286 0.701298701298701 0.254716981132075
20650 5 1 1 5 0.2 1 0.2
20704 20 4 4 20 0.2 1 0.2
20707 2 1 1 2 0.5 1 0.5
20712 11 1 0 12 0 0 0
20718 29 12 2 39 0.0689655172413793 0.166666666666667 0.0512820512820513
20745 1 3 0 4 0 0 0
20766 32 1 1 32 0.03125 1 0.03125
20783 4 2 0 6 0 0 0
20847 36 18 10 44 0.277777777777778 0.555555555555556 0.227272727272727
209 1395 5 4 1396 0.0028673835125448 0.8 0.00286532951289398
20912 5 4 1 8 0.2 0.25 0.125
20932 301 14 12 303 0.0398671096345515 0.857142857142857 0.0396039603960396
20965 49 41 41 49 0.836734693877551 1 0.836734693877551
210 9 1 1 9 0.111111111111111 1 0.111111111111111
21011 25 1 1 25 0.04 1 0.04
21017 1 2 0 3 0 0 0
21055 39 6 4 41 0.102564102564103 0.666666666666667 0.0975609756097561
2107 1 1 1 1 1 1 1
2108 1 1 1 1 1 1 1
2110 49 2 1 50 0.0204081632653061 0.5 0.02
21155 41 12 8 45 0.195121951219512 0.666666666666667 0.177777777777778
2116 31 2 2 31 0.0645161290322581 1 0.0645161290322581
21221 29 11 6 34 0.206896551724138 0.545454545454545 0.176470588235294
2128 3 2 2 3 0.666666666666667 1 0.666666666666667
21280 6 2 1 7 0.166666666666667 0.5 0.142857142857143
21320 6 1 1 6 0.166666666666667 1 0.166666666666667
21385 76 21 15 82 0.197368421052632 0.714285714285714 0.182926829268293
21414 79 1 1 79 0.0126582278481013 1 0.0126582278481013
2152 89 2 2 89 0.0224719101123595 1 0.0224719101123595
21527 5 1 1 5 0.2 1 0.2
2153 37 11 11 37 0.297297297297297 1 0.297297297297297
21548 18 1 1 18 0.0555555555555556 1 0.0555555555555556
21719 2 1 0 3 0 0 0
21737 6 1 0 7 0 0 0
21844 11 2 2 11 0.181818181818182 1 0.181818181818182
21864 6 1 1 6 0.166666666666667 1 0.166666666666667
21911 5 1 1 5 0.2 1 0.2
21947 26 3 3 26 0.115384615384615 1 0.115384615384615
21976 17 1 1 17 0.0588235294117647 1 0.0588235294117647
2200 60 5 5 60 0.0833333333333333 1 0.0833333333333333
22166 2 1 0 3 0 0 0
22284 8 1 0 9 0 0 0
22302 5 1 1 5 0.2 1 0.2
22335 35 2 2 35 0.0571428571428571 1 0.0571428571428571
22356 26 1 1 26 0.0384615384615385 1 0.0384615384615385
22388 9 7 7 9 0.777777777777778 1 0.777777777777778
224 5 1 1 5 0.2 1 0.2
22404 2 1 0 3 0 0 0
22438 2 1 1 2 0.5 1 0.5
225 2 1 1 2 0.5 1 0.5
22548 35 2 2 35 0.0571428571428571 1 0.0571428571428571
226 28 1 1 28 0.0357142857142857 1 0.0357142857142857
22767 1 1 1 1 1 1 1
22779 1 1 1 1 1 1 1
23007 3 1 1 3 0.333333333333333 1 0.333333333333333
23028 4 2 0 6 0 0 0
23148 195 2 2 195 0.0102564102564103 1 0.0102564102564103
23342 37 2 1 38 0.027027027027027 0.5 0.0263157894736842
23352 38 3 3 38 0.0789473684210526 1 0.0789473684210526
23393 72 3 2 73 0.0277777777777778 0.666666666666667 0.0273972602739726
23456 8 4 3 9 0.375 0.75 0.333333333333333
23504 29 7 4 32 0.137931034482759 0.571428571428571 0.125
23541 8 1 0 9 0 0 0
23596 2 1 1 2 0.5 1 0.5
23600 3 2 2 3 0.666666666666667 1 0.666666666666667
23624 2 1 1 2 0.5 1 0.5
23634 6 4 4 6 0.666666666666667 1 0.666666666666667
23637 1 1 1 1 1 1 1
23654 1 1 1 1 1 1 1
23655 14 1 0 15 0 0 0
237 33 1 1 33 0.0303030303030303 1 0.0303030303030303
23708 5 2 1 6 0.2 0.5 0.166666666666667
23754 2 2 0 4 0 0 0
23774 4 2 1 5 0.25 0.5 0.2
23787 2 1 1 2 0.5 1 0.5
2381 23 4 3 24 0.130434782608696 0.75 0.125
23836 1 1 1 1 1 1 1
23869 2 1 0 3 0 0 0
23889 4 1 1 4 0.25 1 0.25
23896 1 2 0 3 0 0 0
23902 1 3 0 4 0 0 0
23910 3 4 2 5 0.666666666666667 0.5 0.4
23911 7 16 5 18 0.714285714285714 0.3125 0.277777777777778
23912 1 1 0 2 0 0 0
23966 3 1 0 4 0 0 0
24 12 7 5 14 0.416666666666667 0.714285714285714 0.357142857142857
24005 3 3 0 6 0 0 0
24085 3 1 0 4 0 0 0
24151 5 2 0 7 0 0 0
24211 1 1 1 1 1 1 1
24226 3 1 0 4 0 0 0
24227 2 2 1 3 0.5 0.5 0.333333333333333
24229 4 1 1 4 0.25 1 0.25
24287 4 4 4 4 1 1 1
24326 12 1 1 12 0.0833333333333333 1 0.0833333333333333
24334 2 1 1 2 0.5 1 0.5
24390 2 1 1 2 0.5 1 0.5
24424 1 1 0 2 0 0 0
24433 1 1 1 1 1 1 1
24475 3 3 3 3 1 1 1
24489 7 6 6 7 0.857142857142857 1 0.857142857142857
24490 10 9 9 10 0.9 1 0.9
24514 5 2 2 5 0.4 1 0.4
24541 2 3 1 4 0.5 0.333333333333333 0.25
24557 2 1 1 2 0.5 1 0.5
24586 26 10 6 30 0.230769230769231 0.6 0.2
24642 42 6 6 42 0.142857142857143 1 0.142857142857143
24724 108 23 16 115 0.148148148148148 0.695652173913043 0.139130434782609
24730 49 1 1 49 0.0204081632653061 1 0.0204081632653061
24776 8 2 1 9 0.125 0.5 0.111111111111111
24785 79 3 3 79 0.0379746835443038 1 0.0379746835443038
24835 11 1 1 11 0.0909090909090909 1 0.0909090909090909
24867 23 1 1 23 0.0434782608695652 1 0.0434782608695652
24875 225 18 15 228 0.0666666666666667 0.833333333333333 0.0657894736842105
24889 11 3 2 12 0.181818181818182 0.666666666666667 0.166666666666667
24900 1 1 1 1 1 1 1
24940 27 11 9 29 0.333333333333333 0.818181818181818 0.310344827586207
2495 10 1 1 10 0.1 1 0.1
2497 231 48 35 244 0.151515151515152 0.729166666666667 0.14344262295082
24971 22 7 6 23 0.272727272727273 0.857142857142857 0.260869565217391
25 2 1 1 2 0.5 1 0.5
250 10 1 0 11 0 0 0
2500 29 23 13 39 0.448275862068966 0.565217391304348 0.333333333333333
2506 2 1 1 2 0.5 1 0.5
25061 40 4 2 42 0.05 0.5 0.0476190476190476
2510 17 2 2 17 0.117647058823529 1 0.117647058823529
25137 9 2 2 9 0.222222222222222 1 0.222222222222222
2514 14 1 1 14 0.0714285714285714 1 0.0714285714285714
25148 6 1 1 6 0.166666666666667 1 0.166666666666667
2515 5 1 0 6 0 0 0
25152 61 10 9 62 0.147540983606557 0.9 0.145161290322581
2516 315 37 30 322 0.0952380952380952 0.810810810810811 0.093167701863354
2518 11 3 3 11 0.272727272727273 1 0.272727272727273
2519 27 3 2 28 0.0740740740740741 0.666666666666667 0.0714285714285714
25192 19 12 7 24 0.368421052631579 0.583333333333333 0.291666666666667
25220 12 2 2 12 0.166666666666667 1 0.166666666666667
2527 9 3 1 11 0.111111111111111 0.333333333333333 0.0909090909090909
25279 15 3 3 15 0.2 1 0.2
25358 13 9 2 20 0.153846153846154 0.222222222222222 0.1
25384 8 1 0 9 0 0 0
25415 4 1 1 4 0.25 1 0.25
25441 13 1 1 13 0.0769230769230769 1 0.0769230769230769
25466 8 2 2 8 0.25 1 0.25
25473 4 1 1 4 0.25 1 0.25
2549 3 1 1 3 0.333333333333333 1 0.333333333333333
25525 45 9 8 46 0.177777777777778 0.888888888888889 0.173913043478261
25538 2 1 0 3 0 0 0
25560 216 69 63 222 0.291666666666667 0.91304347826087 0.283783783783784
25563 4 1 1 4 0.25 1 0.25
25588 26 4 2 28 0.0769230769230769 0.5 0.0714285714285714
25596 41 8 6 43 0.146341463414634 0.75 0.13953488372093
25689 8 2 1 9 0.125 0.5 0.111111111111111
2572 7 1 1 7 0.142857142857143 1 0.142857142857143
2576 2 1 1 2 0.5 1 0.5
25795 1 2 1 2 1 0.5 0.5
25818 7 1 0 8 0 0 0
25829 2 1 1 2 0.5 1 0.5
2586 8 1 1 8 0.125 1 0.125
25933 5 2 0 7 0 0 0
2594 4 1 0 5 0 0 0
2595 1 1 0 2 0 0 0
2602 3 2 2 3 0.666666666666667 1 0.666666666666667
2603 58 26 19 65 0.327586206896552 0.730769230769231 0.292307692307692
2607 31 7 6 32 0.193548387096774 0.857142857142857 0.1875
2609 3 1 0 4 0 0 0
2611 49 9 8 50 0.163265306122449 0.888888888888889 0.16
2614 12 1 1 12 0.0833333333333333 1 0.0833333333333333
26229 2 1 1 2 0.5 1 0.5
2637 5 1 1 5 0.2 1 0.2
26415 40 9 1 48 0.025 0.111111111111111 0.0208333333333333
26496 7 1 1 7 0.142857142857143 1 0.142857142857143
26773 8 3 3 8 0.375 1 0.375
26785 2 1 0 3 0 0 0
26943 208 15 13 210 0.0625 0.866666666666667 0.0619047619047619
2697 6 1 1 6 0.166666666666667 1 0.166666666666667
26978 16 2 0 18 0 0 0
2698 7 2 2 7 0.285714285714286 1 0.285714285714286
27 2 1 1 2 0.5 1 0.5
2714 1 1 1 1 1 1 1
27319 30 5 5 30 0.166666666666667 1 0.166666666666667
27400 2 1 1 2 0.5 1 0.5
27446 6 1 0 7 0 0 0
27464 1 1 0 2 0 0 0
27524 54 3 2 55 0.037037037037037 0.666666666666667 0.0363636363636364
27552 7 1 1 7 0.142857142857143 1 0.142857142857143
27630 3 1 1 3 0.333333333333333 1 0.333333333333333
27664 40 2 2 40 0.05 1 0.05
27686 2 1 1 2 0.5 1 0.5
27750 18 13 13 18 0.722222222222222 1 0.722222222222222
278 4 7 1 10 0.25 0.142857142857143 0.1
27807 12 9 9 12 0.75 1 0.75
27841 3 1 1 3 0.333333333333333 1 0.333333333333333
27891 2 1 1 2 0.5 1 0.5
27892 2 1 1 2 0.5 1 0.5
27924 2 1 1 2 0.5 1 0.5
27929 4 2 2 4 0.5 1 0.5
27933 3 1 1 3 0.333333333333333 1 0.333333333333333
28000 1 1 1 1 1 1 1
2819 29 2 1 30 0.0344827586206897 0.5 0.0333333333333333
2828 685 7 7 685 0.0102189781021898 1 0.0102189781021898
2847 3 2 2 3 0.666666666666667 1 0.666666666666667
28472 1 1 1 1 1 1 1
2848 9 1 1 9 0.111111111111111 1 0.111111111111111
2852 67 10 9 68 0.134328358208955 0.9 0.132352941176471
2857 177 27 24 180 0.135593220338983 0.888888888888889 0.133333333333333
286 330 93 54 369 0.163636363636364 0.580645161290323 0.146341463414634
28678 2 1 1 2 0.5 1 0.5
28697 8 1 1 8 0.125 1 0.125
28716 55 1 1 55 0.0181818181818182 1 0.0181818181818182
28725 5 2 1 6 0.2 0.5 0.166666666666667
28788 47 10 8 49 0.170212765957447 0.8 0.163265306122449
2884 4 2 2 4 0.5 1 0.5
28855 12 3 3 12 0.25 1 0.25
28857 7 5 3 9 0.428571428571429 0.6 0.333333333333333
28878 43 8 6 45 0.13953488372093 0.75 0.133333333333333
28929 53 4 3 54 0.0566037735849057 0.75 0.0555555555555556
2895 51 2 1 52 0.0196078431372549 0.5 0.0192307692307692
290 2 2 1 3 0.5 0.5 0.333333333333333
29009 33 6 3 36 0.0909090909090909 0.5 0.0833333333333333
2905 26 2 0 28 0 0 0
29066 38 1 0 39 0 0 0
2907 78 5 5 78 0.0641025641025641 1 0.0641025641025641
29113 36 2 2 36 0.0555555555555556 1 0.0555555555555556
29134 6 4 4 6 0.666666666666667 1 0.666666666666667
2914 635 173 108 700 0.17007874015748 0.624277456647399 0.154285714285714
29147 1 1 1 1 1 1 1
2915 5 2 0 7 0 0 0
29208 418 65 59 424 0.141148325358852 0.907692307692308 0.139150943396226
29216 1 1 1 1 1 1 1
29222 47 3 3 47 0.0638297872340425 1 0.0638297872340425
29243 2 2 1 3 0.5 0.5 0.333333333333333
29259 5 2 2 5 0.4 1 0.4
293 140 19 16 143 0.114285714285714 0.842105263157895 0.111888111888112
29317 1 2 1 2 1 0.5 0.5
29372 2 1 0 3 0 0 0
29396 35 5 4 36 0.114285714285714 0.8 0.111111111111111
29405 7 2 1 8 0.142857142857143 0.5 0.125
29422 25 3 2 26 0.08 0.666666666666667 0.0769230769230769
29449 44 14 7 51 0.159090909090909 0.5 0.137254901960784
29452 25 3 2 26 0.08 0.666666666666667 0.0769230769230769
29488 2 1 1 2 0.5 1 0.5
29527 38 9 6 41 0.157894736842105 0.666666666666667 0.146341463414634
29608 96 3 3 96 0.03125 1 0.03125
29632 45 14 6 53 0.133333333333333 0.428571428571429 0.113207547169811
29636 219 30 29 220 0.132420091324201 0.966666666666667 0.131818181818182
29651 8 3 2 9 0.25 0.666666666666667 0.222222222222222
29668 32 1 1 32 0.03125 1 0.03125
29670 9 2 2 9 0.222222222222222 1 0.222222222222222
29671 3 1 1 3 0.333333333333333 1 0.333333333333333
29686 309 93 86 316 0.27831715210356 0.924731182795699 0.272151898734177
29748 20 8 5 23 0.25 0.625 0.217391304347826
29791 69 2 1 70 0.0144927536231884 0.5 0.0142857142857143
29838 34 5 5 34 0.147058823529412 1 0.147058823529412
29877 7 2 1 8 0.142857142857143 0.5 0.125
29904 1 1 1 1 1 1 1
3 7 1 0 8 0 0 0
30058 7 1 1 7 0.142857142857143 1 0.142857142857143
30059 3 3 2 4 0.666666666666667 0.666666666666667 0.5
30071 8 101 6 103 0.75 0.0594059405940594 0.058252427184466
30126 62 2 2 62 0.032258064516129 1 0.032258064516129
30128 1 4 0 5 0 0 0
30132 20 37 12 45 0.6 0.324324324324324 0.266666666666667
30217 6 1 1 6 0.166666666666667 1 0.166666666666667
30313 2 1 1 2 0.5 1 0.5
30340 17 1 1 17 0.0588235294117647 1 0.0588235294117647
30374 3 1 1 3 0.333333333333333 1 0.333333333333333
30528 3 2 1 4 0.333333333333333 0.5 0.25
30653 18 7 5 20 0.277777777777778 0.714285714285714 0.25
30700 4 2 2 4 0.5 1 0.5
30781 40 7 7 40 0.175 1 0.175
30795 3 3 2 4 0.666666666666667 0.666666666666667 0.5
30834 9 2 2 9 0.222222222222222 1 0.222222222222222
30880 11 1 1 11 0.0909090909090909 1 0.0909090909090909
30889 35 5 3 37 0.0857142857142857 0.6 0.0810810810810811
30975 5 1 0 6 0 0 0
31065 5 2 0 7 0 0 0
31103 20 14 7 27 0.35 0.5 0.259259259259259
31117 14 3 2 15 0.142857142857143 0.666666666666667 0.133333333333333
31127 3 2 2 3 0.666666666666667 1 0.666666666666667
31246 9 1 1 9 0.111111111111111 1 0.111111111111111
31261 10 1 0 11 0 0 0
31265 1 1 1 1 1 1 1
31283 137 1 1 137 0.0072992700729927 1 0.0072992700729927
3130 21 1 1 21 0.0476190476190476 1 0.0476190476190476
31333 13 5 5 13 0.384615384615385 1 0.384615384615385
3134 2 1 1 2 0.5 1 0.5
31383 28 11 5 34 0.178571428571429 0.454545454545455 0.147058823529412
3140 1 1 1 1 1 1 1
31400 10 1 1 10 0.1 1 0.1
31424 13 1 1 13 0.0769230769230769 1 0.0769230769230769
31445 59 12 9 62 0.152542372881356 0.75 0.145161290322581
31458 50 2 2 50 0.04 1 0.04
31477 183 2 2 183 0.0109289617486339 1 0.0109289617486339
31479 4 1 1 4 0.25 1 0.25
31529 45 4 3 46 0.0666666666666667 0.75 0.0652173913043478
31530 10 6 1 15 0.1 0.166666666666667 0.0666666666666667
31677 3 1 0 4 0 0 0
31708 30 7 7 30 0.233333333333333 1 0.233333333333333
32034 5 2 2 5 0.4 1 0.4
3212 32 1 1 32 0.03125 1 0.03125
3213 41 11 9 43 0.219512195121951 0.818181818181818 0.209302325581395
3221 1 1 1 1 1 1 1
32346 1 1 1 1 1 1 1
32361 7 2 2 7 0.285714285714286 1 0.285714285714286
3243 15 3 2 16 0.133333333333333 0.666666666666667 0.125
3248 58 23 15 66 0.258620689655172 0.652173913043478 0.227272727272727
3249 51 12 9 54 0.176470588235294 0.75 0.166666666666667
3257 460 201 103 558 0.223913043478261 0.512437810945274 0.184587813620072
3265 39 15 8 46 0.205128205128205 0.533333333333333 0.173913043478261
3267 207 8 8 207 0.0386473429951691 1 0.0386473429951691
3269 105 1 1 105 0.00952380952380952 1 0.00952380952380952
3277 47 1 1 47 0.0212765957446809 1 0.0212765957446809
32825 1 1 0 2 0 0 0
32915 3 1 0 4 0 0 0
3292 396 24 18 402 0.0454545454545455 0.75 0.0447761194029851
32978 1 1 1 1 1 1 1
33 6 2 0 8 0 0 0
3301 68 4 3 69 0.0441176470588235 0.75 0.0434782608695652
3303 461 19 17 463 0.0368763557483731 0.894736842105263 0.0367170626349892
33073 5 1 1 5 0.2 1 0.2
3320 491 17 10 498 0.0203665987780041 0.588235294117647 0.0200803212851406
3327 101 24 17 108 0.168316831683168 0.708333333333333 0.157407407407407
3333 157 5 3 159 0.0191082802547771 0.6 0.0188679245283019
33437 3 11 3 11 1 0.272727272727273 0.272727272727273
3344 17 10 3 24 0.176470588235294 0.3 0.125
3352 58 3 1 60 0.0172413793103448 0.333333333333333 0.0166666666666667
3356 1944 58 50 1952 0.0257201646090535 0.862068965517241 0.0256147540983607
33597 23 1 1 23 0.0434782608695652 1 0.0434782608695652
33843 43 15 10 48 0.232558139534884 0.666666666666667 0.208333333333333
33885 12 2 2 12 0.166666666666667 1 0.166666666666667
33891 40 15 13 42 0.325 0.866666666666667 0.30952380952381
34019 11 2 2 11 0.181818181818182 1 0.181818181818182
34021 8 1 1 8 0.125 1 0.125
34080 4 2 2 4 0.5 1 0.5
34081 3 2 2 3 0.666666666666667 1 0.666666666666667
34146 15 1 1 15 0.0666666666666667 1 0.0666666666666667
34225 41 4 3 42 0.0731707317073171 0.75 0.0714285714285714
34244 6 1 1 6 0.166666666666667 1 0.166666666666667
34270 44 4 2 46 0.0454545454545455 0.5 0.0434782608695652
34288 6 2 1 7 0.166666666666667 0.5 0.142857142857143
34305 64 2 2 64 0.03125 1 0.03125
34309 39 85 21 103 0.538461538461538 0.247058823529412 0.203883495145631
34313 2 1 1 2 0.5 1 0.5
34372 4 1 1 4 0.25 1 0.25
34419 52 12 9 55 0.173076923076923 0.75 0.163636363636364
34505 3 1 1 3 0.333333333333333 1 0.333333333333333
34549 7 4 1 10 0.142857142857143 0.25 0.1
34554 11 1 1 11 0.0909090909090909 1 0.0909090909090909
34631 2 2 1 3 0.5 0.5 0.333333333333333
34695 188 5 5 188 0.0265957446808511 1 0.0265957446808511
34763 71 22 12 81 0.169014084507042 0.545454545454545 0.148148148148148
34968 25 6 5 26 0.2 0.833333333333333 0.192307692307692
34997 76 4 4 76 0.0526315789473684 1 0.0526315789473684
35028 37 8 6 39 0.162162162162162 0.75 0.153846153846154
35070 11 1 1 11 0.0909090909090909 1 0.0909090909090909
35244 32 20 14 38 0.4375 0.7 0.368421052631579
35272 3 1 1 3 0.333333333333333 1 0.333333333333333
35283 9 2 1 10 0.111111111111111 0.5 0.1
35292 12 1 0 13 0 0 0
35393 9 1 1 9 0.111111111111111 1 0.111111111111111
35425 10 3 3 10 0.3 1 0.3
35470 8 3 2 9 0.25 0.666666666666667 0.222222222222222
35485 4 1 1 4 0.25 1 0.25
3549 1135 102 87 1150 0.0766519823788546 0.852941176470588 0.0756521739130435
35492 4 3 3 4 0.75 1 0.75
3551 1 1 0 2 0 0 0
3557 16 6 5 17 0.3125 0.833333333333333 0.294117647058824
35592 4 2 2 4 0.5 1 0.5
3561 498 3 3 498 0.00602409638554217 1 0.00602409638554217
35612 5 3 0 8 0 0 0
35706 17 5 2 20 0.117647058823529 0.4 0.1
3582 2 2 1 3 0.5 0.5 0.333333333333333
35908 20 2 2 20 0.1 1 0.1
3597 9 1 1 9 0.111111111111111 1 0.111111111111111
36351 8 1 1 8 0.125 1 0.125
36383 2 1 1 2 0.5 1 0.5
3640 5 1 1 5 0.2 1 0.2
36472 11 5 5 11 0.454545454545455 1 0.454545454545455
3661 7 4 2 9 0.285714285714286 0.5 0.222222222222222
3662 14 2 2 14 0.142857142857143 1 0.142857142857143
36671 2 1 1 2 0.5 1 0.5
36692 27 5 3 29 0.111111111111111 0.6 0.103448275862069
36733 3 1 1 3 0.333333333333333 1 0.333333333333333
3676 7 1 1 7 0.142857142857143 1 0.142857142857143
36797 1 1 1 1 1 1 1
3681 4 1 1 4 0.25 1 0.25
36856 10 3 1 12 0.1 0.333333333333333 0.0833333333333333
36944 6 4 3 7 0.5 0.75 0.428571428571429
36948 2 1 1 2 0.5 1 0.5
3714 4 1 1 4 0.25 1 0.25
3741 294 1 1 294 0.00340136054421769 1 0.00340136054421769
3742 18 1 1 18 0.0555555555555556 1 0.0555555555555556
376 17 1 1 17 0.0588235294117647 1 0.0588235294117647
378 3 1 1 3 0.333333333333333 1 0.333333333333333
3790 4 1 1 4 0.25 1 0.25
38005 2 2 2 2 1 1 1
38018 8 6 6 8 0.75 1 0.75
38022 28 9 9 28 0.321428571428571 1 0.321428571428571
38082 14 2 2 14 0.142857142857143 1 0.142857142857143
38128 1 1 0 2 0 0 0
38140 2 1 1 2 0.5 1 0.5
38158 5 2 2 5 0.4 1 0.4
3825 1 2 0 3 0 0 0
38299 2 1 1 2 0.5 1 0.5
3836 8 3 1 10 0.125 0.333333333333333 0.1
38462 2 1 1 2 0.5 1 0.5
38477 1 1 0 2 0 0 0
38620 1 1 1 1 1 1 1
38626 1 1 1 1 1 1 1
38711 1 1 1 1 1 1 1
38819 2 1 1 2 0.5 1 0.5
39040 6 1 1 6 0.166666666666667 1 0.166666666666667
39102 9 1 1 9 0.111111111111111 1 0.111111111111111
39122 9 1 1 9 0.111111111111111 1 0.111111111111111
39211 1 1 1 1 1 1 1
39301 5 1 1 5 0.2 1 0.2
39309 21 1 0 22 0 0 0
393219 1 1 1 1 1 1 1
39326 85 18 12 91 0.141176470588235 0.666666666666667 0.131868131868132
39342 2 2 1 3 0.5 0.5 0.333333333333333
3949 1 1 1 1 1 1 1
39537 2 1 0 3 0 0 0
39570 2 1 1 2 0.5 1 0.5
39602 2 1 0 3 0 0 0
39792 419 19 13 425 0.0310262529832936 0.684210526315789 0.0305882352941176
39837 4 1 1 4 0.25 1 0.25
39839 2 1 1 2 0.5 1 0.5
39854 1 2 1 2 1 0.5 0.5
39875 4 1 1 4 0.25 1 0.25
3999 1 1 1 1 1 1 1
40009 24 4 3 25 0.125 0.75 0.12
40060 8 1 0 9 0 0 0
40068 9 2 2 9 0.222222222222222 1 0.222222222222222
40193 11 5 2 14 0.181818181818182 0.4 0.142857142857143
40220 12 4 4 12 0.333333333333333 1 0.333333333333333
40490 2 2 1 3 0.5 0.5 0.333333333333333
40528 6 3 3 6 0.5 1 0.5
40589 2 1 1 2 0.5 1 0.5
40832 2 1 1 2 0.5 1 0.5
41012 23 5 4 24 0.173913043478261 0.8 0.166666666666667
41045 7 2 2 7 0.285714285714286 1 0.285714285714286
41075 3 2 0 5 0 0 0
41102 1 2 1 2 1 0.5 0.5
4134 95 1 0 96 0 0 0
41670 1 1 1 1 1 1 1
41692 368 69 52 385 0.141304347826087 0.753623188405797 0.135064935064935
41695 3 2 0 5 0 0 0
41711 4 4 2 6 0.5 0.5 0.333333333333333
41773 4 2 2 4 0.5 1 0.5
42 97 2 2 97 0.0206185567010309 1 0.0206185567010309
42096 8 1 1 8 0.125 1 0.125
42227 2 2 1 3 0.5 0.5 0.333333333333333
42579 7 2 2 7 0.285714285714286 1 0.285714285714286
42652 31 1 1 31 0.032258064516129 1 0.032258064516129
42689 33 8 6 35 0.181818181818182 0.75 0.171428571428571
42841 6 3 2 7 0.333333333333333 0.666666666666667 0.285714285714286
42884 29 1 1 29 0.0344827586206897 1 0.0344827586206897
42909 7 2 2 7 0.285714285714286 1 0.285714285714286
42937 1 1 1 1 1 1 1
42965 1 1 1 1 1 1 1
4323 1097 4 4 1097 0.00364630811303555 1 0.00364630811303555
43383 1 1 1 1 1 1 1
43602 3 1 1 3 0.333333333333333 1 0.333333333333333
43751 4 1 0 5 0 0 0
43821 33 14 8 39 0.242424242424242 0.571428571428571 0.205128205128205
43911 2 1 0 3 0 0 0
43950 2 1 0 3 0 0 0
44212 3 1 1 3 0.333333333333333 1 0.333333333333333
44358 1 1 1 1 1 1 1
4436 132 22 20 134 0.151515151515152 0.909090909090909 0.149253731343284
44683 2 1 1 2 0.5 1 0.5
44928 1 1 1 1 1 1 1
45131 1 1 1 1 1 1 1
4528 5 1 1 5 0.2 1 0.2
4538 21 7 5 23 0.238095238095238 0.714285714285714 0.217391304347826
4555 1 4 0 5 0 0 0
4557 8 2 2 8 0.25 1 0.25
4589 698 82 79 701 0.113180515759312 0.963414634146341 0.112696148359486
4600 5 2 2 5 0.4 1 0.4
4608 5 3 1 7 0.2 0.333333333333333 0.142857142857143
4618 14 2 1 15 0.0714285714285714 0.5 0.0666666666666667
4621 27 2 2 27 0.0740740740740741 1 0.0740740740740741
4622 1 1 0 2 0 0 0
4635 94 7 6 95 0.0638297872340425 0.857142857142857 0.0631578947368421
4645 16 1 1 16 0.0625 1 0.0625
4651 29 10 8 31 0.275862068965517 0.8 0.258064516129032
4673 8 1 0 9 0 0 0
4675 6 2 1 7 0.166666666666667 0.5 0.142857142857143
4677 6 1 1 6 0.166666666666667 1 0.166666666666667
4680 10 3 1 12 0.1 0.333333333333333 0.0833333333333333
4685 9 3 2 10 0.222222222222222 0.666666666666667 0.2
4691 1 12 1 12 1 0.0833333333333333 0.0833333333333333
4697 3 7 3 7 1 0.428571428571429 0.428571428571429
4711 2 1 0 3 0 0 0
4713 100 7 6 101 0.06 0.857142857142857 0.0594059405940594
4716 56 11 5 62 0.0892857142857143 0.454545454545455 0.0806451612903226
4717 3 2 2 3 0.666666666666667 1 0.666666666666667
4718 3 1 1 3 0.333333333333333 1 0.333333333333333
4725 125 24 12 137 0.096 0.5 0.0875912408759124
4739 50 9 8 51 0.16 0.888888888888889 0.156862745098039
4741 10 1 1 10 0.1 1 0.1
4747 7 2 0 9 0 0 0
4750 51 3 0 54 0 0 0
4755 134 1 1 134 0.00746268656716418 1 0.00746268656716418
4761 71 4 3 72 0.0422535211267606 0.75 0.0416666666666667
4768 25 1 1 25 0.04 1 0.04
4770 16 3 0 19 0 0 0
4775 55 1 1 55 0.0181818181818182 1 0.0181818181818182
4777 35 5 2 38 0.0571428571428571 0.4 0.0526315789473684
4780 25 3 2 26 0.08 0.666666666666667 0.0769230769230769
4782 3 1 0 4 0 0 0
4787 7 5 1 11 0.142857142857143 0.2 0.0909090909090909
4788 115 4 4 115 0.0347826086956522 1 0.0347826086956522
4795 44 6 3 47 0.0681818181818182 0.5 0.0638297872340425
4796 3 1 1 3 0.333333333333333 1 0.333333333333333
4826 16 3 2 17 0.125 0.666666666666667 0.117647058823529
4829 2 1 1 2 0.5 1 0.5
4844 5 1 1 5 0.2 1 0.2
4927 8 3 2 9 0.25 0.666666666666667 0.222222222222222
5050 21 2 2 21 0.0952380952380952 1 0.0952380952380952
5056 23 2 0 25 0 0 0
513 48 9 7 50 0.145833333333333 0.777777777777778 0.14
52 2 1 1 2 0.5 1 0.5
5381 13 2 1 14 0.0769230769230769 0.5 0.0714285714285714
5385 14 7 4 17 0.285714285714286 0.571428571428571 0.235294117647059
5400 273 11 10 274 0.0366300366300366 0.909090909090909 0.0364963503649635
5401 1 1 1 1 1 1 1
5403 19 4 3 20 0.157894736842105 0.75 0.15
5408 29 2 1 30 0.0344827586206897 0.5 0.0333333333333333
5410 63 8 4 67 0.0634920634920635 0.5 0.0597014925373134
5413 224 1 1 224 0.00446428571428571 1 0.00446428571428571
5418 9 1 1 9 0.111111111111111 1 0.111111111111111
5421 3 2 1 4 0.333333333333333 0.5 0.25
5429 10 1 1 10 0.1 1 0.1
5430 349 24 19 354 0.0544412607449857 0.791666666666667 0.0536723163841808
5459 48 12 7 53 0.145833333333333 0.583333333333333 0.132075471698113
5466 78 3 2 79 0.0256410256410256 0.666666666666667 0.0253164556962025
5486 35 2 0 37 0 0 0
55 3 1 1 3 0.333333333333333 1 0.333333333333333
5511 165 23 18 170 0.109090909090909 0.782608695652174 0.105882352941176
553 52 22 18 56 0.346153846153846 0.818181818181818 0.321428571428571
5537 26 3 2 27 0.0769230769230769 0.666666666666667 0.0740740740740741
5539 42 53 21 74 0.5 0.39622641509434 0.283783783783784
5550 5 2 2 5 0.4 1 0.4
5568 176 12 8 180 0.0454545454545455 0.666666666666667 0.0444444444444444
557 5 1 1 5 0.2 1 0.2
559 61 23 22 62 0.360655737704918 0.956521739130435 0.354838709677419
5602 24 5 4 25 0.166666666666667 0.8 0.16
5609 2 9 1 10 0.5 0.111111111111111 0.1
5617 188 1 1 188 0.00531914893617021 1 0.00531914893617021
5645 9 3 0 12 0 0 0
5661 3 1 1 3 0.333333333333333 1 0.333333333333333
57 24 3 3 24 0.125 1 0.125
5707 3 1 1 3 0.333333333333333 1 0.333333333333333
5713 53 2 1 54 0.0188679245283019 0.5 0.0185185185185185
577 117 1 1 117 0.00854700854700855 1 0.00854700854700855
5786 2 1 1 2 0.5 1 0.5
59 5 1 1 5 0.2 1 0.2
600 28 1 1 28 0.0357142857142857 1 0.0357142857142857
6057 6 4 3 7 0.5 0.75 0.428571428571429
6062 10 2 0 12 0 0 0
6066 2 1 0 3 0 0 0
6083 30 15 13 32 0.433333333333333 0.866666666666667 0.40625
6106 2 1 1 2 0.5 1 0.5
6122 8 1 1 8 0.125 1 0.125
6128 251 1 1 251 0.00398406374501992 1 0.00398406374501992
6147 1 8 0 9 0 0 0
6163 11 1 1 11 0.0909090909090909 1 0.0909090909090909
6181 44 2 2 44 0.0454545454545455 1 0.0454545454545455
6182 1 1 1 1 1 1 1
6263 3 1 1 3 0.333333333333333 1 0.333333333333333
6342 4 1 0 5 0 0 0
6360 10 2 2 10 0.2 1 0.2
6366 3 1 1 3 0.333333333333333 1 0.333333333333333
6435 3 6 1 8 0.333333333333333 0.166666666666667 0.125
6453 513 85 74 524 0.144249512670565 0.870588235294118 0.141221374045802
65071 1 2 1 2 1 0.5 0.5
6509 27 5 4 28 0.148148148148148 0.8 0.142857142857143
65099 1 1 0 2 0 0 0
65104 1 1 1 1 1 1 1
6536 18 2 1 19 0.0555555555555556 0.5 0.0526315789473684
6619 21 2 0 23 0 0 0
6629 2 1 1 2 0.5 1 0.5
6648 42 1 1 42 0.0238095238095238 1 0.0238095238095238
6666 37 22 11 48 0.297297297297297 0.5 0.229166666666667
6667 505 106 102 509 0.201980198019802 0.962264150943396 0.200392927308448
668 36 7 3 40 0.0833333333333333 0.428571428571429 0.075
6695 197 45 41 201 0.208121827411168 0.911111111111111 0.203980099502488
6706 13 6 5 14 0.384615384615385 0.833333333333333 0.357142857142857
6724 39 17 15 41 0.384615384615385 0.882352941176471 0.365853658536585
6730 157 6 5 158 0.0318471337579618 0.833333333333333 0.0316455696202532
6762 163 39 36 166 0.220858895705521 0.923076923076923 0.216867469879518
6770 41 13 5 49 0.121951219512195 0.384615384615385 0.102040816326531
6772 13 4 4 13 0.307692307692308 1 0.307692307692308
6774 81 15 14 82 0.172839506172839 0.933333333333333 0.170731707317073
6775 6 1 1 6 0.166666666666667 1 0.166666666666667
680 59 17 14 62 0.23728813559322 0.823529411764706 0.225806451612903
6802 7 2 2 7 0.285714285714286 1 0.285714285714286
681 2 1 1 2 0.5 1 0.5
683 2 1 1 2 0.5 1 0.5
6830 341 32 20 353 0.0586510263929619 0.625 0.056657223796034
6838 1 1 1 1 1 1 1
6881 79 21 20 80 0.253164556962025 0.952380952380952 0.25
6893 2 1 1 2 0.5 1 0.5
6895 8 1 1 8 0.125 1 0.125
6908 98 14 13 99 0.13265306122449 0.928571428571429 0.131313131313131
6939 838 267 203 902 0.242243436754177 0.760299625468165 0.225055432372506
6966 3 2 2 3 0.666666666666667 1 0.666666666666667
6968 3 1 1 3 0.333333333333333 1 0.333333333333333
701 2741 21 16 2746 0.00583728566216709 0.761904761904762 0.00582665695557174
7018 2144 13 9 2148 0.00419776119402985 0.692307692307692 0.00418994413407821
7019 1 1 1 1 1 1 1
7065 17 3 1 19 0.0588235294117647 0.333333333333333 0.0526315789473684
7066 19 3 3 19 0.157894736842105 1 0.157894736842105
719 14 1 1 14 0.0714285714285714 1 0.0714285714285714
7377 3 1 0 4 0 0 0
7385 163 4 4 163 0.0245398773006135 1 0.0245398773006135
7470 34 1 1 34 0.0294117647058824 1 0.0294117647058824
7473 168 6 5 169 0.0297619047619048 0.833333333333333 0.029585798816568
7500 64 10 8 66 0.125 0.8 0.121212121212121
7503 4 2 0 6 0 0 0
7514 24 3 3 24 0.125 1 0.125
7516 4 1 0 5 0 0 0
7521 5 2 1 6 0.2 0.5 0.166666666666667
7522 6 4 1 9 0.166666666666667 0.25 0.111111111111111
7539 26 9 8 27 0.307692307692308 0.888888888888889 0.296296296296296
7573 1 1 1 1 1 1 1
7575 523 97 95 525 0.181644359464627 0.979381443298969 0.180952380952381
7594 5 3 2 6 0.4 0.666666666666667 0.333333333333333
7606 53 5 5 53 0.0943396226415094 1 0.0943396226415094
7610 20 1 0 21 0 0 0
7629 7 1 0 8 0 0 0
766 17 5 4 18 0.235294117647059 0.8 0.222222222222222
7660 37 17 15 39 0.405405405405405 0.882352941176471 0.384615384615385
7665 2 1 1 2 0.5 1 0.5
7667 6 1 1 6 0.166666666666667 1 0.166666666666667
7668 10 1 0 11 0 0 0
7670 20 2 2 20 0.1 1 0.1
7671 3 2 1 4 0.333333333333333 0.5 0.25
7682 9 3 2 10 0.222222222222222 0.666666666666667 0.2
7687 3 1 1 3 0.333333333333333 1 0.333333333333333
7693 25 2 1 26 0.04 0.5 0.0384615384615385
7718 8 1 0 9 0 0 0
7753 8 1 1 8 0.125 1 0.125
7781 4 8 2 10 0.5 0.25 0.2
7784 29 4 3 30 0.103448275862069 0.75 0.1
7786 9 2 1 10 0.111111111111111 0.5 0.1
7847 3 1 1 3 0.333333333333333 1 0.333333333333333
786 49 9 7 51 0.142857142857143 0.777777777777778 0.137254901960784
790 1 2 1 2 1 0.5 0.5
7902 16 1 1 16 0.0625 1 0.0625
7908 39 3 2 40 0.0512820512820513 0.666666666666667 0.05
7922 47 3 3 47 0.0638297872340425 1 0.0638297872340425
7949 10 2 0 12 0 0 0
8002 61 6 4 63 0.0655737704918033 0.666666666666667 0.0634920634920635
8018 2 1 1 2 0.5 1 0.5
8047 23 4 4 23 0.173913043478261 1 0.173913043478261
81 20 1 0 21 0 0 0
8121 44 9 6 47 0.136363636363636 0.666666666666667 0.127659574468085
8158 1 1 1 1 1 1 1
8201 7 1 1 7 0.142857142857143 1 0.142857142857143
8218 127 10 9 128 0.0708661417322835 0.9 0.0703125
8220 626 9 9 626 0.0143769968051118 1 0.0143769968051118
8224 11 4 3 12 0.272727272727273 0.75 0.25
8226 5 2 0 7 0 0 0
8237 6 3 3 6 0.5 1 0.5
8246 183 1 0 184 0 0 0
8251 8 5 5 8 0.625 1 0.625
8256 1 1 1 1 1 1 1
8267 2 1 1 2 0.5 1 0.5
8282 11 1 0 12 0 0 0
8299 8 2 0 10 0 0 0
8302 9 1 1 9 0.111111111111111 1 0.111111111111111
8319 38 15 13 40 0.342105263157895 0.866666666666667 0.325
8330 11 2 1 12 0.0909090909090909 0.5 0.0833333333333333
8346 4 2 2 4 0.5 1 0.5
8359 534 27 21 540 0.0393258426966292 0.777777777777778 0.0388888888888889
8364 10 2 1 11 0.1 0.5 0.0909090909090909
8365 116 47 33 130 0.28448275862069 0.702127659574468 0.253846153846154
8368 26 6 5 27 0.192307692307692 0.833333333333333 0.185185185185185
8374 5 1 1 5 0.2 1 0.2
8387 15 3 2 16 0.133333333333333 0.666666666666667 0.125
8391 4 1 1 4 0.25 1 0.25
8396 1 1 0 2 0 0 0
8419 232 4 4 232 0.0172413793103448 1 0.0172413793103448
8422 102 14 7 109 0.0686274509803922 0.5 0.0642201834862385
8426 423 16 12 427 0.0283687943262411 0.75 0.0281030444964871
8442 26 17 13 30 0.5 0.764705882352941 0.433333333333333
8447 521 23 19 525 0.036468330134357 0.826086956521739 0.0361904761904762
8468 540 8 7 541 0.012962962962963 0.875 0.0129390018484288
8469 35 17 14 38 0.4 0.823529411764706 0.368421052631579
8473 26 5 4 27 0.153846153846154 0.8 0.148148148148148
8481 3 1 0 4 0 0 0
8492 58 1 1 58 0.0172413793103448 1 0.0172413793103448
8495 17 3 1 19 0.0588235294117647 0.333333333333333 0.0526315789473684
8501 35 11 11 35 0.314285714285714 1 0.314285714285714
8508 3 1 1 3 0.333333333333333 1 0.333333333333333
8517 16 1 1 16 0.0625 1 0.0625
852 151 1 1 151 0.00662251655629139 1 0.00662251655629139
8527 20 2 2 20 0.1 1 0.1
855 25 1 1 25 0.04 1 0.04
8551 103 1 1 103 0.00970873786407767 1 0.00970873786407767
8560 76 23 17 82 0.223684210526316 0.739130434782609 0.207317073170732
8565 15 2 1 16 0.0666666666666667 0.5 0.0625
8586 66 6 4 68 0.0606060606060606 0.666666666666667 0.0588235294117647
8591 37 6 3 40 0.0810810810810811 0.5 0.075
8607 42 4 3 43 0.0714285714285714 0.75 0.0697674418604651
8657 103 4 2 105 0.0194174757281553 0.5 0.019047619047619
8664 5 1 1 5 0.2 1 0.2
8674 56 8 7 57 0.125 0.875 0.12280701754386
8676 4 1 1 4 0.25 1 0.25
8683 33 1 1 33 0.0303030303030303 1 0.0303030303030303
8708 270 5 4 271 0.0148148148148148 0.8 0.014760147601476
8717 90 5 3 92 0.0333333333333333 0.6 0.0326086956521739
8728 1 1 1 1 1 1 1
8737 34 6 2 38 0.0588235294117647 0.333333333333333 0.0526315789473684
8758 11 7 6 12 0.545454545454545 0.857142857142857 0.5
8763 148 40 37 151 0.25 0.925 0.245033112582781
8767 66 22 16 72 0.242424242424242 0.727272727272727 0.222222222222222
8781 30 1 0 31 0 0 0
8820 12 4 3 13 0.25 0.75 0.230769230769231
8823 8 1 0 9 0 0 0
8881 381 21 21 381 0.0551181102362205 1 0.0551181102362205
8895 7 1 1 7 0.142857142857143 1 0.142857142857143
8897 52 11 7 56 0.134615384615385 0.636363636363636 0.125
8903 14 2 0 16 0 0 0
8943 15 3 3 15 0.2 1 0.2
8954 37 9 4 42 0.108108108108108 0.444444444444444 0.0952380952380952
8966 83 1 1 83 0.0120481927710843 1 0.0120481927710843
8970 2 1 1 2 0.5 1 0.5
8978 6 2 2 6 0.333333333333333 1 0.333333333333333
9002 775 168 161 782 0.207741935483871 0.958333333333333 0.205882352941176
9009 118 59 21 156 0.177966101694915 0.355932203389831 0.134615384615385
9026 12 5 5 12 0.416666666666667 1 0.416666666666667
9031 59 2 1 60 0.0169491525423729 0.5 0.0166666666666667
9044 64 19 14 69 0.21875 0.736842105263158 0.202898550724638
9080 7 5 4 8 0.571428571428571 0.8 0.5
9085 4 1 1 4 0.25 1 0.25
9112 7 2 1 8 0.142857142857143 0.5 0.125
9129 8 1 0 9 0 0 0
9150 29 4 3 30 0.103448275862069 0.75 0.1
9153 40 5 5 40 0.125 1 0.125
9162 2 1 1 2 0.5 1 0.5
9188 3 1 0 4 0 0 0
9231 2 1 0 3 0 0 0
9264 24 20 8 36 0.333333333333333 0.4 0.222222222222222
9270 27 3 2 28 0.0740740740740741 0.666666666666667 0.0714285714285714
9299 45 2 1 46 0.0222222222222222 0.5 0.0217391304347826
9304 145 5 4 146 0.0275862068965517 0.8 0.0273972602739726
9316 39 1 1 39 0.0256410256410256 1 0.0256410256410256
9329 11 1 1 11 0.0909090909090909 1 0.0909090909090909
9340 4 5 2 7 0.5 0.4 0.285714285714286
9367 3 1 1 3 0.333333333333333 1 0.333333333333333
9406 2 2 1 3 0.5 0.5 0.333333333333333
9431 2 1 1 2 0.5 1 0.5
9433 2 1 1 2 0.5 1 0.5
9505 110 5 5 110 0.0454545454545455 1 0.0454545454545455
9534 4 1 1 4 0.25 1 0.25
9541 7 1 0 8 0 0 0
9543 4 1 1 4 0.25 1 0.25
9549 2 1 1 2 0.5 1 0.5
9555 4 1 0 5 0 0 0
9583 37 1 0 38 0 0 0
9584 8 1 1 8 0.125 1 0.125
9595 7 3 2 8 0.285714285714286 0.666666666666667 0.25
9600 5 2 1 6 0.2 0.5 0.166666666666667
9607 8 1 0 9 0 0 0
9612 2 1 0 3 0 0 0
9619 2 2 1 3 0.5 0.5 0.333333333333333
9621 3 1 1 3 0.333333333333333 1 0.333333333333333
9622 8 1 1 8 0.125 1 0.125
9700 6 2 1 7 0.166666666666667 0.5 0.142857142857143
9701 2 1 0 3 0 0 0
9722 43 6 5 44 0.116279069767442 0.833333333333333 0.113636363636364
9737 4 1 1 4 0.25 1 0.25
9758 2 1 0 3 0 0 0
9794 4 1 1 4 0.25 1 0.25
9800 30 1 0 31 0 0 0
9821 4 3 3 4 0.75 1 0.75
9844 2 1 0 3 0 0 0
9901 21 4 2 23 0.0952380952380952 0.5 0.0869565217391304
9919 17 1 0 18 0 0 0
9924 27 1 0 28 0 0 0
9930 17 1 1 17 0.0588235294117647 1 0.0588235294117647
9995 3 2 2 3 0.666666666666667 1 0.666666666666667
