#ASN num_v4adj num_v6adj num_intersect(v4v6adj) num_union(adj) fr_v4(num_intersect/num_v4adj) fr_v6(num_intersect/num_v6adj) fr_intersect(num_intersect/num_union)
10013 1 2 1 2 1 0.5 0.5
10015 8 2 0 10 0 0 0
10021 17 3 2 18 0.117647058823529 0.666666666666667 0.111111111111111
10026 454 28 25 457 0.0550660792951542 0.892857142857143 0.0547045951859956
10030 3 1 1 3 0.333333333333333 1 0.333333333333333
10077 4 1 1 4 0.25 1 0.25
10091 2 1 1 2 0.5 1 0.5
101 32 13 10 35 0.3125 0.769230769230769 0.285714285714286
10105 3 1 0 4 0 0 0
102 3 1 1 3 0.333333333333333 1 0.333333333333333
10204 5 3 1 7 0.2 0.333333333333333 0.142857142857143
10217 18 4 4 18 0.222222222222222 1 0.222222222222222
10248 1 1 1 1 1 1 1
10269 2 1 0 3 0 0 0
10310 135 11 9 137 0.0666666666666667 0.818181818181818 0.0656934306569343
10318 6 1 0 7 0 0 0
10326 7 2 1 8 0.142857142857143 0.5 0.125
10343 2 1 1 2 0.5 1 0.5
10405 3 1 0 4 0 0 0
10429 101 1 1 101 0.0099009900990099 1 0.0099009900990099
10430 10 1 1 10 0.1 1 0.1
10439 6 1 1 6 0.166666666666667 1 0.166666666666667
10466 28 3 3 28 0.107142857142857 1 0.107142857142857
10490 33 7 5 35 0.151515151515152 0.714285714285714 0.142857142857143
10533 1 3 1 3 1 0.333333333333333 0.333333333333333
10566 1 1 0 2 0 0 0
10569 1 1 1 1 1 1 1
10578 27 6 6 27 0.222222222222222 1 0.222222222222222
10586 6 2 0 8 0 0 0
10587 4 1 1 4 0.25 1 0.25
10596 1 1 1 1 1 1 1
10745 2 8 0 10 0 0 0
10764 13 2 1 14 0.0769230769230769 0.5 0.0714285714285714
10835 25 1 1 25 0.04 1 0.04
10848 33 2 2 33 0.0606060606060606 1 0.0606060606060606
10886 40 18 9 49 0.225 0.5 0.183673469387755
109 22 3 0 25 0 0 0
10996 4 1 0 5 0 0 0
1101 1 1 1 1 1 1 1
1103 208 85 81 212 0.389423076923077 0.952941176470588 0.382075471698113
11051 12 2 2 12 0.166666666666667 1 0.166666666666667
11096 45 2 2 45 0.0444444444444444 1 0.0444444444444444
111 2 2 1 3 0.5 0.5 0.333333333333333
11164 90 10 9 91 0.1 0.9 0.0989010989010989
11170 1 2 0 3 0 0 0
1120 16 3 2 17 0.125 0.666666666666667 0.117647058823529
1125 3 3 3 3 1 1 1
1126 33 10 5 38 0.151515151515152 0.5 0.131578947368421
11260 24 4 4 24 0.166666666666667 1 0.166666666666667
11274 11 4 3 12 0.272727272727273 0.75 0.25
11279 3 1 1 3 0.333333333333333 1 0.333333333333333
11317 7 2 2 7 0.285714285714286 1 0.285714285714286
1132 2 2 2 2 1 1 1
11340 9 1 1 9 0.111111111111111 1 0.111111111111111
11383 24 2 2 24 0.0833333333333333 1 0.0833333333333333
1140 25 9 6 28 0.24 0.666666666666667 0.214285714285714
11404 62 3 3 62 0.0483870967741935 1 0.0483870967741935
11457 7 1 0 8 0 0 0
11508 4 2 2 4 0.5 1 0.5
11522 7 3 2 8 0.285714285714286 0.666666666666667 0.25
11537 133 65 58 140 0.43609022556391 0.892307692307692 0.414285714285714
11556 39 2 1 40 0.0256410256410256 0.5 0.025
11588 7 1 1 7 0.142857142857143 1 0.142857142857143
11590 8 2 1 9 0.125 0.5 0.111111111111111
11666 327 13 11 329 0.0336391437308868 0.846153846153846 0.033434650455927
11686 50 3 3 50 0.06 1 0.06
11694 3 1 1 3 0.333333333333333 1 0.333333333333333
11706 8 4 2 10 0.25 0.5 0.2
11711 1 1 0 2 0 0 0
11734 4 1 0 5 0 0 0
11758 16 1 1 16 0.0625 1 0.0625
11815 3 1 0 4 0 0 0
11847 6 1 0 7 0 0 0
11960 5 4 4 5 0.8 1 0.8
12 4 1 1 4 0.25 1 0.25
1200 41 16 10 47 0.24390243902439 0.625 0.212765957446809
12008 36 3 3 36 0.0833333333333333 1 0.0833333333333333
12036 3 2 1 4 0.333333333333333 0.5 0.25
12041 43 17 12 48 0.27906976744186 0.705882352941177 0.25
12046 3 1 1 3 0.333333333333333 1 0.333333333333333
12111 21 1 1 21 0.0476190476190476 1 0.0476190476190476
12129 32 2 2 32 0.0625 1 0.0625
1213 8 5 4 9 0.5 0.8 0.444444444444444
12148 2 1 1 2 0.5 1 0.5
12188 18 3 3 18 0.166666666666667 1 0.166666666666667
1221 140 1 0 141 0 0 0
1224 3 1 1 3 0.333333333333333 1 0.333333333333333
12251 5 1 1 5 0.2 1 0.2
12287 2 1 1 2 0.5 1 0.5
12293 3 1 1 3 0.333333333333333 1 0.333333333333333
12301 109 15 9 115 0.0825688073394495 0.6 0.0782608695652174
12303 4 2 2 4 0.5 1 0.5
12306 79 19 15 83 0.189873417721519 0.789473684210526 0.180722891566265
12312 55 17 13 59 0.236363636363636 0.764705882352941 0.220338983050847
12316 3 1 1 3 0.333333333333333 1 0.333333333333333
12322 64 13 10 67 0.15625 0.769230769230769 0.149253731343284
12329 9 4 3 10 0.333333333333333 0.75 0.3
12335 10 1 1 10 0.1 1 0.1
12337 57 20 17 60 0.298245614035088 0.85 0.283333333333333
12347 8 3 3 8 0.375 1 0.375
12348 20 1 1 20 0.05 1 0.05
12350 195 5 5 195 0.0256410256410256 1 0.0256410256410256
12353 3 4 2 5 0.666666666666667 0.5 0.4
12355 35 12 9 38 0.257142857142857 0.75 0.236842105263158
1237 31 4 2 33 0.0645161290322581 0.5 0.0606060606060606
12371 2 1 0 3 0 0 0
12374 4 1 1 4 0.25 1 0.25
12381 5 1 1 5 0.2 1 0.2
12386 13 3 3 13 0.230769230769231 1 0.230769230769231
12389 498 14 9 503 0.0180722891566265 0.642857142857143 0.0178926441351889
1239 1393 10 7 1396 0.0050251256281407 0.7 0.00501432664756447
12399 54 1 1 54 0.0185185185185185 1 0.0185185185185185
12401 14 3 2 15 0.142857142857143 0.666666666666667 0.133333333333333
12414 40 15 11 44 0.275 0.733333333333333 0.25
12466 3 2 2 3 0.666666666666667 1 0.666666666666667
12476 10 1 0 11 0 0 0
1248 36 16 10 42 0.277777777777778 0.625 0.238095238095238
12496 43 1 0 44 0 0 0
12502 3 2 1 4 0.333333333333333 0.5 0.25
1251 9 3 3 9 0.333333333333333 1 0.333333333333333
12533 3 1 0 4 0 0 0
12552 84 10 9 85 0.107142857142857 0.9 0.105882352941176
12566 15 4 4 15 0.266666666666667 1 0.266666666666667
1257 128 65 30 163 0.234375 0.461538461538462 0.184049079754601
12573 33 18 15 36 0.454545454545455 0.833333333333333 0.416666666666667
12586 32 3 3 32 0.09375 1 0.09375
12594 2 2 2 2 1 1 1
12597 4 1 1 4 0.25 1 0.25
12605 19 3 2 20 0.105263157894737 0.666666666666667 0.1
12611 44 21 13 52 0.295454545454545 0.619047619047619 0.25
12614 3 1 1 3 0.333333333333333 1 0.333333333333333
12634 37 15 10 42 0.27027027027027 0.666666666666667 0.238095238095238
12637 78 33 31 80 0.397435897435897 0.939393939393939 0.3875
12638 2 3 0 5 0 0 0
12654 46 21 15 52 0.326086956521739 0.714285714285714 0.288461538461538
12657 3 1 1 3 0.333333333333333 1 0.333333333333333
12684 4 2 1 5 0.25 0.5 0.2
12709 3 1 0 4 0 0 0
12714 41 13 8 46 0.195121951219512 0.615384615384615 0.173913043478261
1273 293 80 54 319 0.184300341296928 0.675 0.169278996865204
12731 43 18 13 48 0.302325581395349 0.722222222222222 0.270833333333333
12732 19 10 9 20 0.473684210526316 0.9 0.45
12759 27 11 8 30 0.296296296296296 0.727272727272727 0.266666666666667
12767 14 3 2 15 0.142857142857143 0.666666666666667 0.133333333333333
12769 4 1 1 4 0.25 1 0.25
12778 12 2 1 13 0.0833333333333333 0.5 0.0769230769230769
12779 95 25 19 101 0.2 0.76 0.188118811881188
12782 2 1 1 2 0.5 1 0.5
1280 40 28 18 50 0.45 0.642857142857143 0.36
12816 1 1 1 1 1 1 1
12817 2 2 2 2 1 1 1
12822 3 1 1 3 0.333333333333333 1 0.333333333333333
12835 11 4 3 12 0.272727272727273 0.75 0.25
12850 21 5 5 21 0.238095238095238 1 0.238095238095238
12853 2 3 1 4 0.5 0.333333333333333 0.25
12859 235 37 28 244 0.119148936170213 0.756756756756757 0.114754098360656
12871 38 16 11 43 0.289473684210526 0.6875 0.255813953488372
12874 217 2 2 217 0.00921658986175115 1 0.00921658986175115
12895 9 1 1 9 0.111111111111111 1 0.111111111111111
12902 38 9 6 41 0.157894736842105 0.666666666666667 0.146341463414634
12931 4 2 2 4 0.5 1 0.5
12956 121 16 14 123 0.115702479338843 0.875 0.113821138211382
12964 2 1 1 2 0.5 1 0.5
12968 135 5 4 136 0.0296296296296296 0.8 0.0294117647058824
12969 18 1 0 19 0 0 0
12989 576 79 71 584 0.123263888888889 0.89873417721519 0.121575342465753
1299 560 87 83 564 0.148214285714286 0.954022988505747 0.147163120567376
13000 8 3 3 8 0.375 1 0.375
13030 1099 333 319 1113 0.290263876251137 0.957957957957958 0.286612758310872
13039 4 3 2 5 0.5 0.666666666666667 0.4
13041 8 2 2 8 0.25 1 0.25
13045 4 2 2 4 0.5 1 0.5
13049 10 1 1 10 0.1 1 0.1
13062 14 2 1 15 0.0714285714285714 0.5 0.0666666666666667
13092 4 1 1 4 0.25 1 0.25
131 2 1 1 2 0.5 1 0.5
13105 23 4 3 24 0.130434782608696 0.75 0.125
131075 1 1 1 1 1 1 1
13110 7 2 2 7 0.285714285714286 1 0.285714285714286
13115 4 2 2 4 0.5 1 0.5
1312 3 1 1 3 0.333333333333333 1 0.333333333333333
13132 18 11 7 22 0.388888888888889 0.636363636363636 0.318181818181818
13184 38 18 8 48 0.210526315789474 0.444444444444444 0.166666666666667
13189 30 8 8 30 0.266666666666667 1 0.266666666666667
13193 52 19 14 57 0.269230769230769 0.736842105263158 0.245614035087719
13210 2 1 1 2 0.5 1 0.5
13214 9 2 2 9 0.222222222222222 1 0.222222222222222
13237 493 104 89 508 0.18052738336714 0.855769230769231 0.175196850393701
13238 29 1 1 29 0.0344827586206897 1 0.0344827586206897
13243 4 1 1 4 0.25 1 0.25
13272 1 1 1 1 1 1 1
13284 17 9 6 20 0.352941176470588 0.666666666666667 0.3
13293 21 3 3 21 0.142857142857143 1 0.142857142857143
13319 7 6 3 10 0.428571428571429 0.5 0.3
13448 8 4 3 9 0.375 0.75 0.333333333333333
13536 10 1 0 11 0 0 0
13576 21 1 0 22 0 0 0
13645 15 2 1 16 0.0666666666666667 0.5 0.0625
13647 2 1 1 2 0.5 1 0.5
13657 8 2 2 8 0.25 1 0.25
13680 55 17 12 60 0.218181818181818 0.705882352941177 0.2
137 25 10 10 25 0.4 1 0.4
13714 2 1 1 2 0.5 1 0.5
13768 155 4 4 155 0.0258064516129032 1 0.0258064516129032
13810 2 1 1 2 0.5 1 0.5
13855 4 1 0 5 0 0 0
13867 3 2 1 4 0.333333333333333 0.5 0.25
13868 5 1 0 6 0 0 0
13901 2 1 1 2 0.5 1 0.5
13910 5 1 0 6 0 0 0
13911 3 1 0 4 0 0 0
13945 2 1 0 3 0 0 0
14 5 2 2 5 0.4 1 0.4
14026 7 2 1 8 0.142857142857143 0.5 0.125
1406 1 1 1 1 1 1 1
14080 12 2 2 12 0.166666666666667 1 0.166666666666667
14085 5 2 2 5 0.4 1 0.4
14103 7 1 0 8 0 0 0
1424 1 1 1 1 1 1 1
14259 32 3 3 32 0.09375 1 0.09375
1426 1 1 1 1 1 1 1
14262 3 2 2 3 0.666666666666667 1 0.666666666666667
14277 4 5 1 8 0.25 0.2 0.125
14325 11 2 2 11 0.181818181818182 1 0.181818181818182
14383 5 1 1 5 0.2 1 0.2
14492 46 1 1 46 0.0217391304347826 1 0.0217391304347826
14511 1 2 0 3 0 0 0
14589 23 7 6 24 0.260869565217391 0.857142857142857 0.25
14595 6 2 1 7 0.166666666666667 0.5 0.142857142857143
14609 14 1 1 14 0.0714285714285714 1 0.0714285714285714
14627 5 1 1 5 0.2 1 0.2
14650 1 2 1 2 1 0.5 0.5
14868 14 1 1 14 0.0714285714285714 1 0.0714285714285714
14907 3 2 2 3 0.666666666666667 1 0.666666666666667
15003 7 1 1 7 0.142857142857143 1 0.142857142857143
15022 1 1 1 1 1 1 1
15088 2 1 0 3 0 0 0
15169 115 49 30 134 0.260869565217391 0.612244897959184 0.223880597014925
15189 7 2 1 8 0.142857142857143 0.5 0.125
15216 2 1 0 3 0 0 0
15226 4 2 0 6 0 0 0
15296 7 1 1 7 0.142857142857143 1 0.142857142857143
15318 2 1 0 3 0 0 0
15373 2 1 1 2 0.5 1 0.5
15412 420 12 9 423 0.0214285714285714 0.75 0.0212765957446809
15436 10 3 3 10 0.3 1 0.3
15444 300 19 12 307 0.04 0.631578947368421 0.0390879478827362
15451 2 1 0 3 0 0 0
15456 3 2 2 3 0.666666666666667 1 0.666666666666667
15469 11 9 8 12 0.727272727272727 0.888888888888889 0.666666666666667
15474 1 1 1 1 1 1 1
15479 12 2 2 12 0.166666666666667 1 0.166666666666667
15498 10 4 4 10 0.4 1 0.4
15525 19 1 0 20 0 0 0
15533 35 5 4 36 0.114285714285714 0.8 0.111111111111111
15557 132 2 2 132 0.0151515151515152 1 0.0151515151515152
15576 33 5 5 33 0.151515151515152 1 0.151515151515152
15589 38 6 4 40 0.105263157894737 0.666666666666667 0.1
15598 124 28 23 129 0.185483870967742 0.821428571428571 0.178294573643411
15600 44 12 11 45 0.25 0.916666666666667 0.244444444444444
15606 24 14 5 33 0.208333333333333 0.357142857142857 0.151515151515152
15623 36 7 5 38 0.138888888888889 0.714285714285714 0.131578947368421
15653 3 1 1 3 0.333333333333333 1 0.333333333333333
15657 2 1 1 2 0.5 1 0.5
15685 36 17 14 39 0.388888888888889 0.823529411764706 0.358974358974359
15694 94 2 2 94 0.0212765957446809 1 0.0212765957446809
15696 2 1 0 3 0 0 0
15703 63 1 1 63 0.0158730158730159 1 0.0158730158730159
15716 6 2 2 6 0.333333333333333 1 0.333333333333333
15725 4 4 3 5 0.75 0.75 0.6
15726 2 1 1 2 0.5 1 0.5
15744 13 1 1 13 0.0769230769230769 1 0.0769230769230769
15772 61 1 1 61 0.0163934426229508 1 0.0163934426229508
15782 13 2 2 13 0.153846153846154 1 0.153846153846154
15798 2 1 0 3 0 0 0
15805 20 5 3 22 0.15 0.6 0.136363636363636
15806 12 1 1 12 0.0833333333333333 1 0.0833333333333333
15825 1 1 0 2 0 0 0
15830 108 1 0 109 0 0 0
15835 34 4 4 34 0.117647058823529 1 0.117647058823529
15879 38 19 14 43 0.368421052631579 0.736842105263158 0.325581395348837
15894 2 1 1 2 0.5 1 0.5
159 2 1 1 2 0.5 1 0.5
15919 9 1 1 9 0.111111111111111 1 0.111111111111111
15965 4 1 1 4 0.25 1 0.25
16004 13 6 5 14 0.384615384615385 0.833333333333333 0.357142857142857
16016 23 5 5 23 0.217391304347826 1 0.217391304347826
16030 7 8 0 15 0 0 0
16073 7 1 1 7 0.142857142857143 1 0.142857142857143
16086 26 25 11 40 0.423076923076923 0.44 0.275
16097 50 16 12 54 0.24 0.75 0.222222222222222
16117 2 1 1 2 0.5 1 0.5
16128 16 4 3 17 0.1875 0.75 0.176470588235294
16131 35 17 10 42 0.285714285714286 0.588235294117647 0.238095238095238
16150 269 13 11 271 0.0408921933085502 0.846153846153846 0.040590405904059
16171 4 2 1 5 0.25 0.5 0.2
16178 6 1 0 7 0 0 0
16186 6 3 2 7 0.333333333333333 0.666666666666667 0.285714285714286
16206 16 2 0 18 0 0 0
16210 8 3 3 8 0.375 1 0.375
16215 18 8 8 18 0.444444444444444 1 0.444444444444444
16237 30 9 5 34 0.166666666666667 0.555555555555556 0.147058823529412
16242 9 1 1 9 0.111111111111111 1 0.111111111111111
16243 42 19 13 48 0.30952380952381 0.684210526315789 0.270833333333333
16245 20 4 3 21 0.15 0.75 0.142857142857143
16246 10 1 1 10 0.1 1 0.1
16265 73 27 21 79 0.287671232876712 0.777777777777778 0.265822784810127
16276 68 16 11 73 0.161764705882353 0.6875 0.150684931506849
16316 5 2 2 5 0.4 1 0.4
16326 1 2 1 2 1 0.5 0.5
16347 9 3 3 9 0.333333333333333 1 0.333333333333333
16397 26 6 4 28 0.153846153846154 0.666666666666667 0.142857142857143
1653 30 3 3 30 0.1 1 0.1
16531 4 2 1 5 0.25 0.5 0.2
1659 10 3 2 11 0.2 0.666666666666667 0.181818181818182
16668 7 4 2 9 0.285714285714286 0.5 0.222222222222222
16724 4 2 2 4 0.5 1 0.5
16735 90 26 17 99 0.188888888888889 0.653846153846154 0.171717171717172
16807 4 2 0 6 0 0 0
16838 10 1 0 11 0 0 0
16866 2 3 2 3 1 0.666666666666667 0.666666666666667
16876 2 2 2 2 1 1 1
16942 5 1 1 5 0.2 1 0.2
17048 3 1 1 3 0.333333333333333 1 0.333333333333333
17055 1 1 1 1 1 1 1
1706 5 1 1 5 0.2 1 0.2
17061 2 1 0 3 0 0 0
17204 2 1 0 3 0 0 0
1734 1 2 1 2 1 0.5 0.5
174 2573 53 53 2573 0.0205985231247571 1 0.0205985231247571
1741 10 5 4 11 0.4 0.8 0.363636363636364
17412 3 1 0 4 0 0 0
17435 1 1 1 1 1 1 1
17439 5 1 0 6 0 0 0
17451 66 3 2 67 0.0303030303030303 0.666666666666667 0.0298507462686567
17464 2 1 1 2 0.5 1 0.5
17498 7 3 3 7 0.428571428571429 1 0.428571428571429
17511 14 2 2 14 0.142857142857143 1 0.142857142857143
17529 7 3 2 8 0.285714285714286 0.666666666666667 0.25
17554 9 3 2 10 0.222222222222222 0.666666666666667 0.2
17579 13 10 6 17 0.461538461538462 0.6 0.352941176470588
1759 31 3 2 32 0.0645161290322581 0.666666666666667 0.0625
1764 68 23 16 75 0.235294117647059 0.695652173913043 0.213333333333333
17645 7 1 1 7 0.142857142857143 1 0.142857142857143
17660 30 7 6 31 0.2 0.857142857142857 0.193548387096774
17671 4 1 1 4 0.25 1 0.25
17673 3 1 1 3 0.333333333333333 1 0.333333333333333
17676 39 1 1 39 0.0256410256410256 1 0.0256410256410256
17705 4 1 1 4 0.25 1 0.25
17707 7 1 0 8 0 0 0
17709 16 1 0 17 0 0 0
17721 3 2 2 3 0.666666666666667 1 0.666666666666667
17727 4 1 1 4 0.25 1 0.25
17741 3 1 1 3 0.333333333333333 1 0.333333333333333
17746 19 1 1 19 0.0526315789473684 1 0.0526315789473684
17819 98 4 4 98 0.0408163265306122 1 0.0408163265306122
17820 14 1 1 14 0.0714285714285714 1 0.0714285714285714
17832 1 3 0 4 0 0 0
17885 1 1 0 2 0 0 0
17886 1 1 1 1 1 1 1
17888 19 2 2 19 0.105263157894737 1 0.105263157894737
17893 2 1 0 3 0 0 0
17920 8 1 1 8 0.125 1 0.125
17934 3 3 3 3 1 1 1
17940 3 1 1 3 0.333333333333333 1 0.333333333333333
17955 4 2 1 5 0.25 0.5 0.2
1797 2 4 2 4 1 0.5 0.5
17977 2 1 1 2 0.5 1 0.5
1798 3 3 0 6 0 0 0
17990 5 1 1 5 0.2 1 0.2
18001 9 2 0 11 0 0 0
18007 2 2 2 2 1 1 1
18011 1 1 0 2 0 0 0
18070 2 2 1 3 0.5 0.5 0.333333333333333
18097 3 1 0 4 0 0 0
18119 3 3 1 5 0.333333333333333 0.333333333333333 0.2
18126 3 1 1 3 0.333333333333333 1 0.333333333333333
18146 2 3 0 5 0 0 0
18149 4 4 3 5 0.75 0.75 0.6
18182 2 1 0 3 0 0 0
18185 5 3 2 6 0.4 0.666666666666667 0.333333333333333
18203 2 3 2 3 1 0.666666666666667 0.666666666666667
18206 2 2 2 2 1 1 1
18218 1 1 0 2 0 0 0
18259 2 2 1 3 0.5 0.5 0.333333333333333
18266 2 1 0 3 0 0 0
18344 1 2 0 3 0 0 0
1835 7 1 1 7 0.142857142857143 1 0.142857142857143
1836 57 9 7 59 0.12280701754386 0.777777777777778 0.11864406779661
18366 2 3 0 5 0 0 0
18369 1 1 0 2 0 0 0
1837 2 2 2 2 1 1 1
18398 54 2 2 54 0.037037037037037 1 0.037037037037037
18407 1 1 1 1 1 1 1
18422 5 1 1 5 0.2 1 0.2
18450 6 1 1 6 0.166666666666667 1 0.166666666666667
1850 2 1 1 2 0.5 1 0.5
18508 6 5 2 9 0.333333333333333 0.4 0.222222222222222
1853 125 37 36 126 0.288 0.972972972972973 0.285714285714286
18547 3 1 1 3 0.333333333333333 1 0.333333333333333
18592 22 11 8 25 0.363636363636364 0.727272727272727 0.32
18666 1 1 1 1 1 1 1
18750 2 1 1 2 0.5 1 0.5
18779 10 3 3 10 0.3 1 0.3
18786 2 1 0 3 0 0 0
1880 18 7 4 21 0.222222222222222 0.571428571428571 0.19047619047619
1881 1 1 1 1 1 1 1
1887 9 1 1 9 0.111111111111111 1 0.111111111111111
19021 3 2 1 4 0.333333333333333 0.5 0.25
19073 2 1 0 3 0 0 0
19080 106 3 3 106 0.0283018867924528 1 0.0283018867924528
19089 95 4 4 95 0.0421052631578947 1 0.0421052631578947
19151 781 229 202 808 0.258642765685019 0.882096069868996 0.25
1916 144 25 24 145 0.166666666666667 0.96 0.16551724137931
19192 2 1 1 2 0.5 1 0.5
19255 4 4 1 7 0.25 0.25 0.142857142857143
1930 22 8 7 23 0.318181818181818 0.875 0.304347826086957
19384 8 1 0 9 0 0 0
19401 50 14 13 51 0.26 0.928571428571429 0.254901960784314
195 8 2 1 9 0.125 0.5 0.111111111111111
19506 4 1 1 4 0.25 1 0.25
1955 12 3 3 12 0.25 1 0.25
19557 5 1 0 6 0 0 0
19624 4 1 1 4 0.25 1 0.25
196613 2 2 2 2 1 1 1
196621 5 3 3 5 0.6 1 0.6
196878 5 2 2 5 0.4 1 0.4
19740 16 4 4 16 0.25 1 0.25
19782 20 1 1 20 0.05 1 0.05
19783 2 1 0 3 0 0 0
19855 56 2 1 57 0.0178571428571429 0.5 0.0175438596491228
19866 2 1 1 2 0.5 1 0.5
19872 1 1 1 1 1 1 1
1998 5 1 1 5 0.2 1 0.2
20080 19 3 3 19 0.157894736842105 1 0.157894736842105
20130 3 1 1 3 0.333333333333333 1 0.333333333333333
20144 47 11 9 49 0.191489361702128 0.818181818181818 0.183673469387755
2018 4 1 1 4 0.25 1 0.25
20205 3 1 0 4 0 0 0
20225 10 2 1 11 0.1 0.5 0.0909090909090909
20308 1 1 1 1 1 1 1
20312 9 6 5 10 0.555555555555556 0.833333333333333 0.5
20341 1 1 0 2 0 0 0
20381 2 2 1 3 0.5 0.5 0.333333333333333
2042 16 5 4 17 0.25 0.8 0.235294117647059
20436 2 1 0 3 0 0 0
2044 16 3 3 16 0.1875 1 0.1875
20473 25 4 3 26 0.12 0.75 0.115384615384615
20495 45 10 7 48 0.155555555555556 0.7 0.145833333333333
20507 36 10 8 38 0.222222222222222 0.8 0.210526315789474
20535 9 1 1 9 0.111111111111111 1 0.111111111111111
20547 43 7 6 44 0.13953488372093 0.857142857142857 0.136363636363636
2055 2 1 1 2 0.5 1 0.5
20552 9 1 0 10 0 0 0
20555 6 3 3 6 0.5 1 0.5
20562 173 9 6 176 0.0346820809248555 0.666666666666667 0.0340909090909091
20569 11 5 5 11 0.454545454545455 1 0.454545454545455
20570 3 1 1 3 0.333333333333333 1 0.333333333333333
20597 2 1 1 2 0.5 1 0.5
20608 3 2 0 5 0 0 0
20612 5 2 1 6 0.2 0.5 0.166666666666667
20621 5 5 3 7 0.6 0.6 0.428571428571429
20626 1 1 1 1 1 1 1
20633 22 14 8 28 0.363636363636364 0.571428571428571 0.285714285714286
20634 37 1 1 37 0.027027027027027 1 0.027027027027027
20640 208 105 75 238 0.360576923076923 0.714285714285714 0.315126050420168
20650 5 1 1 5 0.2 1 0.2
20704 24 5 5 24 0.208333333333333 1 0.208333333333333
20707 2 2 2 2 1 1 1
20712 17 4 3 18 0.176470588235294 0.75 0.166666666666667
20718 29 14 2 41 0.0689655172413793 0.142857142857143 0.0487804878048781
20766 9 1 1 9 0.111111111111111 1 0.111111111111111
20773 27 16 12 31 0.444444444444444 0.75 0.387096774193548
20783 5 2 0 7 0 0 0
20836 15 1 0 16 0 0 0
20845 2 2 2 2 1 1 1
20847 27 15 9 33 0.333333333333333 0.6 0.272727272727273
20857 25 3 2 26 0.08 0.666666666666667 0.0769230769230769
209 1447 26 24 1449 0.0165860400829302 0.923076923076923 0.0165631469979296
20912 12 8 5 15 0.416666666666667 0.625 0.333333333333333
20932 300 16 12 304 0.04 0.75 0.0394736842105263
20940 118 4 2 120 0.0169491525423729 0.5 0.0166666666666667
20953 28 9 6 31 0.214285714285714 0.666666666666667 0.193548387096774
20965 54 41 41 54 0.759259259259259 1 0.759259259259259
20968 1 1 1 1 1 1 1
210 12 3 3 12 0.25 1 0.25
21011 110 13 11 112 0.1 0.846153846153846 0.0982142857142857
21013 38 19 11 46 0.289473684210526 0.578947368421053 0.239130434782609
21017 1 1 1 1 1 1 1
21055 41 8 6 43 0.146341463414634 0.75 0.13953488372093
2107 1 2 1 2 1 0.5 0.5
2108 1 1 1 1 1 1 1
2110 46 3 2 47 0.0434782608695652 0.666666666666667 0.0425531914893617
21155 33 16 11 38 0.333333333333333 0.6875 0.289473684210526
21159 3 2 2 3 0.666666666666667 1 0.666666666666667
2116 32 7 7 32 0.21875 1 0.21875
21174 3 1 0 4 0 0 0
2119 450 1 1 450 0.00222222222222222 1 0.00222222222222222
21195 21 4 4 21 0.19047619047619 1 0.19047619047619
21213 12 4 4 12 0.333333333333333 1 0.333333333333333
21219 223 14 6 231 0.0269058295964126 0.428571428571429 0.025974025974026
21221 30 12 9 33 0.3 0.75 0.272727272727273
21263 34 17 12 39 0.352941176470588 0.705882352941177 0.307692307692308
2128 4 2 2 4 0.5 1 0.5
21320 6 1 1 6 0.166666666666667 1 0.166666666666667
21371 48 14 9 53 0.1875 0.642857142857143 0.169811320754717
21385 114 26 17 123 0.149122807017544 0.653846153846154 0.138211382113821
21392 32 10 7 35 0.21875 0.7 0.2
21396 35 12 9 38 0.257142857142857 0.75 0.236842105263158
21399 2 1 0 3 0 0 0
21409 36 1 0 37 0 0 0
21414 71 5 3 73 0.0422535211267606 0.6 0.0410958904109589
21497 12 1 1 12 0.0833333333333333 1 0.0833333333333333
21499 3 1 1 3 0.333333333333333 1 0.333333333333333
21513 15 4 4 15 0.266666666666667 1 0.266666666666667
2152 93 5 5 93 0.0537634408602151 1 0.0537634408602151
21527 7 1 1 7 0.142857142857143 1 0.142857142857143
2153 42 17 16 43 0.380952380952381 0.941176470588235 0.372093023255814
21548 25 1 1 25 0.04 1 0.04
21719 5 1 0 6 0 0 0
21737 9 1 0 10 0 0 0
21788 12 5 5 12 0.416666666666667 1 0.416666666666667
21816 2 1 1 2 0.5 1 0.5
21844 22 3 3 22 0.136363636363636 1 0.136363636363636
21856 1 1 1 1 1 1 1
21911 7 4 4 7 0.571428571428571 1 0.571428571428571
21928 4 3 1 6 0.25 0.333333333333333 0.166666666666667
21947 28 3 3 28 0.107142857142857 1 0.107142857142857
21968 2 1 0 3 0 0 0
21976 19 2 2 19 0.105263157894737 1 0.105263157894737
2200 54 5 4 55 0.0740740740740741 0.8 0.0727272727272727
22047 2 1 1 2 0.5 1 0.5
22070 4 1 0 5 0 0 0
22095 4 1 1 4 0.25 1 0.25
22192 3 1 1 3 0.333333333333333 1 0.333333333333333
22212 214 11 8 217 0.0373831775700935 0.727272727272727 0.0368663594470046
22284 8 1 0 9 0 0 0
22298 16 3 3 16 0.1875 1 0.1875
22302 7 2 2 7 0.285714285714286 1 0.285714285714286
22335 24 4 4 24 0.166666666666667 1 0.166666666666667
22351 38 2 2 38 0.0526315789473684 1 0.0526315789473684
22356 42 3 3 42 0.0714285714285714 1 0.0714285714285714
22388 9 8 8 9 0.888888888888889 1 0.888888888888889
224 6 2 2 6 0.333333333333333 1 0.333333333333333
22404 2 1 0 3 0 0 0
22431 8 4 2 10 0.25 0.5 0.2
22438 3 2 1 4 0.333333333333333 0.5 0.25
22439 3 1 1 3 0.333333333333333 1 0.333333333333333
225 2 1 1 2 0.5 1 0.5
22548 82 19 19 82 0.231707317073171 1 0.231707317073171
22577 9 3 3 9 0.333333333333333 1 0.333333333333333
22581 2 1 1 2 0.5 1 0.5
226 33 4 4 33 0.121212121212121 1 0.121212121212121
22645 9 1 1 9 0.111111111111111 1 0.111111111111111
22652 10 1 1 10 0.1 1 0.1
22742 8 1 1 8 0.125 1 0.125
22767 1 1 1 1 1 1 1
22773 282 1 1 282 0.00354609929078014 1 0.00354609929078014
22822 720 9 9 720 0.0125 1 0.0125
22829 20 3 3 20 0.15 1 0.15
22911 10 2 1 11 0.1 0.5 0.0909090909090909
22937 2 1 0 3 0 0 0
22958 6 2 2 6 0.333333333333333 1 0.333333333333333
23007 3 1 1 3 0.333333333333333 1 0.333333333333333
23028 5 3 1 7 0.2 0.333333333333333 0.142857142857143
23033 8 1 1 8 0.125 1 0.125
23127 2 1 0 3 0 0 0
23148 351 2 2 351 0.0056980056980057 1 0.0056980056980057
23171 2 1 1 2 0.5 1 0.5
23308 15 5 5 15 0.333333333333333 1 0.333333333333333
23316 2 1 1 2 0.5 1 0.5
23342 51 9 7 53 0.137254901960784 0.777777777777778 0.132075471698113
23352 35 3 2 36 0.0571428571428571 0.666666666666667 0.0555555555555556
23393 52 12 7 57 0.134615384615385 0.583333333333333 0.12280701754386
23431 2 1 0 3 0 0 0
23456 201 12 9 204 0.0447761194029851 0.75 0.0441176470588235
23504 28 7 3 32 0.107142857142857 0.428571428571429 0.09375
23518 2 1 0 3 0 0 0
23541 10 1 0 11 0 0 0
23577 7 1 0 8 0 0 0
23596 3 2 2 3 0.666666666666667 1 0.666666666666667
236 1 1 1 1 1 1 1
23600 3 2 2 3 0.666666666666667 1 0.666666666666667
23624 2 1 1 2 0.5 1 0.5
23634 5 4 4 5 0.8 1 0.8
23637 3 1 0 4 0 0 0
23655 20 3 2 21 0.1 0.666666666666667 0.0952380952380952
23661 3 1 1 3 0.333333333333333 1 0.333333333333333
237 38 4 4 38 0.105263157894737 1 0.105263157894737
23754 4 1 0 5 0 0 0
23774 4 3 2 5 0.5 0.666666666666667 0.4
2381 27 6 6 27 0.222222222222222 1 0.222222222222222
23836 1 1 1 1 1 1 1
23838 3 1 0 4 0 0 0
23862 1 1 1 1 1 1 1
23869 3 1 0 4 0 0 0
23889 3 1 1 3 0.333333333333333 1 0.333333333333333
23899 2 2 1 3 0.5 0.5 0.333333333333333
23902 3 1 1 3 0.333333333333333 1 0.333333333333333
23905 3 1 0 4 0 0 0
23910 3 4 1 6 0.333333333333333 0.25 0.166666666666667
23911 7 18 4 21 0.571428571428571 0.222222222222222 0.19047619047619
23912 1 1 0 2 0 0 0
23930 33 4 3 34 0.0909090909090909 0.75 0.0882352941176471
23936 3 1 1 3 0.333333333333333 1 0.333333333333333
23947 35 1 1 35 0.0285714285714286 1 0.0285714285714286
23953 5 1 0 6 0 0 0
23966 5 1 0 6 0 0 0
24 11 7 4 14 0.363636363636364 0.571428571428571 0.285714285714286
24005 3 1 1 3 0.333333333333333 1 0.333333333333333
24047 4 2 2 4 0.5 1 0.5
24129 5 2 1 6 0.2 0.5 0.166666666666667
24130 25 4 3 26 0.12 0.75 0.115384615384615
24151 13 3 1 15 0.0769230769230769 0.333333333333333 0.0666666666666667
24175 3 2 2 3 0.666666666666667 1 0.666666666666667
24203 24 1 1 24 0.0416666666666667 1 0.0416666666666667
24211 1 1 0 2 0 0 0
24212 3 1 0 4 0 0 0
24218 22 8 6 24 0.272727272727273 0.75 0.25
24220 4 1 1 4 0.25 1 0.25
24226 3 2 0 5 0 0 0
24229 5 1 1 5 0.2 1 0.2
24238 8 2 1 9 0.125 0.5 0.111111111111111
24287 4 3 3 4 0.75 1 0.75
24311 1 1 0 2 0 0 0
24321 3 1 1 3 0.333333333333333 1 0.333333333333333
24334 2 1 1 2 0.5 1 0.5
24390 2 1 1 2 0.5 1 0.5
24424 2 1 0 3 0 0 0
24437 1 1 1 1 1 1 1
24475 4 4 4 4 1 1 1
24489 10 11 10 11 1 0.909090909090909 0.909090909090909
24490 10 8 8 10 0.8 1 0.8
24514 6 2 2 6 0.333333333333333 1 0.333333333333333
24530 4 1 0 5 0 0 0
24541 3 3 0 6 0 0 0
24557 4 3 3 4 0.75 1 0.75
24586 27 11 7 31 0.259259259259259 0.636363636363636 0.225806451612903
24594 27 6 4 29 0.148148148148148 0.666666666666667 0.137931034482759
24629 2 1 1 2 0.5 1 0.5
24638 20 2 2 20 0.1 1 0.1
24642 32 9 6 35 0.1875 0.666666666666667 0.171428571428571
24679 26 14 9 31 0.346153846153846 0.642857142857143 0.290322580645161
24724 128 32 26 134 0.203125 0.8125 0.194029850746269
24730 43 1 1 43 0.0232558139534884 1 0.0232558139534884
24739 49 15 7 57 0.142857142857143 0.466666666666667 0.12280701754386
24776 5 1 0 6 0 0 0
24785 115 21 14 122 0.121739130434783 0.666666666666667 0.114754098360656
24796 7 2 2 7 0.285714285714286 1 0.285714285714286
2484 2 1 1 2 0.5 1 0.5
24863 21 3 3 21 0.142857142857143 1 0.142857142857143
24875 36 14 8 42 0.222222222222222 0.571428571428571 0.19047619047619
24889 12 4 4 12 0.333333333333333 1 0.333333333333333
24900 1 1 1 1 1 1 1
24940 26 13 8 31 0.307692307692308 0.615384615384615 0.258064516129032
2495 12 1 1 12 0.0833333333333333 1 0.0833333333333333
24953 20 2 2 20 0.1 1 0.1
24963 49 12 9 52 0.183673469387755 0.75 0.173076923076923
2497 252 75 60 267 0.238095238095238 0.8 0.224719101123595
24971 21 6 5 22 0.238095238095238 0.833333333333333 0.227272727272727
24973 3 3 1 5 0.333333333333333 0.333333333333333 0.2
2499 1 2 1 2 1 0.5 0.5
25 2 1 1 2 0.5 1 0.5
2500 31 38 17 52 0.548387096774194 0.447368421052632 0.326923076923077
25058 2 1 1 2 0.5 1 0.5
2506 2 1 1 2 0.5 1 0.5
25061 36 5 5 36 0.138888888888889 1 0.138888888888889
25074 94 22 18 98 0.191489361702128 0.818181818181818 0.183673469387755
25091 38 1 1 38 0.0263157894736842 1 0.0263157894736842
25098 15 2 2 15 0.133333333333333 1 0.133333333333333
2510 15 3 2 16 0.133333333333333 0.666666666666667 0.125
25137 18 9 6 21 0.333333333333333 0.666666666666667 0.285714285714286
2514 18 2 2 18 0.111111111111111 1 0.111111111111111
25148 7 1 1 7 0.142857142857143 1 0.142857142857143
2515 5 2 2 5 0.4 1 0.4
25151 19 1 0 20 0 0 0
25152 64 14 11 67 0.171875 0.785714285714286 0.164179104477612
2516 322 46 41 327 0.127329192546584 0.891304347826087 0.125382262996942
25164 2 1 1 2 0.5 1 0.5
2518 10 5 4 11 0.4 0.8 0.363636363636364
25182 27 8 4 31 0.148148148148148 0.5 0.129032258064516
2519 30 6 5 31 0.166666666666667 0.833333333333333 0.161290322580645
25192 27 14 11 30 0.407407407407407 0.785714285714286 0.366666666666667
2521 1 1 1 1 1 1 1
25234 3 4 2 5 0.666666666666667 0.5 0.4
2527 12 5 3 14 0.25 0.6 0.214285714285714
25279 25 14 10 29 0.4 0.714285714285714 0.344827586206897
25286 26 13 8 31 0.307692307692308 0.615384615384615 0.258064516129032
25295 3 1 1 3 0.333333333333333 1 0.333333333333333
25358 16 10 5 21 0.3125 0.5 0.238095238095238
25372 5 1 1 5 0.2 1 0.2
25384 9 2 1 10 0.111111111111111 0.5 0.1
25409 2 1 1 2 0.5 1 0.5
25415 5 2 2 5 0.4 1 0.4
25441 14 3 3 14 0.214285714285714 1 0.214285714285714
25459 28 6 5 29 0.178571428571429 0.833333333333333 0.172413793103448
25466 32 11 9 34 0.28125 0.818181818181818 0.264705882352941
25473 5 3 3 5 0.6 1 0.6
25486 4 2 2 4 0.5 1 0.5
25489 8 2 2 8 0.25 1 0.25
2549 2 2 1 3 0.5 0.5 0.333333333333333
25512 21 3 3 21 0.142857142857143 1 0.142857142857143
25525 60 17 16 61 0.266666666666667 0.941176470588235 0.262295081967213
25532 7 1 1 7 0.142857142857143 1 0.142857142857143
25538 2 2 0 4 0 0 0
25560 30 113 20 123 0.666666666666667 0.176991150442478 0.16260162601626
25563 4 1 1 4 0.25 1 0.25
25577 85 5 4 86 0.0470588235294118 0.8 0.0465116279069767
25588 17 1 0 18 0 0 0
25596 39 9 5 43 0.128205128205128 0.555555555555556 0.116279069767442
2561 3 2 2 3 0.666666666666667 1 0.666666666666667
25649 2 1 1 2 0.5 1 0.5
25689 12 2 1 13 0.0833333333333333 0.5 0.0769230769230769
2576 2 1 1 2 0.5 1 0.5
25795 10 3 3 10 0.3 1 0.3
25818 20 5 3 22 0.15 0.6 0.136363636363636
25829 2 1 1 2 0.5 1 0.5
2586 13 1 1 13 0.0769230769230769 1 0.0769230769230769
2588 26 2 2 26 0.0769230769230769 1 0.0769230769230769
25885 7 1 1 7 0.142857142857143 1 0.142857142857143
25899 28 1 1 28 0.0357142857142857 1 0.0357142857142857
2594 5 1 0 6 0 0 0
2595 3 1 0 4 0 0 0
2597 3 3 3 3 1 1 1
26 5 1 1 5 0.2 1 0.2
2602 4 3 3 4 0.75 1 0.75
2603 108 29 21 116 0.194444444444444 0.724137931034483 0.181034482758621
26046 1 1 1 1 1 1 1
2607 48 10 10 48 0.208333333333333 1 0.208333333333333
2609 3 1 0 4 0 0 0
2611 53 13 10 56 0.188679245283019 0.769230769230769 0.178571428571429
2614 16 1 1 16 0.0625 1 0.0625
262684 1 1 1 1 1 1 1
26299 9 3 3 9 0.333333333333333 1 0.333333333333333
26347 10 3 3 10 0.3 1 0.3
2637 5 1 1 5 0.2 1 0.2
26415 58 7 1 64 0.0172413793103448 0.142857142857143 0.015625
26462 2 2 1 3 0.5 0.5 0.333333333333333
26496 7 2 2 7 0.285714285714286 1 0.285714285714286
26592 25 5 3 27 0.12 0.6 0.111111111111111
26599 1 1 0 2 0 0 0
26610 2 1 1 2 0.5 1 0.5
26622 9 2 1 10 0.111111111111111 0.5 0.1
26677 42 1 1 42 0.0238095238095238 1 0.0238095238095238
26711 3 2 2 3 0.666666666666667 1 0.666666666666667
26773 14 4 4 14 0.285714285714286 1 0.285714285714286
26785 3 2 1 4 0.333333333333333 0.5 0.25
26788 17 1 1 17 0.0588235294117647 1 0.0588235294117647
26888 2 2 2 2 1 1 1
26935 10 2 2 10 0.2 1 0.2
26949 1 1 0 2 0 0 0
2697 6 1 1 6 0.166666666666667 1 0.166666666666667
26978 13 3 1 15 0.0769230769230769 0.333333333333333 0.0666666666666667
2698 6 2 2 6 0.333333333333333 1 0.333333333333333
27 2 1 1 2 0.5 1 0.5
271 15 1 1 15 0.0666666666666667 1 0.0666666666666667
2714 1 1 1 1 1 1 1
2716 5 1 1 5 0.2 1 0.2
27319 78 28 25 81 0.320512820512821 0.892857142857143 0.308641975308642
27321 3 3 2 4 0.666666666666667 0.666666666666667 0.5
27325 8 3 1 10 0.125 0.333333333333333 0.1
27400 3 1 1 3 0.333333333333333 1 0.333333333333333
27446 4 1 0 5 0 0 0
27524 53 4 3 54 0.0566037735849057 0.75 0.0555555555555556
27552 10 1 1 10 0.1 1 0.1
27589 9 1 1 9 0.111111111111111 1 0.111111111111111
27630 3 1 1 3 0.333333333333333 1 0.333333333333333
27664 85 5 5 85 0.0588235294117647 1 0.0588235294117647
27678 8 2 2 8 0.25 1 0.25
27686 2 1 1 2 0.5 1 0.5
27693 4 1 1 4 0.25 1 0.25
27725 1 1 1 1 1 1 1
27750 13 14 11 16 0.846153846153846 0.785714285714286 0.6875
27767 2 1 0 3 0 0 0
27770 1 1 0 2 0 0 0
27781 4 1 0 5 0 0 0
278 8 6 1 13 0.125 0.166666666666667 0.0769230769230769
27807 14 4 4 14 0.285714285714286 1 0.285714285714286
27814 4 1 0 5 0 0 0
27817 4 2 2 4 0.5 1 0.5
27820 3 1 0 4 0 0 0
27841 3 1 1 3 0.333333333333333 1 0.333333333333333
27859 2 1 1 2 0.5 1 0.5
27893 3 2 1 4 0.333333333333333 0.5 0.25
27912 2 1 0 3 0 0 0
27929 5 2 2 5 0.4 1 0.4
27933 2 1 1 2 0.5 1 0.5
27970 1 1 1 1 1 1 1
27986 13 2 2 13 0.153846153846154 1 0.153846153846154
28000 1 1 1 1 1 1 1
28001 5 2 2 5 0.4 1 0.4
28138 6 3 3 6 0.5 1 0.5
28142 1 1 0 2 0 0 0
2819 35 3 2 36 0.0571428571428571 0.666666666666667 0.0555555555555556
28262 2 1 1 2 0.5 1 0.5
2828 850 15 14 851 0.0164705882352941 0.933333333333333 0.0164512338425382
28296 3 1 1 3 0.333333333333333 1 0.333333333333333
28299 7 3 2 8 0.285714285714286 0.666666666666667 0.25
28346 2 1 1 2 0.5 1 0.5
28360 5 1 1 5 0.2 1 0.2
28362 1 1 1 1 1 1 1
2847 4 3 3 4 0.75 1 0.75
2848 17 2 2 17 0.117647058823529 1 0.117647058823529
28497 5 2 2 5 0.4 1 0.4
28499 3 2 1 4 0.333333333333333 0.5 0.25
28511 4 2 1 5 0.25 0.5 0.2
2852 91 11 9 93 0.0989010989010989 0.818181818181818 0.0967741935483871
2857 34 35 12 57 0.352941176470588 0.342857142857143 0.210526315789474
28571 6 3 2 7 0.333333333333333 0.666666666666667 0.285714285714286
286 350 165 84 431 0.24 0.509090909090909 0.194895591647332
28606 1 1 0 2 0 0 0
28618 5 3 1 7 0.2 0.333333333333333 0.142857142857143
28677 2 1 1 2 0.5 1 0.5
28678 2 1 1 2 0.5 1 0.5
28697 4 1 0 5 0 0 0
28716 50 1 1 50 0.02 1 0.02
28717 23 4 4 23 0.173913043478261 1 0.173913043478261
28725 1 2 0 3 0 0 0
28747 3 2 2 3 0.666666666666667 1 0.666666666666667
28753 34 15 10 39 0.294117647058824 0.666666666666667 0.256410256410256
28762 9 2 1 10 0.111111111111111 0.5 0.1
28788 34 13 9 38 0.264705882352941 0.692307692307692 0.236842105263158
28792 8 1 1 8 0.125 1 0.125
28809 109 3 2 110 0.018348623853211 0.666666666666667 0.0181818181818182
28824 2 1 0 3 0 0 0
2884 4 2 2 4 0.5 1 0.5
28847 1 1 1 1 1 1 1
28855 10 5 5 10 0.5 1 0.5
28857 8 4 4 8 0.5 1 0.5
28859 4 1 1 4 0.25 1 0.25
28878 40 15 11 44 0.275 0.733333333333333 0.25
28929 93 10 9 94 0.0967741935483871 0.9 0.0957446808510638
2895 262 4 3 263 0.0114503816793893 0.75 0.0114068441064639
29003 6 1 1 6 0.166666666666667 1 0.166666666666667
29009 29 8 4 33 0.137931034482759 0.5 0.121212121212121
29014 6 1 1 6 0.166666666666667 1 0.166666666666667
29017 54 8 6 56 0.111111111111111 0.75 0.107142857142857
2905 89 2 0 91 0 0 0
29056 25 5 4 26 0.16 0.8 0.153846153846154
2906 7 5 4 8 0.571428571428571 0.8 0.5
29066 35 17 11 41 0.314285714285714 0.647058823529412 0.268292682926829
2907 83 5 5 83 0.0602409638554217 1 0.0602409638554217
29073 35 8 5 38 0.142857142857143 0.625 0.131578947368421
29076 95 19 11 103 0.115789473684211 0.578947368421053 0.106796116504854
29113 63 12 11 64 0.174603174603175 0.916666666666667 0.171875
29134 8 5 5 8 0.625 1 0.625
2914 632 208 152 688 0.240506329113924 0.730769230769231 0.22093023255814
29140 18 14 7 25 0.388888888888889 0.5 0.28
29147 1 1 1 1 1 1 1
29169 10 2 2 10 0.2 1 0.2
29208 372 171 104 439 0.279569892473118 0.608187134502924 0.236902050113895
29216 1 1 1 1 1 1 1
29222 38 3 2 39 0.0526315789473684 0.666666666666667 0.0512820512820513
29240 1 1 1 1 1 1 1
29243 2 1 1 2 0.5 1 0.5
29259 4 2 2 4 0.5 1 0.5
29276 1 1 0 2 0 0 0
29278 14 3 3 14 0.214285714285714 1 0.214285714285714
293 158 21 20 159 0.126582278481013 0.952380952380952 0.125786163522013
29311 4 1 1 4 0.25 1 0.25
29317 2 2 2 2 1 1 1
29321 9 4 4 9 0.444444444444444 1 0.444444444444444
29329 18 4 3 19 0.166666666666667 0.75 0.157894736842105
29396 28 10 9 29 0.321428571428571 0.9 0.310344827586207
29405 14 2 2 14 0.142857142857143 1 0.142857142857143
29422 24 4 3 25 0.125 0.75 0.12
29432 2 1 1 2 0.5 1 0.5
29449 52 24 19 57 0.365384615384615 0.791666666666667 0.333333333333333
29452 19 4 3 20 0.157894736842105 0.75 0.15
29488 3 2 2 3 0.666666666666667 1 0.666666666666667
29527 37 11 8 40 0.216216216216216 0.727272727272727 0.2
29542 5 3 1 7 0.2 0.333333333333333 0.142857142857143
29550 49 5 5 49 0.102040816326531 1 0.102040816326531
29608 15 3 3 15 0.2 1 0.2
29611 29 10 7 32 0.241379310344828 0.7 0.21875
29632 49 5 5 49 0.102040816326531 1 0.102040816326531
29636 201 45 40 206 0.199004975124378 0.888888888888889 0.194174757281553
29651 12 2 2 12 0.166666666666667 1 0.166666666666667
29655 9 6 6 9 0.666666666666667 1 0.666666666666667
29659 3 1 1 3 0.333333333333333 1 0.333333333333333
29668 35 1 1 35 0.0285714285714286 1 0.0285714285714286
29670 8 5 3 10 0.375 0.6 0.3
29671 4 3 3 4 0.75 1 0.75
29680 6 2 2 6 0.333333333333333 1 0.333333333333333
29684 6 1 1 6 0.166666666666667 1 0.166666666666667
29686 315 140 113 342 0.358730158730159 0.807142857142857 0.330409356725146
29744 1 1 0 2 0 0 0
29748 30 17 11 36 0.366666666666667 0.647058823529412 0.305555555555556
29761 5 2 2 5 0.4 1 0.4
29763 1 1 1 1 1 1 1
29789 1 1 1 1 1 1 1
29791 216 11 8 219 0.037037037037037 0.727272727272727 0.0365296803652968
29838 38 7 4 41 0.105263157894737 0.571428571428571 0.0975609756097561
29904 1 1 1 1 1 1 1
3 8 1 0 9 0 0 0
30008 3 1 1 3 0.333333333333333 1 0.333333333333333
30058 7 3 3 7 0.428571428571429 1 0.428571428571429
30059 3 3 2 4 0.666666666666667 0.666666666666667 0.5
30071 9 105 6 108 0.666666666666667 0.0571428571428571 0.0555555555555556
30075 1 1 0 2 0 0 0
30094 60 2 2 60 0.0333333333333333 1 0.0333333333333333
30124 6 1 1 6 0.166666666666667 1 0.166666666666667
30126 4 2 1 5 0.25 0.5 0.2
30128 3 2 1 4 0.333333333333333 0.5 0.25
30132 35 10 10 35 0.285714285714286 1 0.285714285714286
30134 3 2 2 3 0.666666666666667 1 0.666666666666667
30160 12 1 0 13 0 0 0
30176 14 2 1 15 0.0714285714285714 0.5 0.0666666666666667
30217 5 1 1 5 0.2 1 0.2
30221 2 1 0 3 0 0 0
30225 1 1 0 2 0 0 0
30259 3 1 1 3 0.333333333333333 1 0.333333333333333
30340 18 1 1 18 0.0555555555555556 1 0.0555555555555556
30362 2 1 0 3 0 0 0
3043 29 6 5 30 0.172413793103448 0.833333333333333 0.166666666666667
30496 14 1 1 14 0.0714285714285714 1 0.0714285714285714
30528 6 4 3 7 0.5 0.75 0.428571428571429
30653 32 11 8 35 0.25 0.727272727272727 0.228571428571429
30700 5 2 2 5 0.4 1 0.4
30708 1 1 1 1 1 1 1
30740 35 7 5 37 0.142857142857143 0.714285714285714 0.135135135135135
30781 148 23 17 154 0.114864864864865 0.739130434782609 0.11038961038961
30795 3 2 2 3 0.666666666666667 1 0.666666666666667
30833 13 1 1 13 0.0769230769230769 1 0.0769230769230769
30844 318 7 7 318 0.0220125786163522 1 0.0220125786163522
30880 9 1 0 10 0 0 0
30889 33 11 6 38 0.181818181818182 0.545454545454545 0.157894736842105
30890 147 23 18 152 0.122448979591837 0.782608695652174 0.118421052631579
30925 17 9 5 21 0.294117647058824 0.555555555555556 0.238095238095238
30961 4 1 1 4 0.25 1 0.25
30971 8 3 3 8 0.375 1 0.375
30975 8 6 2 12 0.25 0.333333333333333 0.166666666666667
31005 2 1 1 2 0.5 1 0.5
31027 36 2 1 37 0.0277777777777778 0.5 0.027027027027027
31078 4 6 4 6 1 0.666666666666667 0.666666666666667
31103 19 13 6 26 0.315789473684211 0.461538461538462 0.230769230769231
31117 13 4 4 13 0.307692307692308 1 0.307692307692308
31122 9 2 2 9 0.222222222222222 1 0.222222222222222
31127 4 3 2 5 0.5 0.666666666666667 0.4
31147 7 2 2 7 0.285714285714286 1 0.285714285714286
31229 6 2 1 7 0.166666666666667 0.5 0.142857142857143
31252 58 17 13 62 0.224137931034483 0.764705882352941 0.209677419354839
31261 23 1 1 23 0.0434782608695652 1 0.0434782608695652
31283 45 8 8 45 0.177777777777778 1 0.177777777777778
3130 22 1 1 22 0.0454545454545455 1 0.0454545454545455
31333 6 2 2 6 0.333333333333333 1 0.333333333333333
31334 51 2 0 53 0 0 0
31383 22 6 4 24 0.181818181818182 0.666666666666667 0.166666666666667
3140 1 1 1 1 1 1 1
31400 27 3 2 28 0.0740740740740741 0.666666666666667 0.0714285714285714
31424 21 5 5 21 0.238095238095238 1 0.238095238095238
31442 2 2 1 3 0.5 0.5 0.333333333333333
31458 59 8 7 60 0.11864406779661 0.875 0.116666666666667
31477 36 4 2 38 0.0555555555555556 0.5 0.0526315789473684
31479 4 1 1 4 0.25 1 0.25
31493 4 1 1 4 0.25 1 0.25
31500 659 16 14 661 0.0212443095599393 0.875 0.0211800302571861
31513 2 1 0 3 0 0 0
31529 53 19 11 61 0.207547169811321 0.578947368421053 0.180327868852459
31530 5 1 1 5 0.2 1 0.2
31615 4 1 0 5 0 0 0
31621 6 2 1 7 0.166666666666667 0.5 0.142857142857143
31649 4 2 2 4 0.5 1 0.5
31661 34 12 10 36 0.294117647058824 0.833333333333333 0.277777777777778
31677 5 3 1 7 0.2 0.333333333333333 0.142857142857143
31688 9 3 3 9 0.333333333333333 1 0.333333333333333
31708 32 9 7 34 0.21875 0.777777777777778 0.205882352941176
31736 10 2 2 10 0.2 1 0.2
31859 2 1 0 3 0 0 0
31877 11 1 1 11 0.0909090909090909 1 0.0909090909090909
31939 4 1 1 4 0.25 1 0.25
32 6 1 1 6 0.166666666666667 1 0.166666666666667
32034 6 2 2 6 0.333333333333333 1 0.333333333333333
3209 141 3 3 141 0.0212765957446809 1 0.0212765957446809
3212 24 1 1 24 0.0416666666666667 1 0.0416666666666667
3213 38 10 8 40 0.210526315789474 0.8 0.2
3215 99 2 2 99 0.0202020202020202 1 0.0202020202020202
3221 1 1 1 1 1 1 1
3223 1 1 1 1 1 1 1
32329 3 1 1 3 0.333333333333333 1 0.333333333333333
32335 4 1 1 4 0.25 1 0.25
32346 2 2 2 2 1 1 1
32354 18 6 4 20 0.222222222222222 0.666666666666667 0.2
32360 4 2 1 5 0.25 0.5 0.2
32361 8 2 1 9 0.125 0.5 0.111111111111111
3243 18 4 2 20 0.111111111111111 0.5 0.1
32440 23 2 2 23 0.0869565217391304 1 0.0869565217391304
3248 59 22 16 65 0.271186440677966 0.727272727272727 0.246153846153846
3249 55 12 9 58 0.163636363636364 0.75 0.155172413793103
3257 647 320 184 783 0.284389489953632 0.575 0.234993614303959
32592 22 3 3 22 0.136363636363636 1 0.136363636363636
3261 33 2 2 33 0.0606060606060606 1 0.0606060606060606
32613 12 2 2 12 0.166666666666667 1 0.166666666666667
3265 32 12 9 35 0.28125 0.75 0.257142857142857
3267 477 11 8 480 0.0167714884696017 0.727272727272727 0.0166666666666667
32678 3 3 2 4 0.666666666666667 0.666666666666667 0.5
3269 137 1 1 137 0.0072992700729927 1 0.0072992700729927
32748 33 8 7 34 0.212121212121212 0.875 0.205882352941176
3277 86 1 1 86 0.0116279069767442 1 0.0116279069767442
32782 4 1 0 5 0 0 0
32809 1 1 0 2 0 0 0
32825 2 1 0 3 0 0 0
32890 4 1 1 4 0.25 1 0.25
32915 3 1 0 4 0 0 0
3292 432 25 25 432 0.0578703703703704 1 0.0578703703703704
32978 1 1 1 1 1 1 1
3301 66 5 3 68 0.0454545454545455 0.6 0.0441176470588235
3302 48 1 1 48 0.0208333333333333 1 0.0208333333333333
3303 529 25 23 531 0.0434782608695652 0.92 0.0433145009416196
33071 9 2 2 9 0.222222222222222 1 0.222222222222222
33075 2 1 1 2 0.5 1 0.5
33079 4 1 1 4 0.25 1 0.25
3308 24 1 1 24 0.0416666666666667 1 0.0416666666666667
33080 4 1 1 4 0.25 1 0.25
33081 4 2 1 5 0.25 0.5 0.2
33082 1 1 1 1 1 1 1
33152 1 1 0 2 0 0 0
3316 18 3 2 19 0.111111111111111 0.666666666666667 0.105263157894737
33189 9 1 1 9 0.111111111111111 1 0.111111111111111
3320 541 20 16 545 0.0295748613678373 0.8 0.0293577981651376
3327 91 23 16 98 0.175824175824176 0.695652173913043 0.163265306122449
33310 2 1 0 3 0 0 0
3333 167 3 3 167 0.0179640718562874 1 0.0179640718562874
33362 3 1 0 4 0 0 0
33437 2 9 1 10 0.5 0.111111111111111 0.1
3344 8 4 2 10 0.25 0.5 0.2
33475 3 1 1 3 0.333333333333333 1 0.333333333333333
33517 7 2 2 7 0.285714285714286 1 0.285714285714286
3352 76 3 1 78 0.0131578947368421 0.333333333333333 0.0128205128205128
3356 2652 115 102 2665 0.0384615384615385 0.88695652173913 0.0382739212007505
33597 30 1 1 30 0.0333333333333333 1 0.0333333333333333
3363 2 1 1 2 0.5 1 0.5
33642 2 1 1 2 0.5 1 0.5
33789 2 2 2 2 1 1 1
33808 14 1 1 14 0.0714285714285714 1 0.0714285714285714
33828 1 1 1 1 1 1 1
33843 38 19 11 46 0.289473684210526 0.578947368421053 0.239130434782609
33845 15 4 4 15 0.266666666666667 1 0.266666666666667
33868 7 1 1 7 0.142857142857143 1 0.142857142857143
33873 23 1 1 23 0.0434782608695652 1 0.0434782608695652
33876 1 1 1 1 1 1 1
33885 14 5 5 14 0.357142857142857 1 0.357142857142857
33891 43 15 10 48 0.232558139534884 0.666666666666667 0.208333333333333
33923 6 3 1 8 0.166666666666667 0.333333333333333 0.125
33926 52 11 8 55 0.153846153846154 0.727272727272727 0.145454545454545
33930 2 1 0 3 0 0 0
33965 13 2 2 13 0.153846153846154 1 0.153846153846154
33984 2 1 1 2 0.5 1 0.5
34011 19 15 9 25 0.473684210526316 0.6 0.36
34019 10 5 3 12 0.3 0.6 0.25
34021 8 3 2 9 0.25 0.666666666666667 0.222222222222222
34080 6 3 3 6 0.5 1 0.5
34081 3 2 2 3 0.666666666666667 1 0.666666666666667
34108 5 3 2 6 0.4 0.666666666666667 0.333333333333333
34109 8 1 0 9 0 0 0
34123 35 3 2 36 0.0571428571428571 0.666666666666667 0.0555555555555556
34139 2 1 1 2 0.5 1 0.5
34141 20 1 1 20 0.05 1 0.05
34146 17 3 3 17 0.176470588235294 1 0.176470588235294
34183 3 2 2 3 0.666666666666667 1 0.666666666666667
34225 7 7 4 10 0.571428571428571 0.571428571428571 0.4
34240 2 2 2 2 1 1 1
34244 4 1 1 4 0.25 1 0.25
34245 43 1 1 43 0.0232558139534884 1 0.0232558139534884
34270 34 5 5 34 0.147058823529412 1 0.147058823529412
34279 16 2 2 16 0.125 1 0.125
34288 12 6 6 12 0.5 1 0.5
34305 58 14 10 62 0.172413793103448 0.714285714285714 0.161290322580645
34309 49 198 26 221 0.530612244897959 0.131313131313131 0.117647058823529
34313 19 6 4 21 0.210526315789474 0.666666666666667 0.19047619047619
34372 3 1 1 3 0.333333333333333 1 0.333333333333333
34419 24 8 2 30 0.0833333333333333 0.25 0.0666666666666667
34427 3 1 1 3 0.333333333333333 1 0.333333333333333
34442 3 1 1 3 0.333333333333333 1 0.333333333333333
34486 28 4 2 30 0.0714285714285714 0.5 0.0666666666666667
34505 3 2 2 3 0.666666666666667 1 0.666666666666667
34549 8 4 3 9 0.375 0.75 0.333333333333333
34554 14 5 5 14 0.357142857142857 1 0.357142857142857
34567 10 3 2 11 0.2 0.666666666666667 0.181818181818182
34574 3 1 0 4 0 0 0
34594 20 3 3 20 0.15 1 0.15
34602 11 4 2 13 0.181818181818182 0.5 0.153846153846154
3462 20 2 1 21 0.05 0.5 0.0476190476190476
34623 1 1 1 1 1 1 1
3464 7 1 1 7 0.142857142857143 1 0.142857142857143
34683 2 1 1 2 0.5 1 0.5
34695 805 162 147 820 0.182608695652174 0.907407407407407 0.179268292682927
34718 11 1 0 12 0 0 0
34752 3 1 1 3 0.333333333333333 1 0.333333333333333
34763 34 5 2 37 0.0588235294117647 0.4 0.0540540540540541
34781 15 1 1 15 0.0666666666666667 1 0.0666666666666667
34784 3 1 1 3 0.333333333333333 1 0.333333333333333
34863 2 2 2 2 1 1 1
34878 2 1 1 2 0.5 1 0.5
3491 404 4 4 404 0.0099009900990099 1 0.0099009900990099
34912 2 1 0 3 0 0 0
34953 4 1 1 4 0.25 1 0.25
34968 28 10 6 32 0.214285714285714 0.6 0.1875
34997 8 4 4 8 0.5 1 0.5
35 2 1 0 3 0 0 0
35017 2 1 1 2 0.5 1 0.5
35028 35 5 4 36 0.114285714285714 0.8 0.111111111111111
35070 8 3 3 8 0.375 1 0.375
35087 8 2 2 8 0.25 1 0.25
35236 7 4 3 8 0.428571428571429 0.75 0.375
35244 23 20 12 31 0.521739130434783 0.6 0.387096774193548
35254 38 3 3 38 0.0789473684210526 1 0.0789473684210526
35272 1 1 1 1 1 1 1
35283 8 1 1 8 0.125 1 0.125
35310 1 1 0 2 0 0 0
35320 107 15 7 115 0.0654205607476635 0.466666666666667 0.0608695652173913
35339 6 2 2 6 0.333333333333333 1 0.333333333333333
35366 26 15 8 33 0.307692307692308 0.533333333333333 0.242424242424242
35369 13 3 2 14 0.153846153846154 0.666666666666667 0.142857142857143
35382 2 1 1 2 0.5 1 0.5
35383 2 1 0 3 0 0 0
35393 13 2 2 13 0.153846153846154 1 0.153846153846154
35425 14 3 3 14 0.214285714285714 1 0.214285714285714
35470 8 3 2 9 0.25 0.666666666666667 0.222222222222222
3549 1385 167 154 1398 0.111191335740072 0.922155688622755 0.110157367668097
35492 3 3 3 3 1 1 1
3551 1 2 1 2 1 0.5 0.5
35548 5 2 2 5 0.4 1 0.4
3557 23 10 9 24 0.391304347826087 0.9 0.375
35574 9 3 2 10 0.222222222222222 0.666666666666667 0.2
35592 6 5 5 6 0.833333333333333 1 0.833333333333333
35609 2 1 1 2 0.5 1 0.5
3561 427 7 6 428 0.0140515222482436 0.857142857142857 0.014018691588785
35612 8 2 0 10 0 0 0
35627 6 3 2 7 0.333333333333333 0.666666666666667 0.285714285714286
35703 3 1 1 3 0.333333333333333 1 0.333333333333333
35705 4 1 1 4 0.25 1 0.25
35706 18 8 4 22 0.222222222222222 0.5 0.181818181818182
35745 6 4 2 8 0.333333333333333 0.5 0.25
35819 14 2 2 14 0.142857142857143 1 0.142857142857143
3582 3 2 2 3 0.666666666666667 1 0.666666666666667
35826 2 1 1 2 0.5 1 0.5
35908 10 2 1 11 0.1 0.5 0.0909090909090909
3597 8 2 2 8 0.25 1 0.25
35974 2 1 1 2 0.5 1 0.5
3603 2 1 1 2 0.5 1 0.5
36086 7 3 3 7 0.428571428571429 1 0.428571428571429
36221 1 1 1 1 1 1 1
36229 1 1 1 1 1 1 1
36236 15 1 1 15 0.0666666666666667 1 0.0666666666666667
36252 2 2 2 2 1 1 1
36351 22 5 5 22 0.227272727272727 1 0.227272727272727
36383 1 1 0 2 0 0 0
36384 1 1 1 1 1 1 1
3640 4 1 1 4 0.25 1 0.25
36412 4 2 2 4 0.5 1 0.5
36472 3 1 1 3 0.333333333333333 1 0.333333333333333
36483 4 1 1 4 0.25 1 0.25
36563 2 1 1 2 0.5 1 0.5
3661 7 5 2 10 0.285714285714286 0.4 0.2
3662 17 10 9 18 0.529411764705882 0.9 0.5
3663 7 2 1 8 0.142857142857143 0.5 0.125
36671 2 1 1 2 0.5 1 0.5
36692 39 4 4 39 0.102564102564103 1 0.102564102564103
3676 6 1 1 6 0.166666666666667 1 0.166666666666667
36786 1 1 1 1 1 1 1
36797 1 1 1 1 1 1 1
3681 4 1 1 4 0.25 1 0.25
36856 12 4 2 14 0.166666666666667 0.5 0.142857142857143
36944 36 8 7 37 0.194444444444444 0.875 0.189189189189189
37074 1 1 0 2 0 0 0
37084 7 1 1 7 0.142857142857143 1 0.142857142857143
37105 2 1 0 3 0 0 0
3714 4 1 1 4 0.25 1 0.25
3741 102 2 2 102 0.0196078431372549 1 0.0196078431372549
3742 18 2 2 18 0.111111111111111 1 0.111111111111111
3754 42 6 6 42 0.142857142857143 1 0.142857142857143
3758 54 1 1 54 0.0185185185185185 1 0.0185185185185185
376 23 4 4 23 0.173913043478261 1 0.173913043478261
378 2 1 1 2 0.5 1 0.5
37918 3 1 1 3 0.333333333333333 1 0.333333333333333
37986 6 1 1 6 0.166666666666667 1 0.166666666666667
38 1 1 1 1 1 1 1
38005 2 2 2 2 1 1 1
38018 6 5 4 7 0.666666666666667 0.8 0.571428571428571
38022 35 9 9 35 0.257142857142857 1 0.257142857142857
38037 2 1 1 2 0.5 1 0.5
38044 2 1 1 2 0.5 1 0.5
38082 43 10 9 44 0.209302325581395 0.9 0.204545454545455
38128 1 1 0 2 0 0 0
38158 5 4 4 5 0.8 1 0.8
38182 8 1 1 8 0.125 1 0.125
38229 1 1 1 1 1 1 1
3825 1 1 0 2 0 0 0
38299 2 1 1 2 0.5 1 0.5
38321 2 1 1 2 0.5 1 0.5
38322 6 2 2 6 0.333333333333333 1 0.333333333333333
3836 7 2 1 8 0.142857142857143 0.5 0.125
38457 1 1 1 1 1 1 1
38462 2 3 2 3 1 0.666666666666667 0.666666666666667
38477 3 1 1 3 0.333333333333333 1 0.333333333333333
3851 3 1 0 4 0 0 0
3856 81 15 11 85 0.135802469135802 0.733333333333333 0.129411764705882
38566 4 2 2 4 0.5 1 0.5
38567 2 1 1 2 0.5 1 0.5
38629 2 1 1 2 0.5 1 0.5
38639 2 2 2 2 1 1 1
38646 4 2 2 4 0.5 1 0.5
38652 2 1 1 2 0.5 1 0.5
38711 1 1 1 1 1 1 1
38727 3 1 1 3 0.333333333333333 1 0.333333333333333
38759 3 11 2 12 0.666666666666667 0.181818181818182 0.166666666666667
38794 12 1 1 12 0.0833333333333333 1 0.0833333333333333
38796 1 1 0 2 0 0 0
38826 4 1 1 4 0.25 1 0.25
38858 3 1 1 3 0.333333333333333 1 0.333333333333333
38861 30 4 3 31 0.1 0.75 0.0967741935483871
38915 9 1 1 9 0.111111111111111 1 0.111111111111111
38922 13 1 1 13 0.0769230769230769 1 0.0769230769230769
38930 32 7 6 33 0.1875 0.857142857142857 0.181818181818182
39029 4 2 2 4 0.5 1 0.5
39040 15 1 1 15 0.0666666666666667 1 0.0666666666666667
39091 5 1 1 5 0.2 1 0.2
39093 3 2 1 4 0.333333333333333 0.5 0.25
39102 17 1 1 17 0.0588235294117647 1 0.0588235294117647
39117 6 1 1 6 0.166666666666667 1 0.166666666666667
39122 6 3 3 6 0.5 1 0.5
39145 10 4 4 10 0.4 1 0.4
39211 4 2 1 5 0.25 0.5 0.2
39288 2 1 1 2 0.5 1 0.5
39301 7 2 2 7 0.285714285714286 1 0.285714285714286
39309 22 9 5 26 0.227272727272727 0.555555555555556 0.192307692307692
3931 2 1 0 3 0 0 0
393220 2 2 2 2 1 1 1
39326 237 28 25 240 0.105485232067511 0.892857142857143 0.104166666666667
39342 2 1 1 2 0.5 1 0.5
3943 3 3 2 4 0.666666666666667 0.666666666666667 0.5
39472 2 1 1 2 0.5 1 0.5
3949 2 1 1 2 0.5 1 0.5
39520 2 1 0 3 0 0 0
39537 2 1 0 3 0 0 0
39545 4 2 2 4 0.5 1 0.5
39554 4 2 2 4 0.5 1 0.5
39556 30 11 8 33 0.266666666666667 0.727272727272727 0.242424242424242
39560 2 1 1 2 0.5 1 0.5
39570 3 4 2 5 0.666666666666667 0.5 0.4
39572 3 1 1 3 0.333333333333333 1 0.333333333333333
39598 6 1 1 6 0.166666666666667 1 0.166666666666667
39602 4 1 1 4 0.25 1 0.25
39637 22 6 3 25 0.136363636363636 0.5 0.12
39662 3 1 1 3 0.333333333333333 1 0.333333333333333
39700 7 2 1 8 0.142857142857143 0.5 0.125
39737 80 15 9 86 0.1125 0.6 0.104651162790698
39761 2 1 1 2 0.5 1 0.5
39787 5 2 1 6 0.2 0.5 0.166666666666667
39792 837 30 23 844 0.027479091995221 0.766666666666667 0.0272511848341232
39837 2 1 1 2 0.5 1 0.5
39839 3 2 2 3 0.666666666666667 1 0.666666666666667
39854 1 1 1 1 1 1 1
39875 2 1 1 2 0.5 1 0.5
39905 7 3 3 7 0.428571428571429 1 0.428571428571429
39912 362 7 7 362 0.0193370165745856 1 0.0193370165745856
3999 2 1 1 2 0.5 1 0.5
40009 53 6 5 54 0.0943396226415094 0.833333333333333 0.0925925925925926
40068 12 2 2 12 0.166666666666667 1 0.166666666666667
40193 15 8 6 17 0.4 0.75 0.352941176470588
40220 14 5 5 14 0.357142857142857 1 0.357142857142857
40387 21 2 2 21 0.0952380952380952 1 0.0952380952380952
4043 2 1 0 3 0 0 0
40475 15 1 1 15 0.0666666666666667 1 0.0666666666666667
40490 2 1 1 2 0.5 1 0.5
40528 12 9 9 12 0.75 1 0.75
40581 7 2 1 8 0.142857142857143 0.5 0.125
40589 2 1 1 2 0.5 1 0.5
40630 3 2 2 3 0.666666666666667 1 0.666666666666667
40679 1 1 1 1 1 1 1
40832 2 1 1 2 0.5 1 0.5
40911 3 1 1 3 0.333333333333333 1 0.333333333333333
40912 2 1 1 2 0.5 1 0.5
40943 2 1 0 3 0 0 0
41012 29 5 4 30 0.137931034482759 0.8 0.133333333333333
41045 26 11 8 29 0.307692307692308 0.727272727272727 0.275862068965517
41075 2 4 1 5 0.5 0.25 0.2
41144 2 1 0 3 0 0 0
41145 12 3 2 13 0.166666666666667 0.666666666666667 0.153846153846154
41176 2 1 0 3 0 0 0
41323 4 1 1 4 0.25 1 0.25
4134 112 2 0 114 0 0 0
41391 8 4 3 9 0.375 0.75 0.333333333333333
41412 5 1 1 5 0.2 1 0.2
41458 5 1 1 5 0.2 1 0.2
41495 5 2 1 6 0.2 0.5 0.166666666666667
4150 7 4 2 9 0.285714285714286 0.5 0.222222222222222
41572 8 2 2 8 0.25 1 0.25
4158 2 1 1 2 0.5 1 0.5
41589 6 1 1 6 0.166666666666667 1 0.166666666666667
41692 74 29 23 80 0.310810810810811 0.793103448275862 0.2875
41693 6 1 0 7 0 0 0
41698 2 1 1 2 0.5 1 0.5
41705 2 1 0 3 0 0 0
41711 8 4 2 10 0.25 0.5 0.2
41773 3 1 1 3 0.333333333333333 1 0.333333333333333
41824 12 6 5 13 0.416666666666667 0.833333333333333 0.384615384615385
41828 2 1 1 2 0.5 1 0.5
41884 3 2 2 3 0.666666666666667 1 0.666666666666667
41887 12 3 2 13 0.166666666666667 0.666666666666667 0.153846153846154
41913 11 6 6 11 0.545454545454545 1 0.545454545454545
41960 6 1 0 7 0 0 0
42 110 16 14 112 0.127272727272727 0.875 0.125
42000 10 4 4 10 0.4 1 0.4
42017 4 1 0 5 0 0 0
42184 27 12 8 31 0.296296296296296 0.666666666666667 0.258064516129032
42227 9 5 5 9 0.555555555555556 1 0.555555555555556
42346 13 1 1 13 0.0769230769230769 1 0.0769230769230769
42369 23 4 3 24 0.130434782608696 0.75 0.125
42385 4 4 3 5 0.75 0.75 0.6
42476 1 2 1 2 1 0.5 0.5
42477 3 1 1 3 0.333333333333333 1 0.333333333333333
42525 34 3 3 34 0.0882352941176471 1 0.0882352941176471
42579 9 2 2 9 0.222222222222222 1 0.222222222222222
42585 7 2 2 7 0.285714285714286 1 0.285714285714286
42605 20 16 9 27 0.45 0.5625 0.333333333333333
42652 43 4 3 44 0.0697674418604651 0.75 0.0681818181818182
42678 2 1 1 2 0.5 1 0.5
42689 30 8 6 32 0.2 0.75 0.1875
42695 5 3 3 5 0.6 1 0.6
4270 6 4 2 8 0.333333333333333 0.5 0.25
42732 1 1 1 1 1 1 1
42755 6 1 1 6 0.166666666666667 1 0.166666666666667
42772 2 1 0 3 0 0 0
42841 8 3 3 8 0.375 1 0.375
42909 24 6 5 25 0.208333333333333 0.833333333333333 0.2
42965 6 1 1 6 0.166666666666667 1 0.166666666666667
42979 16 2 2 16 0.125 1 0.125
43037 5 1 1 5 0.2 1 0.2
43070 5 1 1 5 0.2 1 0.2
43118 5 3 1 7 0.2 0.333333333333333 0.142857142857143
43128 1 1 1 1 1 1 1
43148 3 1 0 4 0 0 0
43190 2 1 1 2 0.5 1 0.5
4323 1301 20 20 1301 0.0153727901614143 1 0.0153727901614143
43289 4 1 1 4 0.25 1 0.25
43313 3 1 1 3 0.333333333333333 1 0.333333333333333
43333 9 3 3 9 0.333333333333333 1 0.333333333333333
43383 1 1 1 1 1 1 1
43447 1 1 1 1 1 1 1
43483 3 1 1 3 0.333333333333333 1 0.333333333333333
43602 1 1 1 1 1 1 1
43615 2 1 1 2 0.5 1 0.5
43629 2 1 1 2 0.5 1 0.5
43646 4 2 1 5 0.25 0.5 0.2
43655 2 1 1 2 0.5 1 0.5
43727 21 1 1 21 0.0476190476190476 1 0.0476190476190476
43751 4 1 0 5 0 0 0
43782 3 3 0 6 0 0 0
43821 26 13 8 31 0.307692307692308 0.615384615384615 0.258064516129032
43843 6 2 2 6 0.333333333333333 1 0.333333333333333
43892 3 1 0 4 0 0 0
43893 5 1 1 5 0.2 1 0.2
43911 3 6 0 9 0 0 0
43948 3 2 2 3 0.666666666666667 1 0.666666666666667
43950 3 2 1 4 0.333333333333333 0.5 0.25
43978 2 1 1 2 0.5 1 0.5
44034 11 5 5 11 0.454545454545455 1 0.454545454545455
44042 15 6 4 17 0.266666666666667 0.666666666666667 0.235294117647059
44065 2 1 1 2 0.5 1 0.5
44066 27 12 8 31 0.296296296296296 0.666666666666667 0.258064516129032
44146 7 3 3 7 0.428571428571429 1 0.428571428571429
44160 10 1 1 10 0.1 1 0.1
44212 3 1 1 3 0.333333333333333 1 0.333333333333333
44227 4 1 1 4 0.25 1 0.25
44237 30 2 2 30 0.0666666666666667 1 0.0666666666666667
44285 7 1 0 8 0 0 0
44321 2 1 1 2 0.5 1 0.5
44329 1 1 0 2 0 0 0
4434 6 1 0 7 0 0 0
44358 6 2 2 6 0.333333333333333 1 0.333333333333333
4436 164 50 44 170 0.268292682926829 0.88 0.258823529411765
44513 8 3 3 8 0.375 1 0.375
44514 7 3 1 9 0.142857142857143 0.333333333333333 0.111111111111111
44515 1 1 0 2 0 0 0
44522 7 3 3 7 0.428571428571429 1 0.428571428571429
44581 13 4 2 15 0.153846153846154 0.5 0.133333333333333
44654 41 15 9 47 0.219512195121951 0.6 0.191489361702128
44683 3 2 2 3 0.666666666666667 1 0.666666666666667
44706 8 6 5 9 0.625 0.833333333333333 0.555555555555556
44801 1 1 1 1 1 1 1
44806 2 2 2 2 1 1 1
44928 2 2 2 2 1 1 1
44953 17 2 2 17 0.117647058823529 1 0.117647058823529
44980 2 1 1 2 0.5 1 0.5
44993 2 2 2 2 1 1 1
45031 5 1 1 5 0.2 1 0.2
45131 1 1 1 1 1 1 1
45147 57 6 4 59 0.0701754385964912 0.666666666666667 0.0677966101694915
4515 43 2 2 43 0.0465116279069767 1 0.0465116279069767
45170 5 1 1 5 0.2 1 0.2
45177 4 1 0 5 0 0 0
45192 1 1 0 2 0 0 0
45209 2 1 1 2 0.5 1 0.5
45214 3 1 1 3 0.333333333333333 1 0.333333333333333
4528 5 1 1 5 0.2 1 0.2
45344 2 1 1 2 0.5 1 0.5
4538 54 3 3 54 0.0555555555555556 1 0.0555555555555556
45411 4 1 1 4 0.25 1 0.25
45437 2 1 1 2 0.5 1 0.5
45438 1 1 1 1 1 1 1
45444 2 2 0 4 0 0 0
45456 1 2 0 3 0 0 0
45459 2 1 0 3 0 0 0
45483 3 1 1 3 0.333333333333333 1 0.333333333333333
45506 2 1 1 2 0.5 1 0.5
45522 2 1 0 3 0 0 0
4555 1 3 0 4 0 0 0
4557 11 2 2 11 0.181818181818182 1 0.181818181818182
45570 1 1 1 1 1 1 1
45577 4 1 1 4 0.25 1 0.25
45600 1 1 1 1 1 1 1
45638 2 1 1 2 0.5 1 0.5
45682 1 1 1 1 1 1 1
45695 3 1 1 3 0.333333333333333 1 0.333333333333333
4589 710 141 137 714 0.192957746478873 0.971631205673759 0.19187675070028
45929 1 1 1 1 1 1 1
46 2 1 1 2 0.5 1 0.5
4600 5 2 2 5 0.4 1 0.4
46018 1 1 0 2 0 0 0
4605 2 1 1 2 0.5 1 0.5
4608 5 1 0 6 0 0 0
46176 2 1 0 3 0 0 0
46177 9 1 1 9 0.111111111111111 1 0.111111111111111
4618 15 2 1 16 0.0666666666666667 0.5 0.0625
46208 5 2 2 5 0.4 1 0.4
4621 35 2 2 35 0.0571428571428571 1 0.0571428571428571
4622 2 1 0 3 0 0 0
4635 119 35 31 123 0.260504201680672 0.885714285714286 0.252032520325203
46357 2 1 1 2 0.5 1 0.5
4637 170 9 8 171 0.0470588235294118 0.888888888888889 0.0467836257309941
4641 10 4 4 10 0.4 1 0.4
4648 59 3 3 59 0.0508474576271186 1 0.0508474576271186
4651 46 8 7 47 0.152173913043478 0.875 0.148936170212766
4657 112 5 5 112 0.0446428571428571 1 0.0446428571428571
46609 5 2 2 5 0.4 1 0.4
46722 1 1 1 1 1 1 1
4673 8 2 2 8 0.25 1 0.25
4675 6 3 1 8 0.166666666666667 0.333333333333333 0.125
4677 5 1 1 5 0.2 1 0.2
46786 39 1 1 39 0.0256410256410256 1 0.0256410256410256
4680 9 5 2 12 0.222222222222222 0.4 0.166666666666667
4685 10 1 1 10 0.1 1 0.1
4691 2 12 1 13 0.5 0.0833333333333333 0.0769230769230769
46925 9 1 1 9 0.111111111111111 1 0.111111111111111
4697 3 8 3 8 1 0.375 0.375
4704 6 3 1 8 0.166666666666667 0.333333333333333 0.125
4711 2 1 1 2 0.5 1 0.5
47116 3 1 1 3 0.333333333333333 1 0.333333333333333
4713 108 17 15 110 0.138888888888889 0.882352941176471 0.136363636363636
4716 18 8 2 24 0.111111111111111 0.25 0.0833333333333333
4717 1 2 1 2 1 0.5 0.5
4718 3 2 2 3 0.666666666666667 1 0.666666666666667
47201 1 1 0 2 0 0 0
47207 6 1 1 6 0.166666666666667 1 0.166666666666667
47227 2 1 1 2 0.5 1 0.5
4725 123 29 14 138 0.113821138211382 0.482758620689655 0.101449275362319
4739 83 19 14 88 0.168674698795181 0.736842105263158 0.159090909090909
4741 10 1 1 10 0.1 1 0.1
47447 5 3 3 5 0.6 1 0.6
4747 2 1 0 3 0 0 0
47473 1 2 1 2 1 0.5 0.5
47490 1 1 1 1 1 1 1
4750 50 4 0 54 0 0 0
47506 5 1 1 5 0.2 1 0.2
47533 3 1 1 3 0.333333333333333 1 0.333333333333333
4755 211 5 5 211 0.023696682464455 1 0.023696682464455
4760 8 2 2 8 0.25 1 0.25
4761 56 7 4 59 0.0714285714285714 0.571428571428571 0.0677966101694915
47617 3 1 1 3 0.333333333333333 1 0.333333333333333
47640 2 1 1 2 0.5 1 0.5
4766 371 1 1 371 0.00269541778975741 1 0.00269541778975741
4768 28 2 2 28 0.0714285714285714 1 0.0714285714285714
4770 16 3 2 17 0.125 0.666666666666667 0.117647058823529
4777 35 3 3 35 0.0857142857142857 1 0.0857142857142857
4780 28 3 2 29 0.0714285714285714 0.666666666666667 0.0689655172413793
4782 2 1 0 3 0 0 0
47841 2 1 1 2 0.5 1 0.5
4785 1 1 1 1 1 1 1
47862 1 1 1 1 1 1 1
47869 2 1 1 2 0.5 1 0.5
4787 5 3 1 7 0.2 0.333333333333333 0.142857142857143
4788 115 8 8 115 0.0695652173913043 1 0.0695652173913043
47880 2 2 1 3 0.5 0.5 0.333333333333333
47885 1 2 0 3 0 0 0
47886 5 2 2 5 0.4 1 0.4
47887 9 3 3 9 0.333333333333333 1 0.333333333333333
47917 1 1 1 1 1 1 1
4795 23 5 2 26 0.0869565217391304 0.4 0.0769230769230769
47956 2 1 0 3 0 0 0
4796 2 1 1 2 0.5 1 0.5
47973 2 1 0 3 0 0 0
47998 2 1 1 2 0.5 1 0.5
4800 15 1 1 15 0.0666666666666667 1 0.0666666666666667
48039 9 5 5 9 0.555555555555556 1 0.555555555555556
48053 2 1 1 2 0.5 1 0.5
48118 2 1 1 2 0.5 1 0.5
48136 1 1 1 1 1 1 1
48173 6 3 3 6 0.5 1 0.5
4818 3 1 1 3 0.333333333333333 1 0.333333333333333
48185 2 1 1 2 0.5 1 0.5
48191 4 1 0 5 0 0 0
48200 3 10 2 11 0.666666666666667 0.2 0.181818181818182
48218 2 1 1 2 0.5 1 0.5
48259 2 1 1 2 0.5 1 0.5
4826 219 32 28 223 0.127853881278539 0.875 0.125560538116592
48284 2 1 0 3 0 0 0
48285 7 1 1 7 0.142857142857143 1 0.142857142857143
48288 1 1 1 1 1 1 1
48315 2 1 1 2 0.5 1 0.5
48417 2 1 1 2 0.5 1 0.5
4842 5 1 1 5 0.2 1 0.2
4844 2 1 1 2 0.5 1 0.5
4845 4 1 1 4 0.25 1 0.25
48451 2 1 1 2 0.5 1 0.5
48484 14 14 6 22 0.428571428571429 0.428571428571429 0.272727272727273
48514 3 3 1 5 0.333333333333333 0.333333333333333 0.2
48519 3 1 1 3 0.333333333333333 1 0.333333333333333
48528 2 1 1 2 0.5 1 0.5
48539 9 4 4 9 0.444444444444444 1 0.444444444444444
48564 2 1 1 2 0.5 1 0.5
48885 9 4 4 9 0.444444444444444 1 0.444444444444444
48961 8 1 1 8 0.125 1 0.125
48972 1 1 1 1 1 1 1
48994 2 1 1 2 0.5 1 0.5
49026 1 1 1 1 1 1 1
49102 15 2 1 16 0.0666666666666667 0.5 0.0625
49237 6 2 2 6 0.333333333333333 1 0.333333333333333
4927 18 7 6 19 0.333333333333333 0.857142857142857 0.315789473684211
49272 2 1 1 2 0.5 1 0.5
49334 1 1 1 1 1 1 1
49352 1 1 0 2 0 0 0
49409 2 1 0 3 0 0 0
49416 1 1 1 1 1 1 1
49463 2 2 1 3 0.5 0.5 0.333333333333333
49488 4 3 3 4 0.75 1 0.75
49544 20 8 4 24 0.2 0.5 0.166666666666667
49573 2 1 1 2 0.5 1 0.5
49586 1 1 1 1 1 1 1
49624 2 1 1 2 0.5 1 0.5
49625 10 1 1 10 0.1 1 0.1
49627 2 2 2 2 1 1 1
49630 1 1 1 1 1 1 1
49983 2 2 2 2 1 1 1
50391 1 1 0 2 0 0 0
5050 19 4 4 19 0.210526315789474 1 0.210526315789474
5056 24 1 0 25 0 0 0
5078 17 1 1 17 0.0588235294117647 1 0.0588235294117647
513 48 10 10 48 0.208333333333333 1 0.208333333333333
52 2 2 2 2 1 1 1
53070 7 3 3 7 0.428571428571429 1 0.428571428571429
53280 2 1 1 2 0.5 1 0.5
53299 1 1 1 1 1 1 1
5381 13 4 2 15 0.153846153846154 0.5 0.133333333333333
5385 54 3 3 54 0.0555555555555556 1 0.0555555555555556
5394 17 4 3 18 0.176470588235294 0.75 0.166666666666667
5400 208 17 13 212 0.0625 0.764705882352941 0.0613207547169811
5401 1 1 1 1 1 1 1
5403 19 8 7 20 0.368421052631579 0.875 0.35
5407 7 4 3 8 0.428571428571429 0.75 0.375
5408 30 3 1 32 0.0333333333333333 0.333333333333333 0.03125
5410 51 8 5 54 0.0980392156862745 0.625 0.0925925925925926
5413 223 9 9 223 0.0403587443946188 1 0.0403587443946188
5418 9 1 1 9 0.111111111111111 1 0.111111111111111
5421 2 3 2 3 1 0.666666666666667 0.666666666666667
543 1 1 1 1 1 1 1
5430 59 22 14 67 0.23728813559322 0.636363636363636 0.208955223880597
5432 34 2 1 35 0.0294117647058824 0.5 0.0285714285714286
5459 44 17 9 52 0.204545454545455 0.529411764705882 0.173076923076923
5466 71 2 1 72 0.0140845070422535 0.5 0.0138888888888889
5483 73 3 2 74 0.0273972602739726 0.666666666666667 0.027027027027027
5486 26 2 0 28 0 0 0
5491 3 1 0 4 0 0 0
55 3 1 1 3 0.333333333333333 1 0.333333333333333
5507 38 8 8 38 0.210526315789474 1 0.210526315789474
5511 140 31 21 150 0.15 0.67741935483871 0.14
553 46 21 18 49 0.391304347826087 0.857142857142857 0.36734693877551
5537 26 2 2 26 0.0769230769230769 1 0.0769230769230769
5538 8 2 2 8 0.25 1 0.25
5539 35 55 18 72 0.514285714285714 0.327272727272727 0.25
5550 3 3 1 5 0.333333333333333 0.333333333333333 0.2
5560 9 2 2 9 0.222222222222222 1 0.222222222222222
5568 137 14 11 140 0.0802919708029197 0.785714285714286 0.0785714285714286
557 6 2 1 7 0.166666666666667 0.5 0.142857142857143
5577 37 19 11 45 0.297297297297297 0.578947368421053 0.244444444444444
558 23 1 1 23 0.0434782608695652 1 0.0434782608695652
5580 292 25 21 296 0.0719178082191781 0.84 0.0709459459459459
559 273 121 116 278 0.424908424908425 0.958677685950413 0.41726618705036
5602 34 8 6 36 0.176470588235294 0.75 0.166666666666667
5607 1 1 1 1 1 1 1
5609 2 8 1 9 0.5 0.125 0.111111111111111
5610 22 1 1 22 0.0454545454545455 1 0.0454545454545455
5617 213 3 3 213 0.0140845070422535 1 0.0140845070422535
5639 5 1 0 6 0 0 0
5645 18 6 4 20 0.222222222222222 0.666666666666667 0.2
5661 5 1 1 5 0.2 1 0.2
567 11 2 2 11 0.181818181818182 1 0.181818181818182
5692 1 1 0 2 0 0 0
57 26 7 6 27 0.230769230769231 0.857142857142857 0.222222222222222
5707 3 1 1 3 0.333333333333333 1 0.333333333333333
5713 64 3 2 65 0.03125 0.666666666666667 0.0307692307692308
5726 13 1 1 13 0.0769230769230769 1 0.0769230769230769
5752 2 1 0 3 0 0 0
5764 8 1 1 8 0.125 1 0.125
577 139 2 1 140 0.00719424460431655 0.5 0.00714285714285714
5786 2 1 1 2 0.5 1 0.5
59 6 3 3 6 0.5 1 0.5
600 42 3 3 42 0.0714285714285714 1 0.0714285714285714
6057 7 5 4 8 0.571428571428571 0.8 0.5
6062 10 2 0 12 0 0 0
6066 1 1 0 2 0 0 0
6067 223 1 1 223 0.00448430493273543 1 0.00448430493273543
6083 27 13 10 30 0.37037037037037 0.769230769230769 0.333333333333333
6106 2 2 2 2 1 1 1
6122 10 1 1 10 0.1 1 0.1
6128 325 2 2 325 0.00615384615384615 1 0.00615384615384615
6147 1 9 1 9 1 0.111111111111111 0.111111111111111
6181 47 2 2 47 0.0425531914893617 1 0.0425531914893617
6182 1 1 1 1 1 1 1
6192 2 1 1 2 0.5 1 0.5
6245 2 1 0 3 0 0 0
6262 1 1 1 1 1 1 1
6263 3 1 1 3 0.333333333333333 1 0.333333333333333
6315 6 1 1 6 0.166666666666667 1 0.166666666666667
6325 41 1 1 41 0.024390243902439 1 0.024390243902439
6327 165 1 1 165 0.00606060606060606 1 0.00606060606060606
6337 4 1 0 5 0 0 0
6360 7 3 2 8 0.285714285714286 0.666666666666667 0.25
6366 4 1 1 4 0.25 1 0.25
6406 1 1 1 1 1 1 1
6431 1 1 1 1 1 1 1
6435 3 7 2 8 0.666666666666667 0.285714285714286 0.25
6453 538 111 99 550 0.184014869888476 0.891891891891892 0.18
6456 15 2 2 15 0.133333333333333 1 0.133333333333333
65001 4 1 0 5 0 0 0
65075 1 1 0 2 0 0 0
6509 25 10 9 26 0.36 0.9 0.346153846153846
6536 16 2 1 17 0.0625 0.5 0.0588235294117647
65528 1 1 0 2 0 0 0
65530 2 1 0 3 0 0 0
6619 24 8 6 26 0.25 0.75 0.230769230769231
6629 3 1 1 3 0.333333333333333 1 0.333333333333333
6648 51 8 7 52 0.137254901960784 0.875 0.134615384615385
6656 41 8 6 43 0.146341463414634 0.75 0.13953488372093
6661 70 4 4 70 0.0571428571428571 1 0.0571428571428571
6667 511 147 141 517 0.275929549902153 0.959183673469388 0.272727272727273
6677 54 4 3 55 0.0555555555555556 0.75 0.0545454545454545
668 30 8 2 36 0.0666666666666667 0.25 0.0555555555555556
6690 28 2 2 28 0.0714285714285714 1 0.0714285714285714
6695 176 84 52 208 0.295454545454545 0.619047619047619 0.25
6702 16 1 1 16 0.0625 1 0.0625
6706 8 3 3 8 0.375 1 0.375
6724 32 19 14 37 0.4375 0.736842105263158 0.378378378378378
6730 546 8 5 549 0.00915750915750916 0.625 0.00910746812386157
6734 13 4 3 14 0.230769230769231 0.75 0.214285714285714
6760 25 5 3 27 0.12 0.6 0.111111111111111
6762 196 64 56 204 0.285714285714286 0.875 0.274509803921569
6770 33 15 6 42 0.181818181818182 0.4 0.142857142857143
6772 19 6 6 19 0.315789473684211 1 0.315789473684211
6774 69 14 12 71 0.173913043478261 0.857142857142857 0.169014084507042
6775 6 4 4 6 0.666666666666667 1 0.666666666666667
6799 22 1 0 23 0 0 0
680 62 19 17 64 0.274193548387097 0.894736842105263 0.265625
6802 7 2 2 7 0.285714285714286 1 0.285714285714286
681 2 1 1 2 0.5 1 0.5
6824 4 1 1 4 0.25 1 0.25
683 2 1 1 2 0.5 1 0.5
6830 379 29 20 388 0.0527704485488127 0.689655172413793 0.0515463917525773
6838 1 1 1 1 1 1 1
6855 20 1 1 20 0.05 1 0.05
6881 88 36 34 90 0.386363636363636 0.944444444444444 0.377777777777778
6893 2 1 1 2 0.5 1 0.5
6895 5 1 1 5 0.2 1 0.2
6908 102 20 17 105 0.166666666666667 0.85 0.161904761904762
6911 21 2 2 21 0.0952380952380952 1 0.0952380952380952
6939 1344 705 474 1575 0.352678571428571 0.672340425531915 0.300952380952381
6966 3 1 1 3 0.333333333333333 1 0.333333333333333
6968 3 1 1 3 0.333333333333333 1 0.333333333333333
701 2071 26 20 2077 0.00965717044905843 0.769230769230769 0.00962927298988926
7012 18 3 2 19 0.111111111111111 0.666666666666667 0.105263157894737
7018 2294 21 17 2298 0.00741063644289451 0.80952380952381 0.00739773716275022
7019 1 1 1 1 1 1 1
7055 3 1 1 3 0.333333333333333 1 0.333333333333333
7065 18 2 1 19 0.0555555555555556 0.5 0.0526315789473684
7066 19 2 2 19 0.105263157894737 1 0.105263157894737
7078 3 2 2 3 0.666666666666667 1 0.666666666666667
7081 46 12 4 54 0.0869565217391304 0.333333333333333 0.0740740740740741
71 14 2 1 15 0.0714285714285714 0.5 0.0666666666666667
7106 8 1 0 9 0 0 0
714 12 2 2 12 0.166666666666667 1 0.166666666666667
719 27 3 3 27 0.111111111111111 1 0.111111111111111
7195 1 1 0 2 0 0 0
72 10 1 0 11 0 0 0
7303 75 2 2 75 0.0266666666666667 1 0.0266666666666667
7377 2 1 1 2 0.5 1 0.5
7385 190 8 6 192 0.0315789473684211 0.75 0.03125
7412 1 1 0 2 0 0 0
7470 35 2 2 35 0.0571428571428571 1 0.0571428571428571
7473 146 28 24 150 0.164383561643836 0.857142857142857 0.16
7477 1 1 1 1 1 1 1
7491 8 1 0 9 0 0 0
7500 55 8 7 56 0.127272727272727 0.875 0.125
7503 4 3 1 6 0.25 0.333333333333333 0.166666666666667
7511 3 1 0 4 0 0 0
7514 18 6 4 20 0.222222222222222 0.666666666666667 0.2
7516 5 1 0 6 0 0 0
7521 5 2 1 6 0.2 0.5 0.166666666666667
7522 6 4 1 9 0.166666666666667 0.25 0.111111111111111
7527 6 1 1 6 0.166666666666667 1 0.166666666666667
7529 20 3 2 21 0.1 0.666666666666667 0.0952380952380952
7530 2 2 1 3 0.5 0.5 0.333333333333333
7539 24 9 7 26 0.291666666666667 0.777777777777778 0.269230769230769
7543 16 2 1 17 0.0625 0.5 0.0588235294117647
7545 16 1 0 17 0 0 0
7552 22 2 2 22 0.0909090909090909 1 0.0909090909090909
7575 246 23 23 246 0.0934959349593496 1 0.0934959349593496
7587 1 2 1 2 1 0.5 0.5
7594 4 4 2 6 0.5 0.5 0.333333333333333
7599 1 1 0 2 0 0 0
760 3 2 2 3 0.666666666666667 1 0.666666666666667
7602 8 1 1 8 0.125 1 0.125
7606 48 3 1 50 0.0208333333333333 0.333333333333333 0.02
7615 4 1 1 4 0.25 1 0.25
7617 5 1 1 5 0.2 1 0.2
7629 2 1 0 3 0 0 0
7657 11 1 1 11 0.0909090909090909 1 0.0909090909090909
766 18 6 5 19 0.277777777777778 0.833333333333333 0.263157894736842
7660 44 26 22 48 0.5 0.846153846153846 0.458333333333333
7665 1 1 1 1 1 1 1
7667 4 2 1 5 0.25 0.5 0.2
7668 11 2 1 12 0.0909090909090909 0.5 0.0833333333333333
7670 20 4 2 22 0.1 0.5 0.0909090909090909
7671 3 1 1 3 0.333333333333333 1 0.333333333333333
7682 10 3 1 12 0.1 0.333333333333333 0.0833333333333333
7687 4 1 1 4 0.25 1 0.25
7693 25 2 2 25 0.08 1 0.08
7718 17 2 2 17 0.117647058823529 1 0.117647058823529
7753 6 1 1 6 0.166666666666667 1 0.166666666666667
7774 3 1 1 3 0.333333333333333 1 0.333333333333333
7781 6 8 3 11 0.5 0.375 0.272727272727273
7784 36 5 4 37 0.111111111111111 0.8 0.108108108108108
7786 9 3 2 10 0.222222222222222 0.666666666666667 0.2
7843 50 2 1 51 0.02 0.5 0.0196078431372549
7847 2 1 1 2 0.5 1 0.5
786 58 12 9 61 0.155172413793103 0.75 0.147540983606557
7860 1 1 1 1 1 1 1
7871 2 1 0 3 0 0 0
790 1 1 0 2 0 0 0
7908 35 4 2 37 0.0571428571428571 0.5 0.0540540540540541
7922 83 12 12 83 0.144578313253012 1 0.144578313253012
7941 3 1 1 3 0.333333333333333 1 0.333333333333333
7949 10 2 0 12 0 0 0
8001 333 13 13 333 0.039039039039039 1 0.039039039039039
8002 51 5 4 52 0.0784313725490196 0.8 0.0769230769230769
8015 8 3 1 10 0.125 0.333333333333333 0.1
8018 2 1 0 3 0 0 0
8025 6 1 0 7 0 0 0
803 23 2 2 23 0.0869565217391304 1 0.0869565217391304
8038 1 2 1 2 1 0.5 0.5
8047 25 4 4 25 0.16 1 0.16
8057 10 1 0 11 0 0 0
8075 77 10 9 78 0.116883116883117 0.9 0.115384615384615
8092 13 6 6 13 0.461538461538462 1 0.461538461538462
81 30 2 1 31 0.0333333333333333 0.5 0.032258064516129
8111 5 2 2 5 0.4 1 0.4
812 125 1 1 125 0.008 1 0.008
8121 66 13 8 71 0.121212121212121 0.615384615384615 0.112676056338028
8158 2 1 1 2 0.5 1 0.5
8190 57 1 1 57 0.0175438596491228 1 0.0175438596491228
8201 9 2 2 9 0.222222222222222 1 0.222222222222222
8218 287 31 30 288 0.104529616724739 0.967741935483871 0.104166666666667
8220 548 12 10 550 0.0182481751824818 0.833333333333333 0.0181818181818182
8224 11 7 5 13 0.454545454545455 0.714285714285714 0.384615384615385
8226 5 3 0 8 0 0 0
8237 10 6 5 11 0.5 0.833333333333333 0.454545454545455
8240 3 1 0 4 0 0 0
8246 200 3 0 203 0 0 0
8251 10 7 5 12 0.5 0.714285714285714 0.416666666666667
8256 1 1 1 1 1 1 1
8262 38 1 1 38 0.0263157894736842 1 0.0263157894736842
8267 2 1 1 2 0.5 1 0.5
8282 10 2 2 10 0.2 1 0.2
8283 4 4 3 5 0.75 0.75 0.6
8286 2 1 0 3 0 0 0
8299 12 1 0 13 0 0 0
8308 54 3 3 54 0.0555555555555556 1 0.0555555555555556
8312 10 1 1 10 0.1 1 0.1
8319 32 16 12 36 0.375 0.75 0.333333333333333
8330 10 2 2 10 0.2 1 0.2
8331 270 1 1 270 0.0037037037037037 1 0.0037037037037037
8346 6 2 2 6 0.333333333333333 1 0.333333333333333
8358 16 1 1 16 0.0625 1 0.0625
8359 714 41 31 724 0.0434173669467787 0.75609756097561 0.0428176795580111
8364 10 1 1 10 0.1 1 0.1
8365 52 116 30 138 0.576923076923077 0.258620689655172 0.217391304347826
8368 34 15 11 38 0.323529411764706 0.733333333333333 0.289473684210526
8374 7 4 4 7 0.571428571428571 1 0.571428571428571
8387 16 4 3 17 0.1875 0.75 0.176470588235294
8391 19 15 7 27 0.368421052631579 0.466666666666667 0.259259259259259
8396 1 1 0 2 0 0 0
8412 19 4 3 20 0.157894736842105 0.75 0.15
8419 280 3 3 280 0.0107142857142857 1 0.0107142857142857
8422 90 18 12 96 0.133333333333333 0.666666666666667 0.125
8426 503 22 20 505 0.0397614314115308 0.909090909090909 0.0396039603960396
8442 22 17 9 30 0.409090909090909 0.529411764705882 0.3
8447 613 99 81 631 0.132137030995106 0.818181818181818 0.128367670364501
8452 41 3 3 41 0.0731707317073171 1 0.0731707317073171
8455 4 5 2 7 0.5 0.4 0.285714285714286
8462 4 2 2 4 0.5 1 0.5
8468 652 14 13 653 0.0199386503067485 0.928571428571429 0.0199081163859112
8469 29 17 13 33 0.448275862068966 0.764705882352941 0.393939393939394
8473 62 10 6 66 0.0967741935483871 0.6 0.0909090909090909
8481 2 1 1 2 0.5 1 0.5
8492 767 3 3 767 0.00391134289439374 1 0.00391134289439374
8495 22 4 4 22 0.181818181818182 1 0.181818181818182
8501 35 13 13 35 0.371428571428571 1 0.371428571428571
8508 1 1 1 1 1 1 1
8513 60 1 1 60 0.0166666666666667 1 0.0166666666666667
8517 18 1 1 18 0.0555555555555556 1 0.0555555555555556
8518 5 1 1 5 0.2 1 0.2
8527 22 4 4 22 0.181818181818182 1 0.181818181818182
8529 7 1 1 7 0.142857142857143 1 0.142857142857143
8535 5 3 3 5 0.6 1 0.6
8545 5 13 2 16 0.4 0.153846153846154 0.125
855 35 1 1 35 0.0285714285714286 1 0.0285714285714286
8551 243 13 10 246 0.0411522633744856 0.769230769230769 0.040650406504065
8554 10 2 2 10 0.2 1 0.2
8560 74 30 23 81 0.310810810810811 0.766666666666667 0.283950617283951
8565 14 5 4 15 0.285714285714286 0.8 0.266666666666667
8567 2 1 1 2 0.5 1 0.5
8582 40 19 13 46 0.325 0.684210526315789 0.282608695652174
8586 48 8 6 50 0.125 0.75 0.12
8591 48 10 8 50 0.166666666666667 0.8 0.16
8596 172 10 10 172 0.0581395348837209 1 0.0581395348837209
8607 41 4 3 42 0.0731707317073171 0.75 0.0714285714285714
8624 2 1 1 2 0.5 1 0.5
8648 28 17 8 37 0.285714285714286 0.470588235294118 0.216216216216216
8657 87 14 11 90 0.126436781609195 0.785714285714286 0.122222222222222
8664 13 5 4 14 0.307692307692308 0.8 0.285714285714286
8674 47 7 6 48 0.127659574468085 0.857142857142857 0.125
8676 6 2 2 6 0.333333333333333 1 0.333333333333333
8677 9 1 1 9 0.111111111111111 1 0.111111111111111
8681 38 7 3 42 0.0789473684210526 0.428571428571429 0.0714285714285714
8683 27 1 1 27 0.037037037037037 1 0.037037037037037
8708 262 2 1 263 0.00381679389312977 0.5 0.00380228136882129
8717 95 15 10 100 0.105263157894737 0.666666666666667 0.1
8728 2 1 1 2 0.5 1 0.5
8737 25 4 1 28 0.04 0.25 0.0357142857142857
8758 13 8 8 13 0.615384615384615 1 0.615384615384615
8763 175 63 61 177 0.348571428571429 0.968253968253968 0.344632768361582
8767 64 27 19 72 0.296875 0.703703703703704 0.263888888888889
8771 8 1 0 9 0 0 0
8778 9 2 2 9 0.222222222222222 1 0.222222222222222
8781 52 14 10 56 0.192307692307692 0.714285714285714 0.178571428571429
8784 9 1 0 10 0 0 0
8804 40 13 9 44 0.225 0.692307692307692 0.204545454545455
8816 16 1 1 16 0.0625 1 0.0625
8820 8 4 2 10 0.25 0.5 0.2
8832 1 1 1 1 1 1 1
8844 31 2 2 31 0.0645161290322581 1 0.0645161290322581
8866 104 2 2 104 0.0192307692307692 1 0.0192307692307692
8878 4 3 3 4 0.75 1 0.75
8879 22 12 5 29 0.227272727272727 0.416666666666667 0.172413793103448
8881 167 31 26 172 0.155688622754491 0.838709677419355 0.151162790697674
8890 2 1 1 2 0.5 1 0.5
8895 9 2 2 9 0.222222222222222 1 0.222222222222222
8897 53 14 7 60 0.132075471698113 0.5 0.116666666666667
8903 16 3 1 18 0.0625 0.333333333333333 0.0555555555555556
8915 3 1 1 3 0.333333333333333 1 0.333333333333333
8928 629 24 23 630 0.0365659777424483 0.958333333333333 0.0365079365079365
8934 2 1 1 2 0.5 1 0.5
8943 19 5 5 19 0.263157894736842 1 0.263157894736842
8953 19 1 0 20 0 0 0
8954 30 11 6 35 0.2 0.545454545454545 0.171428571428571
8966 93 1 1 93 0.010752688172043 1 0.010752688172043
8970 2 1 1 2 0.5 1 0.5
8978 4 2 2 4 0.5 1 0.5
9 4 1 1 4 0.25 1 0.25
9002 1435 429 414 1450 0.288501742160279 0.965034965034965 0.28551724137931
9008 5 3 3 5 0.6 1 0.6
9009 107 19 15 111 0.14018691588785 0.789473684210526 0.135135135135135
9022 2 1 0 3 0 0 0
9026 12 6 5 13 0.416666666666667 0.833333333333333 0.384615384615385
9031 66 13 11 68 0.166666666666667 0.846153846153846 0.161764705882353
9044 53 16 12 57 0.226415094339623 0.75 0.210526315789474
9063 47 17 12 52 0.25531914893617 0.705882352941177 0.230769230769231
9080 8 6 4 10 0.5 0.666666666666667 0.4
9085 9 1 1 9 0.111111111111111 1 0.111111111111111
9112 5 1 1 5 0.2 1 0.2
9119 91 13 10 94 0.10989010989011 0.769230769230769 0.106382978723404
9121 229 2 2 229 0.00873362445414847 1 0.00873362445414847
9129 3 1 0 4 0 0 0
9145 72 15 10 77 0.138888888888889 0.666666666666667 0.12987012987013
9150 25 8 6 27 0.24 0.75 0.222222222222222
9153 36 6 6 36 0.166666666666667 1 0.166666666666667
9162 1 1 1 1 1 1 1
9167 23 1 1 23 0.0434782608695652 1 0.0434782608695652
9188 3 2 1 4 0.333333333333333 0.5 0.25
9191 50 7 5 52 0.1 0.714285714285714 0.0961538461538462
9211 41 13 9 45 0.219512195121951 0.692307692307692 0.2
9231 2 2 1 3 0.5 0.5 0.333333333333333
9264 31 17 7 41 0.225806451612903 0.411764705882353 0.170731707317073
9268 10 2 1 11 0.1 0.5 0.0909090909090909
9270 25 5 3 27 0.12 0.6 0.111111111111111
9293 23 1 1 23 0.0434782608695652 1 0.0434782608695652
9299 51 2 1 52 0.0196078431372549 0.5 0.0192307692307692
9304 196 9 8 197 0.0408163265306122 0.888888888888889 0.0406091370558376
9329 13 2 2 13 0.153846153846154 1 0.153846153846154
9340 2 5 0 7 0 0 0
9354 14 1 1 14 0.0714285714285714 1 0.0714285714285714
9365 6 1 1 6 0.166666666666667 1 0.166666666666667
9367 3 1 1 3 0.333333333333333 1 0.333333333333333
9406 2 1 0 3 0 0 0
9431 2 2 2 2 1 1 1
9433 3 3 1 5 0.333333333333333 0.333333333333333 0.2
9445 1 1 1 1 1 1 1
9476 8 1 0 9 0 0 0
9482 22 4 4 22 0.181818181818182 1 0.181818181818182
9497 33 6 6 33 0.181818181818182 1 0.181818181818182
9498 226 5 5 226 0.0221238938053097 1 0.0221238938053097
9503 32 7 5 34 0.15625 0.714285714285714 0.147058823529412
9505 110 10 8 112 0.0727272727272727 0.8 0.0714285714285714
9534 10 2 2 10 0.2 1 0.2
9541 5 1 0 6 0 0 0
9549 2 1 1 2 0.5 1 0.5
9555 2 1 0 3 0 0 0
9583 34 2 2 34 0.0588235294117647 1 0.0588235294117647
9584 11 2 1 12 0.0909090909090909 0.5 0.0833333333333333
9595 6 5 3 8 0.5 0.6 0.375
9600 5 3 3 5 0.6 1 0.6
9601 10 1 1 10 0.1 1 0.1
9607 7 4 2 9 0.285714285714286 0.5 0.222222222222222
9612 1 1 0 2 0 0 0
9619 2 2 2 2 1 1 1
9621 3 1 1 3 0.333333333333333 1 0.333333333333333
9622 8 4 2 10 0.25 0.5 0.2
9680 28 3 3 28 0.107142857142857 1 0.107142857142857
9700 7 3 2 8 0.285714285714286 0.666666666666667 0.25
9732 2 2 1 3 0.5 0.5 0.333333333333333
9738 10 1 0 11 0 0 0
9794 5 1 1 5 0.2 1 0.2
9800 1 2 0 3 0 0 0
9821 9 5 5 9 0.555555555555556 1 0.555555555555556
9829 18 2 2 18 0.111111111111111 1 0.111111111111111
9892 3 1 1 3 0.333333333333333 1 0.333333333333333
9896 2 1 1 2 0.5 1 0.5
9901 25 7 4 28 0.16 0.571428571428571 0.142857142857143
9911 21 1 1 21 0.0476190476190476 1 0.0476190476190476
9919 17 1 0 18 0 0 0
9924 55 1 0 56 0 0 0
9930 14 4 4 14 0.285714285714286 1 0.285714285714286
9937 1 1 0 2 0 0 0
9999 2 1 0 3 0 0 0
