#ASN num_v4adj num_v6adj num_intersect(v4v6adj) num_union(adj) fr_v4(num_intersect/num_v4adj) fr_v6(num_intersect/num_v6adj) fr_intersect(num_intersect/num_union)
10013 2 7 1 8 0.5 0.142857142857143 0.125
10015 10 1 0 11 0 0 0
101 47 4 4 47 0.0851063829787234 1 0.0851063829787234
10204 8 5 1 12 0.125 0.2 0.0833333333333333
10318 2 1 0 3 0 0 0
10480 5 1 1 5 0.2 1 0.2
10569 1 1 1 1 1 1 1
10578 27 2 2 27 0.0740740740740741 1 0.0740740740740741
10745 2 2 0 4 0 0 0
10778 4 2 2 4 0.5 1 0.5
10886 36 2 2 36 0.0555555555555556 1 0.0555555555555556
109 9 5 0 14 0 0 0
1103 172 8 7 173 0.0406976744186047 0.875 0.0404624277456647
111 4 1 1 4 0.25 1 0.25
1126 27 6 3 30 0.111111111111111 0.5 0.1
11340 3 1 1 3 0.333333333333333 1 0.333333333333333
1140 20 2 0 22 0 0 0
11537 75 38 26 87 0.346666666666667 0.684210526315789 0.298850574712644
11588 12 1 1 12 0.0833333333333333 1 0.0833333333333333
11815 2 1 0 3 0 0 0
11960 4 2 2 4 0.5 1 0.5
11990 4 1 0 5 0 0 0
1200 35 9 6 38 0.171428571428571 0.666666666666667 0.157894736842105
12008 29 1 1 29 0.0344827586206897 1 0.0344827586206897
12046 2 1 1 2 0.5 1 0.5
12066 4 1 0 5 0 0 0
12111 24 1 0 25 0 0 0
1213 3 2 2 3 0.666666666666667 1 0.666666666666667
1221 88 7 1 94 0.0113636363636364 0.142857142857143 0.0106382978723404
12337 35 11 10 36 0.285714285714286 0.909090909090909 0.277777777777778
12353 3 4 1 6 0.333333333333333 0.25 0.166666666666667
12355 16 6 5 17 0.3125 0.833333333333333 0.294117647058824
1237 32 2 1 33 0.03125 0.5 0.0303030303030303
12371 2 1 0 3 0 0 0
12386 9 2 2 9 0.222222222222222 1 0.222222222222222
12399 64 1 1 64 0.015625 1 0.015625
12401 9 3 2 10 0.222222222222222 0.666666666666667 0.2
12414 31 7 4 34 0.129032258064516 0.571428571428571 0.117647058823529
12533 2 1 0 3 0 0 0
1257 103 5 1 107 0.00970873786407767 0.2 0.00934579439252336
12600 14 1 1 14 0.0714285714285714 1 0.0714285714285714
12611 34 11 7 38 0.205882352941176 0.636363636363636 0.184210526315789
12634 27 8 4 31 0.148148148148148 0.5 0.129032258064516
12635 8 1 0 9 0 0 0
12637 3 5 0 8 0 0 0
12638 2 3 0 5 0 0 0
12657 3 3 3 3 1 1 1
1273 317 65 37 345 0.116719242902208 0.569230769230769 0.107246376811594
12731 33 11 6 38 0.181818181818182 0.545454545454545 0.157894736842105
12732 17 3 2 18 0.117647058823529 0.666666666666667 0.111111111111111
12741 48 1 0 49 0 0 0
12767 9 1 0 10 0 0 0
12769 6 1 1 6 0.166666666666667 1 0.166666666666667
12779 62 18 6 74 0.0967741935483871 0.333333333333333 0.0810810810810811
12816 1 1 1 1 1 1 1
12817 2 1 1 2 0.5 1 0.5
12853 1 5 0 6 0 0 0
12859 113 13 7 119 0.0619469026548673 0.538461538461538 0.0588235294117647
12871 26 13 5 34 0.192307692307692 0.384615384615385 0.147058823529412
12895 6 1 1 6 0.166666666666667 1 0.166666666666667
12902 30 7 5 32 0.166666666666667 0.714285714285714 0.15625
12931 3 2 0 5 0 0 0
12956 146 9 8 147 0.0547945205479452 0.888888888888889 0.054421768707483
12968 84 3 1 86 0.0119047619047619 0.333333333333333 0.0116279069767442
1299 427 23 20 430 0.0468384074941452 0.869565217391304 0.0465116279069767
13 1 1 1 1 1 1 1
13030 608 2 2 608 0.00328947368421053 1 0.00328947368421053
13041 5 1 1 5 0.2 1 0.2
13092 4 1 1 4 0.25 1 0.25
13110 4 2 2 4 0.5 1 0.5
13115 4 2 1 5 0.25 0.5 0.2
13189 14 1 1 14 0.0714285714285714 1 0.0714285714285714
13193 43 11 5 49 0.116279069767442 0.454545454545455 0.102040816326531
13237 451 38 31 458 0.0687361419068736 0.815789473684211 0.0676855895196507
13272 1 1 1 1 1 1 1
13645 161 20 15 166 0.093167701863354 0.75 0.0903614457831325
13657 4 3 0 7 0 0 0
137 11 3 3 11 0.272727272727273 1 0.272727272727273
13911 5 1 0 6 0 0 0
13944 1 7 0 8 0 0 0
14277 10 8 2 16 0.2 0.25 0.125
145 4 2 0 6 0 0 0
15169 86 5 2 89 0.0232558139534884 0.4 0.0224719101123595
15440 8 1 0 9 0 0 0
15444 252 17 11 258 0.0436507936507936 0.647058823529412 0.0426356589147287
15501 2 2 2 2 1 1 1
15589 32 4 1 35 0.03125 0.25 0.0285714285714286
15623 20 3 2 21 0.1 0.666666666666667 0.0952380952380952
15685 14 3 3 14 0.214285714285714 1 0.214285714285714
15694 43 1 1 43 0.0232558139534884 1 0.0232558139534884
15706 3 2 1 4 0.333333333333333 0.5 0.25
15725 2 2 1 3 0.5 0.5 0.333333333333333
15782 8 1 1 8 0.125 1 0.125
15798 2 1 0 3 0 0 0
15919 7 1 1 7 0.142857142857143 1 0.142857142857143
16004 10 2 1 11 0.1 0.5 0.0909090909090909
16023 3 1 0 4 0 0 0
16030 43 7 5 45 0.116279069767442 0.714285714285714 0.111111111111111
16034 225 9 6 228 0.0266666666666667 0.666666666666667 0.0263157894736842
16086 24 7 4 27 0.166666666666667 0.571428571428571 0.148148148148148
16128 11 3 3 11 0.272727272727273 1 0.272727272727273
16131 20 7 2 25 0.1 0.285714285714286 0.08
16150 260 8 5 263 0.0192307692307692 0.625 0.0190114068441065
16186 44 8 5 47 0.113636363636364 0.625 0.106382978723404
16215 190 36 35 191 0.184210526315789 0.972222222222222 0.183246073298429
16237 24 2 0 26 0 0 0
16245 16 2 1 17 0.0625 0.5 0.0588235294117647
16265 49 1 0 50 0 0 0
16276 54 2 2 54 0.037037037037037 1 0.037037037037037
16305 1 1 1 1 1 1 1
16316 4 3 1 6 0.25 0.333333333333333 0.166666666666667
16397 12 1 0 13 0 0 0
1653 24 3 1 26 0.0416666666666667 0.333333333333333 0.0384615384615385
16531 14 1 0 15 0 0 0
1659 8 2 1 9 0.125 0.5 0.111111111111111
16713 29 2 1 30 0.0344827586206897 0.5 0.0333333333333333
16838 13 1 0 14 0 0 0
16942 2 2 0 4 0 0 0
16993 2 1 0 3 0 0 0
17263 4 1 0 5 0 0 0
1741 9 2 2 9 0.222222222222222 1 0.222222222222222
17435 2 2 0 4 0 0 0
17511 9 2 0 11 0 0 0
17529 5 1 0 6 0 0 0
17579 8 5 4 9 0.5 0.8 0.444444444444444
17676 34 6 2 38 0.0588235294117647 0.333333333333333 0.0526315789473684
17716 4 1 1 4 0.25 1 0.25
17828 4 1 0 5 0 0 0
17832 4 12 0 16 0 0 0
17843 2 1 1 2 0.5 1 0.5
17853 1 1 0 2 0 0 0
17934 2 6 1 7 0.5 0.166666666666667 0.142857142857143
1797 2 3 2 3 1 0.666666666666667 0.666666666666667
1798 3 3 0 6 0 0 0
18015 2 2 2 2 1 1 1
18062 2 2 1 3 0.5 0.5 0.333333333333333
18126 4 1 1 4 0.25 1 0.25
18182 4 1 0 5 0 0 0
18185 3 2 1 4 0.333333333333333 0.5 0.25
18206 3 2 0 5 0 0 0
18210 2 1 0 3 0 0 0
18266 4 1 1 4 0.25 1 0.25
18288 3 1 1 3 0.333333333333333 1 0.333333333333333
18344 1 1 0 2 0 0 0
1835 6 2 2 6 0.333333333333333 1 0.333333333333333
18422 5 2 2 5 0.4 1 0.4
1853 95 12 10 97 0.105263157894737 0.833333333333333 0.103092783505155
18592 25 7 7 25 0.28 1 0.28
18666 2 2 0 4 0 0 0
1879 1 1 0 2 0 0 0
1880 11 4 2 13 0.181818181818182 0.5 0.153846153846154
1881 1 1 1 1 1 1 1
1887 4 1 1 4 0.25 1 0.25
1901 135 4 4 135 0.0296296296296296 1 0.0296296296296296
19021 1 1 0 2 0 0 0
1916 17 4 3 18 0.176470588235294 0.75 0.166666666666667
19165 2 1 0 3 0 0 0
1930 6 1 1 6 0.166666666666667 1 0.166666666666667
19318 20 4 2 22 0.1 0.5 0.0909090909090909
19401 19 2 2 19 0.105263157894737 1 0.105263157894737
195 7 1 1 7 0.142857142857143 1 0.142857142857143
1955 11 1 1 11 0.0909090909090909 1 0.0909090909090909
19782 8 1 1 8 0.125 1 0.125
20080 9 2 2 9 0.222222222222222 1 0.222222222222222
2018 5 4 2 7 0.4 0.5 0.285714285714286
20312 4 2 2 4 0.5 1 0.5
2042 15 9 1 23 0.0666666666666667 0.111111111111111 0.0434782608695652
20473 20 1 0 21 0 0 0
20495 43 1 1 43 0.0232558139534884 1 0.0232558139534884
20569 10 1 1 10 0.1 1 0.1
20597 2 1 0 3 0 0 0
20612 4 1 1 4 0.25 1 0.25
20621 2 1 1 2 0.5 1 0.5
20633 14 5 2 17 0.142857142857143 0.4 0.117647058823529
20640 199 60 50 209 0.251256281407035 0.833333333333333 0.239234449760766
20646 50 17 10 57 0.2 0.588235294117647 0.175438596491228
20650 5 1 1 5 0.2 1 0.2
20704 17 4 2 19 0.117647058823529 0.5 0.105263157894737
20712 9 2 0 11 0 0 0
20718 30 9 4 35 0.133333333333333 0.444444444444444 0.114285714285714
20745 1 3 0 4 0 0 0
20794 2 1 0 3 0 0 0
20834 31 4 2 33 0.0645161290322581 0.5 0.0606060606060606
20847 31 8 5 34 0.161290322580645 0.625 0.147058823529412
209 1226 6 4 1228 0.0032626427406199 0.666666666666667 0.00325732899022801
20900 1 1 0 2 0 0 0
20912 2 4 0 6 0 0 0
20965 47 38 38 47 0.808510638297872 1 0.808510638297872
210 9 1 1 9 0.111111111111111 1 0.111111111111111
2107 1 1 1 1 1 1 1
2108 1 1 1 1 1 1 1
2110 43 8 1 50 0.0232558139534884 0.125 0.02
21119 5 1 1 5 0.2 1 0.2
21155 41 9 5 45 0.121951219512195 0.555555555555556 0.111111111111111
2116 28 2 1 29 0.0357142857142857 0.5 0.0344827586206897
21221 21 7 2 26 0.0952380952380952 0.285714285714286 0.0769230769230769
2128 2 1 1 2 0.5 1 0.5
21280 5 1 0 6 0 0 0
21385 34 8 6 36 0.176470588235294 0.75 0.166666666666667
2153 38 9 9 38 0.236842105263158 1 0.236842105263158
21844 12 1 1 12 0.0833333333333333 1 0.0833333333333333
21947 19 2 2 19 0.105263157894737 1 0.105263157894737
2200 45 3 3 45 0.0666666666666667 1 0.0666666666666667
22166 2 1 0 3 0 0 0
22388 5 4 4 5 0.8 1 0.8
224 5 6 2 9 0.4 0.333333333333333 0.222222222222222
22548 22 2 1 23 0.0454545454545455 0.5 0.0434782608695652
226 21 1 1 21 0.0476190476190476 1 0.0476190476190476
22767 2 1 1 2 0.5 1 0.5
23393 37 3 2 38 0.0540540540540541 0.666666666666667 0.0526315789473684
23504 22 3 1 24 0.0454545454545455 0.333333333333333 0.0416666666666667
23554 3 1 1 3 0.333333333333333 1 0.333333333333333
23600 3 1 1 3 0.333333333333333 1 0.333333333333333
23624 2 1 1 2 0.5 1 0.5
23634 5 2 2 5 0.4 1 0.4
23654 2 1 1 2 0.5 1 0.5
23754 1 1 0 2 0 0 0
23774 3 2 1 4 0.333333333333333 0.5 0.25
23775 2 1 0 3 0 0 0
23787 2 2 1 3 0.5 0.5 0.333333333333333
2381 29 2 1 30 0.0344827586206897 0.5 0.0333333333333333
23836 1 1 1 1 1 1 1
23902 1 2 0 3 0 0 0
23910 2 4 1 5 0.5 0.25 0.2
23911 2 6 1 7 0.5 0.166666666666667 0.142857142857143
23912 1 1 0 2 0 0 0
24 7 2 1 8 0.142857142857143 0.5 0.125
24218 10 1 0 11 0 0 0
24226 3 1 0 4 0 0 0
24311 1 1 0 2 0 0 0
24433 2 1 0 3 0 0 0
24475 3 3 3 3 1 1 1
24489 6 3 3 6 0.5 1 0.5
24490 8 6 6 8 0.75 1 0.75
24514 1 1 1 1 1 1 1
24587 36 10 3 43 0.0833333333333333 0.3 0.0697674418604651
24724 29 4 4 29 0.137931034482759 1 0.137931034482759
24730 35 4 1 38 0.0285714285714286 0.25 0.0263157894736842
24776 5 2 1 6 0.2 0.5 0.166666666666667
24875 23 9 4 28 0.173913043478261 0.444444444444444 0.142857142857143
2497 207 57 41 223 0.198067632850242 0.719298245614035 0.183856502242152
24973 3 1 0 4 0 0 0
250 4 3 1 6 0.25 0.333333333333333 0.166666666666667
2500 29 30 10 49 0.344827586206897 0.333333333333333 0.204081632653061
25058 1 1 1 1 1 1 1
2506 3 1 1 3 0.333333333333333 1 0.333333333333333
25061 13 1 0 14 0 0 0
2510 15 6 3 18 0.2 0.5 0.166666666666667
25108 16 4 2 18 0.125 0.5 0.111111111111111
25137 31 6 5 32 0.161290322580645 0.833333333333333 0.15625
2514 17 2 2 17 0.117647058823529 1 0.117647058823529
25152 37 4 1 40 0.027027027027027 0.25 0.025
2516 291 44 30 305 0.103092783505155 0.681818181818182 0.0983606557377049
2518 47 7 3 51 0.0638297872340425 0.428571428571429 0.0588235294117647
2519 24 5 1 28 0.0416666666666667 0.2 0.0357142857142857
25208 4 1 0 5 0 0 0
25220 18 2 2 18 0.111111111111111 1 0.111111111111111
25232 47 7 4 50 0.0851063829787234 0.571428571428571 0.08
2527 9 5 2 12 0.222222222222222 0.4 0.166666666666667
25358 16 6 2 20 0.125 0.333333333333333 0.1
25384 6 2 0 8 0 0 0
2549 3 2 1 4 0.333333333333333 0.5 0.25
25492 2 2 1 3 0.5 0.5 0.333333333333333
25538 2 1 0 3 0 0 0
25560 144 13 11 146 0.0763888888888889 0.846153846153846 0.0753424657534247
2594 5 1 0 6 0 0 0
2595 2 1 0 3 0 0 0
2602 2 1 1 2 0.5 1 0.5
2603 35 11 8 38 0.228571428571429 0.727272727272727 0.210526315789474
2607 45 4 4 45 0.0888888888888889 1 0.0888888888888889
2611 46 9 8 47 0.173913043478261 0.888888888888889 0.170212765957447
2614 10 1 1 10 0.1 1 0.1
26415 19 3 0 22 0 0 0
26943 21 3 3 21 0.142857142857143 1 0.142857142857143
27319 25 2 2 25 0.08 1 0.08
27446 5 1 0 6 0 0 0
27678 6 1 1 6 0.166666666666667 1 0.166666666666667
27750 12 9 9 12 0.75 1 0.75
278 7 7 1 13 0.142857142857143 0.142857142857143 0.0769230769230769
27841 1 1 1 1 1 1 1
2819 23 4 0 27 0 0 0
2847 2 1 1 2 0.5 1 0.5
28472 1 1 1 1 1 1 1
2852 9 3 3 9 0.333333333333333 1 0.333333333333333
2857 138 1 1 138 0.0072463768115942 1 0.0072463768115942
286 302 14 12 304 0.0397350993377483 0.857142857142857 0.0394736842105263
2861 8 2 2 8 0.25 1 0.25
28678 2 1 1 2 0.5 1 0.5
28716 35 1 1 35 0.0285714285714286 1 0.0285714285714286
28725 5 1 1 5 0.2 1 0.2
28788 32 2 2 32 0.0625 1 0.0625
28814 1 1 1 1 1 1 1
28855 7 1 1 7 0.142857142857143 1 0.142857142857143
2895 9 2 2 9 0.222222222222222 1 0.222222222222222
29009 1 1 1 1 1 1 1
2905 25 1 0 26 0 0 0
2907 68 6 3 71 0.0441176470588235 0.5 0.0422535211267606
29134 3 1 0 4 0 0 0
2914 532 121 64 589 0.120300751879699 0.528925619834711 0.108658743633277
2915 19 8 1 26 0.0526315789473684 0.125 0.0384615384615385
29208 31 3 2 32 0.0645161290322581 0.666666666666667 0.0625
29216 1 2 1 2 1 0.5 0.5
29243 3 1 1 3 0.333333333333333 1 0.333333333333333
29259 8 5 4 9 0.5 0.8 0.444444444444444
293 120 19 14 125 0.116666666666667 0.736842105263158 0.112
29317 2 2 2 2 1 1 1
29402 7 1 1 7 0.142857142857143 1 0.142857142857143
29422 15 1 1 15 0.0666666666666667 1 0.0666666666666667
29432 1 1 1 1 1 1 1
29449 4 4 1 7 0.25 0.25 0.142857142857143
29452 6 3 0 9 0 0 0
29527 36 2 2 36 0.0555555555555556 1 0.0555555555555556
29632 7 1 0 8 0 0 0
29636 30 5 5 30 0.166666666666667 1 0.166666666666667
29668 21 2 1 22 0.0476190476190476 0.5 0.0454545454545455
29670 2 1 0 3 0 0 0
29686 280 68 63 285 0.225 0.926470588235294 0.221052631578947
29748 30 2 2 30 0.0666666666666667 1 0.0666666666666667
29838 15 3 1 17 0.0666666666666667 0.333333333333333 0.0588235294117647
29877 6 3 1 8 0.166666666666667 0.333333333333333 0.125
29904 2 1 1 2 0.5 1 0.5
3 4 1 0 5 0 0 0
30071 22 82 10 94 0.454545454545455 0.121951219512195 0.106382978723404
30132 9 2 2 9 0.222222222222222 1 0.222222222222222
30653 16 2 1 17 0.0625 0.5 0.0588235294117647
3066 8 2 1 9 0.125 0.5 0.111111111111111
30834 3 1 1 3 0.333333333333333 1 0.333333333333333
30947 3 1 1 3 0.333333333333333 1 0.333333333333333
31065 2 2 0 4 0 0 0
31103 3 3 0 6 0 0 0
31127 3 1 1 3 0.333333333333333 1 0.333333333333333
31246 7 1 1 7 0.142857142857143 1 0.142857142857143
31265 1 1 1 1 1 1 1
31283 54 4 2 56 0.037037037037037 0.5 0.0357142857142857
31333 3 2 2 3 0.666666666666667 1 0.666666666666667
31383 15 6 3 18 0.2 0.5 0.166666666666667
31424 8 1 0 9 0 0 0
31458 34 1 0 35 0 0 0
31479 5 1 1 5 0.2 1 0.2
31513 2 1 1 2 0.5 1 0.5
31859 2 1 0 3 0 0 0
31985 7 1 0 8 0 0 0
32034 7 2 1 8 0.142857142857143 0.5 0.125
3212 35 1 1 35 0.0285714285714286 1 0.0285714285714286
3213 106 4 4 106 0.0377358490566038 1 0.0377358490566038
3221 1 1 1 1 1 1 1
32361 6 1 1 6 0.166666666666667 1 0.166666666666667
3243 12 3 1 14 0.0833333333333333 0.333333333333333 0.0714285714285714
32459 3 1 1 3 0.333333333333333 1 0.333333333333333
3246 120 11 8 123 0.0666666666666667 0.727272727272727 0.0650406504065041
3248 28 4 2 30 0.0714285714285714 0.5 0.0666666666666667
3249 41 7 3 45 0.0731707317073171 0.428571428571429 0.0666666666666667
3257 305 135 59 381 0.19344262295082 0.437037037037037 0.154855643044619
3265 34 10 6 38 0.176470588235294 0.6 0.157894736842105
3268 1 1 1 1 1 1 1
3277 105 1 0 106 0 0 0
3292 310 10 8 312 0.0258064516129032 0.8 0.0256410256410256
32978 3 1 1 3 0.333333333333333 1 0.333333333333333
3301 41 2 1 42 0.024390243902439 0.5 0.0238095238095238
3303 599 2 1 600 0.00166944908180301 0.5 0.00166666666666667
3320 393 10 4 399 0.0101781170483461 0.4 0.0100250626566416
3327 40 6 4 42 0.1 0.666666666666667 0.0952380952380952
3333 142 6 4 144 0.028169014084507 0.666666666666667 0.0277777777777778
3343 17 6 3 20 0.176470588235294 0.5 0.15
33437 1 7 1 7 1 0.142857142857143 0.142857142857143
3344 32 18 7 43 0.21875 0.388888888888889 0.162790697674419
3352 57 3 1 59 0.0175438596491228 0.333333333333333 0.0169491525423729
3356 1308 23 20 1311 0.0152905198776758 0.869565217391304 0.015255530129672
33956 3 3 3 3 1 1 1
34081 2 1 1 2 0.5 1 0.5
34243 1 1 1 1 1 1 1
34288 6 3 1 8 0.166666666666667 0.333333333333333 0.125
34419 4 1 0 5 0 0 0
34465 4 2 1 5 0.25 0.5 0.2
34623 1 1 1 1 1 1 1
34631 2 1 1 2 0.5 1 0.5
34763 46 11 4 53 0.0869565217391304 0.363636363636364 0.0754716981132075
34771 4 2 2 4 0.5 1 0.5
35003 2 1 1 2 0.5 1 0.5
35028 30 1 1 30 0.0333333333333333 1 0.0333333333333333
35244 15 4 3 16 0.2 0.75 0.1875
35283 4 1 1 4 0.25 1 0.25
35292 2 1 0 3 0 0 0
35425 6 1 1 6 0.166666666666667 1 0.166666666666667
35485 9 1 1 9 0.111111111111111 1 0.111111111111111
3549 793 59 42 810 0.0529634300126103 0.711864406779661 0.0518518518518519
3551 1 1 0 2 0 0 0
3557 84 20 13 91 0.154761904761905 0.65 0.142857142857143
35612 2 3 0 5 0 0 0
35706 5 1 1 5 0.2 1 0.2
3597 9 1 1 9 0.111111111111111 1 0.111111111111111
3640 4 1 1 4 0.25 1 0.25
3662 12 1 1 12 0.0833333333333333 1 0.0833333333333333
3671 2 1 1 2 0.5 1 0.5
3741 222 1 0 223 0 0 0
3748 2 4 0 6 0 0 0
3758 36 4 0 40 0 0 0
376 11 1 1 11 0.0909090909090909 1 0.0909090909090909
378 3 1 1 3 0.333333333333333 1 0.333333333333333
3786 294 2 0 296 0 0 0
3790 2 1 1 2 0.5 1 0.5
3825 1 2 0 3 0 0 0
3836 4 9 1 12 0.25 0.111111111111111 0.0833333333333333
39122 3 1 1 3 0.333333333333333 1 0.333333333333333
39854 1 1 0 2 0 0 0
3999 1 1 1 1 1 1 1
4134 63 1 0 64 0 0 0
42 70 2 2 70 0.0285714285714286 1 0.0285714285714286
4436 82 8 7 83 0.0853658536585366 0.875 0.0843373493975904
4538 17 11 4 24 0.235294117647059 0.363636363636364 0.166666666666667
4555 1 5 0 6 0 0 0
4589 169 24 15 178 0.0887573964497041 0.625 0.0842696629213483
4608 3 2 1 4 0.333333333333333 0.5 0.25
4618 16 8 1 23 0.0625 0.125 0.0434782608695652
4621 28 3 2 29 0.0714285714285714 0.666666666666667 0.0689655172413793
4645 13 1 1 13 0.0769230769230769 1 0.0769230769230769
4651 28 6 4 30 0.142857142857143 0.666666666666667 0.133333333333333
4673 8 1 1 8 0.125 1 0.125
4675 6 5 2 9 0.333333333333333 0.4 0.222222222222222
4677 4 7 2 9 0.5 0.285714285714286 0.222222222222222
4678 6 6 2 10 0.333333333333333 0.333333333333333 0.2
4680 9 5 2 12 0.222222222222222 0.4 0.166666666666667
4685 7 5 3 9 0.428571428571429 0.6 0.333333333333333
4688 9 5 3 11 0.333333333333333 0.6 0.272727272727273
4691 8 11 3 16 0.375 0.272727272727273 0.1875
4694 30 2 2 30 0.0666666666666667 1 0.0666666666666667
4697 1 16 1 16 1 0.0625 0.0625
4702 6 3 2 7 0.333333333333333 0.666666666666667 0.285714285714286
4713 81 5 5 81 0.0617283950617284 1 0.0617283950617284
4716 92 34 11 115 0.119565217391304 0.323529411764706 0.0956521739130435
4717 3 2 2 3 0.666666666666667 1 0.666666666666667
4718 3 4 1 6 0.333333333333333 0.25 0.166666666666667
4721 11 6 0 17 0 0 0
4725 112 36 12 136 0.107142857142857 0.333333333333333 0.0882352941176471
4741 7 2 1 8 0.142857142857143 0.5 0.125
4747 9 2 0 11 0 0 0
4750 31 4 1 34 0.032258064516129 0.25 0.0294117647058824
4774 2 2 2 2 1 1 1
4777 26 7 5 28 0.192307692307692 0.714285714285714 0.178571428571429
4780 27 2 1 28 0.037037037037037 0.5 0.0357142857142857
4782 2 1 0 3 0 0 0
4787 7 6 0 13 0 0 0
4788 91 7 2 96 0.021978021978022 0.285714285714286 0.0208333333333333
4795 31 2 0 33 0 0 0
5050 15 3 3 15 0.2 1 0.2
513 35 2 2 35 0.0571428571428571 1 0.0571428571428571
5381 12 2 0 14 0 0 0
5385 12 8 3 17 0.25 0.375 0.176470588235294
5401 4 1 1 4 0.25 1 0.25
5408 29 2 2 29 0.0689655172413793 1 0.0689655172413793
5410 42 2 0 44 0 0 0
5417 29 7 4 32 0.137931034482759 0.571428571428571 0.125
5430 67 13 9 71 0.134328358208955 0.692307692307692 0.126760563380282
5459 212 8 8 212 0.0377358490566038 1 0.0377358490566038
5466 59 2 1 60 0.0169491525423729 0.5 0.0166666666666667
5486 40 2 0 42 0 0 0
5511 159 22 20 161 0.125786163522013 0.909090909090909 0.124223602484472
553 40 9 7 42 0.175 0.777777777777778 0.166666666666667
5533 6 1 1 6 0.166666666666667 1 0.166666666666667
5537 26 2 1 27 0.0384615384615385 0.5 0.037037037037037
5539 32 38 14 56 0.4375 0.368421052631579 0.25
5550 4 3 1 6 0.25 0.333333333333333 0.166666666666667
5568 87 3 3 87 0.0344827586206897 1 0.0344827586206897
559 55 14 13 56 0.236363636363636 0.928571428571429 0.232142857142857
5602 16 3 2 17 0.125 0.666666666666667 0.117647058823529
5609 2 11 0 13 0 0 0
5623 1 2 0 3 0 0 0
5669 37 2 0 39 0 0 0
5693 5 2 0 7 0 0 0
57 20 2 2 20 0.1 1 0.1
5713 70 3 1 72 0.0142857142857143 0.333333333333333 0.0138888888888889
6057 4 2 1 5 0.25 0.5 0.2
6062 9 2 0 11 0 0 0
6066 3 2 1 4 0.333333333333333 0.5 0.25
6140 115 1 0 116 0 0 0
6163 9 2 0 11 0 0 0
6263 3 1 1 3 0.333333333333333 1 0.333333333333333
6320 210 1 1 210 0.00476190476190476 1 0.00476190476190476
6342 4 1 0 5 0 0 0
6360 8 2 2 8 0.25 1 0.25
6435 3 11 0 14 0 0 0
6453 357 37 26 368 0.0728291316526611 0.702702702702703 0.0706521739130435
6461 716 4 4 716 0.00558659217877095 1 0.00558659217877095
6509 37 4 4 37 0.108108108108108 1 0.108108108108108
6596 25 1 1 25 0.04 1 0.04
6619 12 1 0 13 0 0 0
6648 23 2 1 24 0.0434782608695652 0.5 0.0416666666666667
6666 35 11 6 40 0.171428571428571 0.545454545454545 0.15
6667 447 72 69 450 0.154362416107383 0.958333333333333 0.153333333333333
668 39 7 2 44 0.0512820512820513 0.285714285714286 0.0454545454545455
6695 100 8 5 103 0.05 0.625 0.0485436893203883
6706 4 3 2 5 0.5 0.666666666666667 0.4
6730 617 6 5 618 0.00810372771474878 0.833333333333333 0.00809061488673139
6762 140 23 17 146 0.121428571428571 0.739130434782609 0.116438356164384
6770 39 9 5 43 0.128205128205128 0.555555555555556 0.116279069767442
6772 10 3 3 10 0.3 1 0.3
6774 65 8 6 67 0.0923076923076923 0.75 0.0895522388059701
6775 5 2 2 5 0.4 1 0.4
680 45 10 8 47 0.177777777777778 0.8 0.170212765957447
6802 7 1 1 7 0.142857142857143 1 0.142857142857143
6830 74 79 20 133 0.27027027027027 0.253164556962025 0.150375939849624
6881 57 1 1 57 0.0175438596491228 1 0.0175438596491228
6893 5 1 0 6 0 0 0
6895 8 1 1 8 0.125 1 0.125
6939 532 38 15 555 0.0281954887218045 0.394736842105263 0.027027027027027
7018 2033 7 4 2036 0.00196753566158387 0.571428571428571 0.00196463654223969
7019 1 1 1 1 1 1 1
7065 12 2 1 13 0.0833333333333333 0.5 0.0769230769230769
719 11 1 1 11 0.0909090909090909 1 0.0909090909090909
7470 26 1 1 26 0.0384615384615385 1 0.0384615384615385
7500 67 4 2 69 0.0298507462686567 0.5 0.0289855072463768
7514 19 7 5 21 0.263157894736842 0.714285714285714 0.238095238095238
7516 4 1 0 5 0 0 0
7521 4 2 1 5 0.25 0.5 0.2
7522 5 6 2 9 0.4 0.333333333333333 0.222222222222222
7530 1 3 0 4 0 0 0
7539 22 8 7 23 0.318181818181818 0.875 0.304347826086957
7570 4 4 1 7 0.25 0.25 0.142857142857143
7575 281 37 35 283 0.124555160142349 0.945945945945946 0.123674911660777
7610 20 2 1 21 0.05 0.5 0.0476190476190476
766 15 5 4 16 0.266666666666667 0.8 0.25
7660 35 28 14 49 0.4 0.5 0.285714285714286
7665 2 1 1 2 0.5 1 0.5
7667 3 1 0 4 0 0 0
7668 8 1 0 9 0 0 0
7670 18 2 1 19 0.0555555555555556 0.5 0.0526315789473684
7671 4 33 3 34 0.75 0.0909090909090909 0.0882352941176471
7682 11 3 2 12 0.181818181818182 0.666666666666667 0.166666666666667
7687 4 2 1 5 0.25 0.5 0.2
7781 4 3 1 6 0.25 0.333333333333333 0.166666666666667
7786 5 1 0 6 0 0 0
786 45 7 1 51 0.0222222222222222 0.142857142857143 0.0196078431372549
790 2 1 1 2 0.5 1 0.5
7949 9 2 0 11 0 0 0
8002 36 3 2 37 0.0555555555555556 0.666666666666667 0.0540540540540541
8071 5 1 1 5 0.2 1 0.2
8121 34 6 4 36 0.117647058823529 0.666666666666667 0.111111111111111
8158 2 1 0 3 0 0 0
8195 162 7 5 164 0.0308641975308642 0.714285714285714 0.0304878048780488
8220 472 11 10 473 0.0211864406779661 0.909090909090909 0.0211416490486258
8226 3 3 1 5 0.333333333333333 0.333333333333333 0.2
8237 4 4 2 6 0.5 0.5 0.333333333333333
8246 134 1 0 135 0 0 0
8256 1 1 1 1 1 1 1
8267 2 2 1 3 0.5 0.5 0.333333333333333
8286 1 1 0 2 0 0 0
8319 30 12 7 35 0.233333333333333 0.583333333333333 0.2
8364 8 1 0 9 0 0 0
8365 37 13 9 41 0.243243243243243 0.692307692307692 0.219512195121951
8419 203 4 1 206 0.00492610837438424 0.25 0.00485436893203883
8426 245 8 6 247 0.0244897959183673 0.75 0.0242914979757085
8447 318 16 14 320 0.0440251572327044 0.875 0.04375
8469 33 8 6 35 0.181818181818182 0.75 0.171428571428571
8473 16 4 1 19 0.0625 0.25 0.0526315789473684
8481 2 1 0 3 0 0 0
8501 35 8 8 35 0.228571428571429 1 0.228571428571429
8517 18 1 1 18 0.0555555555555556 1 0.0555555555555556
8527 13 2 2 13 0.153846153846154 1 0.153846153846154
8560 55 5 2 58 0.0363636363636364 0.4 0.0344827586206897
8586 59 4 3 60 0.0508474576271186 0.75 0.05
8591 22 5 3 24 0.136363636363636 0.6 0.125
8657 75 3 2 76 0.0266666666666667 0.666666666666667 0.0263157894736842
8664 12 1 0 13 0 0 0
8665 20 9 6 23 0.3 0.666666666666667 0.260869565217391
8674 44 3 3 44 0.0681818181818182 1 0.0681818181818182
8708 189 3 2 190 0.0105820105820106 0.666666666666667 0.0105263157894737
8728 1 1 1 1 1 1 1
8737 27 3 1 29 0.037037037037037 0.333333333333333 0.0344827586206897
8758 7 6 3 10 0.428571428571429 0.5 0.3
8763 131 32 30 133 0.229007633587786 0.9375 0.225563909774436
8767 43 12 8 47 0.186046511627907 0.666666666666667 0.170212765957447
8820 223 4 1 226 0.00448430493273543 0.25 0.00442477876106195
8881 146 11 7 150 0.0479452054794521 0.636363636363636 0.0466666666666667
8903 8 3 0 11 0 0 0
8921 1 2 0 3 0 0 0
8943 17 2 1 18 0.0588235294117647 0.5 0.0555555555555556
8954 16 4 0 20 0 0 0
8966 47 1 1 47 0.0212765957446809 1 0.0212765957446809
8970 2 1 1 2 0.5 1 0.5
8975 61 3 2 62 0.0327868852459016 0.666666666666667 0.032258064516129
8978 4 3 1 6 0.25 0.333333333333333 0.166666666666667
9009 197 8 6 199 0.0304568527918782 0.75 0.0301507537688442
9052 3 2 0 5 0 0 0
9080 7 3 2 8 0.285714285714286 0.666666666666667 0.25
9085 6 1 1 6 0.166666666666667 1 0.166666666666667
9112 7 1 1 7 0.142857142857143 1 0.142857142857143
9150 22 2 2 22 0.0909090909090909 1 0.0909090909090909
9153 39 2 2 39 0.0512820512820513 1 0.0512820512820513
9162 2 1 0 3 0 0 0
9264 49 35 4 80 0.0816326530612245 0.114285714285714 0.05
9270 33 6 5 34 0.151515151515152 0.833333333333333 0.147058823529412
9299 39 1 1 39 0.0256410256410256 1 0.0256410256410256
9316 40 1 0 41 0 0 0
9406 1 1 0 2 0 0 0
9416 17 2 0 19 0 0 0
9505 68 3 2 69 0.0294117647058824 0.666666666666667 0.0289855072463768
9583 29 1 0 30 0 0 0
9595 9 3 2 10 0.222222222222222 0.666666666666667 0.2
9600 6 7 2 11 0.333333333333333 0.285714285714286 0.181818181818182
9607 7 2 0 9 0 0 0
9619 2 2 2 2 1 1 1
9621 3 6 1 8 0.333333333333333 0.166666666666667 0.125
9622 7 1 1 7 0.142857142857143 1 0.142857142857143
9687 2 1 1 2 0.5 1 0.5
9758 1 1 0 2 0 0 0
9800 37 1 0 38 0 0 0
9821 2 1 1 2 0.5 1 0.5
9844 2 1 0 3 0 0 0
9901 20 2 0 22 0 0 0
9919 23 1 0 24 0 0 0
9995 3 2 2 3 0.666666666666667 1 0.666666666666667
