#ASN num_v4adj num_v6adj num_intersect(v4v6adj) num_union(adj) fr_v4(num_intersect/num_v4adj) fr_v6(num_intersect/num_v6adj) fr_intersect(num_intersect/num_union)
10013 2 6 1 7 0.5 0.166666666666667 0.142857142857143
10015 10 1 0 11 0 0 0
101 37 9 8 38 0.216216216216216 0.888888888888889 0.210526315789474
10148 1 2 1 2 1 0.5 0.5
102 3 1 1 3 0.333333333333333 1 0.333333333333333
10204 7 4 1 10 0.142857142857143 0.25 0.1
10217 21 1 1 21 0.0476190476190476 1 0.0476190476190476
10318 4 1 0 5 0 0 0
10343 2 1 1 2 0.5 1 0.5
10405 2 1 0 3 0 0 0
10429 71 1 1 71 0.0140845070422535 1 0.0140845070422535
10490 31 3 3 31 0.0967741935483871 1 0.0967741935483871
10533 1 1 1 1 1 1 1
10569 1 1 1 1 1 1 1
10578 25 3 3 25 0.12 1 0.12
10745 2 6 0 8 0 0 0
10778 5 1 1 5 0.2 1 0.2
10886 40 16 7 49 0.175 0.4375 0.142857142857143
109 16 5 0 21 0 0 0
1101 1 1 1 1 1 1 1
1103 185 50 48 187 0.259459459459459 0.96 0.25668449197861
111 2 2 1 3 0.5 0.5 0.333333333333333
11170 2 1 0 3 0 0 0
1120 17 1 1 17 0.0588235294117647 1 0.0588235294117647
1126 45 9 6 48 0.133333333333333 0.666666666666667 0.125
11274 12 3 3 12 0.25 1 0.25
11317 6 4 4 6 0.666666666666667 1 0.666666666666667
11340 5 1 1 5 0.2 1 0.2
1140 29 6 4 31 0.137931034482759 0.666666666666667 0.129032258064516
11404 23 1 1 23 0.0434782608695652 1 0.0434782608695652
11537 115 49 38 126 0.330434782608696 0.775510204081633 0.301587301587302
11656 1 1 0 2 0 0 0
11666 5 2 0 7 0 0 0
11694 2 1 1 2 0.5 1 0.5
11734 3 1 0 4 0 0 0
11815 3 1 0 4 0 0 0
11960 5 2 2 5 0.4 1 0.4
11990 4 1 0 5 0 0 0
1200 53 15 10 58 0.188679245283019 0.666666666666667 0.172413793103448
12008 34 1 1 34 0.0294117647058824 1 0.0294117647058824
12041 10 5 4 11 0.4 0.8 0.363636363636364
12046 2 1 1 2 0.5 1 0.5
12111 27 3 2 28 0.0740740740740741 0.666666666666667 0.0714285714285714
1213 6 3 3 6 0.5 1 0.5
1221 107 2 0 109 0 0 0
12287 2 1 1 2 0.5 1 0.5
12301 54 1 1 54 0.0185185185185185 1 0.0185185185185185
12312 56 14 12 58 0.214285714285714 0.857142857142857 0.206896551724138
12322 74 3 3 74 0.0405405405405405 1 0.0405405405405405
12337 44 47 18 73 0.409090909090909 0.382978723404255 0.246575342465753
12353 5 3 1 7 0.2 0.333333333333333 0.142857142857143
12355 24 12 8 28 0.333333333333333 0.666666666666667 0.285714285714286
1237 35 4 2 37 0.0571428571428571 0.5 0.0540540540540541
12371 2 1 0 3 0 0 0
12386 16 2 2 16 0.125 1 0.125
1239 1704 4 1 1707 0.000586854460093897 0.25 0.000585823081429408
12399 285 1 1 285 0.00350877192982456 1 0.00350877192982456
12401 13 3 2 14 0.153846153846154 0.666666666666667 0.142857142857143
12414 40 13 10 43 0.25 0.769230769230769 0.232558139534884
12502 3 1 1 3 0.333333333333333 1 0.333333333333333
12533 2 1 0 3 0 0 0
12566 19 1 1 19 0.0526315789473684 1 0.0526315789473684
1257 153 5 2 156 0.0130718954248366 0.4 0.0128205128205128
12573 27 2 2 27 0.0740740740740741 1 0.0740740740740741
12611 44 18 12 50 0.272727272727273 0.666666666666667 0.24
12634 43 16 12 47 0.27906976744186 0.75 0.25531914893617
12637 14 5 4 15 0.285714285714286 0.8 0.266666666666667
12638 1 3 0 4 0 0 0
12654 65 18 10 73 0.153846153846154 0.555555555555556 0.136986301369863
12657 3 1 1 3 0.333333333333333 1 0.333333333333333
12709 2 1 0 3 0 0 0
1273 297 70 39 328 0.131313131313131 0.557142857142857 0.11890243902439
12731 77 16 11 82 0.142857142857143 0.6875 0.134146341463415
12732 18 3 1 20 0.0555555555555556 0.333333333333333 0.05
12741 112 1 0 113 0 0 0
12757 4 1 1 4 0.25 1 0.25
12767 8 1 0 9 0 0 0
12769 4 1 1 4 0.25 1 0.25
12779 71 18 10 79 0.140845070422535 0.555555555555556 0.126582278481013
1280 91 27 15 103 0.164835164835165 0.555555555555556 0.145631067961165
12816 1 1 1 1 1 1 1
12817 2 2 2 2 1 1 1
12853 1 4 0 5 0 0 0
12859 459 92 85 466 0.185185185185185 0.923913043478261 0.182403433476395
12871 37 15 7 45 0.189189189189189 0.466666666666667 0.155555555555556
12874 137 2 2 137 0.0145985401459854 1 0.0145985401459854
12895 11 1 1 11 0.0909090909090909 1 0.0909090909090909
12902 38 10 8 40 0.210526315789474 0.8 0.2
12931 5 3 2 6 0.4 0.666666666666667 0.333333333333333
12956 126 8 7 127 0.0555555555555556 0.875 0.0551181102362205
12989 471 9 9 471 0.0191082802547771 1 0.0191082802547771
1299 523 32 30 525 0.0573613766730402 0.9375 0.0571428571428571
13030 149 5 5 149 0.0335570469798658 1 0.0335570469798658
13039 5 1 1 5 0.2 1 0.2
13041 7 1 1 7 0.142857142857143 1 0.142857142857143
13092 5 2 2 5 0.4 1 0.4
131075 2 2 1 3 0.5 0.5 0.333333333333333
13110 6 1 1 6 0.166666666666667 1 0.166666666666667
13115 4 1 1 4 0.25 1 0.25
1312 2 1 1 2 0.5 1 0.5
1316 2 1 0 3 0 0 0
13189 28 4 4 28 0.142857142857143 1 0.142857142857143
13193 52 12 10 54 0.192307692307692 0.833333333333333 0.185185185185185
13237 508 66 57 517 0.112204724409449 0.863636363636364 0.110251450676983
13272 2 2 2 2 1 1 1
13276 19 2 2 19 0.105263157894737 1 0.105263157894737
13284 6 4 1 9 0.166666666666667 0.25 0.111111111111111
13293 23 2 2 23 0.0869565217391304 1 0.0869565217391304
13301 34 2 2 34 0.0588235294117647 1 0.0588235294117647
13319 4 1 0 5 0 0 0
13332 6 1 1 6 0.166666666666667 1 0.166666666666667
13448 4 1 1 4 0.25 1 0.25
13645 175 12 6 181 0.0342857142857143 0.5 0.0331491712707182
13657 5 2 0 7 0 0 0
13680 28 2 2 28 0.0714285714285714 1 0.0714285714285714
137 18 3 3 18 0.166666666666667 1 0.166666666666667
13714 2 1 1 2 0.5 1 0.5
13810 1 1 0 2 0 0 0
13855 5 1 0 6 0 0 0
13901 1 1 1 1 1 1 1
13911 4 1 0 5 0 0 0
14037 1 1 1 1 1 1 1
14085 5 2 2 5 0.4 1 0.4
14259 21 2 1 22 0.0476190476190476 0.5 0.0454545454545455
14262 4 2 2 4 0.5 1 0.5
14277 9 9 2 16 0.222222222222222 0.222222222222222 0.125
14589 19 2 1 20 0.0526315789473684 0.5 0.05
14595 3 1 0 4 0 0 0
15169 113 3 1 115 0.00884955752212389 0.333333333333333 0.00869565217391304
15226 3 2 0 5 0 0 0
15412 316 5 4 317 0.0126582278481013 0.8 0.0126182965299685
15440 6 1 1 6 0.166666666666667 1 0.166666666666667
15444 268 19 10 277 0.0373134328358209 0.526315789473684 0.036101083032491
15456 1 2 0 3 0 0 0
15469 1 1 0 2 0 0 0
15474 1 1 1 1 1 1 1
15480 1 1 1 1 1 1 1
15589 34 13 3 44 0.0882352941176471 0.230769230769231 0.0681818181818182
15598 62 21 15 68 0.241935483870968 0.714285714285714 0.220588235294118
15623 31 2 1 32 0.032258064516129 0.5 0.03125
15685 22 5 5 22 0.227272727272727 1 0.227272727272727
15694 57 1 1 57 0.0175438596491228 1 0.0175438596491228
15725 2 2 1 3 0.5 0.5 0.333333333333333
15744 12 1 1 12 0.0833333333333333 1 0.0833333333333333
15782 13 2 1 14 0.0769230769230769 0.5 0.0714285714285714
15798 2 1 0 3 0 0 0
15919 8 1 1 8 0.125 1 0.125
16004 12 4 3 13 0.25 0.75 0.230769230769231
16030 65 14 11 68 0.169230769230769 0.785714285714286 0.161764705882353
16034 297 33 32 298 0.107744107744108 0.96969696969697 0.10738255033557
16086 31 15 5 41 0.161290322580645 0.333333333333333 0.121951219512195
16117 3 1 1 3 0.333333333333333 1 0.333333333333333
16128 17 3 2 18 0.117647058823529 0.666666666666667 0.111111111111111
16131 43 12 7 48 0.162790697674419 0.583333333333333 0.145833333333333
16150 202 1 0 203 0 0 0
16186 41 6 1 46 0.024390243902439 0.166666666666667 0.0217391304347826
16206 15 1 0 16 0 0 0
16210 4 3 3 4 0.75 1 0.75
16215 13 3 3 13 0.230769230769231 1 0.230769230769231
16237 32 4 2 34 0.0625 0.5 0.0588235294117647
16245 26 1 1 26 0.0384615384615385 1 0.0384615384615385
16265 111 1 1 111 0.00900900900900901 1 0.00900900900900901
16276 67 2 2 67 0.0298507462686567 1 0.0298507462686567
16316 5 2 0 7 0 0 0
16397 10 1 0 11 0 0 0
1653 26 5 3 28 0.115384615384615 0.6 0.107142857142857
1659 11 3 2 12 0.181818181818182 0.666666666666667 0.166666666666667
16668 6 2 1 7 0.166666666666667 0.5 0.142857142857143
16713 29 1 0 30 0 0 0
16807 3 1 0 4 0 0 0
16838 12 1 0 13 0 0 0
16942 2 2 1 3 0.5 0.5 0.333333333333333
16993 3 1 0 4 0 0 0
1706 4 1 0 5 0 0 0
17061 2 1 0 3 0 0 0
17106 5 1 0 6 0 0 0
17263 6 1 0 7 0 0 0
1741 11 3 2 12 0.181818181818182 0.666666666666667 0.166666666666667
17435 3 1 0 4 0 0 0
17511 10 3 0 13 0 0 0
17529 8 1 1 8 0.125 1 0.125
1754 2 1 1 2 0.5 1 0.5
17554 9 3 3 9 0.333333333333333 1 0.333333333333333
17579 13 7 5 15 0.384615384615385 0.714285714285714 0.333333333333333
1764 31 7 5 33 0.161290322580645 0.714285714285714 0.151515151515152
17676 32 6 2 36 0.0625 0.333333333333333 0.0555555555555556
17709 13 1 0 14 0 0 0
17716 3 1 1 3 0.333333333333333 1 0.333333333333333
17832 1 7 1 7 1 0.142857142857143 0.142857142857143
17884 2 1 0 3 0 0 0
17934 2 3 1 4 0.5 0.333333333333333 0.25
17955 3 1 1 3 0.333333333333333 1 0.333333333333333
1797 2 3 2 3 1 0.666666666666667 0.666666666666667
1798 3 3 0 6 0 0 0
18011 1 1 0 2 0 0 0
18119 3 1 0 4 0 0 0
18126 4 1 0 5 0 0 0
18146 2 3 0 5 0 0 0
18182 3 1 0 4 0 0 0
18185 5 2 2 5 0.4 1 0.4
18203 3 2 0 5 0 0 0
18206 3 2 0 5 0 0 0
18266 3 1 1 3 0.333333333333333 1 0.333333333333333
18344 1 3 0 4 0 0 0
1835 8 2 2 8 0.25 1 0.25
1836 59 6 6 59 0.101694915254237 1 0.101694915254237
18366 2 2 1 3 0.5 0.5 0.333333333333333
18422 5 1 1 5 0.2 1 0.2
18508 1 2 0 3 0 0 0
1853 104 19 17 106 0.163461538461538 0.894736842105263 0.160377358490566
18592 22 7 7 22 0.318181818181818 1 0.318181818181818
18666 2 2 0 4 0 0 0
1879 1 2 1 2 1 0.5 0.5
1880 14 4 2 16 0.142857142857143 0.5 0.125
1881 2 1 1 2 0.5 1 0.5
1887 7 1 1 7 0.142857142857143 1 0.142857142857143
18922 26 2 1 27 0.0384615384615385 0.5 0.037037037037037
1901 46 2 1 47 0.0217391304347826 0.5 0.0212765957446809
19021 1 1 0 2 0 0 0
19151 612 12 11 613 0.0179738562091503 0.916666666666667 0.0179445350734095
1916 79 7 5 81 0.0632911392405063 0.714285714285714 0.0617283950617284
19166 16 1 1 16 0.0625 1 0.0625
19192 3 1 1 3 0.333333333333333 1 0.333333333333333
19255 3 4 3 4 1 0.75 0.75
1930 23 5 4 24 0.173913043478261 0.8 0.166666666666667
19318 47 3 2 48 0.0425531914893617 0.666666666666667 0.0416666666666667
19401 43 11 11 43 0.255813953488372 1 0.255813953488372
195 8 3 1 10 0.125 0.333333333333333 0.1
1955 11 3 3 11 0.272727272727273 1 0.272727272727273
196615 1 1 1 1 1 1 1
19782 14 2 2 14 0.142857142857143 1 0.142857142857143
19783 2 1 0 3 0 0 0
20021 5 1 0 6 0 0 0
20080 20 3 3 20 0.15 1 0.15
2018 7 3 3 7 0.428571428571429 1 0.428571428571429
20312 8 2 1 9 0.125 0.5 0.111111111111111
2042 18 2 2 18 0.111111111111111 1 0.111111111111111
20436 2 1 0 3 0 0 0
20473 23 1 0 24 0 0 0
20495 56 10 8 58 0.142857142857143 0.8 0.137931034482759
20569 11 2 2 11 0.181818181818182 1 0.181818181818182
20597 2 1 1 2 0.5 1 0.5
20621 2 1 1 2 0.5 1 0.5
20633 25 10 5 30 0.2 0.5 0.166666666666667
20640 198 67 48 217 0.242424242424242 0.716417910447761 0.221198156682028
20646 28 2 1 29 0.0357142857142857 0.5 0.0344827586206897
20650 5 1 1 5 0.2 1 0.2
20704 23 4 3 24 0.130434782608696 0.75 0.125
20707 2 1 1 2 0.5 1 0.5
20712 10 1 0 11 0 0 0
20718 33 11 2 42 0.0606060606060606 0.181818181818182 0.0476190476190476
20745 1 3 0 4 0 0 0
20766 21 1 1 21 0.0476190476190476 1 0.0476190476190476
20847 36 12 6 42 0.166666666666667 0.5 0.142857142857143
209 1331 5 4 1332 0.00300525920360631 0.8 0.003003003003003
20912 4 4 0 8 0 0 0
20965 48 40 40 48 0.833333333333333 1 0.833333333333333
210 9 1 1 9 0.111111111111111 1 0.111111111111111
21011 16 1 1 16 0.0625 1 0.0625
21055 28 3 1 30 0.0357142857142857 0.333333333333333 0.0333333333333333
2107 1 1 1 1 1 1 1
2108 1 1 1 1 1 1 1
2110 56 2 1 57 0.0178571428571429 0.5 0.0175438596491228
21155 49 11 8 52 0.163265306122449 0.727272727272727 0.153846153846154
2116 31 1 1 31 0.032258064516129 1 0.032258064516129
21221 28 9 5 32 0.178571428571429 0.555555555555556 0.15625
2128 4 2 2 4 0.5 1 0.5
21280 7 2 1 8 0.142857142857143 0.5 0.125
21320 6 2 2 6 0.333333333333333 1 0.333333333333333
21385 115 17 13 119 0.11304347826087 0.764705882352941 0.109243697478992
2153 41 9 9 41 0.219512195121951 1 0.219512195121951
21548 16 1 1 16 0.0625 1 0.0625
21844 11 1 1 11 0.0909090909090909 1 0.0909090909090909
21864 5 1 1 5 0.2 1 0.2
21911 6 1 1 6 0.166666666666667 1 0.166666666666667
21947 26 3 3 26 0.115384615384615 1 0.115384615384615
2200 61 4 4 61 0.0655737704918033 1 0.0655737704918033
22166 2 1 0 3 0 0 0
22388 9 7 7 9 0.777777777777778 1 0.777777777777778
224 5 1 1 5 0.2 1 0.2
225 2 1 1 2 0.5 1 0.5
22548 34 2 1 35 0.0294117647058824 0.5 0.0285714285714286
226 28 1 1 28 0.0357142857142857 1 0.0357142857142857
22767 2 1 1 2 0.5 1 0.5
23007 2 1 1 2 0.5 1 0.5
23028 7 3 0 10 0 0 0
23148 185 3 3 185 0.0162162162162162 1 0.0162162162162162
23352 124 3 3 124 0.0241935483870968 1 0.0241935483870968
23393 78 2 1 79 0.0128205128205128 0.5 0.0126582278481013
23456 12 5 3 14 0.25 0.6 0.214285714285714
23504 29 8 4 33 0.137931034482759 0.5 0.121212121212121
23541 5 1 0 6 0 0 0
23577 2 1 0 3 0 0 0
23596 2 1 1 2 0.5 1 0.5
23600 3 2 2 3 0.666666666666667 1 0.666666666666667
23624 2 1 1 2 0.5 1 0.5
23634 7 4 4 7 0.571428571428571 1 0.571428571428571
23654 2 1 1 2 0.5 1 0.5
237 32 1 1 32 0.03125 1 0.03125
23754 1 2 0 3 0 0 0
23774 3 2 1 4 0.333333333333333 0.5 0.25
23787 2 3 1 4 0.5 0.333333333333333 0.25
2381 29 2 1 30 0.0344827586206897 0.5 0.0333333333333333
23836 1 1 1 1 1 1 1
23855 10 3 2 11 0.2 0.666666666666667 0.181818181818182
23869 2 1 0 3 0 0 0
23910 3 4 2 5 0.666666666666667 0.5 0.4
23911 6 12 5 13 0.833333333333333 0.416666666666667 0.384615384615385
23912 1 1 0 2 0 0 0
23966 5 1 0 6 0 0 0
24 11 8 5 14 0.454545454545455 0.625 0.357142857142857
24005 3 1 0 4 0 0 0
24211 1 1 1 1 1 1 1
24226 2 3 0 5 0 0 0
24229 3 1 1 3 0.333333333333333 1 0.333333333333333
24287 4 3 3 4 0.75 1 0.75
24311 1 1 0 2 0 0 0
24326 11 1 1 11 0.0909090909090909 1 0.0909090909090909
24334 2 1 1 2 0.5 1 0.5
24390 2 1 1 2 0.5 1 0.5
24433 2 1 1 2 0.5 1 0.5
24475 3 3 3 3 1 1 1
24489 8 5 5 8 0.625 1 0.625
24490 9 9 9 9 1 1 1
24514 3 2 2 3 0.666666666666667 1 0.666666666666667
24541 2 4 1 5 0.5 0.25 0.2
24555 1 1 0 2 0 0 0
24586 27 5 3 29 0.111111111111111 0.6 0.103448275862069
24724 98 13 8 103 0.0816326530612245 0.615384615384615 0.0776699029126214
24730 62 1 1 62 0.0161290322580645 1 0.0161290322580645
24776 8 2 1 9 0.125 0.5 0.111111111111111
24867 20 1 1 20 0.05 1 0.05
24875 220 46 41 225 0.186363636363636 0.891304347826087 0.182222222222222
24900 1 1 1 1 1 1 1
24940 29 8 7 30 0.241379310344828 0.875 0.233333333333333
2495 10 1 1 10 0.1 1 0.1
2497 225 57 39 243 0.173333333333333 0.684210526315789 0.160493827160494
24971 22 3 2 23 0.0909090909090909 0.666666666666667 0.0869565217391304
24973 5 1 0 6 0 0 0
25 2 1 1 2 0.5 1 0.5
250 5 2 0 7 0 0 0
2500 29 44 11 62 0.379310344827586 0.25 0.17741935483871
2506 2 1 1 2 0.5 1 0.5
25061 41 1 0 42 0 0 0
25098 18 1 1 18 0.0555555555555556 1 0.0555555555555556
2510 20 6 3 23 0.15 0.5 0.130434782608696
25137 5 2 2 5 0.4 1 0.4
2514 15 4 3 16 0.2 0.75 0.1875
2515 6 1 1 6 0.166666666666667 1 0.166666666666667
25152 64 7 6 65 0.09375 0.857142857142857 0.0923076923076923
2516 302 47 32 317 0.105960264900662 0.680851063829787 0.100946372239748
2518 72 7 3 76 0.0416666666666667 0.428571428571429 0.0394736842105263
2519 29 3 1 31 0.0344827586206897 0.333333333333333 0.032258064516129
25192 23 9 5 27 0.217391304347826 0.555555555555556 0.185185185185185
25220 16 2 2 16 0.125 1 0.125
2523 2 1 0 3 0 0 0
25232 180 14 12 182 0.0666666666666667 0.857142857142857 0.0659340659340659
2527 11 6 3 14 0.272727272727273 0.5 0.214285714285714
25358 15 7 1 21 0.0666666666666667 0.142857142857143 0.0476190476190476
25384 9 1 0 10 0 0 0
25441 13 1 1 13 0.0769230769230769 1 0.0769230769230769
25466 9 2 2 9 0.222222222222222 1 0.222222222222222
25473 4 2 1 5 0.25 0.5 0.2
2549 2 2 1 3 0.5 0.5 0.333333333333333
25538 2 1 0 3 0 0 0
25560 80 18 14 84 0.175 0.777777777777778 0.166666666666667
25588 23 2 0 25 0 0 0
25689 8 2 1 9 0.125 0.5 0.111111111111111
2572 7 1 1 7 0.142857142857143 1 0.142857142857143
25818 9 1 0 10 0 0 0
2586 9 1 1 9 0.111111111111111 1 0.111111111111111
25933 5 1 0 6 0 0 0
2594 4 1 0 5 0 0 0
2595 1 1 0 2 0 0 0
2602 2 1 1 2 0.5 1 0.5
2603 31 14 11 34 0.354838709677419 0.785714285714286 0.323529411764706
2607 28 6 5 29 0.178571428571429 0.833333333333333 0.172413793103448
2611 56 11 10 57 0.178571428571429 0.909090909090909 0.175438596491228
2614 12 1 1 12 0.0833333333333333 1 0.0833333333333333
2637 4 1 1 4 0.25 1 0.25
26415 28 5 0 33 0 0 0
26943 202 14 12 204 0.0594059405940594 0.857142857142857 0.0588235294117647
26978 12 2 0 14 0 0 0
2698 7 2 2 7 0.285714285714286 1 0.285714285714286
27 2 1 1 2 0.5 1 0.5
2714 1 1 1 1 1 1 1
27319 27 5 5 27 0.185185185185185 1 0.185185185185185
27325 11 2 2 11 0.181818181818182 1 0.181818181818182
27446 5 1 0 6 0 0 0
27552 7 1 1 7 0.142857142857143 1 0.142857142857143
27576 1 1 0 2 0 0 0
27686 2 1 1 2 0.5 1 0.5
27750 20 16 15 21 0.75 0.9375 0.714285714285714
278 7 7 1 13 0.142857142857143 0.142857142857143 0.0769230769230769
27807 10 6 6 10 0.6 1 0.6
27841 3 1 1 3 0.333333333333333 1 0.333333333333333
27924 2 1 1 2 0.5 1 0.5
2819 28 3 0 31 0 0 0
2847 3 2 2 3 0.666666666666667 1 0.666666666666667
28472 1 1 1 1 1 1 1
2848 9 1 1 9 0.111111111111111 1 0.111111111111111
2852 49 3 3 49 0.0612244897959184 1 0.0612244897959184
2857 157 21 18 160 0.114649681528662 0.857142857142857 0.1125
286 340 66 36 370 0.105882352941176 0.545454545454545 0.0972972972972973
2861 9 1 1 9 0.111111111111111 1 0.111111111111111
28678 2 1 1 2 0.5 1 0.5
28697 8 2 2 8 0.25 1 0.25
28716 49 1 1 49 0.0204081632653061 1 0.0204081632653061
28725 5 1 0 6 0 0 0
28788 45 1 1 45 0.0222222222222222 1 0.0222222222222222
28792 8 2 1 9 0.125 0.5 0.111111111111111
28824 2 1 0 3 0 0 0
2884 5 2 2 5 0.4 1 0.4
28855 14 2 2 14 0.142857142857143 1 0.142857142857143
28857 9 3 2 10 0.222222222222222 0.666666666666667 0.2
28878 40 5 3 42 0.075 0.6 0.0714285714285714
2895 10 2 2 10 0.2 1 0.2
2905 26 1 0 27 0 0 0
2907 77 6 4 79 0.051948051948052 0.666666666666667 0.0506329113924051
29134 5 1 0 6 0 0 0
2914 614 153 89 678 0.144951140065147 0.581699346405229 0.131268436578171
29147 1 1 1 1 1 1 1
2915 8 8 1 15 0.125 0.125 0.0666666666666667
29208 202 19 17 204 0.0841584158415842 0.894736842105263 0.0833333333333333
29216 1 2 1 2 1 0.5 0.5
29243 2 2 1 3 0.5 0.5 0.333333333333333
29259 4 2 2 4 0.5 1 0.5
293 138 16 11 143 0.0797101449275362 0.6875 0.0769230769230769
29317 2 2 2 2 1 1 1
29372 2 1 0 3 0 0 0
29405 5 2 1 6 0.2 0.5 0.166666666666667
29422 25 3 2 26 0.08 0.666666666666667 0.0769230769230769
29449 39 13 6 46 0.153846153846154 0.461538461538462 0.130434782608696
29452 5 1 1 5 0.2 1 0.2
29488 4 1 1 4 0.25 1 0.25
29527 38 7 5 40 0.131578947368421 0.714285714285714 0.125
29533 2 1 1 2 0.5 1 0.5
29632 26 2 0 28 0 0 0
29636 181 21 20 182 0.110497237569061 0.952380952380952 0.10989010989011
29651 22 1 1 22 0.0454545454545455 1 0.0454545454545455
29668 31 1 1 31 0.032258064516129 1 0.032258064516129
29670 10 2 1 11 0.1 0.5 0.0909090909090909
29671 3 1 1 3 0.333333333333333 1 0.333333333333333
29686 304 74 71 307 0.233552631578947 0.959459459459459 0.231270358306189
29748 26 6 4 28 0.153846153846154 0.666666666666667 0.142857142857143
29791 54 3 1 56 0.0185185185185185 0.333333333333333 0.0178571428571429
29838 24 1 0 25 0 0 0
29877 7 3 1 9 0.142857142857143 0.333333333333333 0.111111111111111
3 7 1 0 8 0 0 0
30008 4 1 1 4 0.25 1 0.25
30058 8 1 1 8 0.125 1 0.125
30071 10 103 8 105 0.8 0.0776699029126214 0.0761904761904762
30126 63 2 2 63 0.0317460317460317 1 0.0317460317460317
30128 3 5 2 6 0.666666666666667 0.4 0.333333333333333
30132 163 11 11 163 0.0674846625766871 1 0.0674846625766871
30217 7 1 1 7 0.142857142857143 1 0.142857142857143
30313 2 1 1 2 0.5 1 0.5
30340 15 1 1 15 0.0666666666666667 1 0.0666666666666667
30374 2 1 0 3 0 0 0
30528 1 1 1 1 1 1 1
30653 20 4 2 22 0.1 0.5 0.0909090909090909
30781 39 6 6 39 0.153846153846154 1 0.153846153846154
30795 3 1 1 3 0.333333333333333 1 0.333333333333333
30834 6 2 2 6 0.333333333333333 1 0.333333333333333
30880 9 1 1 9 0.111111111111111 1 0.111111111111111
30913 19 3 1 21 0.0526315789473684 0.333333333333333 0.0476190476190476
30983 1 1 1 1 1 1 1
31065 4 2 0 6 0 0 0
31117 13 3 2 14 0.153846153846154 0.666666666666667 0.142857142857143
31127 4 2 2 4 0.5 1 0.5
31265 1 1 1 1 1 1 1
31283 72 1 1 72 0.0138888888888889 1 0.0138888888888889
31333 8 3 3 8 0.375 1 0.375
3134 2 1 1 2 0.5 1 0.5
31383 26 10 6 30 0.230769230769231 0.6 0.2
3140 1 1 1 1 1 1 1
31424 11 1 1 11 0.0909090909090909 1 0.0909090909090909
31445 28 4 4 28 0.142857142857143 1 0.142857142857143
31458 48 1 1 48 0.0208333333333333 1 0.0208333333333333
31477 64 1 1 64 0.015625 1 0.015625
31479 4 1 1 4 0.25 1 0.25
31529 42 3 2 43 0.0476190476190476 0.666666666666667 0.0465116279069767
31530 8 7 4 11 0.5 0.571428571428571 0.363636363636364
31708 18 5 5 18 0.277777777777778 1 0.277777777777778
32034 6 4 3 7 0.5 0.75 0.428571428571429
3212 54 1 1 54 0.0185185185185185 1 0.0185185185185185
3213 150 10 9 151 0.06 0.9 0.0596026490066225
3221 2 1 1 2 0.5 1 0.5
3224 1 1 1 1 1 1 1
32361 7 2 2 7 0.285714285714286 1 0.285714285714286
3243 14 3 2 15 0.142857142857143 0.666666666666667 0.133333333333333
3248 58 14 9 63 0.155172413793103 0.642857142857143 0.142857142857143
3249 53 10 7 56 0.132075471698113 0.7 0.125
3257 445 172 90 527 0.202247191011236 0.523255813953488 0.170777988614801
3265 41 15 8 48 0.195121951219512 0.533333333333333 0.166666666666667
3267 181 9 9 181 0.0497237569060773 1 0.0497237569060773
3269 97 1 1 97 0.0103092783505155 1 0.0103092783505155
3277 42 1 1 42 0.0238095238095238 1 0.0238095238095238
3292 362 9 6 365 0.0165745856353591 0.666666666666667 0.0164383561643836
32978 2 1 1 2 0.5 1 0.5
33 9 1 0 10 0 0 0
3301 59 5 3 61 0.0508474576271186 0.6 0.0491803278688525
3303 437 15 12 440 0.0274599542334096 0.8 0.0272727272727273
3320 471 12 7 476 0.0148619957537155 0.583333333333333 0.0147058823529412
3327 270 17 16 271 0.0592592592592593 0.941176470588235 0.0590405904059041
3333 152 5 3 154 0.0197368421052632 0.6 0.0194805194805195
33437 3 11 3 11 1 0.272727272727273 0.272727272727273
3344 20 14 6 28 0.3 0.428571428571429 0.214285714285714
3352 61 3 1 63 0.0163934426229508 0.333333333333333 0.0158730158730159
3356 1789 47 41 1795 0.0229178311906093 0.872340425531915 0.0228412256267409
33597 15 1 1 15 0.0666666666666667 1 0.0666666666666667
33843 36 13 8 41 0.222222222222222 0.615384615384615 0.195121951219512
33891 14 6 6 14 0.428571428571429 1 0.428571428571429
34019 13 2 2 13 0.153846153846154 1 0.153846153846154
34081 3 2 2 3 0.666666666666667 1 0.666666666666667
34159 4 1 1 4 0.25 1 0.25
34225 33 4 4 33 0.121212121212121 1 0.121212121212121
34270 39 3 3 39 0.0769230769230769 1 0.0769230769230769
34288 5 2 1 6 0.2 0.5 0.166666666666667
34305 71 2 2 71 0.028169014084507 1 0.028169014084507
34309 34 54 15 73 0.441176470588235 0.277777777777778 0.205479452054795
34313 2 1 1 2 0.5 1 0.5
34419 44 8 5 47 0.113636363636364 0.625 0.106382978723404
34505 3 1 1 3 0.333333333333333 1 0.333333333333333
34549 8 3 1 10 0.125 0.333333333333333 0.1
34631 2 3 1 4 0.5 0.333333333333333 0.25
34763 123 15 7 131 0.0569105691056911 0.466666666666667 0.0534351145038168
34771 3 2 2 3 0.666666666666667 1 0.666666666666667
34997 69 3 3 69 0.0434782608695652 1 0.0434782608695652
35028 36 4 4 36 0.111111111111111 1 0.111111111111111
35070 12 2 2 12 0.166666666666667 1 0.166666666666667
35244 26 16 9 33 0.346153846153846 0.5625 0.272727272727273
35272 3 1 1 3 0.333333333333333 1 0.333333333333333
35292 8 1 0 9 0 0 0
35425 9 1 1 9 0.111111111111111 1 0.111111111111111
35485 4 1 1 4 0.25 1 0.25
3549 1072 81 66 1087 0.0615671641791045 0.814814814814815 0.0607175712971481
35492 4 2 2 4 0.5 1 0.5
3551 1 1 0 2 0 0 0
3557 17 5 5 17 0.294117647058824 1 0.294117647058824
35612 4 2 0 6 0 0 0
35627 4 2 2 4 0.5 1 0.5
35706 15 4 2 17 0.133333333333333 0.5 0.117647058823529
35908 19 1 1 19 0.0526315789473684 1 0.0526315789473684
3597 9 1 1 9 0.111111111111111 1 0.111111111111111
3640 4 1 1 4 0.25 1 0.25
3662 13 3 2 14 0.153846153846154 0.666666666666667 0.142857142857143
36671 3 1 1 3 0.333333333333333 1 0.333333333333333
3676 6 1 1 6 0.166666666666667 1 0.166666666666667
36856 5 2 0 7 0 0 0
36944 3 2 1 4 0.333333333333333 0.5 0.25
36948 2 1 1 2 0.5 1 0.5
3714 4 1 1 4 0.25 1 0.25
3742 23 1 1 23 0.0434782608695652 1 0.0434782608695652
3748 2 1 0 3 0 0 0
376 16 1 1 16 0.0625 1 0.0625
378 2 1 1 2 0.5 1 0.5
3790 4 1 1 4 0.25 1 0.25
38005 2 2 2 2 1 1 1
38018 9 5 5 9 0.555555555555556 1 0.555555555555556
38022 19 6 6 19 0.315789473684211 1 0.315789473684211
38082 12 1 1 12 0.0833333333333333 1 0.0833333333333333
38083 2 1 1 2 0.5 1 0.5
38128 1 1 0 2 0 0 0
38140 2 1 1 2 0.5 1 0.5
3825 1 1 0 2 0 0 0
38299 2 1 1 2 0.5 1 0.5
3836 7 9 3 13 0.428571428571429 0.333333333333333 0.230769230769231
38462 2 1 1 2 0.5 1 0.5
38626 1 1 1 1 1 1 1
38819 2 2 1 3 0.5 0.5 0.333333333333333
38986 2 1 1 2 0.5 1 0.5
39122 7 1 1 7 0.142857142857143 1 0.142857142857143
39211 1 1 1 1 1 1 1
39301 3 2 2 3 0.666666666666667 1 0.666666666666667
393219 1 1 1 1 1 1 1
39326 52 12 8 56 0.153846153846154 0.666666666666667 0.142857142857143
3949 1 1 1 1 1 1 1
39537 1 1 0 2 0 0 0
39854 1 2 1 2 1 0.5 0.5
3999 1 1 1 1 1 1 1
40009 35 4 2 37 0.0571428571428571 0.5 0.0540540540540541
40068 5 1 1 5 0.2 1 0.2
40193 9 2 1 10 0.111111111111111 0.5 0.1
40220 12 3 3 12 0.25 1 0.25
40490 2 2 1 3 0.5 0.5 0.333333333333333
40528 3 2 2 3 0.666666666666667 1 0.666666666666667
41012 27 2 2 27 0.0740740740740741 1 0.0740740740740741
41045 5 1 1 5 0.2 1 0.2
41075 4 1 0 5 0 0 0
41102 1 2 1 2 1 0.5 0.5
4134 94 2 0 96 0 0 0
41670 1 2 0 3 0 0 0
41692 300 76 61 315 0.203333333333333 0.802631578947368 0.193650793650794
41773 1 1 1 1 1 1 1
42 94 2 2 94 0.0212765957446809 1 0.0212765957446809
42096 10 1 1 10 0.1 1 0.1
42689 16 1 1 16 0.0625 1 0.0625
43602 3 1 1 3 0.333333333333333 1 0.333333333333333
43821 26 9 5 30 0.192307692307692 0.555555555555556 0.166666666666667
43950 2 1 0 3 0 0 0
44066 3 1 1 3 0.333333333333333 1 0.333333333333333
44358 1 1 1 1 1 1 1
4436 118 14 13 119 0.110169491525424 0.928571428571429 0.109243697478992
4538 21 7 5 23 0.238095238095238 0.714285714285714 0.217391304347826
4555 1 5 0 6 0 0 0
4557 10 2 2 10 0.2 1 0.2
4589 684 57 54 687 0.0789473684210526 0.947368421052632 0.0786026200873362
4608 4 2 0 6 0 0 0
4618 15 6 1 20 0.0666666666666667 0.166666666666667 0.05
4621 26 3 2 27 0.0769230769230769 0.666666666666667 0.0740740740740741
4635 80 10 8 82 0.1 0.8 0.0975609756097561
4651 31 8 6 33 0.193548387096774 0.75 0.181818181818182
4673 8 1 0 9 0 0 0
4675 6 6 1 11 0.166666666666667 0.166666666666667 0.0909090909090909
4677 6 1 1 6 0.166666666666667 1 0.166666666666667
4678 9 7 3 13 0.333333333333333 0.428571428571429 0.230769230769231
4680 9 6 2 13 0.222222222222222 0.333333333333333 0.153846153846154
4685 10 6 3 13 0.3 0.5 0.230769230769231
4688 3 1 0 4 0 0 0
4691 9 8 3 14 0.333333333333333 0.375 0.214285714285714
4697 3 14 3 14 1 0.214285714285714 0.214285714285714
4702 5 3 0 8 0 0 0
4711 3 1 0 4 0 0 0
4713 97 5 4 98 0.0412371134020619 0.8 0.0408163265306122
4716 72 17 7 82 0.0972222222222222 0.411764705882353 0.0853658536585366
4717 3 1 1 3 0.333333333333333 1 0.333333333333333
4718 4 4 1 7 0.25 0.25 0.142857142857143
4721 12 7 2 17 0.166666666666667 0.285714285714286 0.117647058823529
4725 128 38 14 152 0.109375 0.368421052631579 0.0921052631578947
4739 55 6 5 56 0.0909090909090909 0.833333333333333 0.0892857142857143
4741 10 1 0 11 0 0 0
4747 8 2 0 10 0 0 0
4750 53 3 1 55 0.0188679245283019 0.333333333333333 0.0181818181818182
4755 121 1 1 121 0.00826446280991736 1 0.00826446280991736
4761 55 4 2 57 0.0363636363636364 0.5 0.0350877192982456
4768 24 1 1 24 0.0416666666666667 1 0.0416666666666667
4770 13 3 0 16 0 0 0
4777 36 8 4 40 0.111111111111111 0.5 0.1
4780 26 3 2 27 0.0769230769230769 0.666666666666667 0.0740740740740741
4782 3 1 0 4 0 0 0
4787 7 3 0 10 0 0 0
4788 108 1 1 108 0.00925925925925926 1 0.00925925925925926
4795 46 6 4 48 0.0869565217391304 0.666666666666667 0.0833333333333333
4796 3 1 1 3 0.333333333333333 1 0.333333333333333
4818 5 1 0 6 0 0 0
4829 2 1 1 2 0.5 1 0.5
5050 19 2 2 19 0.105263157894737 1 0.105263157894737
513 44 8 5 47 0.113636363636364 0.625 0.106382978723404
5381 13 3 1 15 0.0769230769230769 0.333333333333333 0.0666666666666667
5385 13 7 3 17 0.230769230769231 0.428571428571429 0.176470588235294
5400 266 4 3 267 0.0112781954887218 0.75 0.0112359550561798
5401 2 1 1 2 0.5 1 0.5
5403 20 2 2 20 0.1 1 0.1
5408 29 3 2 30 0.0689655172413793 0.666666666666667 0.0666666666666667
5410 63 6 3 66 0.0476190476190476 0.5 0.0454545454545455
5413 220 1 1 220 0.00454545454545455 1 0.00454545454545455
5421 3 2 1 4 0.333333333333333 0.5 0.25
5429 12 1 1 12 0.0833333333333333 1 0.0833333333333333
5430 338 23 19 342 0.0562130177514793 0.826086956521739 0.0555555555555556
5459 255 12 12 255 0.0470588235294118 1 0.0470588235294118
5466 73 2 1 74 0.0136986301369863 0.5 0.0135135135135135
5486 37 2 0 39 0 0 0
5511 179 25 19 185 0.106145251396648 0.76 0.102702702702703
553 52 18 14 56 0.269230769230769 0.777777777777778 0.25
5537 26 2 1 27 0.0384615384615385 0.5 0.037037037037037
5539 44 44 19 69 0.431818181818182 0.431818181818182 0.27536231884058
5549 3 2 2 3 0.666666666666667 1 0.666666666666667
5550 4 2 1 5 0.25 0.5 0.2
5568 94 9 7 96 0.074468085106383 0.777777777777778 0.0729166666666667
557 5 1 1 5 0.2 1 0.2
559 59 19 18 60 0.305084745762712 0.947368421052632 0.3
5602 21 4 3 22 0.142857142857143 0.75 0.136363636363636
5609 2 11 1 12 0.5 0.0909090909090909 0.0833333333333333
5617 165 1 1 165 0.00606060606060606 1 0.00606060606060606
5623 1 3 0 4 0 0 0
5645 8 4 0 12 0 0 0
5669 5 2 0 7 0 0 0
57 24 3 3 24 0.125 1 0.125
5707 3 1 1 3 0.333333333333333 1 0.333333333333333
5713 147 2 1 148 0.00680272108843537 0.5 0.00675675675675676
577 116 1 1 116 0.00862068965517241 1 0.00862068965517241
5786 2 1 1 2 0.5 1 0.5
600 28 1 1 28 0.0357142857142857 1 0.0357142857142857
6057 6 2 1 7 0.166666666666667 0.5 0.142857142857143
6062 10 2 0 12 0 0 0
6066 3 1 0 4 0 0 0
6083 34 14 12 36 0.352941176470588 0.857142857142857 0.333333333333333
6106 2 1 1 2 0.5 1 0.5
6122 8 1 1 8 0.125 1 0.125
6140 118 1 0 119 0 0 0
6147 1 7 0 8 0 0 0
6163 12 1 1 12 0.0833333333333333 1 0.0833333333333333
6182 1 1 1 1 1 1 1
6263 3 1 1 3 0.333333333333333 1 0.333333333333333
6342 4 1 0 5 0 0 0
6360 11 3 3 11 0.272727272727273 1 0.272727272727273
6366 3 1 1 3 0.333333333333333 1 0.333333333333333
6435 3 9 1 11 0.333333333333333 0.111111111111111 0.0909090909090909
6453 476 65 56 485 0.117647058823529 0.861538461538462 0.115463917525773
65072 1 1 0 2 0 0 0
6509 43 4 4 43 0.0930232558139535 1 0.0930232558139535
65099 1 1 0 2 0 0 0
6536 18 2 1 19 0.0555555555555556 0.5 0.0526315789473684
65500 5 1 0 6 0 0 0
6619 11 2 1 12 0.0909090909090909 0.5 0.0833333333333333
6629 3 1 1 3 0.333333333333333 1 0.333333333333333
6648 40 1 1 40 0.025 1 0.025
6666 37 21 12 46 0.324324324324324 0.571428571428571 0.260869565217391
6667 460 89 86 463 0.18695652173913 0.966292134831461 0.185745140388769
668 35 6 2 39 0.0571428571428571 0.333333333333333 0.0512820512820513
6695 174 33 29 178 0.166666666666667 0.878787878787879 0.162921348314607
6696 7 3 1 9 0.142857142857143 0.333333333333333 0.111111111111111
6702 14 1 1 14 0.0714285714285714 1 0.0714285714285714
6706 14 4 3 15 0.214285714285714 0.75 0.2
6713 7 1 1 7 0.142857142857143 1 0.142857142857143
6730 606 5 5 606 0.00825082508250825 1 0.00825082508250825
6762 150 29 26 153 0.173333333333333 0.896551724137931 0.169934640522876
6770 43 12 6 49 0.13953488372093 0.5 0.122448979591837
6772 13 4 4 13 0.307692307692308 1 0.307692307692308
6774 85 12 11 86 0.129411764705882 0.916666666666667 0.127906976744186
6775 5 1 1 5 0.2 1 0.2
680 53 14 11 56 0.207547169811321 0.785714285714286 0.196428571428571
6802 7 2 2 7 0.285714285714286 1 0.285714285714286
681 2 1 1 2 0.5 1 0.5
6830 284 36 20 300 0.0704225352112676 0.555555555555556 0.0666666666666667
6881 76 2 2 76 0.0263157894736842 1 0.0263157894736842
6895 5 1 1 5 0.2 1 0.2
6908 80 2 2 80 0.025 1 0.025
6939 778 155 124 809 0.159383033419023 0.8 0.15327564894932
6966 3 2 2 3 0.666666666666667 1 0.666666666666667
6968 4 1 1 4 0.25 1 0.25
701 2781 15 10 2786 0.00359582883854729 0.666666666666667 0.00358937544867193
7018 2100 10 7 2103 0.00333333333333333 0.7 0.00332857822158821
7019 1 1 1 1 1 1 1
7065 19 3 2 20 0.105263157894737 0.666666666666667 0.1
7066 22 3 3 22 0.136363636363636 1 0.136363636363636
719 14 1 0 15 0 0 0
7377 3 1 0 4 0 0 0
7385 166 1 1 166 0.00602409638554217 1 0.00602409638554217
7470 32 1 1 32 0.03125 1 0.03125
7500 69 9 7 71 0.101449275362319 0.777777777777778 0.0985915492957746
7514 24 8 4 28 0.166666666666667 0.5 0.142857142857143
7516 4 1 0 5 0 0 0
7521 6 2 1 7 0.166666666666667 0.5 0.142857142857143
7522 7 7 2 12 0.285714285714286 0.285714285714286 0.166666666666667
7530 2 2 0 4 0 0 0
7539 26 9 8 27 0.307692307692308 0.888888888888889 0.296296296296296
7573 1 1 1 1 1 1 1
7575 472 81 79 474 0.167372881355932 0.975308641975309 0.166666666666667
7588 2 1 1 2 0.5 1 0.5
7594 3 1 0 4 0 0 0
7606 55 3 3 55 0.0545454545454545 1 0.0545454545454545
7610 20 1 0 21 0 0 0
766 18 5 4 19 0.222222222222222 0.8 0.210526315789474
7660 38 19 13 44 0.342105263157895 0.684210526315789 0.295454545454545
7665 2 1 1 2 0.5 1 0.5
7667 6 2 1 7 0.166666666666667 0.5 0.142857142857143
7668 10 1 0 11 0 0 0
7670 21 2 1 22 0.0476190476190476 0.5 0.0454545454545455
7671 3 30 3 30 1 0.1 0.1
7682 11 3 2 12 0.181818181818182 0.666666666666667 0.166666666666667
7687 4 1 1 4 0.25 1 0.25
7693 23 1 1 23 0.0434782608695652 1 0.0434782608695652
7753 6 1 1 6 0.166666666666667 1 0.166666666666667
7781 4 6 1 9 0.25 0.166666666666667 0.111111111111111
7784 32 3 2 33 0.0625 0.666666666666667 0.0606060606060606
7786 7 2 1 8 0.142857142857143 0.5 0.125
786 55 7 5 57 0.0909090909090909 0.714285714285714 0.087719298245614
790 1 2 1 2 1 0.5 0.5
7902 15 1 1 15 0.0666666666666667 1 0.0666666666666667
7908 37 4 2 39 0.0540540540540541 0.5 0.0512820512820513
7949 10 2 0 12 0 0 0
8002 39 3 2 40 0.0512820512820513 0.666666666666667 0.05
8018 2 1 1 2 0.5 1 0.5
81 19 1 1 19 0.0526315789473684 1 0.0526315789473684
8121 43 6 3 46 0.0697674418604651 0.5 0.0652173913043478
8195 22 2 1 23 0.0454545454545455 0.5 0.0434782608695652
8201 6 1 1 6 0.166666666666667 1 0.166666666666667
8220 544 13 9 548 0.0165441176470588 0.692307692307692 0.0164233576642336
8224 9 3 2 10 0.222222222222222 0.666666666666667 0.2
8226 4 2 0 6 0 0 0
8237 6 2 2 6 0.333333333333333 1 0.333333333333333
8246 174 1 0 175 0 0 0
8251 6 1 0 7 0 0 0
8256 1 1 1 1 1 1 1
8267 2 1 1 2 0.5 1 0.5
8282 12 2 1 13 0.0833333333333333 0.5 0.0769230769230769
8299 9 1 0 10 0 0 0
8319 38 12 10 40 0.263157894736842 0.833333333333333 0.25
8330 7 1 0 8 0 0 0
8346 5 2 2 5 0.4 1 0.4
8364 9 1 0 10 0 0 0
8365 121 36 26 131 0.214876033057851 0.722222222222222 0.198473282442748
8368 12 1 1 12 0.0833333333333333 1 0.0833333333333333
8387 15 1 1 15 0.0666666666666667 1 0.0666666666666667
8396 2 1 0 3 0 0 0
8419 218 5 5 218 0.0229357798165138 1 0.0229357798165138
8422 102 10 3 109 0.0294117647058824 0.3 0.0275229357798165
8426 393 13 9 397 0.0229007633587786 0.692307692307692 0.0226700251889169
8442 26 13 9 30 0.346153846153846 0.692307692307692 0.3
8447 371 21 16 376 0.0431266846361186 0.761904761904762 0.0425531914893617
8468 512 6 5 513 0.009765625 0.833333333333333 0.00974658869395711
8469 40 13 10 43 0.25 0.769230769230769 0.232558139534884
8473 27 2 1 28 0.037037037037037 0.5 0.0357142857142857
8481 4 1 0 5 0 0 0
8489 5 2 1 6 0.2 0.5 0.166666666666667
8495 14 3 3 14 0.214285714285714 1 0.214285714285714
8501 34 10 10 34 0.294117647058824 1 0.294117647058824
8508 5 1 1 5 0.2 1 0.2
8517 16 1 1 16 0.0625 1 0.0625
852 144 1 1 144 0.00694444444444444 1 0.00694444444444444
8527 21 2 2 21 0.0952380952380952 1 0.0952380952380952
855 24 1 1 24 0.0416666666666667 1 0.0416666666666667
8560 72 17 14 75 0.194444444444444 0.823529411764706 0.186666666666667
8565 19 2 1 20 0.0526315789473684 0.5 0.05
8586 71 5 4 72 0.0563380281690141 0.8 0.0555555555555556
8591 35 6 3 38 0.0857142857142857 0.5 0.0789473684210526
8657 109 4 2 111 0.018348623853211 0.5 0.018018018018018
8664 12 1 1 12 0.0833333333333333 1 0.0833333333333333
8665 18 12 7 23 0.388888888888889 0.583333333333333 0.304347826086957
8674 64 5 4 65 0.0625 0.8 0.0615384615384615
8708 275 6 5 276 0.0181818181818182 0.833333333333333 0.0181159420289855
8717 84 2 1 85 0.0119047619047619 0.5 0.0117647058823529
8728 1 1 1 1 1 1 1
8737 41 7 5 43 0.121951219512195 0.714285714285714 0.116279069767442
8758 10 2 2 10 0.2 1 0.2
8763 142 39 36 145 0.253521126760563 0.923076923076923 0.248275862068966
8767 67 21 14 74 0.208955223880597 0.666666666666667 0.189189189189189
8781 8 1 0 9 0 0 0
8820 10 4 3 11 0.3 0.75 0.272727272727273
8823 7 1 0 8 0 0 0
8881 346 8 8 346 0.023121387283237 1 0.023121387283237
8895 4 1 0 5 0 0 0
8897 55 11 7 59 0.127272727272727 0.636363636363636 0.11864406779661
8903 13 2 0 15 0 0 0
8943 18 3 3 18 0.166666666666667 1 0.166666666666667
8954 22 6 3 25 0.136363636363636 0.5 0.12
8966 53 1 1 53 0.0188679245283019 1 0.0188679245283019
8970 2 1 1 2 0.5 1 0.5
8978 4 2 1 5 0.25 0.5 0.2
9009 218 50 34 234 0.155963302752294 0.68 0.145299145299145
9080 9 2 1 10 0.111111111111111 0.5 0.1
9112 8 1 1 8 0.125 1 0.125
9150 29 3 3 29 0.103448275862069 1 0.103448275862069
9153 42 6 5 43 0.119047619047619 0.833333333333333 0.116279069767442
9162 2 1 1 2 0.5 1 0.5
9264 22 35 6 51 0.272727272727273 0.171428571428571 0.117647058823529
9270 26 3 2 27 0.0769230769230769 0.666666666666667 0.0740740740740741
9293 13 1 1 13 0.0769230769230769 1 0.0769230769230769
9299 44 2 1 45 0.0227272727272727 0.5 0.0222222222222222
9316 36 1 1 36 0.0277777777777778 1 0.0277777777777778
9340 4 3 2 5 0.5 0.666666666666667 0.4
9367 3 1 1 3 0.333333333333333 1 0.333333333333333
9406 2 2 1 3 0.5 0.5 0.333333333333333
9433 2 1 1 2 0.5 1 0.5
9505 116 2 2 116 0.0172413793103448 1 0.0172413793103448
9534 4 1 1 4 0.25 1 0.25
9541 5 1 0 6 0 0 0
9543 3 1 1 3 0.333333333333333 1 0.333333333333333
9555 4 1 0 5 0 0 0
9583 36 1 0 37 0 0 0
9584 7 1 1 7 0.142857142857143 1 0.142857142857143
9595 11 2 2 11 0.181818181818182 1 0.181818181818182
9600 7 8 2 13 0.285714285714286 0.25 0.153846153846154
9607 9 1 0 10 0 0 0
9612 1 1 0 2 0 0 0
9621 3 7 1 9 0.333333333333333 0.142857142857143 0.111111111111111
9622 9 1 1 9 0.111111111111111 1 0.111111111111111
9700 6 2 1 7 0.166666666666667 0.5 0.142857142857143
9701 2 1 0 3 0 0 0
9737 4 1 1 4 0.25 1 0.25
9758 1 1 0 2 0 0 0
9794 4 1 1 4 0.25 1 0.25
9800 33 1 0 34 0 0 0
9821 3 1 1 3 0.333333333333333 1 0.333333333333333
9835 4 2 1 5 0.25 0.5 0.2
9875 3 1 1 3 0.333333333333333 1 0.333333333333333
9901 20 4 2 22 0.1 0.5 0.0909090909090909
9919 21 1 0 22 0 0 0
9930 19 1 1 19 0.0526315789473684 1 0.0526315789473684
9931 25 1 1 25 0.04 1 0.04
9995 3 2 2 3 0.666666666666667 1 0.666666666666667
