#ASN num_v4adj num_v6adj num_intersect(v4v6adj) num_union(adj) fr_v4(num_intersect/num_v4adj) fr_v6(num_intersect/num_v6adj) fr_intersect(num_intersect/num_union)
10013 3 9 1 11 0.333333333333333 0.111111111111111 0.0909090909090909
10015 13 1 0 14 0 0 0
10204 5 2 1 6 0.2 0.5 0.166666666666667
10318 3 3 0 6 0 0 0
10343 2 1 1 2 0.5 1 0.5
10429 18 2 1 19 0.0555555555555556 0.5 0.0526315789473684
10764 13 2 2 13 0.153846153846154 1 0.153846153846154
109 9 26 1 34 0.111111111111111 0.0384615384615385 0.0294117647058824
1103 146 38 33 151 0.226027397260274 0.868421052631579 0.218543046357616
11340 5 1 0 6 0 0 0
11537 76 28 26 78 0.342105263157895 0.928571428571429 0.333333333333333
1200 27 8 6 29 0.222222222222222 0.75 0.206896551724138
1205 1 1 0 2 0 0 0
12111 24 1 1 24 0.0416666666666667 1 0.0416666666666667
1213 5 4 3 6 0.6 0.75 0.5
12199 1 2 0 3 0 0 0
1221 90 4 1 93 0.0111111111111111 0.25 0.010752688172043
12337 25 9 5 29 0.2 0.555555555555556 0.172413793103448
12353 4 3 1 6 0.25 0.333333333333333 0.166666666666667
12355 3 2 0 5 0 0 0
1237 33 3 2 34 0.0606060606060606 0.666666666666667 0.0588235294117647
12371 2 1 0 3 0 0 0
12401 8 6 1 13 0.125 0.166666666666667 0.0769230769230769
12414 29 10 8 31 0.275862068965517 0.8 0.258064516129032
1248 5 2 0 7 0 0 0
1251 5 4 1 8 0.2 0.25 0.125
12533 2 5 1 6 0.5 0.2 0.166666666666667
12558 12 3 1 14 0.0833333333333333 0.333333333333333 0.0714285714285714
12565 4 5 0 9 0 0 0
1257 176 6 1 181 0.00568181818181818 0.166666666666667 0.00552486187845304
12600 8 1 1 8 0.125 1 0.125
12611 26 8 6 28 0.230769230769231 0.75 0.214285714285714
12634 27 12 7 32 0.259259259259259 0.583333333333333 0.21875
12638 2 3 0 5 0 0 0
12657 1 2 1 2 1 0.5 0.5
1273 276 13 12 277 0.0434782608695652 0.923076923076923 0.0433212996389892
12731 35 9 5 39 0.142857142857143 0.555555555555556 0.128205128205128
12732 13 3 2 14 0.153846153846154 0.666666666666667 0.142857142857143
12767 6 1 0 7 0 0 0
12779 60 15 7 68 0.116666666666667 0.466666666666667 0.102941176470588
12793 170 8 5 173 0.0294117647058824 0.625 0.0289017341040462
12817 2 1 1 2 0.5 1 0.5
12853 1 8 1 8 1 0.125 0.125
12859 235 57 51 241 0.217021276595745 0.894736842105263 0.211618257261411
12871 25 14 7 32 0.28 0.5 0.21875
12902 32 11 7 36 0.21875 0.636363636363636 0.194444444444444
12931 2 1 1 2 0.5 1 0.5
12956 237 4 4 237 0.0168776371308017 1 0.0168776371308017
12968 55 7 2 60 0.0363636363636364 0.285714285714286 0.0333333333333333
1299 305 16 12 309 0.039344262295082 0.75 0.0388349514563107
13 3 1 1 3 0.333333333333333 1 0.333333333333333
13039 2 1 1 2 0.5 1 0.5
13046 20 1 1 20 0.05 1 0.05
13058 2 2 0 4 0 0 0
13092 3 1 1 3 0.333333333333333 1 0.333333333333333
13110 4 10 1 13 0.25 0.1 0.0769230769230769
13129 121 1 1 121 0.00826446280991736 1 0.00826446280991736
13189 19 1 1 19 0.0526315789473684 1 0.0526315789473684
13193 24 11 3 32 0.125 0.272727272727273 0.09375
13272 1 1 1 1 1 1 1
13285 34 1 0 35 0 0 0
13300 1 1 1 1 1 1 1
13645 12 2 0 14 0 0 0
137 9 3 1 11 0.111111111111111 0.333333333333333 0.0909090909090909
13944 3 14 0 17 0 0 0
14277 10 9 2 17 0.2 0.222222222222222 0.117647058823529
145 8 11 0 19 0 0 0
14654 2 1 0 3 0 0 0
15180 6 4 0 10 0 0 0
15440 5 2 0 7 0 0 0
15444 257 23 18 262 0.0700389105058366 0.782608695652174 0.0687022900763359
15450 4 3 0 7 0 0 0
15469 1 1 0 2 0 0 0
15498 9 3 0 12 0 0 0
15557 48 1 0 49 0 0 0
15589 39 22 3 58 0.0769230769230769 0.136363636363636 0.0517241379310345
15600 35 6 5 36 0.142857142857143 0.833333333333333 0.138888888888889
15623 17 4 2 19 0.117647058823529 0.5 0.105263157894737
15685 11 1 1 11 0.0909090909090909 1 0.0909090909090909
15703 137 14 10 141 0.072992700729927 0.714285714285714 0.0709219858156028
15717 44 5 3 46 0.0681818181818182 0.6 0.0652173913043478
15897 1 2 0 3 0 0 0
16004 8 4 1 11 0.125 0.25 0.0909090909090909
16023 4 2 0 6 0 0 0
16034 24 6 2 28 0.0833333333333333 0.333333333333333 0.0714285714285714
16086 23 5 3 25 0.130434782608696 0.6 0.12
16091 2 1 0 3 0 0 0
16131 27 4 1 30 0.037037037037037 0.25 0.0333333333333333
16186 7 5 1 11 0.142857142857143 0.2 0.0909090909090909
16215 9 4 3 10 0.333333333333333 0.75 0.3
16237 24 4 2 26 0.0833333333333333 0.5 0.0769230769230769
16245 12 3 2 13 0.166666666666667 0.666666666666667 0.153846153846154
16260 22 4 1 25 0.0454545454545455 0.25 0.04
16265 31 1 1 31 0.032258064516129 1 0.032258064516129
1653 28 2 2 28 0.0714285714285714 1 0.0714285714285714
16531 7 1 0 8 0 0 0
1659 14 2 1 15 0.0714285714285714 0.5 0.0666666666666667
16713 22 4 3 23 0.136363636363636 0.75 0.130434782608696
16838 7 2 0 9 0 0 0
17263 4 1 0 5 0 0 0
1741 10 2 2 10 0.2 1 0.2
17511 8 3 1 10 0.125 0.333333333333333 0.1
17527 4 7 2 9 0.5 0.285714285714286 0.222222222222222
17529 5 1 0 6 0 0 0
17579 7 6 6 7 0.857142857142857 1 0.857142857142857
1759 14 1 0 15 0 0 0
17709 11 1 0 12 0 0 0
17828 2 1 0 3 0 0 0
17832 6 11 0 17 0 0 0
17934 2 2 1 3 0.5 0.5 0.333333333333333
17935 1 1 0 2 0 0 0
1797 1 2 0 3 0 0 0
1798 4 3 0 7 0 0 0
18181 2 1 1 2 0.5 1 0.5
18185 5 2 2 5 0.4 1 0.4
1835 7 3 2 8 0.285714285714286 0.666666666666667 0.25
1853 91 16 13 94 0.142857142857143 0.8125 0.138297872340426
18592 21 2 2 21 0.0952380952380952 1 0.0952380952380952
18666 2 1 0 3 0 0 0
1897 10 2 1 11 0.1 0.5 0.0909090909090909
1916 16 7 2 21 0.125 0.285714285714286 0.0952380952380952
1930 6 14 2 18 0.333333333333333 0.142857142857143 0.111111111111111
195 9 1 1 9 0.111111111111111 1 0.111111111111111
1955 10 3 1 12 0.1 0.333333333333333 0.0833333333333333
19782 7 1 1 7 0.142857142857143 1 0.142857142857143
20080 11 2 2 11 0.181818181818182 1 0.181818181818182
2042 11 9 1 19 0.0909090909090909 0.111111111111111 0.0526315789473684
2044 14 1 0 15 0 0 0
20473 7 1 0 8 0 0 0
20495 86 8 5 89 0.0581395348837209 0.625 0.0561797752808989
20569 5 2 1 6 0.2 0.5 0.166666666666667
20612 3 1 0 4 0 0 0
20621 2 2 2 2 1 1 1
20646 50 13 11 52 0.22 0.846153846153846 0.211538461538462
20704 15 3 2 16 0.133333333333333 0.666666666666667 0.125
20712 5 1 0 6 0 0 0
20718 25 6 3 28 0.12 0.5 0.107142857142857
20745 2 5 0 7 0 0 0
20794 3 3 1 5 0.333333333333333 0.333333333333333 0.2
20834 35 5 1 39 0.0285714285714286 0.2 0.0256410256410256
20847 42 12 9 45 0.214285714285714 0.75 0.2
209 1116 1 1 1116 0.000896057347670251 1 0.000896057347670251
20900 2 1 0 3 0 0 0
20912 2 2 0 4 0 0 0
20965 41 32 32 41 0.780487804878049 1 0.780487804878049
210 9 1 1 9 0.111111111111111 1 0.111111111111111
2107 1 1 1 1 1 1 1
2108 1 1 1 1 1 1 1
2110 36 8 4 40 0.111111111111111 0.5 0.1
21119 8 2 0 10 0 0 0
21155 39 16 9 46 0.230769230769231 0.5625 0.195652173913043
21193 3 1 0 4 0 0 0
21221 26 11 7 30 0.269230769230769 0.636363636363636 0.233333333333333
2128 2 1 1 2 0.5 1 0.5
21385 27 9 6 30 0.222222222222222 0.666666666666667 0.2
21398 23 2 0 25 0 0 0
2153 19 2 2 19 0.105263157894737 1 0.105263157894737
2200 42 5 3 44 0.0714285714285714 0.6 0.0681818181818182
22166 2 1 0 3 0 0 0
22335 26 2 1 27 0.0384615384615385 0.5 0.037037037037037
224 7 3 2 8 0.285714285714286 0.666666666666667 0.25
22548 4 1 0 5 0 0 0
226 17 1 1 17 0.0588235294117647 1 0.0588235294117647
23393 27 3 1 29 0.037037037037037 0.333333333333333 0.0344827586206897
23774 3 2 1 4 0.333333333333333 0.5 0.25
23787 1 1 1 1 1 1 1
23789 1 1 0 2 0 0 0
2381 21 1 1 21 0.0476190476190476 1 0.0476190476190476
23910 2 1 1 2 0.5 1 0.5
23911 2 2 1 3 0.5 0.5 0.333333333333333
23912 1 1 0 2 0 0 0
24 7 2 2 7 0.285714285714286 1 0.285714285714286
24587 39 13 8 44 0.205128205128205 0.615384615384615 0.181818181818182
24723 2 1 0 3 0 0 0
24730 35 6 3 38 0.0857142857142857 0.5 0.0789473684210526
24776 5 2 1 6 0.2 0.5 0.166666666666667
2486 9 1 1 9 0.111111111111111 1 0.111111111111111
24875 54 10 6 58 0.111111111111111 0.6 0.103448275862069
2497 203 54 37 220 0.182266009852217 0.685185185185185 0.168181818181818
24973 2 1 1 2 0.5 1 0.5
250 2 1 0 3 0 0 0
2500 33 48 14 67 0.424242424242424 0.291666666666667 0.208955223880597
2510 13 7 3 17 0.230769230769231 0.428571428571429 0.176470588235294
25108 12 2 1 13 0.0833333333333333 0.5 0.0769230769230769
25137 38 6 3 41 0.0789473684210526 0.5 0.0731707317073171
2514 18 5 5 18 0.277777777777778 1 0.277777777777778
25152 27 5 4 28 0.148148148148148 0.8 0.142857142857143
2516 300 43 31 312 0.103333333333333 0.720930232558139 0.0993589743589744
2518 60 9 5 64 0.0833333333333333 0.555555555555556 0.078125
2519 24 2 0 26 0 0 0
25208 7 3 0 10 0 0 0
2523 5 1 0 6 0 0 0
25232 153 10 8 155 0.0522875816993464 0.8 0.0516129032258065
2527 9 8 3 14 0.333333333333333 0.375 0.214285714285714
25358 12 11 1 22 0.0833333333333333 0.0909090909090909 0.0454545454545455
25384 7 3 1 9 0.142857142857143 0.333333333333333 0.111111111111111
2549 2 4 0 6 0 0 0
25492 20 3 1 22 0.05 0.333333333333333 0.0454545454545455
25538 2 1 0 3 0 0 0
25560 103 10 8 105 0.0776699029126214 0.8 0.0761904761904762
2586 5 3 0 8 0 0 0
2594 8 1 1 8 0.125 1 0.125
2595 3 2 1 4 0.333333333333333 0.5 0.25
2602 2 3 1 4 0.5 0.333333333333333 0.25
2603 26 10 6 30 0.230769230769231 0.6 0.2
2607 47 5 2 50 0.0425531914893617 0.4 0.04
2609 3 1 0 4 0 0 0
2611 39 9 7 41 0.179487179487179 0.777777777777778 0.170731707317073
2614 10 2 1 11 0.1 0.5 0.0909090909090909
26415 14 2 0 16 0 0 0
27552 4 1 1 4 0.25 1 0.25
278 8 7 1 14 0.125 0.142857142857143 0.0714285714285714
2819 15 3 0 18 0 0 0
2847 2 3 1 4 0.5 0.333333333333333 0.25
2852 7 3 3 7 0.428571428571429 1 0.428571428571429
28716 24 3 1 26 0.0416666666666667 0.333333333333333 0.0384615384615385
28747 182 2 2 182 0.010989010989011 1 0.010989010989011
28788 36 3 3 36 0.0833333333333333 1 0.0833333333333333
28855 7 3 2 8 0.285714285714286 0.666666666666667 0.25
2895 4 1 1 4 0.25 1 0.25
2905 26 2 1 27 0.0384615384615385 0.5 0.037037037037037
2907 57 6 4 59 0.0701754385964912 0.666666666666667 0.0677966101694915
2914 731 102 57 776 0.0779753761969904 0.558823529411765 0.0734536082474227
2915 34 8 3 39 0.0882352941176471 0.375 0.0769230769230769
29188 7 1 0 8 0 0 0
29208 10 1 0 11 0 0 0
29216 1 3 1 3 1 0.333333333333333 0.333333333333333
29243 2 2 2 2 1 1 1
29259 5 3 2 6 0.4 0.666666666666667 0.333333333333333
293 114 21 11 124 0.0964912280701754 0.523809523809524 0.0887096774193548
29317 1 2 1 2 1 0.5 0.5
29377 1 7 0 8 0 0 0
29422 5 1 1 5 0.2 1 0.2
29449 3 5 2 6 0.666666666666667 0.4 0.333333333333333
29629 8 1 1 8 0.125 1 0.125
29670 2 3 1 4 0.5 0.333333333333333 0.25
29686 226 51 44 233 0.194690265486726 0.862745098039216 0.188841201716738
29838 8 4 1 11 0.125 0.25 0.0909090909090909
3 4 1 0 5 0 0 0
30071 3 30 3 30 1 0.1 0.1
30653 12 2 0 14 0 0 0
30726 8 1 0 9 0 0 0
31079 1 2 0 3 0 0 0
31103 2 5 0 7 0 0 0
3130 20 1 1 20 0.05 1 0.05
31383 15 8 6 17 0.4 0.75 0.352941176470588
31459 4 2 0 6 0 0 0
31479 2 1 1 2 0.5 1 0.5
31508 22 5 3 24 0.136363636363636 0.6 0.125
31968 1 1 0 2 0 0 0
3212 27 1 0 28 0 0 0
3221 1 2 1 2 1 0.5 0.5
3243 12 4 1 15 0.0833333333333333 0.25 0.0666666666666667
32459 3 1 1 3 0.333333333333333 1 0.333333333333333
3246 374 35 31 378 0.0828877005347594 0.885714285714286 0.082010582010582
3248 8 6 2 12 0.25 0.333333333333333 0.166666666666667
3249 27 4 1 30 0.037037037037037 0.25 0.0333333333333333
3257 266 127 47 346 0.176691729323308 0.37007874015748 0.135838150289017
3265 62 17 11 68 0.17741935483871 0.647058823529412 0.161764705882353
3274 3 4 0 7 0 0 0
3292 281 7 6 282 0.0213523131672598 0.857142857142857 0.0212765957446809
33 8 13 3 18 0.375 0.230769230769231 0.166666666666667
3301 27 2 1 28 0.037037037037037 0.5 0.0357142857142857
3303 547 25 22 550 0.0402193784277879 0.88 0.04
3320 310 20 8 322 0.0258064516129032 0.4 0.0248447204968944
3327 14 7 2 19 0.142857142857143 0.285714285714286 0.105263157894737
3333 131 24 22 133 0.16793893129771 0.916666666666667 0.165413533834586
3344 50 11 2 59 0.04 0.181818181818182 0.0338983050847458
3352 58 4 1 61 0.0172413793103448 0.25 0.0163934426229508
3549 639 39 28 650 0.0438184663536776 0.717948717948718 0.0430769230769231
3557 83 12 9 86 0.108433734939759 0.75 0.104651162790698
3582 4 4 0 8 0 0 0
3597 8 1 1 8 0.125 1 0.125
3662 12 1 1 12 0.0833333333333333 1 0.0833333333333333
3741 156 1 0 157 0 0 0
3748 2 5 1 6 0.5 0.2 0.166666666666667
3758 31 6 0 37 0 0 0
376 12 1 1 12 0.0833333333333333 1 0.0833333333333333
3776 8 2 0 10 0 0 0
378 2 1 1 2 0.5 1 0.5
3786 302 3 1 304 0.0033112582781457 0.333333333333333 0.00328947368421053
3825 1 1 0 2 0 0 0
3836 7 3 0 10 0 0 0
4134 69 2 1 70 0.0144927536231884 0.5 0.0142857142857143
42 28 1 1 28 0.0357142857142857 1 0.0357142857142857
4436 91 4 3 92 0.032967032967033 0.75 0.0326086956521739
4538 16 12 5 23 0.3125 0.416666666666667 0.217391304347826
4555 1 13 0 14 0 0 0
4589 443 27 22 448 0.0496613995485327 0.814814814814815 0.0491071428571429
4608 3 1 1 3 0.333333333333333 1 0.333333333333333
4618 9 8 0 17 0 0 0
4621 25 1 1 25 0.04 1 0.04
4645 18 1 1 18 0.0555555555555556 1 0.0555555555555556
4651 26 2 0 28 0 0 0
4673 7 1 0 8 0 0 0
4675 5 7 2 10 0.4 0.285714285714286 0.2
4677 4 9 2 11 0.5 0.222222222222222 0.181818181818182
4678 5 9 2 12 0.4 0.222222222222222 0.166666666666667
4680 8 7 2 13 0.25 0.285714285714286 0.153846153846154
4685 7 9 3 13 0.428571428571429 0.333333333333333 0.230769230769231
4688 10 8 3 15 0.3 0.375 0.2
4691 8 14 3 19 0.375 0.214285714285714 0.157894736842105
4694 80 2 2 80 0.025 1 0.025
4697 1 23 1 23 1 0.0434782608695652 0.0434782608695652
4702 5 5 2 8 0.4 0.4 0.25
4713 83 2 2 83 0.0240963855421687 1 0.0240963855421687
4716 89 44 14 119 0.157303370786517 0.318181818181818 0.117647058823529
4717 4 3 2 5 0.5 0.666666666666667 0.4
4718 3 6 1 8 0.333333333333333 0.166666666666667 0.125
4721 7 6 0 13 0 0 0
4725 95 40 5 130 0.0526315789473684 0.125 0.0384615384615385
4736 14 1 1 14 0.0714285714285714 1 0.0714285714285714
4741 4 1 0 5 0 0 0
4747 8 1 0 9 0 0 0
4750 33 1 0 34 0 0 0
4774 5 3 2 6 0.4 0.666666666666667 0.333333333333333
4777 28 7 5 30 0.178571428571429 0.714285714285714 0.166666666666667
4780 27 1 1 27 0.037037037037037 1 0.037037037037037
4788 68 3 2 69 0.0294117647058824 0.666666666666667 0.0289855072463768
4795 14 2 0 16 0 0 0
5050 10 1 1 10 0.1 1 0.1
513 35 5 3 37 0.0857142857142857 0.6 0.0810810810810811
5381 14 3 0 17 0 0 0
5385 10 6 2 14 0.2 0.333333333333333 0.142857142857143
5397 6 1 0 7 0 0 0
5408 31 9 2 38 0.0645161290322581 0.222222222222222 0.0526315789473684
5410 38 5 1 42 0.0263157894736842 0.2 0.0238095238095238
5417 160 26 23 163 0.14375 0.884615384615385 0.141104294478528
5418 7 2 2 7 0.285714285714286 1 0.285714285714286
5424 9 10 1 18 0.111111111111111 0.1 0.0555555555555556
5430 52 10 4 58 0.0769230769230769 0.4 0.0689655172413793
5459 163 4 4 163 0.0245398773006135 1 0.0245398773006135
5466 53 1 0 54 0 0 0
5486 24 2 0 26 0 0 0
5511 189 40 13 216 0.0687830687830688 0.325 0.0601851851851852
553 31 9 7 33 0.225806451612903 0.777777777777778 0.212121212121212
5539 31 38 11 58 0.354838709677419 0.289473684210526 0.189655172413793
5550 1 1 1 1 1 1 1
5568 69 3 3 69 0.0434782608695652 1 0.0434782608695652
559 44 17 12 49 0.272727272727273 0.705882352941177 0.244897959183673
5602 16 5 3 18 0.1875 0.6 0.166666666666667
5609 2 18 0 20 0 0 0
5617 76 4 0 80 0 0 0
5623 1 4 0 5 0 0 0
5669 74 4 3 75 0.0405405405405405 0.75 0.04
5693 8 3 2 9 0.25 0.666666666666667 0.222222222222222
6062 9 2 0 11 0 0 0
6066 4 1 0 5 0 0 0
6163 8 2 0 10 0 0 0
6342 4 3 0 7 0 0 0
6360 9 1 1 9 0.111111111111111 1 0.111111111111111
6435 3 23 0 26 0 0 0
6453 271 14 12 273 0.044280442804428 0.857142857142857 0.043956043956044
6461 598 10 9 599 0.0150501672240803 0.9 0.015025041736227
6509 37 6 5 38 0.135135135135135 0.833333333333333 0.131578947368421
6619 11 1 1 11 0.0909090909090909 1 0.0909090909090909
6661 25 2 1 26 0.04 0.5 0.0384615384615385
6666 28 5 1 32 0.0357142857142857 0.2 0.03125
6667 391 45 43 393 0.10997442455243 0.955555555555556 0.10941475826972
6677 10 1 0 11 0 0 0
668 42 8 3 47 0.0714285714285714 0.375 0.0638297872340425
6695 70 1 1 70 0.0142857142857143 1 0.0142857142857143
6696 19 9 2 26 0.105263157894737 0.222222222222222 0.0769230769230769
6706 3 2 1 4 0.333333333333333 0.5 0.25
6722 1 1 0 2 0 0 0
6730 192 7 6 193 0.03125 0.857142857142857 0.0310880829015544
6772 8 3 2 9 0.25 0.666666666666667 0.222222222222222
680 49 13 6 56 0.122448979591837 0.461538461538462 0.107142857142857
6830 75 91 21 145 0.28 0.230769230769231 0.144827586206897
6895 35 1 1 35 0.0285714285714286 1 0.0285714285714286
6939 402 45 12 435 0.0298507462686567 0.266666666666667 0.0275862068965517
7018 1944 4 2 1946 0.00102880658436214 0.5 0.00102774922918808
7065 9 1 1 9 0.111111111111111 1 0.111111111111111
71 10 2 0 12 0 0 0
7500 68 4 3 69 0.0441176470588235 0.75 0.0434782608695652
7514 17 9 5 21 0.294117647058824 0.555555555555556 0.238095238095238
7516 6 1 0 7 0 0 0
7521 4 3 1 6 0.25 0.333333333333333 0.166666666666667
7522 4 5 2 7 0.5 0.4 0.285714285714286
7530 3 2 0 5 0 0 0
7539 21 4 3 22 0.142857142857143 0.75 0.136363636363636
7570 8 2 1 9 0.125 0.5 0.111111111111111
7575 47 4 4 47 0.0851063829787234 1 0.0851063829787234
7580 1 4 0 5 0 0 0
7610 25 3 2 26 0.08 0.666666666666667 0.0769230769230769
7623 10 2 1 11 0.1 0.5 0.0909090909090909
766 13 3 3 13 0.230769230769231 1 0.230769230769231
7660 29 32 15 46 0.517241379310345 0.46875 0.326086956521739
7665 2 1 1 2 0.5 1 0.5
7667 3 6 3 6 1 0.5 0.5
7668 7 1 1 7 0.142857142857143 1 0.142857142857143
7670 12 1 1 12 0.0833333333333333 1 0.0833333333333333
7671 4 37 3 38 0.75 0.0810810810810811 0.0789473684210526
7682 10 2 1 11 0.1 0.5 0.0909090909090909
7687 4 2 1 5 0.25 0.5 0.2
7786 5 1 0 6 0 0 0
786 36 13 3 46 0.0833333333333333 0.230769230769231 0.0652173913043478
790 2 6 1 7 0.5 0.166666666666667 0.142857142857143
8002 22 3 0 25 0 0 0
8070 1 1 0 2 0 0 0
81 10 2 0 12 0 0 0
8121 71 5 3 73 0.0422535211267606 0.6 0.0410958904109589
8220 592 8 6 594 0.0101351351351351 0.75 0.0101010101010101
8237 8 4 0 12 0 0 0
8251 134 1 1 134 0.00746268656716418 1 0.00746268656716418
8267 1 3 0 4 0 0 0
8319 27 3 2 28 0.0740740740740741 0.666666666666667 0.0714285714285714
8330 4 3 1 6 0.25 0.333333333333333 0.166666666666667
8419 19 1 0 20 0 0 0
8426 207 1 0 208 0 0 0
8447 74 14 5 83 0.0675675675675676 0.357142857142857 0.0602409638554217
8469 26 6 4 28 0.153846153846154 0.666666666666667 0.142857142857143
8472 49 8 3 54 0.0612244897959184 0.375 0.0555555555555556
8501 27 4 4 27 0.148148148148148 1 0.148148148148148
8514 39 5 1 43 0.0256410256410256 0.2 0.0232558139534884
8517 15 1 1 15 0.0666666666666667 1 0.0666666666666667
8554 7 1 1 7 0.142857142857143 1 0.142857142857143
8560 47 12 8 51 0.170212765957447 0.666666666666667 0.156862745098039
8565 7 1 0 8 0 0 0
8591 15 4 2 17 0.133333333333333 0.5 0.117647058823529
8657 59 4 2 61 0.0338983050847458 0.5 0.0327868852459016
8664 14 4 1 17 0.0714285714285714 0.25 0.0588235294117647
8665 3 2 1 4 0.333333333333333 0.5 0.25
8674 37 1 1 37 0.027027027027027 1 0.027027027027027
8676 6 2 0 8 0 0 0
8708 119 8 5 122 0.0420168067226891 0.625 0.040983606557377
8728 1 1 1 1 1 1 1
8737 34 8 4 38 0.117647058823529 0.5 0.105263157894737
8758 6 4 0 10 0 0 0
8763 109 21 18 112 0.165137614678899 0.857142857142857 0.160714285714286
8767 19 3 2 20 0.105263157894737 0.666666666666667 0.1
8781 3 1 1 3 0.333333333333333 1 0.333333333333333
8823 4 1 1 4 0.25 1 0.25
8881 77 1 1 77 0.012987012987013 1 0.012987012987013
8903 25 4 0 29 0 0 0
8921 1 2 0 3 0 0 0
8925 3 1 0 4 0 0 0
8943 7 2 1 8 0.142857142857143 0.5 0.125
8954 21 25 5 41 0.238095238095238 0.2 0.121951219512195
8966 28 1 1 28 0.0357142857142857 1 0.0357142857142857
8970 2 1 1 2 0.5 1 0.5
8973 5 1 0 6 0 0 0
8975 56 2 1 57 0.0178571428571429 0.5 0.0175438596491228
9044 84 1 1 84 0.0119047619047619 1 0.0119047619047619
9080 6 1 0 7 0 0 0
9112 2 7 1 8 0.5 0.142857142857143 0.125
9150 24 2 1 25 0.0416666666666667 0.5 0.04
9186 22 1 0 23 0 0 0
9196 5 1 0 6 0 0 0
9264 57 26 11 72 0.192982456140351 0.423076923076923 0.152777777777778
9270 37 9 6 40 0.162162162162162 0.666666666666667 0.15
9316 19 1 0 20 0 0 0
9407 2 4 2 4 1 0.5 0.5
9416 15 1 0 16 0 0 0
9505 44 2 1 45 0.0227272727272727 0.5 0.0222222222222222
9583 15 1 0 16 0 0 0
9595 7 4 2 9 0.285714285714286 0.5 0.222222222222222
9600 6 10 2 14 0.333333333333333 0.2 0.142857142857143
9607 8 3 0 11 0 0 0
9612 2 3 0 5 0 0 0
9619 2 2 2 2 1 1 1
9621 3 7 1 9 0.333333333333333 0.142857142857143 0.111111111111111
9622 8 1 1 8 0.125 1 0.125
9687 2 1 1 2 0.5 1 0.5
9701 3 1 0 4 0 0 0
9758 1 1 0 2 0 0 0
9821 4 1 1 4 0.25 1 0.25
9844 1 1 0 2 0 0 0
