#ASN num_v4adj num_v6adj num_intersect(v4v6adj) num_union(adj) fr_v4(num_intersect/num_v4adj) fr_v6(num_intersect/num_v6adj) fr_intersect(num_intersect/num_union)
10013 2 1 1 2 0.5 1 0.5
10015 10 1 0 11 0 0 0
10026 398 3 1 400 0.00251256281407035 0.333333333333333 0.0025
101 32 8 7 33 0.21875 0.875 0.212121212121212
10148 1 2 1 2 1 0.5 0.5
102 3 1 1 3 0.333333333333333 1 0.333333333333333
10204 3 5 1 7 0.333333333333333 0.2 0.142857142857143
10217 24 1 1 24 0.0416666666666667 1 0.0416666666666667
10318 3 1 0 4 0 0 0
10343 2 1 1 2 0.5 1 0.5
10405 3 1 0 4 0 0 0
10429 82 2 2 82 0.024390243902439 1 0.024390243902439
10466 28 3 3 28 0.107142857142857 1 0.107142857142857
10490 30 3 2 31 0.0666666666666667 0.666666666666667 0.0645161290322581
10533 1 3 1 3 1 0.333333333333333 0.333333333333333
10569 1 1 1 1 1 1 1
10578 25 3 3 25 0.12 1 0.12
10745 2 8 0 10 0 0 0
10778 6 1 1 6 0.166666666666667 1 0.166666666666667
10782 2 1 1 2 0.5 1 0.5
10886 35 21 9 47 0.257142857142857 0.428571428571429 0.191489361702128
109 17 4 0 21 0 0 0
1101 1 1 1 1 1 1 1
1103 192 66 62 196 0.322916666666667 0.939393939393939 0.316326530612245
111 2 2 1 3 0.5 0.5 0.333333333333333
11170 2 2 0 4 0 0 0
1120 13 2 0 15 0 0 0
1125 3 3 3 3 1 1 1
1126 39 11 7 43 0.179487179487179 0.636363636363636 0.162790697674419
11274 9 3 3 9 0.333333333333333 1 0.333333333333333
11279 2 1 1 2 0.5 1 0.5
11317 7 4 4 7 0.571428571428571 1 0.571428571428571
11340 8 1 1 8 0.125 1 0.125
1140 28 8 5 31 0.178571428571429 0.625 0.161290322580645
11404 40 3 3 40 0.075 1 0.075
11457 11 1 0 12 0 0 0
11508 3 1 1 3 0.333333333333333 1 0.333333333333333
11537 119 51 43 127 0.361344537815126 0.843137254901961 0.338582677165354
11588 5 1 1 5 0.2 1 0.2
11590 8 1 0 9 0 0 0
11666 8 5 2 11 0.25 0.4 0.181818181818182
11694 2 1 1 2 0.5 1 0.5
11734 4 1 0 5 0 0 0
11834 4 2 2 4 0.5 1 0.5
11960 5 3 3 5 0.6 1 0.6
12 5 1 1 5 0.2 1 0.2
1200 43 17 12 48 0.27906976744186 0.705882352941177 0.25
12008 30 1 1 30 0.0333333333333333 1 0.0333333333333333
12041 38 14 12 40 0.315789473684211 0.857142857142857 0.3
12046 2 1 1 2 0.5 1 0.5
12111 25 2 2 25 0.08 1 0.08
1213 8 4 4 8 0.5 1 0.5
1221 118 2 0 120 0 0 0
1224 3 1 1 3 0.333333333333333 1 0.333333333333333
12287 2 1 1 2 0.5 1 0.5
12294 10 1 0 11 0 0 0
12301 65 1 1 65 0.0153846153846154 1 0.0153846153846154
12306 83 11 10 84 0.120481927710843 0.909090909090909 0.119047619047619
12312 54 9 7 56 0.12962962962963 0.777777777777778 0.125
12322 66 4 4 66 0.0606060606060606 1 0.0606060606060606
12329 8 1 1 8 0.125 1 0.125
12335 4 1 1 4 0.25 1 0.25
12337 39 46 20 65 0.512820512820513 0.434782608695652 0.307692307692308
12347 4 3 2 5 0.5 0.666666666666667 0.4
12353 6 3 1 8 0.166666666666667 0.333333333333333 0.125
12355 34 17 13 38 0.382352941176471 0.764705882352941 0.342105263157895
1237 36 4 2 38 0.0555555555555556 0.5 0.0526315789473684
12371 2 1 0 3 0 0 0
12386 14 3 3 14 0.214285714285714 1 0.214285714285714
1239 1632 3 1 1634 0.000612745098039216 0.333333333333333 0.000611995104039168
12399 229 1 1 229 0.00436681222707424 1 0.00436681222707424
12401 14 3 2 15 0.142857142857143 0.666666666666667 0.133333333333333
12414 37 15 11 41 0.297297297297297 0.733333333333333 0.268292682926829
12496 46 1 0 47 0 0 0
12502 3 2 1 4 0.333333333333333 0.5 0.25
1251 8 1 1 8 0.125 1 0.125
12533 2 1 0 3 0 0 0
12566 13 3 3 13 0.230769230769231 1 0.230769230769231
1257 142 56 28 170 0.197183098591549 0.5 0.164705882352941
12573 33 13 13 33 0.393939393939394 1 0.393939393939394
12600 18 1 0 19 0 0 0
12611 43 22 15 50 0.348837209302326 0.681818181818182 0.3
12634 38 17 11 44 0.289473684210526 0.647058823529412 0.25
12637 67 21 18 70 0.26865671641791 0.857142857142857 0.257142857142857
12638 2 3 0 5 0 0 0
12654 56 25 15 66 0.267857142857143 0.6 0.227272727272727
12657 3 1 1 3 0.333333333333333 1 0.333333333333333
12684 3 2 0 5 0 0 0
12709 2 1 0 3 0 0 0
1273 281 77 49 309 0.174377224199288 0.636363636363636 0.158576051779935
12731 51 21 15 57 0.294117647058824 0.714285714285714 0.263157894736842
12732 18 6 4 20 0.222222222222222 0.666666666666667 0.2
12757 3 1 1 3 0.333333333333333 1 0.333333333333333
12767 12 3 2 13 0.166666666666667 0.666666666666667 0.153846153846154
12769 4 1 1 4 0.25 1 0.25
12779 77 24 15 86 0.194805194805195 0.625 0.174418604651163
1280 100 38 28 110 0.28 0.736842105263158 0.254545454545455
12816 1 1 1 1 1 1 1
12817 2 2 2 2 1 1 1
12850 17 5 5 17 0.294117647058824 1 0.294117647058824
12853 2 3 1 4 0.5 0.333333333333333 0.25
12859 540 143 135 548 0.25 0.944055944055944 0.246350364963504
12871 38 16 7 47 0.184210526315789 0.4375 0.148936170212766
12874 199 2 2 199 0.0100502512562814 1 0.0100502512562814
12895 8 1 1 8 0.125 1 0.125
12902 40 11 7 44 0.175 0.636363636363636 0.159090909090909
12931 4 3 2 5 0.5 0.666666666666667 0.4
12956 125 8 8 125 0.064 1 0.064
12989 537 29 24 542 0.0446927374301676 0.827586206896552 0.044280442804428
1299 554 45 42 557 0.075812274368231 0.933333333333333 0.0754039497307002
13030 913 160 153 920 0.167579408543264 0.95625 0.166304347826087
13039 4 1 1 4 0.25 1 0.25
13041 7 2 2 7 0.285714285714286 1 0.285714285714286
13049 25 1 1 25 0.04 1 0.04
13092 4 1 1 4 0.25 1 0.25
131 3 1 1 3 0.333333333333333 1 0.333333333333333
13105 9 6 4 11 0.444444444444444 0.666666666666667 0.363636363636364
13110 6 1 1 6 0.166666666666667 1 0.166666666666667
13115 4 1 1 4 0.25 1 0.25
1312 2 2 2 2 1 1 1
13132 18 13 11 20 0.611111111111111 0.846153846153846 0.55
13184 41 8 6 43 0.146341463414634 0.75 0.13953488372093
13189 29 6 6 29 0.206896551724138 1 0.206896551724138
13193 46 14 10 50 0.217391304347826 0.714285714285714 0.2
13237 504 87 74 517 0.146825396825397 0.850574712643678 0.143133462282398
13272 1 2 1 2 1 0.5 0.5
13284 12 5 3 14 0.25 0.6 0.214285714285714
13293 22 2 2 22 0.0909090909090909 1 0.0909090909090909
13301 32 3 2 33 0.0625 0.666666666666667 0.0606060606060606
13319 6 4 2 8 0.333333333333333 0.5 0.25
13332 6 1 1 6 0.166666666666667 1 0.166666666666667
13448 6 2 1 7 0.166666666666667 0.5 0.142857142857143
13645 20 3 2 21 0.1 0.666666666666667 0.0952380952380952
13680 47 11 9 49 0.191489361702128 0.818181818181818 0.183673469387755
137 21 8 8 21 0.380952380952381 1 0.380952380952381
13714 2 1 1 2 0.5 1 0.5
13810 2 1 1 2 0.5 1 0.5
13855 4 1 0 5 0 0 0
13867 3 1 0 4 0 0 0
13901 2 1 1 2 0.5 1 0.5
13910 4 1 0 5 0 0 0
13911 4 1 0 5 0 0 0
14031 4 1 1 4 0.25 1 0.25
14037 1 1 1 1 1 1 1
14085 5 2 2 5 0.4 1 0.4
14259 26 3 1 28 0.0384615384615385 0.333333333333333 0.0357142857142857
14262 4 2 2 4 0.5 1 0.5
14277 7 9 3 13 0.428571428571429 0.333333333333333 0.230769230769231
14589 19 6 5 20 0.263157894736842 0.833333333333333 0.25
14595 2 1 0 3 0 0 0
14650 1 1 1 1 1 1 1
14868 5 1 1 5 0.2 1 0.2
14907 4 3 2 5 0.5 0.666666666666667 0.4
15169 108 35 25 118 0.231481481481481 0.714285714285714 0.211864406779661
15226 3 2 0 5 0 0 0
15373 2 1 1 2 0.5 1 0.5
15412 459 11 10 460 0.0217864923747277 0.909090909090909 0.0217391304347826
15444 267 12 9 270 0.0337078651685393 0.75 0.0333333333333333
15456 2 3 2 3 1 0.666666666666667 0.666666666666667
15469 1 1 0 2 0 0 0
15480 1 1 1 1 1 1 1
15533 22 2 1 23 0.0454545454545455 0.5 0.0434782608695652
15557 113 1 1 113 0.00884955752212389 1 0.00884955752212389
15589 35 13 5 43 0.142857142857143 0.384615384615385 0.116279069767442
15598 167 27 23 171 0.137724550898204 0.851851851851852 0.134502923976608
15623 35 5 4 36 0.114285714285714 0.8 0.111111111111111
15685 27 10 8 29 0.296296296296296 0.8 0.275862068965517
15694 62 1 1 62 0.0161290322580645 1 0.0161290322580645
15725 2 2 1 3 0.5 0.5 0.333333333333333
15782 16 4 3 17 0.1875 0.75 0.176470588235294
15798 2 1 0 3 0 0 0
15805 21 4 3 22 0.142857142857143 0.75 0.136363636363636
15879 39 15 11 43 0.282051282051282 0.733333333333333 0.255813953488372
15919 9 1 1 9 0.111111111111111 1 0.111111111111111
16004 15 6 5 16 0.333333333333333 0.833333333333333 0.3125
16030 50 13 7 56 0.14 0.538461538461538 0.125
16034 24 7 3 28 0.125 0.428571428571429 0.107142857142857
16065 8 1 1 8 0.125 1 0.125
16086 29 19 8 40 0.275862068965517 0.421052631578947 0.2
16117 3 1 1 3 0.333333333333333 1 0.333333333333333
16128 14 3 2 15 0.142857142857143 0.666666666666667 0.133333333333333
16131 44 18 10 52 0.227272727272727 0.555555555555556 0.192307692307692
16150 224 10 9 225 0.0401785714285714 0.9 0.04
16186 42 1 1 42 0.0238095238095238 1 0.0238095238095238
16206 13 2 0 15 0 0 0
16210 5 3 3 5 0.6 1 0.6
16215 16 5 5 16 0.3125 1 0.3125
16237 34 7 4 37 0.117647058823529 0.571428571428571 0.108108108108108
16242 6 1 1 6 0.166666666666667 1 0.166666666666667
16243 42 6 4 44 0.0952380952380952 0.666666666666667 0.0909090909090909
16245 25 3 2 26 0.08 0.666666666666667 0.0769230769230769
16246 7 4 4 7 0.571428571428571 1 0.571428571428571
16265 77 12 10 79 0.12987012987013 0.833333333333333 0.126582278481013
16276 72 2 2 72 0.0277777777777778 1 0.0277777777777778
16316 5 1 1 5 0.2 1 0.2
16471 3 2 1 4 0.333333333333333 0.5 0.25
1653 28 5 4 29 0.142857142857143 0.8 0.137931034482759
16531 7 1 0 8 0 0 0
1654 1 1 0 2 0 0 0
1659 10 3 2 11 0.2 0.666666666666667 0.181818181818182
16668 6 3 1 8 0.166666666666667 0.333333333333333 0.125
16724 5 1 1 5 0.2 1 0.2
16807 3 2 0 5 0 0 0
16838 8 1 0 9 0 0 0
16942 2 2 2 2 1 1 1
16993 3 1 0 4 0 0 0
17061 2 1 0 3 0 0 0
17263 9 1 0 10 0 0 0
1741 10 4 3 11 0.3 0.75 0.272727272727273
17435 1 3 0 4 0 0 0
17511 12 1 0 13 0 0 0
17529 7 1 1 7 0.142857142857143 1 0.142857142857143
17554 10 2 2 10 0.2 1 0.2
17579 13 14 9 18 0.692307692307692 0.642857142857143 0.5
1764 42 7 6 43 0.142857142857143 0.857142857142857 0.13953488372093
17660 28 1 1 28 0.0357142857142857 1 0.0357142857142857
17676 38 2 2 38 0.0526315789473684 1 0.0526315789473684
17707 6 1 0 7 0 0 0
17709 13 1 0 14 0 0 0
17741 3 2 1 4 0.333333333333333 0.5 0.25
17832 1 11 1 11 1 0.0909090909090909 0.0909090909090909
17934 2 2 2 2 1 1 1
17955 2 2 1 3 0.5 0.5 0.333333333333333
1797 2 3 2 3 1 0.666666666666667 0.666666666666667
17990 5 1 1 5 0.2 1 0.2
18011 1 1 0 2 0 0 0
18059 13 2 0 15 0 0 0
18119 3 1 0 4 0 0 0
18126 3 1 0 4 0 0 0
18146 3 3 0 6 0 0 0
18149 4 3 3 4 0.75 1 0.75
18182 4 1 0 5 0 0 0
18185 4 2 1 5 0.25 0.5 0.2
18203 3 2 0 5 0 0 0
18206 2 2 0 4 0 0 0
18218 2 1 1 2 0.5 1 0.5
18266 3 1 1 3 0.333333333333333 1 0.333333333333333
18344 1 3 0 4 0 0 0
1835 9 2 2 9 0.222222222222222 1 0.222222222222222
1836 56 11 10 57 0.178571428571429 0.909090909090909 0.175438596491228
18366 2 2 1 3 0.5 0.5 0.333333333333333
18422 4 1 1 4 0.25 1 0.25
18508 6 3 2 7 0.333333333333333 0.666666666666667 0.285714285714286
1853 117 24 23 118 0.196581196581197 0.958333333333333 0.194915254237288
18592 24 8 8 24 0.333333333333333 1 0.333333333333333
18666 2 2 0 4 0 0 0
18750 1 1 1 1 1 1 1
1879 1 2 1 2 1 0.5 0.5
1880 13 7 5 15 0.384615384615385 0.714285714285714 0.333333333333333
1881 2 1 1 2 0.5 1 0.5
1887 6 1 1 6 0.166666666666667 1 0.166666666666667
1901 43 1 1 43 0.0232558139534884 1 0.0232558139534884
19021 2 1 0 3 0 0 0
19151 804 147 139 812 0.172885572139303 0.945578231292517 0.171182266009852
1916 94 12 10 96 0.106382978723404 0.833333333333333 0.104166666666667
19192 3 1 1 3 0.333333333333333 1 0.333333333333333
19255 7 7 4 10 0.571428571428571 0.571428571428571 0.4
1930 22 5 5 22 0.227272727272727 1 0.227272727272727
19318 40 2 1 41 0.025 0.5 0.024390243902439
19401 45 16 16 45 0.355555555555556 1 0.355555555555556
195 7 3 1 9 0.142857142857143 0.333333333333333 0.111111111111111
1955 11 3 3 11 0.272727272727273 1 0.272727272727273
19557 4 1 0 5 0 0 0
196613 2 2 2 2 1 1 1
196621 2 1 1 2 0.5 1 0.5
19782 17 2 2 17 0.117647058823529 1 0.117647058823529
19783 2 1 0 3 0 0 0
19866 2 1 1 2 0.5 1 0.5
20080 15 5 5 15 0.333333333333333 1 0.333333333333333
20144 31 4 4 31 0.129032258064516 1 0.129032258064516
2018 5 1 1 5 0.2 1 0.2
20312 10 3 2 11 0.2 0.666666666666667 0.181818181818182
2042 18 3 2 19 0.111111111111111 0.666666666666667 0.105263157894737
20436 2 1 0 3 0 0 0
20473 27 5 4 28 0.148148148148148 0.8 0.142857142857143
20495 56 10 8 58 0.142857142857143 0.8 0.137931034482759
20507 36 2 2 36 0.0555555555555556 1 0.0555555555555556
20555 3 1 1 3 0.333333333333333 1 0.333333333333333
20569 12 4 4 12 0.333333333333333 1 0.333333333333333
20597 2 1 1 2 0.5 1 0.5
20608 3 2 0 5 0 0 0
20612 3 1 0 4 0 0 0
20621 3 1 1 3 0.333333333333333 1 0.333333333333333
20633 22 15 10 27 0.454545454545455 0.666666666666667 0.37037037037037
20640 180 80 53 207 0.294444444444444 0.6625 0.256038647342995
20650 6 1 1 6 0.166666666666667 1 0.166666666666667
20704 20 6 5 21 0.25 0.833333333333333 0.238095238095238
20707 2 1 1 2 0.5 1 0.5
20712 15 4 3 16 0.2 0.75 0.1875
20718 31 13 2 42 0.0645161290322581 0.153846153846154 0.0476190476190476
20745 1 3 0 4 0 0 0
20766 16 1 1 16 0.0625 1 0.0625
20783 4 2 0 6 0 0 0
20847 32 18 11 39 0.34375 0.611111111111111 0.282051282051282
209 1413 4 3 1414 0.00212314225053079 0.75 0.00212164073550212
20912 7 5 1 11 0.142857142857143 0.2 0.0909090909090909
20932 324 15 13 326 0.0401234567901235 0.866666666666667 0.0398773006134969
20953 24 1 1 24 0.0416666666666667 1 0.0416666666666667
20965 49 42 42 49 0.857142857142857 1 0.857142857142857
210 10 1 1 10 0.1 1 0.1
21011 21 1 1 21 0.0476190476190476 1 0.0476190476190476
21017 1 2 0 3 0 0 0
21055 36 7 5 38 0.138888888888889 0.714285714285714 0.131578947368421
2107 1 1 1 1 1 1 1
2108 1 1 1 1 1 1 1
2110 51 1 0 52 0 0 0
21155 40 13 8 45 0.2 0.615384615384615 0.177777777777778
2116 27 4 4 27 0.148148148148148 1 0.148148148148148
21221 34 14 7 41 0.205882352941176 0.5 0.170731707317073
21263 34 13 9 38 0.264705882352941 0.692307692307692 0.236842105263158
2128 3 1 1 3 0.333333333333333 1 0.333333333333333
21320 6 1 1 6 0.166666666666667 1 0.166666666666667
21371 48 3 3 48 0.0625 1 0.0625
21385 95 24 17 102 0.178947368421053 0.708333333333333 0.166666666666667
21414 69 1 1 69 0.0144927536231884 1 0.0144927536231884
21435 6 2 2 6 0.333333333333333 1 0.333333333333333
2152 93 2 2 93 0.021505376344086 1 0.021505376344086
21527 5 1 1 5 0.2 1 0.2
2153 39 14 14 39 0.358974358974359 1 0.358974358974359
21548 20 1 1 20 0.05 1 0.05
21719 2 1 0 3 0 0 0
21737 7 1 0 8 0 0 0
21844 14 3 3 14 0.214285714285714 1 0.214285714285714
21864 4 1 1 4 0.25 1 0.25
21947 27 3 3 27 0.111111111111111 1 0.111111111111111
21976 20 1 1 20 0.05 1 0.05
2200 41 6 4 43 0.0975609756097561 0.666666666666667 0.0930232558139535
22166 2 1 0 3 0 0 0
22192 2 1 1 2 0.5 1 0.5
22284 7 1 0 8 0 0 0
22302 6 1 1 6 0.166666666666667 1 0.166666666666667
22335 35 2 2 35 0.0571428571428571 1 0.0571428571428571
22356 28 1 1 28 0.0357142857142857 1 0.0357142857142857
22388 9 7 7 9 0.777777777777778 1 0.777777777777778
224 5 1 1 5 0.2 1 0.2
22404 2 1 0 3 0 0 0
22438 2 2 1 3 0.5 0.5 0.333333333333333
225 2 1 1 2 0.5 1 0.5
22548 43 3 3 43 0.0697674418604651 1 0.0697674418604651
226 28 3 3 28 0.107142857142857 1 0.107142857142857
22767 1 1 1 1 1 1 1
22829 19 1 1 19 0.0526315789473684 1 0.0526315789473684
23007 3 1 1 3 0.333333333333333 1 0.333333333333333
23028 4 2 0 6 0 0 0
23148 202 2 2 202 0.0099009900990099 1 0.0099009900990099
23342 41 3 3 41 0.0731707317073171 1 0.0731707317073171
23352 36 3 3 36 0.0833333333333333 1 0.0833333333333333
23456 12 5 3 14 0.25 0.6 0.214285714285714
23504 27 7 3 31 0.111111111111111 0.428571428571429 0.0967741935483871
23541 9 1 0 10 0 0 0
23577 3 1 0 4 0 0 0
23596 3 2 2 3 0.666666666666667 1 0.666666666666667
23600 3 2 2 3 0.666666666666667 1 0.666666666666667
23624 2 1 1 2 0.5 1 0.5
23634 6 4 4 6 0.666666666666667 1 0.666666666666667
23637 2 1 0 3 0 0 0
23654 1 1 1 1 1 1 1
23655 15 2 1 16 0.0666666666666667 0.5 0.0625
237 32 1 1 32 0.03125 1 0.03125
23709 3 2 2 3 0.666666666666667 1 0.666666666666667
23754 4 2 0 6 0 0 0
23774 4 3 2 5 0.5 0.666666666666667 0.4
2381 21 3 3 21 0.142857142857143 1 0.142857142857143
23836 1 1 1 1 1 1 1
23869 2 1 0 3 0 0 0
23889 3 1 1 3 0.333333333333333 1 0.333333333333333
23896 1 2 0 3 0 0 0
23902 1 3 0 4 0 0 0
23910 3 5 2 6 0.666666666666667 0.4 0.333333333333333
23911 7 17 5 19 0.714285714285714 0.294117647058824 0.263157894736842
23912 1 1 0 2 0 0 0
23966 2 1 0 3 0 0 0
24 11 8 6 13 0.545454545454545 0.75 0.461538461538462
24005 3 4 0 7 0 0 0
24085 3 1 0 4 0 0 0
24130 9 2 2 9 0.222222222222222 1 0.222222222222222
24151 7 2 0 9 0 0 0
24175 3 1 1 3 0.333333333333333 1 0.333333333333333
24211 1 1 1 1 1 1 1
24218 18 1 0 19 0 0 0
24220 4 1 0 5 0 0 0
24226 3 1 0 4 0 0 0
24227 2 2 1 3 0.5 0.5 0.333333333333333
24229 4 1 1 4 0.25 1 0.25
24238 7 4 3 8 0.428571428571429 0.75 0.375
24287 4 4 4 4 1 1 1
24311 1 1 0 2 0 0 0
24326 15 1 1 15 0.0666666666666667 1 0.0666666666666667
24390 2 1 1 2 0.5 1 0.5
24424 1 1 0 2 0 0 0
24433 2 1 1 2 0.5 1 0.5
24475 3 3 3 3 1 1 1
24489 8 7 7 8 0.875 1 0.875
24490 11 9 9 11 0.818181818181818 1 0.818181818181818
24514 6 2 2 6 0.333333333333333 1 0.333333333333333
24541 2 3 1 4 0.5 0.333333333333333 0.25
24557 3 1 1 3 0.333333333333333 1 0.333333333333333
24586 30 12 8 34 0.266666666666667 0.666666666666667 0.235294117647059
24642 37 9 8 38 0.216216216216216 0.888888888888889 0.210526315789474
24679 32 14 10 36 0.3125 0.714285714285714 0.277777777777778
24724 114 16 15 115 0.131578947368421 0.9375 0.130434782608696
24730 49 1 1 49 0.0204081632653061 1 0.0204081632653061
24776 6 2 1 7 0.166666666666667 0.5 0.142857142857143
24785 85 5 4 86 0.0470588235294118 0.8 0.0465116279069767
24835 13 1 1 13 0.0769230769230769 1 0.0769230769230769
24863 13 3 1 15 0.0769230769230769 0.333333333333333 0.0666666666666667
24867 28 1 1 28 0.0357142857142857 1 0.0357142857142857
24875 227 18 15 230 0.066079295154185 0.833333333333333 0.0652173913043478
24889 12 3 3 12 0.25 1 0.25
24900 1 1 1 1 1 1 1
24940 23 5 4 24 0.173913043478261 0.8 0.166666666666667
2495 10 1 1 10 0.1 1 0.1
24963 58 1 1 58 0.0172413793103448 1 0.0172413793103448
2497 237 52 39 250 0.164556962025316 0.75 0.156
24971 22 6 5 23 0.227272727272727 0.833333333333333 0.217391304347826
25 2 1 1 2 0.5 1 0.5
250 9 2 1 10 0.111111111111111 0.5 0.1
2500 29 23 15 37 0.517241379310345 0.652173913043478 0.405405405405405
2506 2 1 1 2 0.5 1 0.5
25061 39 4 4 39 0.102564102564103 1 0.102564102564103
2510 19 2 2 19 0.105263157894737 1 0.105263157894737
25137 10 3 3 10 0.3 1 0.3
2514 14 1 1 14 0.0714285714285714 1 0.0714285714285714
25148 6 1 1 6 0.166666666666667 1 0.166666666666667
2515 6 1 1 6 0.166666666666667 1 0.166666666666667
25152 61 12 10 63 0.163934426229508 0.833333333333333 0.158730158730159
2516 320 36 32 324 0.1 0.888888888888889 0.0987654320987654
2518 11 3 3 11 0.272727272727273 1 0.272727272727273
25182 28 7 5 30 0.178571428571429 0.714285714285714 0.166666666666667
2519 27 3 2 28 0.0740740740740741 0.666666666666667 0.0714285714285714
25192 21 13 10 24 0.476190476190476 0.769230769230769 0.416666666666667
25220 12 2 2 12 0.166666666666667 1 0.166666666666667
25223 4 1 0 5 0 0 0
2527 10 3 2 11 0.2 0.666666666666667 0.181818181818182
25279 19 4 4 19 0.210526315789474 1 0.210526315789474
25358 13 9 2 20 0.153846153846154 0.222222222222222 0.1
25384 8 1 0 9 0 0 0
25415 4 1 1 4 0.25 1 0.25
25441 14 1 1 14 0.0714285714285714 1 0.0714285714285714
25466 32 6 5 33 0.15625 0.833333333333333 0.151515151515152
25473 4 1 1 4 0.25 1 0.25
2549 2 2 1 3 0.5 0.5 0.333333333333333
25525 49 9 9 49 0.183673469387755 1 0.183673469387755
25538 2 1 0 3 0 0 0
25560 267 68 61 274 0.228464419475655 0.897058823529412 0.222627737226277
25563 4 1 1 4 0.25 1 0.25
25588 22 6 3 25 0.136363636363636 0.5 0.12
25596 36 9 7 38 0.194444444444444 0.777777777777778 0.184210526315789
25689 9 2 1 10 0.111111111111111 0.5 0.1
2572 7 1 1 7 0.142857142857143 1 0.142857142857143
25795 2 2 1 3 0.5 0.5 0.333333333333333
25818 11 1 0 12 0 0 0
25829 2 1 1 2 0.5 1 0.5
2586 10 1 1 10 0.1 1 0.1
25933 4 2 0 6 0 0 0
2594 4 1 0 5 0 0 0
2595 1 1 0 2 0 0 0
2602 4 2 2 4 0.5 1 0.5
2603 63 27 21 69 0.333333333333333 0.777777777777778 0.304347826086957
2607 32 8 8 32 0.25 1 0.25
2609 3 1 0 4 0 0 0
2611 52 9 7 54 0.134615384615385 0.777777777777778 0.12962962962963
2614 11 1 1 11 0.0909090909090909 1 0.0909090909090909
2637 4 1 1 4 0.25 1 0.25
26415 41 8 1 48 0.024390243902439 0.125 0.0208333333333333
26496 7 1 1 7 0.142857142857143 1 0.142857142857143
26773 8 3 3 8 0.375 1 0.375
26785 2 1 0 3 0 0 0
26943 213 17 15 215 0.0704225352112676 0.882352941176471 0.0697674418604651
2697 6 2 2 6 0.333333333333333 1 0.333333333333333
26978 16 2 0 18 0 0 0
2698 6 3 3 6 0.5 1 0.5
27 2 1 1 2 0.5 1 0.5
2714 1 1 1 1 1 1 1
27319 29 6 6 29 0.206896551724138 1 0.206896551724138
27400 3 1 1 3 0.333333333333333 1 0.333333333333333
27446 5 1 0 6 0 0 0
27464 1 1 0 2 0 0 0
27524 53 4 3 54 0.0566037735849057 0.75 0.0555555555555556
27552 7 1 1 7 0.142857142857143 1 0.142857142857143
27589 9 1 1 9 0.111111111111111 1 0.111111111111111
27630 4 1 1 4 0.25 1 0.25
27664 48 2 2 48 0.0416666666666667 1 0.0416666666666667
27678 7 2 0 9 0 0 0
27686 2 1 1 2 0.5 1 0.5
27725 1 1 1 1 1 1 1
27750 15 13 11 17 0.733333333333333 0.846153846153846 0.647058823529412
278 6 7 1 12 0.166666666666667 0.142857142857143 0.0833333333333333
27807 12 9 9 12 0.75 1 0.75
27841 3 1 1 3 0.333333333333333 1 0.333333333333333
27891 2 1 1 2 0.5 1 0.5
27892 2 1 1 2 0.5 1 0.5
27924 2 1 1 2 0.5 1 0.5
27929 4 2 2 4 0.5 1 0.5
27933 3 1 1 3 0.333333333333333 1 0.333333333333333
28000 1 1 1 1 1 1 1
2819 30 3 2 31 0.0666666666666667 0.666666666666667 0.0645161290322581
2828 730 10 9 731 0.0123287671232877 0.9 0.012311901504788
28346 3 1 1 3 0.333333333333333 1 0.333333333333333
2847 3 2 2 3 0.666666666666667 1 0.666666666666667
28472 1 1 1 1 1 1 1
2848 7 1 1 7 0.142857142857143 1 0.142857142857143
2852 70 10 9 71 0.128571428571429 0.9 0.126760563380282
2857 176 27 25 178 0.142045454545455 0.925925925925926 0.140449438202247
286 336 89 55 370 0.163690476190476 0.617977528089888 0.148648648648649
28618 5 1 1 5 0.2 1 0.2
28677 2 1 1 2 0.5 1 0.5
28678 2 1 1 2 0.5 1 0.5
28697 5 1 0 6 0 0 0
28716 57 1 1 57 0.0175438596491228 1 0.0175438596491228
28717 10 1 1 10 0.1 1 0.1
28725 2 2 0 4 0 0 0
28788 47 11 10 48 0.212765957446809 0.909090909090909 0.208333333333333
2884 4 2 2 4 0.5 1 0.5
28855 9 3 3 9 0.333333333333333 1 0.333333333333333
28857 8 4 4 8 0.5 1 0.5
28878 40 13 9 44 0.225 0.692307692307692 0.204545454545455
28929 53 11 8 56 0.150943396226415 0.727272727272727 0.142857142857143
2895 7 2 1 8 0.142857142857143 0.5 0.125
29009 31 8 5 34 0.161290322580645 0.625 0.147058823529412
2905 29 2 0 31 0 0 0
29066 32 12 8 36 0.25 0.666666666666667 0.222222222222222
2907 80 5 5 80 0.0625 1 0.0625
29113 42 6 6 42 0.142857142857143 1 0.142857142857143
29134 7 4 4 7 0.571428571428571 1 0.571428571428571
2914 652 178 115 715 0.17638036809816 0.646067415730337 0.160839160839161
29147 1 1 1 1 1 1 1
292 1 2 1 2 1 0.5 0.5
29208 544 117 104 557 0.191176470588235 0.888888888888889 0.186714542190305
29216 1 1 1 1 1 1 1
29222 48 3 3 48 0.0625 1 0.0625
29243 2 1 1 2 0.5 1 0.5
29259 5 2 2 5 0.4 1 0.4
293 64 22 18 68 0.28125 0.818181818181818 0.264705882352941
29317 2 2 2 2 1 1 1
29372 1 2 0 3 0 0 0
29396 32 7 6 33 0.1875 0.857142857142857 0.181818181818182
29405 11 2 2 11 0.181818181818182 1 0.181818181818182
29422 22 3 2 23 0.0909090909090909 0.666666666666667 0.0869565217391304
29449 44 19 10 53 0.227272727272727 0.526315789473684 0.188679245283019
29452 23 5 5 23 0.217391304347826 1 0.217391304347826
29488 2 1 1 2 0.5 1 0.5
29527 35 11 9 37 0.257142857142857 0.818181818181818 0.243243243243243
29608 16 4 4 16 0.25 1 0.25
29632 38 5 2 41 0.0526315789473684 0.4 0.0487804878048781
29636 230 36 34 232 0.147826086956522 0.944444444444444 0.146551724137931
29651 6 4 2 8 0.333333333333333 0.5 0.25
29655 7 2 2 7 0.285714285714286 1 0.285714285714286
29668 33 1 1 33 0.0303030303030303 1 0.0303030303030303
29670 9 2 2 9 0.222222222222222 1 0.222222222222222
29671 3 1 1 3 0.333333333333333 1 0.333333333333333
29686 307 96 87 316 0.283387622149837 0.90625 0.275316455696203
29748 22 9 5 26 0.227272727272727 0.555555555555556 0.192307692307692
29791 73 2 1 74 0.0136986301369863 0.5 0.0135135135135135
29838 36 4 4 36 0.111111111111111 1 0.111111111111111
29877 7 2 1 8 0.142857142857143 0.5 0.125
29904 1 1 1 1 1 1 1
3 6 1 0 7 0 0 0
30058 4 1 1 4 0.25 1 0.25
30059 3 3 2 4 0.666666666666667 0.666666666666667 0.5
30071 9 102 6 105 0.666666666666667 0.0588235294117647 0.0571428571428571
30128 3 2 1 4 0.333333333333333 0.5 0.25
30132 24 44 13 55 0.541666666666667 0.295454545454545 0.236363636363636
30217 6 1 1 6 0.166666666666667 1 0.166666666666667
30340 18 1 1 18 0.0555555555555556 1 0.0555555555555556
30374 2 1 0 3 0 0 0
30528 5 1 0 6 0 0 0
30653 21 8 6 23 0.285714285714286 0.75 0.260869565217391
30700 4 2 2 4 0.5 1 0.5
30708 1 1 1 1 1 1 1
30781 39 7 7 39 0.179487179487179 1 0.179487179487179
30795 3 2 2 3 0.666666666666667 1 0.666666666666667
30834 11 3 3 11 0.272727272727273 1 0.272727272727273
30844 241 4 3 242 0.012448132780083 0.75 0.012396694214876
30880 13 1 1 13 0.0769230769230769 1 0.0769230769230769
30975 5 2 0 7 0 0 0
31065 4 2 1 5 0.25 0.5 0.2
31078 4 1 1 4 0.25 1 0.25
31103 18 15 8 25 0.444444444444444 0.533333333333333 0.32
31117 13 5 5 13 0.384615384615385 1 0.384615384615385
31127 3 3 3 3 1 1 1
31246 12 1 1 12 0.0833333333333333 1 0.0833333333333333
31252 14 1 1 14 0.0714285714285714 1 0.0714285714285714
31261 11 1 0 12 0 0 0
31265 1 1 1 1 1 1 1
31283 145 2 2 145 0.0137931034482759 1 0.0137931034482759
31333 13 5 5 13 0.384615384615385 1 0.384615384615385
3134 2 1 1 2 0.5 1 0.5
31383 25 10 5 30 0.2 0.5 0.166666666666667
3140 1 1 1 1 1 1 1
31400 12 1 1 12 0.0833333333333333 1 0.0833333333333333
31424 15 3 3 15 0.2 1 0.2
31445 62 8 8 62 0.129032258064516 1 0.129032258064516
31458 49 9 8 50 0.163265306122449 0.888888888888889 0.16
31477 190 2 2 190 0.0105263157894737 1 0.0105263157894737
31479 4 1 1 4 0.25 1 0.25
3152 1 1 1 1 1 1 1
31529 48 4 3 49 0.0625 0.75 0.0612244897959184
31530 7 1 1 7 0.142857142857143 1 0.142857142857143
31615 3 1 0 4 0 0 0
31677 3 2 0 5 0 0 0
31708 21 11 8 24 0.380952380952381 0.727272727272727 0.333333333333333
31985 7 1 0 8 0 0 0
32034 5 2 2 5 0.4 1 0.4
3212 25 1 1 25 0.04 1 0.04
3213 41 12 10 43 0.24390243902439 0.833333333333333 0.232558139534884
3221 1 1 1 1 1 1 1
32329 3 1 1 3 0.333333333333333 1 0.333333333333333
32335 4 1 1 4 0.25 1 0.25
32346 1 1 1 1 1 1 1
32354 14 6 5 15 0.357142857142857 0.833333333333333 0.333333333333333
32361 6 3 2 7 0.333333333333333 0.666666666666667 0.285714285714286
3243 15 3 2 16 0.133333333333333 0.666666666666667 0.125
32440 22 1 1 22 0.0454545454545455 1 0.0454545454545455
3248 53 23 17 59 0.320754716981132 0.739130434782609 0.288135593220339
3249 49 12 8 53 0.163265306122449 0.666666666666667 0.150943396226415
3257 482 204 109 577 0.226141078838174 0.534313725490196 0.188908145580589
32592 14 1 1 14 0.0714285714285714 1 0.0714285714285714
3265 39 17 10 46 0.256410256410256 0.588235294117647 0.217391304347826
3267 304 7 7 304 0.0230263157894737 1 0.0230263157894737
3269 106 1 1 106 0.00943396226415094 1 0.00943396226415094
3277 49 1 1 49 0.0204081632653061 1 0.0204081632653061
32825 1 1 0 2 0 0 0
32890 2 1 0 3 0 0 0
32915 3 1 0 4 0 0 0
3292 402 22 18 406 0.0447761194029851 0.818181818181818 0.0443349753694581
32978 1 1 1 1 1 1 1
33 6 2 0 8 0 0 0
3301 66 4 3 67 0.0454545454545455 0.75 0.0447761194029851
3303 464 30 27 467 0.0581896551724138 0.9 0.0578158458244111
33073 5 1 1 5 0.2 1 0.2
3316 10 1 1 10 0.1 1 0.1
3320 510 16 10 516 0.0196078431372549 0.625 0.0193798449612403
3327 110 23 18 115 0.163636363636364 0.782608695652174 0.156521739130435
3333 157 4 3 158 0.0191082802547771 0.75 0.0189873417721519
3344 12 6 3 15 0.25 0.5 0.2
33517 6 1 1 6 0.166666666666667 1 0.166666666666667
3352 61 3 1 63 0.0163934426229508 0.333333333333333 0.0158730158730159
3356 2076 63 54 2085 0.0260115606936416 0.857142857142857 0.0258992805755396
33597 26 1 1 26 0.0384615384615385 1 0.0384615384615385
3363 2 1 1 2 0.5 1 0.5
33789 1 2 1 2 1 0.5 0.5
33843 44 9 6 47 0.136363636363636 0.666666666666667 0.127659574468085
33876 1 1 1 1 1 1 1
33885 12 2 2 12 0.166666666666667 1 0.166666666666667
33891 40 17 13 44 0.325 0.764705882352941 0.295454545454545
33926 59 1 0 60 0 0 0
33930 2 1 0 3 0 0 0
34019 9 2 2 9 0.222222222222222 1 0.222222222222222
34021 6 1 1 6 0.166666666666667 1 0.166666666666667
34080 5 2 2 5 0.4 1 0.4
34081 3 2 2 3 0.666666666666667 1 0.666666666666667
34141 24 1 1 24 0.0416666666666667 1 0.0416666666666667
34146 15 1 1 15 0.0666666666666667 1 0.0666666666666667
34225 42 5 3 44 0.0714285714285714 0.6 0.0681818181818182
34244 5 2 2 5 0.4 1 0.4
34270 41 3 3 41 0.0731707317073171 1 0.0731707317073171
34288 7 2 1 8 0.142857142857143 0.5 0.125
34305 71 8 7 72 0.0985915492957746 0.875 0.0972222222222222
34309 39 86 17 108 0.435897435897436 0.197674418604651 0.157407407407407
34313 23 5 5 23 0.217391304347826 1 0.217391304347826
34372 4 1 1 4 0.25 1 0.25
34419 53 11 9 55 0.169811320754717 0.818181818181818 0.163636363636364
34427 3 1 1 3 0.333333333333333 1 0.333333333333333
34505 3 2 2 3 0.666666666666667 1 0.666666666666667
34549 8 4 2 10 0.25 0.5 0.2
34554 12 2 2 12 0.166666666666667 1 0.166666666666667
34631 2 2 1 3 0.5 0.5 0.333333333333333
34695 299 34 30 303 0.100334448160535 0.882352941176471 0.099009900990099
34763 68 23 13 78 0.191176470588235 0.565217391304348 0.166666666666667
34784 2 1 1 2 0.5 1 0.5
34968 29 9 7 31 0.241379310344828 0.777777777777778 0.225806451612903
34997 10 3 3 10 0.3 1 0.3
35 2 1 0 3 0 0 0
35028 35 11 8 38 0.228571428571429 0.727272727272727 0.210526315789474
35070 8 2 2 8 0.25 1 0.25
35244 30 20 14 36 0.466666666666667 0.7 0.388888888888889
35272 3 2 2 3 0.666666666666667 1 0.666666666666667
35283 7 2 1 8 0.142857142857143 0.5 0.125
35320 111 17 12 116 0.108108108108108 0.705882352941177 0.103448275862069
35393 8 1 1 8 0.125 1 0.125
35425 14 3 3 14 0.214285714285714 1 0.214285714285714
35432 2 1 1 2 0.5 1 0.5
35470 6 3 1 8 0.166666666666667 0.333333333333333 0.125
35485 4 1 1 4 0.25 1 0.25
3549 1258 115 101 1272 0.0802861685214626 0.878260869565217 0.0794025157232704
35492 5 3 3 5 0.6 1 0.6
3551 1 1 0 2 0 0 0
3557 17 5 5 17 0.294117647058824 1 0.294117647058824
35592 5 2 2 5 0.4 1 0.4
3561 499 3 3 499 0.00601202404809619 1 0.00601202404809619
35612 5 3 0 8 0 0 0
35706 16 6 2 20 0.125 0.333333333333333 0.1
3582 2 2 1 3 0.5 0.5 0.333333333333333
35826 2 1 1 2 0.5 1 0.5
35908 22 1 1 22 0.0454545454545455 1 0.0454545454545455
3597 10 2 2 10 0.2 1 0.2
36351 8 1 1 8 0.125 1 0.125
36383 2 1 1 2 0.5 1 0.5
36384 1 1 1 1 1 1 1
3640 5 1 1 5 0.2 1 0.2
36472 11 5 5 11 0.454545454545455 1 0.454545454545455
3661 6 7 3 10 0.5 0.428571428571429 0.3
3662 16 10 10 16 0.625 1 0.625
36671 2 1 1 2 0.5 1 0.5
36692 34 8 8 34 0.235294117647059 1 0.235294117647059
3676 6 2 2 6 0.333333333333333 1 0.333333333333333
36797 1 1 1 1 1 1 1
3681 4 1 1 4 0.25 1 0.25
36856 10 3 1 12 0.1 0.333333333333333 0.0833333333333333
36944 6 4 3 7 0.5 0.75 0.428571428571429
3714 4 1 1 4 0.25 1 0.25
3741 306 1 1 306 0.00326797385620915 1 0.00326797385620915
3742 15 1 1 15 0.0666666666666667 1 0.0666666666666667
3754 38 2 2 38 0.0526315789473684 1 0.0526315789473684
376 17 1 1 17 0.0588235294117647 1 0.0588235294117647
378 3 1 1 3 0.333333333333333 1 0.333333333333333
3790 4 1 1 4 0.25 1 0.25
38005 2 2 2 2 1 1 1
38018 7 5 5 7 0.714285714285714 1 0.714285714285714
38022 32 9 9 32 0.28125 1 0.28125
38082 18 5 5 18 0.277777777777778 1 0.277777777777778
38128 1 1 0 2 0 0 0
38140 2 1 1 2 0.5 1 0.5
38158 5 2 2 5 0.4 1 0.4
38229 1 1 1 1 1 1 1
3825 1 2 0 3 0 0 0
38299 2 1 1 2 0.5 1 0.5
3836 7 2 1 8 0.142857142857143 0.5 0.125
38462 2 1 1 2 0.5 1 0.5
38477 3 2 0 5 0 0 0
38620 1 1 1 1 1 1 1
38639 1 1 1 1 1 1 1
38711 1 1 1 1 1 1 1
38794 8 1 1 8 0.125 1 0.125
38819 3 2 2 3 0.666666666666667 1 0.666666666666667
39040 8 1 1 8 0.125 1 0.125
39093 2 1 1 2 0.5 1 0.5
39122 14 1 1 14 0.0714285714285714 1 0.0714285714285714
39145 8 3 3 8 0.375 1 0.375
39211 2 1 1 2 0.5 1 0.5
39301 3 1 1 3 0.333333333333333 1 0.333333333333333
39309 24 1 0 25 0 0 0
39326 74 21 13 82 0.175675675675676 0.619047619047619 0.158536585365854
39342 2 1 1 2 0.5 1 0.5
3943 1 1 0 2 0 0 0
3949 1 1 1 1 1 1 1
39537 1 1 0 2 0 0 0
39570 2 1 1 2 0.5 1 0.5
39602 2 1 0 3 0 0 0
39792 72 21 13 80 0.180555555555556 0.619047619047619 0.1625
39837 4 1 1 4 0.25 1 0.25
39839 2 1 1 2 0.5 1 0.5
39854 1 2 1 2 1 0.5 0.5
39875 3 1 1 3 0.333333333333333 1 0.333333333333333
3999 1 1 1 1 1 1 1
40009 26 4 3 27 0.115384615384615 0.75 0.111111111111111
40060 7 1 0 8 0 0 0
40068 9 2 2 9 0.222222222222222 1 0.222222222222222
40193 13 6 3 16 0.230769230769231 0.5 0.1875
40220 13 5 5 13 0.384615384615385 1 0.384615384615385
40490 2 1 1 2 0.5 1 0.5
40528 5 3 3 5 0.6 1 0.6
40589 2 1 1 2 0.5 1 0.5
40679 2 1 1 2 0.5 1 0.5
40832 2 1 1 2 0.5 1 0.5
40912 2 1 1 2 0.5 1 0.5
41012 26 7 5 28 0.192307692307692 0.714285714285714 0.178571428571429
41045 9 4 3 10 0.333333333333333 0.75 0.3
41075 3 3 0 6 0 0 0
4134 101 2 0 103 0 0 0
4150 3 1 0 4 0 0 0
4158 2 1 1 2 0.5 1 0.5
41589 2 1 1 2 0.5 1 0.5
41670 1 2 1 2 1 0.5 0.5
41692 389 68 55 402 0.141388174807198 0.808823529411765 0.13681592039801
41695 3 1 0 4 0 0 0
41711 8 4 2 10 0.25 0.5 0.2
41773 4 2 2 4 0.5 1 0.5
41913 9 1 1 9 0.111111111111111 1 0.111111111111111
42 99 2 2 99 0.0202020202020202 1 0.0202020202020202
42096 8 1 1 8 0.125 1 0.125
42178 4 1 1 4 0.25 1 0.25
42227 9 3 2 10 0.222222222222222 0.666666666666667 0.2
42579 7 2 2 7 0.285714285714286 1 0.285714285714286
42585 7 3 2 8 0.285714285714286 0.666666666666667 0.25
42652 33 2 2 33 0.0606060606060606 1 0.0606060606060606
42689 29 8 6 31 0.206896551724138 0.75 0.193548387096774
4270 3 1 1 3 0.333333333333333 1 0.333333333333333
42841 6 4 3 7 0.5 0.75 0.428571428571429
42884 28 1 1 28 0.0357142857142857 1 0.0357142857142857
42909 12 3 1 14 0.0833333333333333 0.333333333333333 0.0714285714285714
42937 1 1 1 1 1 1 1
42965 1 1 1 1 1 1 1
43037 5 1 1 5 0.2 1 0.2
4323 1132 5 5 1132 0.00441696113074205 1 0.00441696113074205
43383 1 1 1 1 1 1 1
43602 3 1 1 3 0.333333333333333 1 0.333333333333333
43751 4 1 0 5 0 0 0
43821 36 16 10 42 0.277777777777778 0.625 0.238095238095238
43843 3 1 1 3 0.333333333333333 1 0.333333333333333
43911 3 4 1 6 0.333333333333333 0.25 0.166666666666667
43948 3 1 1 3 0.333333333333333 1 0.333333333333333
43950 2 1 0 3 0 0 0
44042 20 12 8 24 0.4 0.666666666666667 0.333333333333333
44065 1 1 1 1 1 1 1
44212 3 1 1 3 0.333333333333333 1 0.333333333333333
44358 1 1 1 1 1 1 1
4436 131 21 19 133 0.145038167938931 0.904761904761905 0.142857142857143
44489 1 1 1 1 1 1 1
44654 5 2 2 5 0.4 1 0.4
44683 2 1 1 2 0.5 1 0.5
44928 1 1 1 1 1 1 1
45131 1 1 1 1 1 1 1
4528 3 1 1 3 0.333333333333333 1 0.333333333333333
4538 21 6 5 22 0.238095238095238 0.833333333333333 0.227272727272727
45425 4 1 1 4 0.25 1 0.25
4555 1 4 0 5 0 0 0
4557 9 2 2 9 0.222222222222222 1 0.222222222222222
4589 698 88 84 702 0.120343839541547 0.954545454545455 0.11965811965812
4600 5 2 2 5 0.4 1 0.4
4605 1 1 1 1 1 1 1
4608 5 3 1 7 0.2 0.333333333333333 0.142857142857143
4618 14 2 1 15 0.0714285714285714 0.5 0.0666666666666667
46208 1 1 1 1 1 1 1
4621 34 3 3 34 0.0882352941176471 1 0.0882352941176471
4622 1 1 0 2 0 0 0
4635 101 21 19 103 0.188118811881188 0.904761904761905 0.184466019417476
46357 2 1 1 2 0.5 1 0.5
4641 4 2 2 4 0.5 1 0.5
4648 54 1 1 54 0.0185185185185185 1 0.0185185185185185
4651 29 9 8 30 0.275862068965517 0.888888888888889 0.266666666666667
4675 6 2 1 7 0.166666666666667 0.5 0.142857142857143
4677 6 1 1 6 0.166666666666667 1 0.166666666666667
4680 9 3 1 11 0.111111111111111 0.333333333333333 0.0909090909090909
4685 9 3 2 10 0.222222222222222 0.666666666666667 0.2
4691 1 10 1 10 1 0.1 0.1
4697 3 5 1 7 0.333333333333333 0.2 0.142857142857143
4711 2 1 0 3 0 0 0
4713 98 11 7 102 0.0714285714285714 0.636363636363636 0.0686274509803922
4716 51 13 5 59 0.0980392156862745 0.384615384615385 0.0847457627118644
4717 3 2 2 3 0.666666666666667 1 0.666666666666667
4718 3 2 2 3 0.666666666666667 1 0.666666666666667
47227 1 1 1 1 1 1 1
4725 123 20 9 134 0.0731707317073171 0.45 0.0671641791044776
4739 52 11 10 53 0.192307692307692 0.909090909090909 0.188679245283019
4741 8 1 1 8 0.125 1 0.125
4747 4 1 0 5 0 0 0
4750 52 4 0 56 0 0 0
4755 150 1 1 150 0.00666666666666667 1 0.00666666666666667
4761 70 4 3 71 0.0428571428571429 0.75 0.0422535211267606
4768 27 1 1 27 0.037037037037037 1 0.037037037037037
4770 17 3 0 20 0 0 0
4775 59 1 1 59 0.0169491525423729 1 0.0169491525423729
4777 35 5 2 38 0.0571428571428571 0.4 0.0526315789473684
4780 26 3 2 27 0.0769230769230769 0.666666666666667 0.0740740740740741
4782 3 1 0 4 0 0 0
4787 7 5 1 11 0.142857142857143 0.2 0.0909090909090909
4788 107 4 4 107 0.0373831775700935 1 0.0373831775700935
47880 2 2 1 3 0.5 0.5 0.333333333333333
47885 1 1 0 2 0 0 0
4795 35 5 2 38 0.0571428571428571 0.4 0.0526315789473684
4796 3 1 1 3 0.333333333333333 1 0.333333333333333
48039 5 1 1 5 0.2 1 0.2
4826 27 7 6 28 0.222222222222222 0.857142857142857 0.214285714285714
4829 3 1 1 3 0.333333333333333 1 0.333333333333333
4844 5 1 1 5 0.2 1 0.2
4927 8 3 2 9 0.25 0.666666666666667 0.222222222222222
5050 21 3 3 21 0.142857142857143 1 0.142857142857143
5056 23 2 0 25 0 0 0
513 49 7 7 49 0.142857142857143 1 0.142857142857143
52 2 1 1 2 0.5 1 0.5
5381 14 2 1 15 0.0714285714285714 0.5 0.0666666666666667
5385 15 7 4 18 0.266666666666667 0.571428571428571 0.222222222222222
5400 229 13 11 231 0.0480349344978166 0.846153846153846 0.0476190476190476
5401 1 1 1 1 1 1 1
5403 19 5 4 20 0.210526315789474 0.8 0.2
5408 30 2 1 31 0.0333333333333333 0.5 0.032258064516129
5410 55 7 4 58 0.0727272727272727 0.571428571428571 0.0689655172413793
5413 223 2 2 223 0.00896860986547085 1 0.00896860986547085
5418 8 2 2 8 0.25 1 0.25
5421 3 2 1 4 0.333333333333333 0.5 0.25
5429 9 1 1 9 0.111111111111111 1 0.111111111111111
5430 203 25 19 209 0.0935960591133005 0.76 0.0909090909090909
5432 28 1 0 29 0 0 0
5459 51 14 10 55 0.196078431372549 0.714285714285714 0.181818181818182
5466 74 2 1 75 0.0135135135135135 0.5 0.0133333333333333
5486 32 2 0 34 0 0 0
55 3 1 1 3 0.333333333333333 1 0.333333333333333
5511 168 25 20 173 0.119047619047619 0.8 0.115606936416185
553 46 23 20 49 0.434782608695652 0.869565217391304 0.408163265306122
5537 18 3 2 19 0.111111111111111 0.666666666666667 0.105263157894737
5538 5 1 1 5 0.2 1 0.2
5539 40 47 20 67 0.5 0.425531914893617 0.298507462686567
5550 4 2 1 5 0.25 0.5 0.2
5568 82 10 6 86 0.0731707317073171 0.6 0.0697674418604651
557 5 1 1 5 0.2 1 0.2
559 63 28 26 65 0.412698412698413 0.928571428571429 0.4
5602 27 5 4 28 0.148148148148148 0.8 0.142857142857143
5609 1 10 0 11 0 0 0
5615 19 1 1 19 0.0526315789473684 1 0.0526315789473684
5617 194 1 1 194 0.00515463917525773 1 0.00515463917525773
5645 11 5 3 13 0.272727272727273 0.6 0.230769230769231
5661 4 1 1 4 0.25 1 0.25
567 10 2 2 10 0.2 1 0.2
57 22 3 3 22 0.136363636363636 1 0.136363636363636
5707 3 1 1 3 0.333333333333333 1 0.333333333333333
5713 61 2 1 62 0.0163934426229508 0.5 0.0161290322580645
577 122 1 1 122 0.00819672131147541 1 0.00819672131147541
5786 2 1 1 2 0.5 1 0.5
59 4 1 1 4 0.25 1 0.25
600 28 1 1 28 0.0357142857142857 1 0.0357142857142857
6057 6 4 3 7 0.5 0.75 0.428571428571429
6062 11 2 0 13 0 0 0
6066 1 1 0 2 0 0 0
6083 30 15 14 31 0.466666666666667 0.933333333333333 0.451612903225806
6106 2 1 1 2 0.5 1 0.5
6122 9 1 1 9 0.111111111111111 1 0.111111111111111
6128 255 1 1 255 0.00392156862745098 1 0.00392156862745098
6147 1 7 0 8 0 0 0
6163 11 1 1 11 0.0909090909090909 1 0.0909090909090909
6181 39 2 2 39 0.0512820512820513 1 0.0512820512820513
6182 1 1 1 1 1 1 1
6262 1 1 1 1 1 1 1
6263 3 1 1 3 0.333333333333333 1 0.333333333333333
6342 4 1 0 5 0 0 0
6360 9 2 2 9 0.222222222222222 1 0.222222222222222
6366 3 1 1 3 0.333333333333333 1 0.333333333333333
6435 3 7 1 9 0.333333333333333 0.142857142857143 0.111111111111111
6453 513 83 70 526 0.1364522417154 0.843373493975904 0.133079847908745
65002 10 1 0 11 0 0 0
6509 25 5 4 26 0.16 0.8 0.153846153846154
6536 18 2 1 19 0.0555555555555556 0.5 0.0526315789473684
6619 24 5 4 25 0.166666666666667 0.8 0.16
6629 3 1 1 3 0.333333333333333 1 0.333333333333333
6648 41 3 1 43 0.024390243902439 0.333333333333333 0.0232558139534884
6661 67 1 0 68 0 0 0
6666 42 16 11 47 0.261904761904762 0.6875 0.234042553191489
6667 509 105 101 513 0.198428290766208 0.961904761904762 0.196881091617934
6677 71 9 4 76 0.0563380281690141 0.444444444444444 0.0526315789473684
668 34 7 3 38 0.0882352941176471 0.428571428571429 0.0789473684210526
6695 206 37 35 208 0.169902912621359 0.945945945945946 0.168269230769231
6702 15 1 1 15 0.0666666666666667 1 0.0666666666666667
6706 13 6 5 14 0.384615384615385 0.833333333333333 0.357142857142857
6724 38 15 13 40 0.342105263157895 0.866666666666667 0.325
6730 560 5 5 560 0.00892857142857143 1 0.00892857142857143
6762 170 39 35 174 0.205882352941176 0.897435897435897 0.201149425287356
6770 39 13 5 47 0.128205128205128 0.384615384615385 0.106382978723404
6772 15 5 5 15 0.333333333333333 1 0.333333333333333
6774 71 15 14 72 0.197183098591549 0.933333333333333 0.194444444444444
6775 5 2 2 5 0.4 1 0.4
680 56 18 15 59 0.267857142857143 0.833333333333333 0.254237288135593
6802 6 2 2 6 0.333333333333333 1 0.333333333333333
681 2 1 1 2 0.5 1 0.5
683 2 1 1 2 0.5 1 0.5
6830 348 32 22 358 0.0632183908045977 0.6875 0.0614525139664804
6838 1 1 1 1 1 1 1
6881 81 23 21 83 0.259259259259259 0.91304347826087 0.253012048192771
6893 2 1 1 2 0.5 1 0.5
6895 5 1 1 5 0.2 1 0.2
6908 91 18 15 94 0.164835164835165 0.833333333333333 0.159574468085106
6911 6 2 1 7 0.166666666666667 0.5 0.142857142857143
6939 888 309 227 970 0.255630630630631 0.73462783171521 0.234020618556701
6966 3 2 2 3 0.666666666666667 1 0.666666666666667
6968 3 1 1 3 0.333333333333333 1 0.333333333333333
701 2632 22 16 2638 0.0060790273556231 0.727272727272727 0.00606520090978014
7012 16 4 3 17 0.1875 0.75 0.176470588235294
7018 2199 13 9 2203 0.00409276944065484 0.692307692307692 0.00408533817521562
7019 1 1 1 1 1 1 1
7065 18 3 2 19 0.111111111111111 0.666666666666667 0.105263157894737
7066 18 3 3 18 0.166666666666667 1 0.166666666666667
71 13 2 1 14 0.0769230769230769 0.5 0.0714285714285714
719 14 1 1 14 0.0714285714285714 1 0.0714285714285714
7195 1 1 0 2 0 0 0
7377 3 1 0 4 0 0 0
7385 166 5 5 166 0.0301204819277108 1 0.0301204819277108
7412 2 1 0 3 0 0 0
7470 36 2 2 36 0.0555555555555556 1 0.0555555555555556
7473 171 6 6 171 0.0350877192982456 1 0.0350877192982456
7500 61 9 8 62 0.131147540983607 0.888888888888889 0.129032258064516
7503 4 2 0 6 0 0 0
7514 24 3 3 24 0.125 1 0.125
7516 4 1 0 5 0 0 0
7521 5 2 1 6 0.2 0.5 0.166666666666667
7522 6 4 1 9 0.166666666666667 0.25 0.111111111111111
7529 18 1 1 18 0.0555555555555556 1 0.0555555555555556
7539 23 8 6 25 0.260869565217391 0.75 0.24
7543 13 1 0 14 0 0 0
7573 1 1 1 1 1 1 1
7575 534 105 102 537 0.191011235955056 0.971428571428571 0.189944134078212
7594 4 3 2 5 0.5 0.666666666666667 0.4
7606 43 6 4 45 0.0930232558139535 0.666666666666667 0.0888888888888889
7610 19 2 0 21 0 0 0
7629 5 1 0 6 0 0 0
766 16 5 4 17 0.25 0.8 0.235294117647059
7660 41 20 17 44 0.414634146341463 0.85 0.386363636363636
7665 2 1 1 2 0.5 1 0.5
7667 6 1 1 6 0.166666666666667 1 0.166666666666667
7668 10 1 0 11 0 0 0
7670 20 4 2 22 0.1 0.5 0.0909090909090909
7671 3 2 1 4 0.333333333333333 0.5 0.25
7682 10 3 2 11 0.2 0.666666666666667 0.181818181818182
7684 1 5 0 6 0 0 0
7687 3 1 1 3 0.333333333333333 1 0.333333333333333
7693 26 3 2 27 0.0769230769230769 0.666666666666667 0.0740740740740741
7718 11 1 1 11 0.0909090909090909 1 0.0909090909090909
7753 7 1 1 7 0.142857142857143 1 0.142857142857143
7781 4 7 2 9 0.5 0.285714285714286 0.222222222222222
7784 29 4 3 30 0.103448275862069 0.75 0.1
7786 10 2 1 11 0.1 0.5 0.0909090909090909
7847 3 1 1 3 0.333333333333333 1 0.333333333333333
786 54 9 7 56 0.12962962962963 0.777777777777778 0.125
790 1 2 1 2 1 0.5 0.5
7902 14 1 1 14 0.0714285714285714 1 0.0714285714285714
7922 52 1 1 52 0.0192307692307692 1 0.0192307692307692
7941 3 1 1 3 0.333333333333333 1 0.333333333333333
7949 10 2 0 12 0 0 0
8001 320 6 6 320 0.01875 1 0.01875
8002 63 6 4 65 0.0634920634920635 0.666666666666667 0.0615384615384615
8018 2 1 0 3 0 0 0
8047 24 5 5 24 0.208333333333333 1 0.208333333333333
8092 1 1 0 2 0 0 0
81 26 1 0 27 0 0 0
8121 43 10 6 47 0.13953488372093 0.6 0.127659574468085
8158 2 1 1 2 0.5 1 0.5
8201 7 1 1 7 0.142857142857143 1 0.142857142857143
8218 140 14 12 142 0.0857142857142857 0.857142857142857 0.0845070422535211
8220 567 11 10 568 0.017636684303351 0.909090909090909 0.0176056338028169
8224 11 6 5 12 0.454545454545455 0.833333333333333 0.416666666666667
8226 2 2 0 4 0 0 0
8237 6 3 3 6 0.5 1 0.5
8246 187 1 0 188 0 0 0
8251 9 5 5 9 0.555555555555556 1 0.555555555555556
8256 1 1 1 1 1 1 1
8267 2 1 1 2 0.5 1 0.5
8282 10 1 1 10 0.1 1 0.1
8299 4 2 0 6 0 0 0
8302 8 1 1 8 0.125 1 0.125
8312 7 1 1 7 0.142857142857143 1 0.142857142857143
8319 37 15 13 39 0.351351351351351 0.866666666666667 0.333333333333333
8330 12 3 2 13 0.166666666666667 0.666666666666667 0.153846153846154
8346 6 2 2 6 0.333333333333333 1 0.333333333333333
8359 385 31 22 394 0.0571428571428571 0.709677419354839 0.0558375634517767
8364 12 1 1 12 0.0833333333333333 1 0.0833333333333333
8365 102 58 36 124 0.352941176470588 0.620689655172414 0.290322580645161
8368 30 9 5 34 0.166666666666667 0.555555555555556 0.147058823529412
8374 4 1 1 4 0.25 1 0.25
8387 16 4 3 17 0.1875 0.75 0.176470588235294
8391 4 1 1 4 0.25 1 0.25
8396 1 1 0 2 0 0 0
8419 246 4 4 246 0.016260162601626 1 0.016260162601626
8422 101 16 9 108 0.0891089108910891 0.5625 0.0833333333333333
8426 438 19 15 442 0.0342465753424658 0.789473684210526 0.0339366515837104
8442 28 18 15 31 0.535714285714286 0.833333333333333 0.483870967741935
8447 504 24 20 508 0.0396825396825397 0.833333333333333 0.0393700787401575
8452 31 2 2 31 0.0645161290322581 1 0.0645161290322581
8468 555 10 9 556 0.0162162162162162 0.9 0.0161870503597122
8469 34 17 14 37 0.411764705882353 0.823529411764706 0.378378378378378
8473 27 5 4 28 0.148148148148148 0.8 0.142857142857143
8481 2 1 0 3 0 0 0
8495 19 3 2 20 0.105263157894737 0.666666666666667 0.1
8501 35 12 12 35 0.342857142857143 1 0.342857142857143
8508 1 1 1 1 1 1 1
8517 16 1 1 16 0.0625 1 0.0625
852 165 1 1 165 0.00606060606060606 1 0.00606060606060606
8527 19 2 2 19 0.105263157894737 1 0.105263157894737
855 27 1 1 27 0.037037037037037 1 0.037037037037037
8551 111 1 1 111 0.00900900900900901 1 0.00900900900900901
8560 70 27 21 76 0.3 0.777777777777778 0.276315789473684
8565 14 3 2 15 0.142857142857143 0.666666666666667 0.133333333333333
8586 65 5 4 66 0.0615384615384615 0.8 0.0606060606060606
8591 39 7 4 42 0.102564102564103 0.571428571428571 0.0952380952380952
8607 33 6 3 36 0.0909090909090909 0.5 0.0833333333333333
8648 33 14 8 39 0.242424242424242 0.571428571428571 0.205128205128205
8657 94 3 2 95 0.0212765957446809 0.666666666666667 0.0210526315789474
8664 5 1 1 5 0.2 1 0.2
8674 54 6 5 55 0.0925925925925926 0.833333333333333 0.0909090909090909
8676 4 1 1 4 0.25 1 0.25
8683 27 2 2 27 0.0740740740740741 1 0.0740740740740741
8708 261 5 4 262 0.0153256704980843 0.8 0.0152671755725191
8717 86 5 3 88 0.0348837209302326 0.6 0.0340909090909091
8728 1 1 1 1 1 1 1
8737 34 5 2 37 0.0588235294117647 0.4 0.0540540540540541
8758 11 7 6 12 0.545454545454545 0.857142857142857 0.5
8763 152 42 39 155 0.256578947368421 0.928571428571429 0.251612903225806
8767 63 25 19 69 0.301587301587302 0.76 0.27536231884058
8781 28 1 0 29 0 0 0
8804 43 13 10 46 0.232558139534884 0.769230769230769 0.217391304347826
8816 16 1 1 16 0.0625 1 0.0625
8820 10 4 3 11 0.3 0.75 0.272727272727273
8823 6 1 0 7 0 0 0
8881 458 26 24 460 0.0524017467248908 0.923076923076923 0.0521739130434783
8895 7 1 1 7 0.142857142857143 1 0.142857142857143
8897 48 12 7 53 0.145833333333333 0.583333333333333 0.132075471698113
8903 11 4 0 15 0 0 0
8928 671 1 1 671 0.0014903129657228 1 0.0014903129657228
8943 15 3 3 15 0.2 1 0.2
8954 37 9 6 40 0.162162162162162 0.666666666666667 0.15
8966 83 1 1 83 0.0120481927710843 1 0.0120481927710843
8970 2 1 1 2 0.5 1 0.5
8978 6 2 2 6 0.333333333333333 1 0.333333333333333
9002 971 208 202 977 0.208032955715757 0.971153846153846 0.20675537359263
9008 4 1 1 4 0.25 1 0.25
9009 143 12 9 146 0.0629370629370629 0.75 0.0616438356164384
9026 14 5 5 14 0.357142857142857 1 0.357142857142857
9031 56 2 2 56 0.0357142857142857 1 0.0357142857142857
9044 62 21 18 65 0.290322580645161 0.857142857142857 0.276923076923077
9080 6 4 2 8 0.333333333333333 0.5 0.25
9085 4 1 1 4 0.25 1 0.25
9112 7 1 1 7 0.142857142857143 1 0.142857142857143
9129 9 1 0 10 0 0 0
9150 26 4 3 27 0.115384615384615 0.75 0.111111111111111
9153 38 6 6 38 0.157894736842105 1 0.157894736842105
9162 2 1 1 2 0.5 1 0.5
9188 4 2 1 5 0.25 0.5 0.2
9231 2 2 1 3 0.5 0.5 0.333333333333333
9264 23 20 9 34 0.391304347826087 0.45 0.264705882352941
9270 24 3 2 25 0.0833333333333333 0.666666666666667 0.08
9299 41 2 1 42 0.024390243902439 0.5 0.0238095238095238
9304 231 8 7 232 0.0303030303030303 0.875 0.0301724137931034
9316 37 1 1 37 0.027027027027027 1 0.027027027027027
9329 11 2 2 11 0.181818181818182 1 0.181818181818182
9340 2 4 1 5 0.5 0.25 0.2
9367 3 1 1 3 0.333333333333333 1 0.333333333333333
9406 2 2 1 3 0.5 0.5 0.333333333333333
9431 2 1 1 2 0.5 1 0.5
9433 3 2 1 4 0.333333333333333 0.5 0.25
9445 1 1 1 1 1 1 1
9476 5 2 1 6 0.2 0.5 0.166666666666667
9498 152 1 0 153 0 0 0
9505 108 6 6 108 0.0555555555555556 1 0.0555555555555556
9534 6 1 1 6 0.166666666666667 1 0.166666666666667
9541 7 1 0 8 0 0 0
9543 4 1 1 4 0.25 1 0.25
9549 2 1 0 3 0 0 0
9555 3 1 0 4 0 0 0
9583 39 2 1 40 0.0256410256410256 0.5 0.025
9584 8 2 1 9 0.125 0.5 0.111111111111111
9595 7 3 2 8 0.285714285714286 0.666666666666667 0.25
9600 5 2 1 6 0.2 0.5 0.166666666666667
9607 7 1 0 8 0 0 0
9612 2 1 0 3 0 0 0
9619 2 1 1 2 0.5 1 0.5
9621 3 1 1 3 0.333333333333333 1 0.333333333333333
9622 7 2 1 8 0.142857142857143 0.5 0.125
9680 32 2 1 33 0.03125 0.5 0.0303030303030303
9700 7 3 2 8 0.285714285714286 0.666666666666667 0.25
9701 3 1 0 4 0 0 0
9722 45 8 8 45 0.177777777777778 1 0.177777777777778
9737 3 1 1 3 0.333333333333333 1 0.333333333333333
9758 2 1 0 3 0 0 0
9794 4 1 1 4 0.25 1 0.25
9800 30 2 0 32 0 0 0
9821 5 3 3 5 0.6 1 0.6
9844 2 1 0 3 0 0 0
9901 24 6 3 27 0.125 0.5 0.111111111111111
9919 18 1 0 19 0 0 0
9924 31 1 0 32 0 0 0
9930 19 2 2 19 0.105263157894737 1 0.105263157894737
