#ASN num_v4adj num_v6adj num_intersect(v4v6adj) num_union(adj) fr_v4(num_intersect/num_v4adj) fr_v6(num_intersect/num_v6adj) fr_intersect(num_intersect/num_union)
10013 3 10 1 12 0.333333333333333 0.1 0.0833333333333333
10015 14 1 0 15 0 0 0
10204 5 2 1 6 0.2 0.5 0.166666666666667
10318 4 4 0 8 0 0 0
10764 12 2 2 12 0.166666666666667 1 0.166666666666667
109 8 27 1 34 0.125 0.037037037037037 0.0294117647058824
1103 149 36 32 153 0.214765100671141 0.888888888888889 0.209150326797386
11085 1 2 0 3 0 0 0
11340 6 2 0 8 0 0 0
11537 78 30 28 80 0.358974358974359 0.933333333333333 0.35
11588 13 1 0 14 0 0 0
1200 27 9 5 31 0.185185185185185 0.555555555555556 0.161290322580645
1205 1 1 0 2 0 0 0
12111 23 1 1 23 0.0434782608695652 1 0.0434782608695652
1213 5 4 3 6 0.6 0.75 0.5
12199 1 3 0 4 0 0 0
1221 87 4 1 90 0.0114942528735632 0.25 0.0111111111111111
12337 27 9 5 31 0.185185185185185 0.555555555555556 0.161290322580645
12353 5 4 1 8 0.2 0.25 0.125
12355 3 2 0 5 0 0 0
1237 27 2 2 27 0.0740740740740741 1 0.0740740740740741
12371 2 1 0 3 0 0 0
12401 8 6 1 13 0.125 0.166666666666667 0.0769230769230769
12414 28 10 7 31 0.25 0.7 0.225806451612903
1248 4 2 0 6 0 0 0
1251 5 3 1 7 0.2 0.333333333333333 0.142857142857143
12533 2 6 1 7 0.5 0.166666666666667 0.142857142857143
12558 11 3 1 13 0.0909090909090909 0.333333333333333 0.0769230769230769
12565 5 4 0 9 0 0 0
1257 84 7 0 91 0 0 0
12600 8 1 1 8 0.125 1 0.125
12611 27 8 6 29 0.222222222222222 0.75 0.206896551724138
12634 25 14 6 33 0.24 0.428571428571429 0.181818181818182
12638 2 2 0 4 0 0 0
1273 272 3 3 272 0.0110294117647059 1 0.0110294117647059
12731 34 9 5 38 0.147058823529412 0.555555555555556 0.131578947368421
12732 13 3 2 14 0.153846153846154 0.666666666666667 0.142857142857143
12767 4 1 0 5 0 0 0
12779 61 14 6 69 0.0983606557377049 0.428571428571429 0.0869565217391304
12793 167 8 5 170 0.029940119760479 0.625 0.0294117647058824
12853 1 3 0 4 0 0 0
12859 219 52 45 226 0.205479452054795 0.865384615384615 0.199115044247788
12871 25 15 7 33 0.28 0.466666666666667 0.212121212121212
12895 4 1 1 4 0.25 1 0.25
12902 29 10 6 33 0.206896551724138 0.6 0.181818181818182
12931 3 1 1 3 0.333333333333333 1 0.333333333333333
12956 227 2 2 227 0.00881057268722467 1 0.00881057268722467
12968 48 7 1 54 0.0208333333333333 0.142857142857143 0.0185185185185185
1299 297 13 11 299 0.037037037037037 0.846153846153846 0.0367892976588629
13 3 1 1 3 0.333333333333333 1 0.333333333333333
13039 2 1 1 2 0.5 1 0.5
13046 16 1 1 16 0.0625 1 0.0625
13058 2 2 0 4 0 0 0
13110 4 9 0 13 0 0 0
13129 243 8 6 245 0.0246913580246914 0.75 0.0244897959183673
13189 19 1 1 19 0.0526315789473684 1 0.0526315789473684
13193 25 10 3 32 0.12 0.3 0.09375
13272 1 1 1 1 1 1 1
13285 35 1 0 36 0 0 0
13300 1 1 1 1 1 1 1
13645 10 2 0 12 0 0 0
137 10 4 1 13 0.1 0.25 0.0769230769230769
13944 3 15 0 18 0 0 0
14277 9 8 2 15 0.222222222222222 0.25 0.133333333333333
145 8 13 0 21 0 0 0
14654 2 1 0 3 0 0 0
15180 6 5 0 11 0 0 0
15440 5 1 0 6 0 0 0
15444 247 21 17 251 0.0688259109311741 0.80952380952381 0.0677290836653386
15450 4 3 0 7 0 0 0
15469 1 1 0 2 0 0 0
15498 7 3 0 10 0 0 0
15516 4 4 0 8 0 0 0
15557 50 1 0 51 0 0 0
15589 39 24 2 61 0.0512820512820513 0.0833333333333333 0.0327868852459016
15600 32 8 4 36 0.125 0.5 0.111111111111111
15623 15 4 1 18 0.0666666666666667 0.25 0.0555555555555556
15685 9 1 1 9 0.111111111111111 1 0.111111111111111
15694 24 1 0 25 0 0 0
15703 65 12 5 72 0.0769230769230769 0.416666666666667 0.0694444444444444
15709 2 1 0 3 0 0 0
15717 41 7 3 45 0.0731707317073171 0.428571428571429 0.0666666666666667
15861 5 1 0 6 0 0 0
15897 1 2 0 3 0 0 0
15997 12 2 0 14 0 0 0
16004 10 3 1 12 0.1 0.333333333333333 0.0833333333333333
16023 3 3 0 6 0 0 0
16034 15 3 0 18 0 0 0
16086 14 5 2 17 0.142857142857143 0.4 0.117647058823529
16091 2 2 0 4 0 0 0
16131 26 2 1 27 0.0384615384615385 0.5 0.037037037037037
16186 6 8 1 13 0.166666666666667 0.125 0.0769230769230769
16215 9 4 3 10 0.333333333333333 0.75 0.3
16237 21 4 2 23 0.0952380952380952 0.5 0.0869565217391304
16245 10 3 2 11 0.2 0.666666666666667 0.181818181818182
16260 23 2 1 24 0.0434782608695652 0.5 0.0416666666666667
1653 26 2 1 27 0.0384615384615385 0.5 0.037037037037037
16531 6 1 0 7 0 0 0
16713 24 3 2 25 0.0833333333333333 0.666666666666667 0.08
16838 7 2 0 9 0 0 0
17263 3 1 0 4 0 0 0
1741 9 3 2 10 0.222222222222222 0.666666666666667 0.2
17511 7 3 1 9 0.142857142857143 0.333333333333333 0.111111111111111
17527 5 8 2 11 0.4 0.25 0.181818181818182
17529 5 1 0 6 0 0 0
17579 7 6 6 7 0.857142857142857 1 0.857142857142857
1759 20 1 1 20 0.05 1 0.05
17709 12 1 0 13 0 0 0
17828 2 1 0 3 0 0 0
17832 5 11 0 16 0 0 0
17934 1 1 0 2 0 0 0
17935 1 1 0 2 0 0 0
1797 1 2 0 3 0 0 0
1798 4 2 0 6 0 0 0
18098 1 1 0 2 0 0 0
18181 3 1 1 3 0.333333333333333 1 0.333333333333333
18185 6 2 2 6 0.333333333333333 1 0.333333333333333
1835 5 3 2 6 0.4 0.666666666666667 0.333333333333333
1853 87 16 13 90 0.149425287356322 0.8125 0.144444444444444
18592 20 2 2 20 0.1 1 0.1
18666 2 1 0 3 0 0 0
1897 10 2 1 11 0.1 0.5 0.0909090909090909
1916 17 9 4 22 0.235294117647059 0.444444444444444 0.181818181818182
1930 6 13 3 16 0.5 0.230769230769231 0.1875
195 8 1 1 8 0.125 1 0.125
1955 10 3 1 12 0.1 0.333333333333333 0.0833333333333333
19782 7 1 1 7 0.142857142857143 1 0.142857142857143
20080 12 3 3 12 0.25 1 0.25
2042 10 8 1 17 0.1 0.125 0.0588235294117647
20495 81 8 5 84 0.0617283950617284 0.625 0.0595238095238095
20569 6 2 1 7 0.166666666666667 0.5 0.142857142857143
20612 4 1 1 4 0.25 1 0.25
20621 2 1 1 2 0.5 1 0.5
20646 46 14 11 49 0.239130434782609 0.785714285714286 0.224489795918367
20704 13 3 2 14 0.153846153846154 0.666666666666667 0.142857142857143
20712 6 1 0 7 0 0 0
20718 24 2 1 25 0.0416666666666667 0.5 0.04
20745 2 7 0 9 0 0 0
20794 3 3 1 5 0.333333333333333 0.333333333333333 0.2
20834 42 7 1 48 0.0238095238095238 0.142857142857143 0.0208333333333333
20847 37 11 8 40 0.216216216216216 0.727272727272727 0.2
209 1114 1 1 1114 0.000897666068222621 1 0.000897666068222621
20900 2 1 0 3 0 0 0
20912 2 2 0 4 0 0 0
20965 40 31 31 40 0.775 1 0.775
210 9 1 1 9 0.111111111111111 1 0.111111111111111
2107 1 1 1 1 1 1 1
2108 1 1 1 1 1 1 1
2110 42 9 4 47 0.0952380952380952 0.444444444444444 0.0851063829787234
21119 7 2 0 9 0 0 0
21155 38 16 8 46 0.210526315789474 0.5 0.173913043478261
21193 3 1 1 3 0.333333333333333 1 0.333333333333333
21202 43 2 2 43 0.0465116279069767 1 0.0465116279069767
21221 26 11 7 30 0.269230769230769 0.636363636363636 0.233333333333333
2128 2 1 1 2 0.5 1 0.5
21385 30 9 5 34 0.166666666666667 0.555555555555556 0.147058823529412
21392 18 6 2 22 0.111111111111111 0.333333333333333 0.0909090909090909
21398 23 4 1 26 0.0434782608695652 0.25 0.0384615384615385
21501 6 1 0 7 0 0 0
2153 19 2 2 19 0.105263157894737 1 0.105263157894737
2200 42 5 3 44 0.0714285714285714 0.6 0.0681818181818182
22166 3 1 0 4 0 0 0
22335 24 2 1 25 0.0416666666666667 0.5 0.04
224 6 4 2 8 0.333333333333333 0.5 0.25
22548 4 2 0 6 0 0 0
23393 28 3 1 30 0.0357142857142857 0.333333333333333 0.0333333333333333
23774 3 2 1 4 0.333333333333333 0.5 0.25
23787 1 1 1 1 1 1 1
23789 1 1 0 2 0 0 0
2381 18 1 1 18 0.0555555555555556 1 0.0555555555555556
2386 6 1 1 6 0.166666666666667 1 0.166666666666667
23910 2 1 1 2 0.5 1 0.5
23911 2 2 1 3 0.5 0.5 0.333333333333333
23912 1 1 0 2 0 0 0
24 7 1 1 7 0.142857142857143 1 0.142857142857143
24587 37 12 6 43 0.162162162162162 0.5 0.13953488372093
24723 2 5 0 7 0 0 0
24730 33 7 3 37 0.0909090909090909 0.428571428571429 0.0810810810810811
24776 5 2 1 6 0.2 0.5 0.166666666666667
2486 10 1 1 10 0.1 1 0.1
24875 54 9 4 59 0.0740740740740741 0.444444444444444 0.0677966101694915
2497 202 53 36 219 0.178217821782178 0.679245283018868 0.164383561643836
24973 2 1 1 2 0.5 1 0.5
2500 30 47 12 65 0.4 0.25531914893617 0.184615384615385
2510 13 10 3 20 0.230769230769231 0.3 0.15
25108 11 2 1 12 0.0909090909090909 0.5 0.0833333333333333
25137 37 6 3 40 0.0810810810810811 0.5 0.075
2514 18 4 3 19 0.166666666666667 0.75 0.157894736842105
25152 25 5 4 26 0.16 0.8 0.153846153846154
2516 302 42 32 312 0.105960264900662 0.761904761904762 0.102564102564103
2518 46 10 5 51 0.108695652173913 0.5 0.0980392156862745
2519 23 2 0 25 0 0 0
25208 6 2 0 8 0 0 0
25232 143 6 5 144 0.034965034965035 0.833333333333333 0.0347222222222222
2527 9 8 3 14 0.333333333333333 0.375 0.214285714285714
25358 11 11 1 21 0.0909090909090909 0.0909090909090909 0.0476190476190476
25384 6 2 0 8 0 0 0
2549 1 4 0 5 0 0 0
25492 22 3 1 24 0.0454545454545455 0.333333333333333 0.0416666666666667
25538 2 1 0 3 0 0 0
25560 104 11 8 107 0.0769230769230769 0.727272727272727 0.0747663551401869
2586 5 3 0 8 0 0 0
2594 8 1 1 8 0.125 1 0.125
2595 3 2 1 4 0.333333333333333 0.5 0.25
2602 2 2 1 3 0.5 0.5 0.333333333333333
2603 35 11 6 40 0.171428571428571 0.545454545454545 0.15
2607 44 5 0 49 0 0 0
2609 3 1 0 4 0 0 0
2611 39 7 5 41 0.128205128205128 0.714285714285714 0.121951219512195
2614 10 2 1 11 0.1 0.5 0.0909090909090909
26415 13 2 0 15 0 0 0
27552 5 1 1 5 0.2 1 0.2
278 9 8 1 16 0.111111111111111 0.125 0.0625
2819 16 2 0 18 0 0 0
2847 2 3 1 4 0.5 0.333333333333333 0.25
2852 6 3 3 6 0.5 1 0.5
28747 180 2 2 180 0.0111111111111111 1 0.0111111111111111
28788 31 2 2 31 0.0645161290322581 1 0.0645161290322581
28855 8 3 2 9 0.25 0.666666666666667 0.222222222222222
2895 4 1 1 4 0.25 1 0.25
2905 27 2 1 28 0.037037037037037 0.5 0.0357142857142857
2907 58 5 3 60 0.0517241379310345 0.6 0.05
2914 730 98 52 776 0.0712328767123288 0.530612244897959 0.0670103092783505
2915 36 10 3 43 0.0833333333333333 0.3 0.0697674418604651
29188 5 1 0 6 0 0 0
29216 1 3 1 3 1 0.333333333333333 0.333333333333333
29243 2 2 2 2 1 1 1
29259 11 2 1 12 0.0909090909090909 0.5 0.0833333333333333
293 113 20 10 123 0.0884955752212389 0.5 0.0813008130081301
29377 1 9 0 10 0 0 0
29422 3 2 1 4 0.333333333333333 0.5 0.25
29449 3 7 2 8 0.666666666666667 0.285714285714286 0.25
29623 1 1 1 1 1 1 1
29629 8 1 1 8 0.125 1 0.125
29670 1 2 0 3 0 0 0
29686 218 50 44 224 0.201834862385321 0.88 0.196428571428571
29789 4 1 1 4 0.25 1 0.25
29838 8 3 0 11 0 0 0
3 4 1 0 5 0 0 0
30071 2 23 2 23 1 0.0869565217391304 0.0869565217391304
30129 3 2 2 3 0.666666666666667 1 0.666666666666667
30726 7 4 0 11 0 0 0
31079 1 2 0 3 0 0 0
31103 2 4 0 6 0 0 0
3130 20 1 1 20 0.05 1 0.05
31383 12 8 5 15 0.416666666666667 0.625 0.333333333333333
31479 2 1 1 2 0.5 1 0.5
31968 1 1 0 2 0 0 0
3212 25 1 0 26 0 0 0
3221 1 2 1 2 1 0.5 0.5
3243 11 5 1 15 0.0909090909090909 0.2 0.0666666666666667
3246 112 33 10 135 0.0892857142857143 0.303030303030303 0.0740740740740741
3248 9 6 2 13 0.222222222222222 0.333333333333333 0.153846153846154
3249 30 3 1 32 0.0333333333333333 0.333333333333333 0.03125
3257 258 120 45 333 0.174418604651163 0.375 0.135135135135135
3265 35 15 9 41 0.257142857142857 0.6 0.219512195121951
3274 3 4 0 7 0 0 0
3292 281 9 5 285 0.0177935943060498 0.555555555555556 0.0175438596491228
33 8 4 3 9 0.375 0.75 0.333333333333333
3301 29 2 2 29 0.0689655172413793 1 0.0689655172413793
3303 523 28 20 531 0.0382409177820268 0.714285714285714 0.0376647834274953
3320 289 21 8 302 0.027681660899654 0.380952380952381 0.0264900662251656
3327 11 7 2 16 0.181818181818182 0.285714285714286 0.125
3333 126 21 19 128 0.150793650793651 0.904761904761905 0.1484375
3344 38 11 2 47 0.0526315789473684 0.181818181818182 0.0425531914893617
3352 57 4 1 60 0.0175438596491228 0.25 0.0166666666666667
3549 631 39 27 643 0.0427892234548336 0.692307692307692 0.0419906687402799
3557 85 14 11 88 0.129411764705882 0.785714285714286 0.125
3582 4 4 0 8 0 0 0
3597 8 3 1 10 0.125 0.333333333333333 0.1
3662 12 1 1 12 0.0833333333333333 1 0.0833333333333333
3741 144 1 0 145 0 0 0
3748 2 5 1 6 0.5 0.2 0.166666666666667
3758 31 6 0 37 0 0 0
376 12 1 1 12 0.0833333333333333 1 0.0833333333333333
3776 9 2 0 11 0 0 0
378 2 1 1 2 0.5 1 0.5
3786 312 3 1 314 0.00320512820512821 0.333333333333333 0.00318471337579618
3825 1 1 0 2 0 0 0
3836 5 4 0 9 0 0 0
4436 91 4 3 92 0.032967032967033 0.75 0.0326086956521739
4538 16 13 4 25 0.25 0.307692307692308 0.16
4555 1 12 0 13 0 0 0
4589 411 16 13 414 0.0316301703163017 0.8125 0.0314009661835749
4608 3 1 1 3 0.333333333333333 1 0.333333333333333
4618 9 8 0 17 0 0 0
4621 24 1 1 24 0.0416666666666667 1 0.0416666666666667
4645 14 1 1 14 0.0714285714285714 1 0.0714285714285714
4651 26 2 0 28 0 0 0
4673 8 1 1 8 0.125 1 0.125
4675 4 7 2 9 0.5 0.285714285714286 0.222222222222222
4677 4 9 2 11 0.5 0.222222222222222 0.181818181818182
4678 7 9 2 14 0.285714285714286 0.222222222222222 0.142857142857143
4680 8 7 2 13 0.25 0.285714285714286 0.153846153846154
4685 7 9 3 13 0.428571428571429 0.333333333333333 0.230769230769231
4688 11 9 3 17 0.272727272727273 0.333333333333333 0.176470588235294
4691 8 16 3 21 0.375 0.1875 0.142857142857143
4694 80 2 2 80 0.025 1 0.025
4697 1 27 1 27 1 0.037037037037037 0.037037037037037
4702 5 5 2 8 0.4 0.4 0.25
4713 84 2 2 84 0.0238095238095238 1 0.0238095238095238
4716 93 43 14 122 0.150537634408602 0.325581395348837 0.114754098360656
4717 4 3 2 5 0.5 0.666666666666667 0.4
4718 4 6 2 8 0.5 0.333333333333333 0.25
4721 7 6 0 13 0 0 0
4725 92 46 7 131 0.0760869565217391 0.152173913043478 0.0534351145038168
4736 15 1 1 15 0.0666666666666667 1 0.0666666666666667
4741 5 2 0 7 0 0 0
4747 7 2 0 9 0 0 0
4750 33 2 0 35 0 0 0
4774 6 3 2 7 0.333333333333333 0.666666666666667 0.285714285714286
4777 28 6 5 29 0.178571428571429 0.833333333333333 0.172413793103448
4780 27 1 1 27 0.037037037037037 1 0.037037037037037
4795 13 2 0 15 0 0 0
5050 10 1 1 10 0.1 1 0.1
513 34 11 5 40 0.147058823529412 0.454545454545455 0.125
5381 11 4 0 15 0 0 0
5385 10 6 2 14 0.2 0.333333333333333 0.142857142857143
5397 5 1 0 6 0 0 0
5408 31 7 1 37 0.032258064516129 0.142857142857143 0.027027027027027
5410 39 7 1 45 0.0256410256410256 0.142857142857143 0.0222222222222222
5417 157 27 24 160 0.152866242038217 0.888888888888889 0.15
5418 7 2 2 7 0.285714285714286 1 0.285714285714286
5424 9 11 1 19 0.111111111111111 0.0909090909090909 0.0526315789473684
5430 51 11 4 58 0.0784313725490196 0.363636363636364 0.0689655172413793
5459 158 4 4 158 0.0253164556962025 1 0.0253164556962025
5466 55 2 0 57 0 0 0
5486 25 1 0 26 0 0 0
5511 188 39 11 216 0.0585106382978723 0.282051282051282 0.0509259259259259
553 35 10 7 38 0.2 0.7 0.184210526315789
5539 31 38 9 60 0.290322580645161 0.236842105263158 0.15
5550 1 1 1 1 1 1 1
5568 67 3 3 67 0.0447761194029851 1 0.0447761194029851
559 42 20 12 50 0.285714285714286 0.6 0.24
5602 17 4 2 19 0.117647058823529 0.5 0.105263157894737
5609 2 19 0 21 0 0 0
5617 69 6 0 75 0 0 0
5623 1 4 0 5 0 0 0
5669 81 5 3 83 0.037037037037037 0.6 0.036144578313253
5693 8 3 2 9 0.25 0.666666666666667 0.222222222222222
6062 8 3 0 11 0 0 0
6066 4 1 0 5 0 0 0
6163 9 2 0 11 0 0 0
6342 4 3 0 7 0 0 0
6360 9 1 1 9 0.111111111111111 1 0.111111111111111
6435 3 22 0 25 0 0 0
6453 260 8 7 261 0.0269230769230769 0.875 0.0268199233716475
6461 586 10 9 587 0.015358361774744 0.9 0.0153321976149915
6509 36 5 4 37 0.111111111111111 0.8 0.108108108108108
6619 11 1 0 12 0 0 0
6661 25 2 1 26 0.04 0.5 0.0384615384615385
6666 28 5 1 32 0.0357142857142857 0.2 0.03125
6667 372 42 40 374 0.10752688172043 0.952380952380952 0.106951871657754
6677 10 1 0 11 0 0 0
668 42 8 3 47 0.0714285714285714 0.375 0.0638297872340425
6695 73 1 1 73 0.0136986301369863 1 0.0136986301369863
6696 29 8 4 33 0.137931034482759 0.5 0.121212121212121
6706 3 2 1 4 0.333333333333333 0.5 0.25
6722 2 1 0 3 0 0 0
6730 187 7 6 188 0.0320855614973262 0.857142857142857 0.0319148936170213
6772 7 3 2 8 0.285714285714286 0.666666666666667 0.25
680 46 13 6 53 0.130434782608696 0.461538461538462 0.113207547169811
6830 74 88 19 143 0.256756756756757 0.215909090909091 0.132867132867133
6895 33 1 1 33 0.0303030303030303 1 0.0303030303030303
6939 310 48 14 344 0.0451612903225806 0.291666666666667 0.0406976744186047
7018 1941 5 3 1943 0.00154559505409583 0.6 0.00154400411734431
7065 8 1 1 8 0.125 1 0.125
71 10 1 0 11 0 0 0
7500 70 4 3 71 0.0428571428571429 0.75 0.0422535211267606
7514 14 10 4 20 0.285714285714286 0.4 0.2
7516 6 1 0 7 0 0 0
7521 3 3 1 5 0.333333333333333 0.333333333333333 0.2
7522 4 5 2 7 0.5 0.4 0.285714285714286
7530 3 2 0 5 0 0 0
7539 21 4 3 22 0.142857142857143 0.75 0.136363636363636
7570 17 3 2 18 0.117647058823529 0.666666666666667 0.111111111111111
7575 25 5 5 25 0.2 1 0.2
7580 1 4 0 5 0 0 0
7610 27 3 2 28 0.0740740740740741 0.666666666666667 0.0714285714285714
7623 11 2 1 12 0.0909090909090909 0.5 0.0833333333333333
766 13 3 3 13 0.230769230769231 1 0.230769230769231
7660 28 31 14 45 0.5 0.451612903225806 0.311111111111111
7665 2 1 1 2 0.5 1 0.5
7667 3 5 2 6 0.666666666666667 0.4 0.333333333333333
7668 7 1 1 7 0.142857142857143 1 0.142857142857143
7670 13 2 1 14 0.0769230769230769 0.5 0.0714285714285714
7671 4 37 3 38 0.75 0.0810810810810811 0.0789473684210526
7682 8 2 0 10 0 0 0
7687 4 2 1 5 0.25 0.5 0.2
7786 5 1 0 6 0 0 0
786 37 15 2 50 0.0540540540540541 0.133333333333333 0.04
790 2 6 1 7 0.5 0.166666666666667 0.142857142857143
8002 25 6 0 31 0 0 0
8015 9 1 0 10 0 0 0
8070 1 2 0 3 0 0 0
81 10 2 0 12 0 0 0
8121 67 3 2 68 0.0298507462686567 0.666666666666667 0.0294117647058824
8209 1 1 1 1 1 1 1
8237 7 4 0 11 0 0 0
8251 135 1 1 135 0.00740740740740741 1 0.00740740740740741
8256 2 1 1 2 0.5 1 0.5
8267 1 4 1 4 1 0.25 0.25
8319 30 3 2 31 0.0666666666666667 0.666666666666667 0.0645161290322581
8426 206 1 0 207 0 0 0
8447 62 14 5 71 0.0806451612903226 0.357142857142857 0.0704225352112676
8469 25 6 4 27 0.16 0.666666666666667 0.148148148148148
8472 50 7 2 55 0.04 0.285714285714286 0.0363636363636364
8473 21 1 1 21 0.0476190476190476 1 0.0476190476190476
8501 27 6 6 27 0.222222222222222 1 0.222222222222222
8514 35 5 1 39 0.0285714285714286 0.2 0.0256410256410256
8517 16 1 1 16 0.0625 1 0.0625
8554 6 1 1 6 0.166666666666667 1 0.166666666666667
8560 46 12 9 49 0.195652173913043 0.75 0.183673469387755
8565 6 1 0 7 0 0 0
8591 15 4 2 17 0.133333333333333 0.5 0.117647058823529
8657 60 3 2 61 0.0333333333333333 0.666666666666667 0.0327868852459016
8664 11 7 0 18 0 0 0
8665 4 2 1 5 0.25 0.5 0.2
8674 34 1 1 34 0.0294117647058824 1 0.0294117647058824
8676 3 2 0 5 0 0 0
8708 117 8 5 120 0.0427350427350427 0.625 0.0416666666666667
8728 1 1 1 1 1 1 1
8737 36 6 4 38 0.111111111111111 0.666666666666667 0.105263157894737
8758 8 4 1 11 0.125 0.25 0.0909090909090909
8763 108 21 17 112 0.157407407407407 0.80952380952381 0.151785714285714
8767 18 3 2 19 0.111111111111111 0.666666666666667 0.105263157894737
8781 3 1 1 3 0.333333333333333 1 0.333333333333333
8823 4 1 1 4 0.25 1 0.25
8903 35 4 1 38 0.0285714285714286 0.25 0.0263157894736842
8921 1 1 0 2 0 0 0
8925 3 1 0 4 0 0 0
8943 8 1 0 9 0 0 0
8954 24 22 4 42 0.166666666666667 0.181818181818182 0.0952380952380952
8966 28 1 1 28 0.0357142857142857 1 0.0357142857142857
8970 2 1 1 2 0.5 1 0.5
8973 4 1 0 5 0 0 0
8975 50 2 2 50 0.04 1 0.04
9044 80 1 1 80 0.0125 1 0.0125
9112 2 9 1 10 0.5 0.111111111111111 0.1
9150 24 1 0 25 0 0 0
9186 19 1 0 20 0 0 0
9196 5 1 0 6 0 0 0
9264 43 22 7 58 0.162790697674419 0.318181818181818 0.120689655172414
9270 37 9 6 40 0.162162162162162 0.666666666666667 0.15
9316 26 1 0 27 0 0 0
9407 2 4 2 4 1 0.5 0.5
9416 13 1 0 14 0 0 0
9505 46 2 1 47 0.0217391304347826 0.5 0.0212765957446809
9595 7 4 2 9 0.285714285714286 0.5 0.222222222222222
9600 6 10 2 14 0.333333333333333 0.2 0.142857142857143
9607 7 3 0 10 0 0 0
9612 2 3 0 5 0 0 0
9619 2 2 2 2 1 1 1
9621 3 7 1 9 0.333333333333333 0.142857142857143 0.111111111111111
9622 8 1 1 8 0.125 1 0.125
9687 2 1 1 2 0.5 1 0.5
9701 3 1 0 4 0 0 0
9758 1 1 0 2 0 0 0
9821 5 1 1 5 0.2 1 0.2
9844 1 1 0 2 0 0 0
