#ASN num_v4adj num_v6adj num_intersect(v4v6adj) num_union(adj) fr_v4(num_intersect/num_v4adj) fr_v6(num_intersect/num_v6adj) fr_intersect(num_intersect/num_union)
10013 2 6 1 7 0.5 0.166666666666667 0.142857142857143
10015 10 1 0 11 0 0 0
10030 2 1 1 2 0.5 1 0.5
10084 7 1 1 7 0.142857142857143 1 0.142857142857143
101 38 5 5 38 0.131578947368421 1 0.131578947368421
102 3 1 1 3 0.333333333333333 1 0.333333333333333
10204 8 5 1 12 0.125 0.2 0.0833333333333333
10217 17 1 1 17 0.0588235294117647 1 0.0588235294117647
10318 3 1 0 4 0 0 0
10343 2 1 1 2 0.5 1 0.5
10429 60 1 1 60 0.0166666666666667 1 0.0166666666666667
10490 31 2 2 31 0.0645161290322581 1 0.0645161290322581
10533 1 2 1 2 1 0.5 0.5
10569 1 1 1 1 1 1 1
10578 26 3 3 26 0.115384615384615 1 0.115384615384615
10745 2 6 0 8 0 0 0
10764 13 2 2 13 0.153846153846154 1 0.153846153846154
10778 6 2 2 6 0.333333333333333 1 0.333333333333333
10886 40 15 7 48 0.175 0.466666666666667 0.145833333333333
109 13 4 0 17 0 0 0
1101 1 1 1 1 1 1 1
1103 178 43 40 181 0.224719101123595 0.930232558139535 0.220994475138122
111 3 2 2 3 0.666666666666667 1 0.666666666666667
11170 2 1 0 3 0 0 0
1125 3 3 2 4 0.666666666666667 0.666666666666667 0.5
1126 37 10 6 41 0.162162162162162 0.6 0.146341463414634
11317 11 2 2 11 0.181818181818182 1 0.181818181818182
1133 3 1 1 3 0.333333333333333 1 0.333333333333333
11340 5 1 1 5 0.2 1 0.2
1140 21 4 1 24 0.0476190476190476 0.25 0.0416666666666667
11537 94 45 33 106 0.351063829787234 0.733333333333333 0.311320754716981
11588 24 1 1 24 0.0416666666666667 1 0.0416666666666667
11656 1 1 0 2 0 0 0
11815 2 1 0 3 0 0 0
11960 5 2 2 5 0.4 1 0.4
11990 4 1 0 5 0 0 0
1200 41 13 8 46 0.195121951219512 0.615384615384615 0.173913043478261
12008 31 1 1 31 0.032258064516129 1 0.032258064516129
12041 2 3 1 4 0.5 0.333333333333333 0.25
12046 2 1 1 2 0.5 1 0.5
12111 26 2 1 27 0.0384615384615385 0.5 0.037037037037037
1213 5 2 2 5 0.4 1 0.4
1221 97 4 1 100 0.0103092783505155 0.25 0.01
12287 2 1 0 3 0 0 0
12312 22 1 1 22 0.0454545454545455 1 0.0454545454545455
12337 37 13 12 38 0.324324324324324 0.923076923076923 0.315789473684211
12353 5 4 1 8 0.2 0.25 0.125
12355 12 9 7 14 0.583333333333333 0.777777777777778 0.5
1237 38 3 2 39 0.0526315789473684 0.666666666666667 0.0512820512820513
12371 2 1 0 3 0 0 0
12386 13 2 2 13 0.153846153846154 1 0.153846153846154
1239 1739 2 1 1740 0.000575043128234618 0.5 0.000574712643678161
12399 223 1 1 223 0.00448430493273543 1 0.00448430493273543
12401 10 3 2 11 0.2 0.666666666666667 0.181818181818182
12414 35 11 8 38 0.228571428571429 0.727272727272727 0.210526315789474
12429 19 1 1 19 0.0526315789473684 1 0.0526315789473684
12533 2 1 0 3 0 0 0
1257 106 4 1 109 0.00943396226415094 0.25 0.00917431192660551
12600 14 1 1 14 0.0714285714285714 1 0.0714285714285714
12611 40 15 9 46 0.225 0.6 0.195652173913043
12634 37 13 10 40 0.27027027027027 0.769230769230769 0.25
12637 9 2 1 10 0.111111111111111 0.5 0.1
12638 1 3 0 4 0 0 0
12657 2 3 2 3 1 0.666666666666667 0.666666666666667
12709 2 1 0 3 0 0 0
1273 323 74 43 354 0.13312693498452 0.581081081081081 0.121468926553672
12731 49 10 7 52 0.142857142857143 0.7 0.134615384615385
12732 21 2 1 22 0.0476190476190476 0.5 0.0454545454545455
12741 85 1 0 86 0 0 0
12757 5 1 1 5 0.2 1 0.2
12767 11 1 0 12 0 0 0
12769 6 1 1 6 0.166666666666667 1 0.166666666666667
12779 66 17 8 75 0.121212121212121 0.470588235294118 0.106666666666667
1280 55 9 8 56 0.145454545454545 0.888888888888889 0.142857142857143
12816 2 1 1 2 0.5 1 0.5
12817 2 2 2 2 1 1 1
12853 1 5 0 6 0 0 0
12859 336 63 58 341 0.172619047619048 0.920634920634921 0.170087976539589
12871 31 15 9 37 0.290322580645161 0.6 0.243243243243243
12874 113 2 2 113 0.0176991150442478 1 0.0176991150442478
12895 8 1 1 8 0.125 1 0.125
12902 40 10 8 42 0.2 0.8 0.19047619047619
12931 4 3 2 5 0.5 0.666666666666667 0.4
12956 128 9 8 129 0.0625 0.888888888888889 0.062015503875969
12968 106 2 1 107 0.00943396226415094 0.5 0.00934579439252336
12989 364 4 4 364 0.010989010989011 1 0.010989010989011
1299 485 29 24 490 0.0494845360824742 0.827586206896552 0.0489795918367347
13030 121 7 7 121 0.0578512396694215 1 0.0578512396694215
13039 6 1 1 6 0.166666666666667 1 0.166666666666667
13041 6 1 1 6 0.166666666666667 1 0.166666666666667
13092 5 1 1 5 0.2 1 0.2
13110 5 1 1 5 0.2 1 0.2
13115 4 1 1 4 0.25 1 0.25
1312 2 1 1 2 0.5 1 0.5
1316 2 1 0 3 0 0 0
13189 23 4 3 24 0.130434782608696 0.75 0.125
13193 44 11 8 47 0.181818181818182 0.727272727272727 0.170212765957447
13237 480 48 40 488 0.0833333333333333 0.833333333333333 0.0819672131147541
13272 1 1 1 1 1 1 1
13276 17 2 2 17 0.117647058823529 1 0.117647058823529
13293 22 2 2 22 0.0909090909090909 1 0.0909090909090909
13319 3 1 0 4 0 0 0
13448 4 1 1 4 0.25 1 0.25
13645 169 10 5 174 0.029585798816568 0.5 0.028735632183908
137 14 4 4 14 0.285714285714286 1 0.285714285714286
13737 2 2 1 3 0.5 0.5 0.333333333333333
13802 6 1 0 7 0 0 0
13911 4 1 0 5 0 0 0
14277 9 7 1 15 0.111111111111111 0.142857142857143 0.0666666666666667
14595 4 1 0 5 0 0 0
15169 102 4 1 105 0.00980392156862745 0.25 0.00952380952380952
15412 260 3 2 261 0.00769230769230769 0.666666666666667 0.00766283524904215
15431 2 1 1 2 0.5 1 0.5
15440 6 2 1 7 0.166666666666667 0.5 0.142857142857143
15444 248 20 12 256 0.0483870967741935 0.6 0.046875
15456 1 2 0 3 0 0 0
15469 1 1 0 2 0 0 0
15474 3 1 1 3 0.333333333333333 1 0.333333333333333
15475 9 2 0 11 0 0 0
15480 3 1 1 3 0.333333333333333 1 0.333333333333333
15501 2 2 2 2 1 1 1
15589 29 8 2 35 0.0689655172413793 0.25 0.0571428571428571
15598 59 15 11 63 0.186440677966102 0.733333333333333 0.174603174603175
15623 29 2 1 30 0.0344827586206897 0.5 0.0333333333333333
15694 48 1 1 48 0.0208333333333333 1 0.0208333333333333
15706 4 2 1 5 0.25 0.5 0.2
15725 2 2 1 3 0.5 0.5 0.333333333333333
15744 10 1 1 10 0.1 1 0.1
15782 11 2 1 12 0.0909090909090909 0.5 0.0833333333333333
15798 2 1 0 3 0 0 0
15919 7 1 1 7 0.142857142857143 1 0.142857142857143
16004 10 2 1 11 0.1 0.5 0.0909090909090909
16023 3 1 0 4 0 0 0
16030 51 14 10 55 0.196078431372549 0.714285714285714 0.181818181818182
16034 247 27 25 249 0.101214574898785 0.925925925925926 0.100401606425703
16086 31 17 7 41 0.225806451612903 0.411764705882353 0.170731707317073
16128 15 3 2 16 0.133333333333333 0.666666666666667 0.125
16131 29 9 5 33 0.172413793103448 0.555555555555556 0.151515151515152
16150 202 7 5 204 0.0247524752475248 0.714285714285714 0.0245098039215686
16186 44 6 3 47 0.0681818181818182 0.5 0.0638297872340425
16215 12 1 1 12 0.0833333333333333 1 0.0833333333333333
16237 28 3 1 30 0.0357142857142857 0.333333333333333 0.0333333333333333
16245 24 2 1 25 0.0416666666666667 0.5 0.04
16265 61 1 1 61 0.0163934426229508 1 0.0163934426229508
16276 60 2 2 60 0.0333333333333333 1 0.0333333333333333
16316 4 3 1 6 0.25 0.333333333333333 0.166666666666667
16397 7 2 0 9 0 0 0
1653 23 3 3 23 0.130434782608696 1 0.130434782608696
16531 8 1 0 9 0 0 0
1659 6 3 2 7 0.333333333333333 0.666666666666667 0.285714285714286
16668 7 2 1 8 0.142857142857143 0.5 0.125
16713 28 1 0 29 0 0 0
16838 12 1 0 13 0 0 0
16942 2 3 0 5 0 0 0
16993 3 1 0 4 0 0 0
17263 3 1 0 4 0 0 0
1741 10 3 2 11 0.2 0.666666666666667 0.181818181818182
17435 3 2 0 5 0 0 0
17511 8 2 0 10 0 0 0
17529 7 1 0 8 0 0 0
17554 8 3 3 8 0.375 1 0.375
17579 9 5 3 11 0.333333333333333 0.6 0.272727272727273
1764 23 7 5 25 0.217391304347826 0.714285714285714 0.2
17676 36 6 2 40 0.0555555555555556 0.333333333333333 0.05
17716 3 1 1 3 0.333333333333333 1 0.333333333333333
17832 4 12 1 15 0.25 0.0833333333333333 0.0666666666666667
17843 2 1 1 2 0.5 1 0.5
17853 1 1 0 2 0 0 0
17934 2 3 1 4 0.5 0.333333333333333 0.25
17955 3 1 1 3 0.333333333333333 1 0.333333333333333
1797 2 3 2 3 1 0.666666666666667 0.666666666666667
1798 3 2 0 5 0 0 0
18015 2 2 2 2 1 1 1
18062 1 1 0 2 0 0 0
18119 2 1 0 3 0 0 0
18126 4 1 1 4 0.25 1 0.25
18182 3 1 0 4 0 0 0
18185 4 2 1 5 0.25 0.5 0.2
18206 2 2 0 4 0 0 0
18210 2 1 0 3 0 0 0
18266 3 1 1 3 0.333333333333333 1 0.333333333333333
18344 1 3 0 4 0 0 0
1835 8 2 2 8 0.25 1 0.25
1836 40 7 6 41 0.15 0.857142857142857 0.146341463414634
18366 2 1 1 2 0.5 1 0.5
18422 4 2 2 4 0.5 1 0.5
1853 104 17 15 106 0.144230769230769 0.882352941176471 0.141509433962264
18592 26 8 7 27 0.269230769230769 0.875 0.259259259259259
18666 2 2 0 4 0 0 0
1879 1 2 1 2 1 0.5 0.5
1880 16 7 3 20 0.1875 0.428571428571429 0.15
1881 1 1 1 1 1 1 1
1887 7 1 1 7 0.142857142857143 1 0.142857142857143
1888 1 1 1 1 1 1 1
18922 25 2 1 26 0.04 0.5 0.0384615384615385
1901 128 2 2 128 0.015625 1 0.015625
19021 1 1 0 2 0 0 0
1916 71 7 4 74 0.0563380281690141 0.571428571428571 0.0540540540540541
19165 2 1 0 3 0 0 0
19166 3 1 1 3 0.333333333333333 1 0.333333333333333
19255 1 1 0 2 0 0 0
1930 20 6 5 21 0.25 0.833333333333333 0.238095238095238
19318 41 4 2 43 0.0487804878048781 0.5 0.0465116279069767
19401 39 6 6 39 0.153846153846154 1 0.153846153846154
195 7 4 2 9 0.285714285714286 0.5 0.222222222222222
1955 11 2 2 11 0.181818181818182 1 0.181818181818182
196613 2 1 1 2 0.5 1 0.5
19782 13 1 1 13 0.0769230769230769 1 0.0769230769230769
19783 2 1 0 3 0 0 0
20080 18 4 4 18 0.222222222222222 1 0.222222222222222
2018 4 4 1 7 0.25 0.25 0.142857142857143
20312 10 2 2 10 0.2 1 0.2
2042 16 3 2 17 0.125 0.666666666666667 0.117647058823529
20473 24 1 0 25 0 0 0
20495 47 9 7 49 0.148936170212766 0.777777777777778 0.142857142857143
20569 12 1 1 12 0.0833333333333333 1 0.0833333333333333
20597 2 1 0 3 0 0 0
20612 3 2 2 3 0.666666666666667 1 0.666666666666667
20621 2 1 1 2 0.5 1 0.5
20633 18 7 2 23 0.111111111111111 0.285714285714286 0.0869565217391304
20640 200 62 49 213 0.245 0.790322580645161 0.230046948356808
20646 43 15 10 48 0.232558139534884 0.666666666666667 0.208333333333333
20650 6 1 1 6 0.166666666666667 1 0.166666666666667
20704 19 4 4 19 0.210526315789474 1 0.210526315789474
20712 7 2 0 9 0 0 0
20718 32 11 3 40 0.09375 0.272727272727273 0.075
20745 1 3 0 4 0 0 0
20794 2 1 0 3 0 0 0
20834 31 5 4 32 0.129032258064516 0.8 0.125
20847 34 10 7 37 0.205882352941176 0.7 0.189189189189189
209 1291 5 3 1293 0.00232378001549187 0.6 0.00232018561484919
20900 2 1 0 3 0 0 0
20912 4 4 0 8 0 0 0
20965 47 39 39 47 0.829787234042553 1 0.829787234042553
210 9 1 1 9 0.111111111111111 1 0.111111111111111
21055 23 2 1 24 0.0434782608695652 0.5 0.0416666666666667
2107 1 1 1 1 1 1 1
2108 1 1 1 1 1 1 1
2110 52 5 1 56 0.0192307692307692 0.2 0.0178571428571429
21119 5 1 1 5 0.2 1 0.2
21155 37 13 9 41 0.243243243243243 0.692307692307692 0.219512195121951
2116 29 1 1 29 0.0344827586206897 1 0.0344827586206897
21221 33 8 5 36 0.151515151515152 0.625 0.138888888888889
2128 4 1 1 4 0.25 1 0.25
21280 7 1 0 8 0 0 0
21385 65 13 10 68 0.153846153846154 0.769230769230769 0.147058823529412
2153 41 8 8 41 0.195121951219512 1 0.195121951219512
21844 11 1 1 11 0.0909090909090909 1 0.0909090909090909
21947 22 2 2 22 0.0909090909090909 1 0.0909090909090909
2200 46 3 3 46 0.0652173913043478 1 0.0652173913043478
22166 2 1 0 3 0 0 0
22388 9 6 6 9 0.666666666666667 1 0.666666666666667
224 5 1 1 5 0.2 1 0.2
22548 23 2 1 24 0.0434782608695652 0.5 0.0416666666666667
226 24 1 1 24 0.0416666666666667 1 0.0416666666666667
22727 6 1 0 7 0 0 0
22767 2 1 1 2 0.5 1 0.5
23265 21 1 1 21 0.0476190476190476 1 0.0476190476190476
23352 115 2 2 115 0.0173913043478261 1 0.0173913043478261
23393 55 2 1 56 0.0181818181818182 0.5 0.0178571428571429
23504 27 7 2 32 0.0740740740740741 0.285714285714286 0.0625
23541 4 2 1 5 0.25 0.5 0.2
23554 2 1 1 2 0.5 1 0.5
23596 2 1 1 2 0.5 1 0.5
23600 3 2 2 3 0.666666666666667 1 0.666666666666667
23624 2 1 1 2 0.5 1 0.5
23634 5 2 2 5 0.4 1 0.4
23654 2 2 2 2 1 1 1
23754 1 1 0 2 0 0 0
23774 4 2 1 5 0.25 0.5 0.2
23787 2 2 1 3 0.5 0.5 0.333333333333333
2381 30 2 1 31 0.0333333333333333 0.5 0.032258064516129
23836 1 1 1 1 1 1 1
23855 15 2 1 16 0.0666666666666667 0.5 0.0625
23869 2 1 0 3 0 0 0
23910 3 7 2 8 0.666666666666667 0.285714285714286 0.25
23911 5 12 5 12 1 0.416666666666667 0.416666666666667
23912 1 1 0 2 0 0 0
23966 4 3 0 7 0 0 0
24 10 8 5 13 0.5 0.625 0.384615384615385
24226 3 2 0 5 0 0 0
24229 3 1 1 3 0.333333333333333 1 0.333333333333333
24287 4 3 3 4 0.75 1 0.75
24311 1 2 0 3 0 0 0
24334 2 1 1 2 0.5 1 0.5
24433 2 1 1 2 0.5 1 0.5
24475 3 3 3 3 1 1 1
24489 7 5 5 7 0.714285714285714 1 0.714285714285714
24490 9 9 9 9 1 1 1
24514 3 2 2 3 0.666666666666667 1 0.666666666666667
24541 2 3 1 4 0.5 0.333333333333333 0.25
24586 23 4 2 25 0.0869565217391304 0.5 0.08
24587 34 7 4 37 0.117647058823529 0.571428571428571 0.108108108108108
24724 59 3 3 59 0.0508474576271186 1 0.0508474576271186
24730 47 1 1 47 0.0212765957446809 1 0.0212765957446809
24776 5 2 1 6 0.2 0.5 0.166666666666667
24875 192 42 35 199 0.182291666666667 0.833333333333333 0.175879396984925
2497 225 56 40 241 0.177777777777778 0.714285714285714 0.16597510373444
24973 4 1 0 5 0 0 0
250 2 2 0 4 0 0 0
2500 32 44 13 63 0.40625 0.295454545454545 0.206349206349206
25058 3 1 1 3 0.333333333333333 1 0.333333333333333
2506 2 1 1 2 0.5 1 0.5
25061 31 2 1 32 0.032258064516129 0.5 0.03125
25098 21 1 1 21 0.0476190476190476 1 0.0476190476190476
2510 18 6 3 21 0.166666666666667 0.5 0.142857142857143
25108 15 5 4 16 0.266666666666667 0.8 0.25
25137 5 3 2 6 0.4 0.666666666666667 0.333333333333333
2514 19 3 2 20 0.105263157894737 0.666666666666667 0.1
2515 6 1 1 6 0.166666666666667 1 0.166666666666667
25152 47 6 3 50 0.0638297872340425 0.5 0.06
2516 301 43 32 312 0.106312292358804 0.744186046511628 0.102564102564103
2518 66 7 3 70 0.0454545454545455 0.428571428571429 0.0428571428571429
2519 26 3 1 28 0.0384615384615385 0.333333333333333 0.0357142857142857
25192 6 1 1 6 0.166666666666667 1 0.166666666666667
25208 5 1 0 6 0 0 0
25220 15 2 2 15 0.133333333333333 1 0.133333333333333
2523 3 1 1 3 0.333333333333333 1 0.333333333333333
25232 264 12 12 264 0.0454545454545455 1 0.0454545454545455
2527 10 5 3 12 0.3 0.6 0.25
25358 16 8 1 23 0.0625 0.125 0.0434782608695652
25384 8 2 0 10 0 0 0
25441 11 1 1 11 0.0909090909090909 1 0.0909090909090909
25466 6 2 2 6 0.333333333333333 1 0.333333333333333
25473 5 1 1 5 0.2 1 0.2
2549 3 2 1 4 0.333333333333333 0.5 0.25
25538 2 1 0 3 0 0 0
25560 59 17 13 63 0.220338983050847 0.764705882352941 0.206349206349206
25689 7 2 1 8 0.142857142857143 0.5 0.125
2572 6 1 1 6 0.166666666666667 1 0.166666666666667
2586 8 1 1 8 0.125 1 0.125
2594 4 1 0 5 0 0 0
2595 1 1 0 2 0 0 0
2602 2 1 1 2 0.5 1 0.5
2603 40 12 10 42 0.25 0.833333333333333 0.238095238095238
2607 26 5 5 26 0.192307692307692 1 0.192307692307692
2611 50 8 7 51 0.14 0.875 0.137254901960784
2614 10 1 1 10 0.1 1 0.1
26415 23 3 0 26 0 0 0
26943 149 13 10 152 0.0671140939597315 0.769230769230769 0.0657894736842105
2697 4 1 1 4 0.25 1 0.25
26978 13 2 0 15 0 0 0
27 2 1 1 2 0.5 1 0.5
2714 1 1 1 1 1 1 1
27319 24 3 3 24 0.125 1 0.125
27446 5 1 0 6 0 0 0
27576 2 1 0 3 0 0 0
27678 6 1 1 6 0.166666666666667 1 0.166666666666667
27750 20 16 16 20 0.8 1 0.8
278 7 7 1 13 0.142857142857143 0.142857142857143 0.0769230769230769
27841 1 1 1 1 1 1 1
2819 24 3 0 27 0 0 0
2847 2 1 1 2 0.5 1 0.5
28472 1 1 1 1 1 1 1
2852 47 3 3 47 0.0638297872340425 1 0.0638297872340425
2857 146 11 7 150 0.0479452054794521 0.636363636363636 0.0466666666666667
286 329 54 30 353 0.0911854103343465 0.555555555555556 0.084985835694051
2861 10 2 2 10 0.2 1 0.2
28678 2 1 1 2 0.5 1 0.5
28716 45 1 1 45 0.0222222222222222 1 0.0222222222222222
28725 5 1 0 6 0 0 0
28747 1 1 1 1 1 1 1
28788 45 3 3 45 0.0666666666666667 1 0.0666666666666667
28792 10 2 1 11 0.1 0.5 0.0909090909090909
28824 2 1 0 3 0 0 0
2884 6 2 2 6 0.333333333333333 1 0.333333333333333
28855 7 1 1 7 0.142857142857143 1 0.142857142857143
28857 7 4 2 9 0.285714285714286 0.5 0.222222222222222
2895 9 2 2 9 0.222222222222222 1 0.222222222222222
290 4 4 3 5 0.75 0.75 0.6
2905 24 2 0 26 0 0 0
2907 76 4 2 78 0.0263157894736842 0.5 0.0256410256410256
29134 5 1 0 6 0 0 0
2914 577 138 78 637 0.135181975736568 0.565217391304348 0.122448979591837
2915 10 7 1 16 0.1 0.142857142857143 0.0625
29208 28 3 3 28 0.107142857142857 1 0.107142857142857
29216 1 2 1 2 1 0.5 0.5
29243 2 1 1 2 0.5 1 0.5
29259 3 2 2 3 0.666666666666667 1 0.666666666666667
293 128 24 18 134 0.140625 0.75 0.134328358208955
29317 1 2 1 2 1 0.5 0.5
29422 19 3 2 20 0.105263157894737 0.666666666666667 0.1
29449 2 3 0 5 0 0 0
29452 3 1 0 4 0 0 0
29527 38 7 5 40 0.131578947368421 0.714285714285714 0.125
29632 10 3 1 12 0.1 0.333333333333333 0.0833333333333333
29636 172 27 26 173 0.151162790697674 0.962962962962963 0.15028901734104
29668 33 2 1 34 0.0303030303030303 0.5 0.0294117647058824
29670 3 1 1 3 0.333333333333333 1 0.333333333333333
29686 295 71 68 298 0.230508474576271 0.957746478873239 0.228187919463087
29748 27 6 4 29 0.148148148148148 0.666666666666667 0.137931034482759
29791 43 3 1 45 0.0232558139534884 0.333333333333333 0.0222222222222222
29838 16 1 0 17 0 0 0
29877 5 1 0 6 0 0 0
3 4 1 0 5 0 0 0
30071 31 94 14 111 0.451612903225806 0.148936170212766 0.126126126126126
30128 3 4 2 5 0.666666666666667 0.5 0.4
30129 2 2 2 2 1 1 1
30132 10 3 3 10 0.3 1 0.3
30374 2 1 0 3 0 0 0
30528 5 1 1 5 0.2 1 0.2
30653 18 3 1 20 0.0555555555555556 0.333333333333333 0.05
30834 6 1 1 6 0.166666666666667 1 0.166666666666667
30913 19 3 1 21 0.0526315789473684 0.333333333333333 0.0476190476190476
31065 2 2 0 4 0 0 0
31103 2 3 0 5 0 0 0
31117 12 1 1 12 0.0833333333333333 1 0.0833333333333333
31127 3 1 1 3 0.333333333333333 1 0.333333333333333
31246 6 1 1 6 0.166666666666667 1 0.166666666666667
31265 1 1 1 1 1 1 1
31283 59 2 2 59 0.0338983050847458 1 0.0338983050847458
31333 6 2 2 6 0.333333333333333 1 0.333333333333333
31383 20 10 5 25 0.25 0.5 0.2
3140 1 1 1 1 1 1 1
31424 9 1 1 9 0.111111111111111 1 0.111111111111111
31477 57 1 1 57 0.0175438596491228 1 0.0175438596491228
31479 6 1 1 6 0.166666666666667 1 0.166666666666667
31529 26 1 1 26 0.0384615384615385 1 0.0384615384615385
31708 5 2 2 5 0.4 1 0.4
31985 7 1 0 8 0 0 0
32034 4 3 2 5 0.5 0.666666666666667 0.4
3212 45 1 1 45 0.0222222222222222 1 0.0222222222222222
3213 128 10 10 128 0.078125 1 0.078125
3221 2 1 1 2 0.5 1 0.5
3224 1 1 1 1 1 1 1
32361 7 1 1 7 0.142857142857143 1 0.142857142857143
3243 13 3 2 14 0.153846153846154 0.666666666666667 0.142857142857143
32459 3 1 1 3 0.333333333333333 1 0.333333333333333
3246 90 3 2 91 0.0222222222222222 0.666666666666667 0.021978021978022
3248 42 6 3 45 0.0714285714285714 0.5 0.0666666666666667
3249 46 10 6 50 0.130434782608696 0.6 0.12
3257 393 153 69 477 0.175572519083969 0.450980392156863 0.144654088050314
3265 41 13 8 46 0.195121951219512 0.615384615384615 0.173913043478261
3277 104 1 0 105 0 0 0
3292 314 9 7 316 0.0222929936305732 0.777777777777778 0.0221518987341772
32978 3 1 1 3 0.333333333333333 1 0.333333333333333
3301 56 1 1 56 0.0178571428571429 1 0.0178571428571429
3303 383 2 1 384 0.00261096605744125 0.5 0.00260416666666667
3320 436 10 7 439 0.0160550458715596 0.7 0.0159453302961276
3327 299 11 10 300 0.0334448160535117 0.909090909090909 0.0333333333333333
3333 143 5 3 145 0.020979020979021 0.6 0.0206896551724138
3343 19 6 3 22 0.157894736842105 0.5 0.136363636363636
33437 1 9 1 9 1 0.111111111111111 0.111111111111111
3344 25 13 6 32 0.24 0.461538461538462 0.1875
3352 61 3 1 63 0.0163934426229508 0.333333333333333 0.0158730158730159
3356 1398 39 32 1405 0.0228898426323319 0.82051282051282 0.0227758007117438
33843 26 2 2 26 0.0769230769230769 1 0.0769230769230769
34081 3 2 1 4 0.333333333333333 0.5 0.25
34159 4 1 1 4 0.25 1 0.25
34225 29 4 4 29 0.137931034482759 1 0.137931034482759
34243 1 1 1 1 1 1 1
34288 4 2 1 5 0.25 0.5 0.2
34309 26 10 4 32 0.153846153846154 0.4 0.125
34419 8 4 2 10 0.25 0.5 0.2
34549 9 2 0 11 0 0 0
34631 3 2 2 3 0.666666666666667 1 0.666666666666667
34763 62 12 5 69 0.0806451612903226 0.416666666666667 0.072463768115942
34806 2 1 0 3 0 0 0
35003 2 1 1 2 0.5 1 0.5
35028 30 3 3 30 0.1 1 0.1
35244 21 9 7 23 0.333333333333333 0.777777777777778 0.304347826086957
35272 4 1 1 4 0.25 1 0.25
35425 5 2 2 5 0.4 1 0.4
3549 949 69 54 964 0.0569020021074816 0.782608695652174 0.0560165975103734
35492 3 1 1 3 0.333333333333333 1 0.333333333333333
3551 1 1 0 2 0 0 0
3557 80 19 11 88 0.1375 0.578947368421053 0.125
35612 4 2 0 6 0 0 0
35627 4 2 2 4 0.5 1 0.5
35706 14 4 2 16 0.142857142857143 0.5 0.125
3597 8 1 1 8 0.125 1 0.125
3640 4 1 1 4 0.25 1 0.25
36472 8 1 0 9 0 0 0
3661 3 1 1 3 0.333333333333333 1 0.333333333333333
3662 13 1 1 13 0.0769230769230769 1 0.0769230769230769
3681 3 1 1 3 0.333333333333333 1 0.333333333333333
36810 2 1 0 3 0 0 0
36856 2 2 0 4 0 0 0
3758 38 4 0 42 0 0 0
376 14 1 1 14 0.0714285714285714 1 0.0714285714285714
378 3 1 1 3 0.333333333333333 1 0.333333333333333
3790 2 1 1 2 0.5 1 0.5
38005 2 2 2 2 1 1 1
38018 8 3 3 8 0.375 1 0.375
38022 15 3 3 15 0.2 1 0.2
38083 2 1 1 2 0.5 1 0.5
38128 1 1 0 2 0 0 0
38140 2 1 1 2 0.5 1 0.5
3825 1 3 0 4 0 0 0
38299 1 1 1 1 1 1 1
3836 6 7 1 12 0.166666666666667 0.142857142857143 0.0833333333333333
38462 1 1 1 1 1 1 1
38986 3 1 1 3 0.333333333333333 1 0.333333333333333
39122 4 1 1 4 0.25 1 0.25
39211 1 1 1 1 1 1 1
39301 2 2 2 2 1 1 1
39326 41 7 4 44 0.0975609756097561 0.571428571428571 0.0909090909090909
39854 1 1 0 2 0 0 0
3999 1 1 1 1 1 1 1
40193 8 1 0 9 0 0 0
40220 11 2 2 11 0.181818181818182 1 0.181818181818182
40490 2 1 1 2 0.5 1 0.5
41075 2 1 0 3 0 0 0
41102 1 8 1 8 1 0.125 0.125
4134 78 1 0 79 0 0 0
41670 1 1 0 2 0 0 0
41692 111 32 25 118 0.225225225225225 0.78125 0.211864406779661
41773 1 1 1 1 1 1 1
42 86 2 2 86 0.0232558139534884 1 0.0232558139534884
42689 1 1 1 1 1 1 1
4436 84 10 9 85 0.107142857142857 0.9 0.105882352941176
4538 18 7 5 20 0.277777777777778 0.714285714285714 0.25
4555 1 3 0 4 0 0 0
4557 8 2 2 8 0.25 1 0.25
4589 673 50 46 677 0.0683506686478455 0.92 0.0679468242245199
4608 3 2 1 4 0.333333333333333 0.5 0.25
4618 16 5 1 20 0.0625 0.2 0.05
4621 28 3 2 29 0.0714285714285714 0.666666666666667 0.0689655172413793
4635 77 10 9 78 0.116883116883117 0.9 0.115384615384615
4645 15 1 1 15 0.0666666666666667 1 0.0666666666666667
4651 31 7 5 33 0.161290322580645 0.714285714285714 0.151515151515152
4673 8 1 1 8 0.125 1 0.125
4675 6 5 1 10 0.166666666666667 0.2 0.1
4677 6 1 1 6 0.166666666666667 1 0.166666666666667
4678 8 6 3 11 0.375 0.5 0.272727272727273
4680 10 5 2 13 0.2 0.4 0.153846153846154
4685 9 5 3 11 0.333333333333333 0.6 0.272727272727273
4688 11 6 3 14 0.272727272727273 0.5 0.214285714285714
4691 10 10 3 17 0.3 0.3 0.176470588235294
4697 3 8 1 10 0.333333333333333 0.125 0.1
4702 5 3 1 7 0.2 0.333333333333333 0.142857142857143
4713 87 5 5 87 0.0574712643678161 1 0.0574712643678161
4716 87 21 10 98 0.114942528735632 0.476190476190476 0.102040816326531
4717 3 2 2 3 0.666666666666667 1 0.666666666666667
4718 3 4 1 6 0.333333333333333 0.25 0.166666666666667
4721 11 6 1 16 0.0909090909090909 0.166666666666667 0.0625
4725 131 29 12 148 0.0916030534351145 0.413793103448276 0.0810810810810811
4738 1 1 1 1 1 1 1
4741 10 2 1 11 0.1 0.5 0.0909090909090909
4747 8 2 0 10 0 0 0
4750 43 3 1 45 0.0232558139534884 0.333333333333333 0.0222222222222222
4755 97 1 1 97 0.0103092783505155 1 0.0103092783505155
4761 44 3 2 45 0.0454545454545455 0.666666666666667 0.0444444444444444
4768 22 1 1 22 0.0454545454545455 1 0.0454545454545455
4775 45 1 0 46 0 0 0
4777 26 6 4 28 0.153846153846154 0.666666666666667 0.142857142857143
4780 25 2 1 26 0.04 0.5 0.0384615384615385
4782 3 1 0 4 0 0 0
4787 8 5 0 13 0 0 0
4788 153 9 6 156 0.0392156862745098 0.666666666666667 0.0384615384615385
4795 36 5 1 40 0.0277777777777778 0.2 0.025
4796 3 1 1 3 0.333333333333333 1 0.333333333333333
4818 4 1 0 5 0 0 0
5050 18 2 2 18 0.111111111111111 1 0.111111111111111
513 41 7 5 43 0.121951219512195 0.714285714285714 0.116279069767442
5381 13 1 1 13 0.0769230769230769 1 0.0769230769230769
5385 12 6 3 15 0.25 0.5 0.2
5401 4 2 2 4 0.5 1 0.5
5408 29 1 1 29 0.0344827586206897 1 0.0344827586206897
5410 52 5 2 55 0.0384615384615385 0.4 0.0363636363636364
5413 191 2 1 192 0.00523560209424084 0.5 0.00520833333333333
5421 3 1 1 3 0.333333333333333 1 0.333333333333333
5430 193 20 18 195 0.0932642487046632 0.9 0.0923076923076923
5459 232 8 8 232 0.0344827586206897 1 0.0344827586206897
5466 71 2 1 72 0.0140845070422535 0.5 0.0138888888888889
5486 37 2 0 39 0 0 0
5511 167 21 16 172 0.0958083832335329 0.761904761904762 0.0930232558139535
553 43 16 12 47 0.27906976744186 0.75 0.25531914893617
5537 23 2 1 24 0.0434782608695652 0.5 0.0416666666666667
5539 40 39 15 64 0.375 0.384615384615385 0.234375
5549 2 2 2 2 1 1 1
5550 4 2 1 5 0.25 0.5 0.2
5568 95 7 4 98 0.0421052631578947 0.571428571428571 0.0408163265306122
557 6 1 1 6 0.166666666666667 1 0.166666666666667
559 58 18 17 59 0.293103448275862 0.944444444444444 0.288135593220339
5602 15 3 1 17 0.0666666666666667 0.333333333333333 0.0588235294117647
5609 2 8 0 10 0 0 0
5623 1 3 0 4 0 0 0
5669 11 3 0 14 0 0 0
57 22 3 3 22 0.136363636363636 1 0.136363636363636
5707 3 1 1 3 0.333333333333333 1 0.333333333333333
5713 131 2 1 132 0.00763358778625954 0.5 0.00757575757575758
5786 2 1 1 2 0.5 1 0.5
6057 5 3 2 6 0.4 0.666666666666667 0.333333333333333
6062 10 2 0 12 0 0 0
6066 3 1 0 4 0 0 0
6083 28 6 4 30 0.142857142857143 0.666666666666667 0.133333333333333
6140 112 1 0 113 0 0 0
6163 10 2 1 11 0.1 0.5 0.0909090909090909
6182 1 1 1 1 1 1 1
6263 3 1 1 3 0.333333333333333 1 0.333333333333333
6320 279 1 0 280 0 0 0
6342 4 1 0 5 0 0 0
6360 10 2 2 10 0.2 1 0.2
6435 3 7 0 10 0 0 0
6453 437 53 42 448 0.0961098398169336 0.792452830188679 0.09375
6509 41 5 5 41 0.121951219512195 1 0.121951219512195
65100 2 1 1 2 0.5 1 0.5
65500 4 1 0 5 0 0 0
65535 1 1 0 2 0 0 0
6596 19 1 1 19 0.0526315789473684 1 0.0526315789473684
6619 13 2 1 14 0.0769230769230769 0.5 0.0714285714285714
6629 2 1 1 2 0.5 1 0.5
6648 28 2 1 29 0.0357142857142857 0.5 0.0344827586206897
6666 41 16 11 46 0.268292682926829 0.6875 0.239130434782609
6667 475 80 77 478 0.162105263157895 0.9625 0.161087866108787
668 37 6 3 40 0.0810810810810811 0.5 0.075
6695 152 14 13 153 0.0855263157894737 0.928571428571429 0.0849673202614379
6696 9 2 1 10 0.111111111111111 0.5 0.1
6706 7 4 3 8 0.428571428571429 0.75 0.375
6730 617 4 4 617 0.00648298217179903 1 0.00648298217179903
6762 138 24 18 144 0.130434782608696 0.75 0.125
6770 43 12 8 47 0.186046511627907 0.666666666666667 0.170212765957447
6772 12 4 4 12 0.333333333333333 1 0.333333333333333
6774 84 10 10 84 0.119047619047619 1 0.119047619047619
6775 3 1 1 3 0.333333333333333 1 0.333333333333333
680 53 12 11 54 0.207547169811321 0.916666666666667 0.203703703703704
6802 7 2 2 7 0.285714285714286 1 0.285714285714286
6830 293 77 34 336 0.116040955631399 0.441558441558442 0.101190476190476
6881 69 1 1 69 0.0144927536231884 1 0.0144927536231884
6882 4 1 1 4 0.25 1 0.25
6895 5 1 1 5 0.2 1 0.2
6939 466 35 15 486 0.0321888412017167 0.428571428571429 0.0308641975308642
701 2719 14 10 2723 0.00367782272894446 0.714285714285714 0.00367242012486228
7018 2103 10 6 2107 0.00285306704707561 0.6 0.00284765068818225
7019 1 1 1 1 1 1 1
7065 16 3 1 18 0.0625 0.333333333333333 0.0555555555555556
7066 22 3 3 22 0.136363636363636 1 0.136363636363636
719 10 1 0 11 0 0 0
7377 3 1 0 4 0 0 0
7470 28 1 1 28 0.0357142857142857 1 0.0357142857142857
7500 65 4 2 67 0.0307692307692308 0.5 0.0298507462686567
7514 21 8 4 25 0.19047619047619 0.5 0.16
7516 3 1 0 4 0 0 0
7521 4 2 1 5 0.25 0.5 0.2
7522 5 6 2 9 0.4 0.333333333333333 0.222222222222222
7530 2 1 0 3 0 0 0
7539 23 9 7 25 0.304347826086957 0.777777777777778 0.28
7570 1 3 1 3 1 0.333333333333333 0.333333333333333
7575 413 75 70 418 0.169491525423729 0.933333333333333 0.167464114832536
7606 48 4 4 48 0.0833333333333333 1 0.0833333333333333
7610 15 2 0 17 0 0 0
766 17 5 4 18 0.235294117647059 0.8 0.222222222222222
7660 38 20 13 45 0.342105263157895 0.65 0.288888888888889
7665 2 1 1 2 0.5 1 0.5
7667 5 1 0 6 0 0 0
7668 10 1 0 11 0 0 0
7670 20 2 1 21 0.05 0.5 0.0476190476190476
7671 4 32 3 33 0.75 0.09375 0.0909090909090909
7682 10 3 2 11 0.2 0.666666666666667 0.181818181818182
7687 5 1 1 5 0.2 1 0.2
7753 6 1 1 6 0.166666666666667 1 0.166666666666667
7781 3 4 1 6 0.333333333333333 0.25 0.166666666666667
7786 7 1 0 8 0 0 0
786 48 8 3 53 0.0625 0.375 0.0566037735849057
790 1 2 1 2 1 0.5 0.5
7908 34 4 2 36 0.0588235294117647 0.5 0.0555555555555556
7949 8 2 0 10 0 0 0
8002 40 3 2 41 0.05 0.666666666666667 0.0487804878048781
8018 2 1 1 2 0.5 1 0.5
81 16 1 1 16 0.0625 1 0.0625
8121 43 4 2 45 0.0465116279069767 0.5 0.0444444444444444
8195 45 7 5 47 0.111111111111111 0.714285714285714 0.106382978723404
8201 8 2 1 9 0.125 0.5 0.111111111111111
8220 528 11 11 528 0.0208333333333333 1 0.0208333333333333
8224 7 3 2 8 0.285714285714286 0.666666666666667 0.25
8226 4 2 0 6 0 0 0
8237 5 2 2 5 0.4 1 0.4
8246 165 1 0 166 0 0 0
8256 1 1 1 1 1 1 1
8267 2 1 1 2 0.5 1 0.5
8282 11 4 1 14 0.0909090909090909 0.25 0.0714285714285714
8299 8 1 0 9 0 0 0
8312 9 1 0 10 0 0 0
8319 32 10 9 33 0.28125 0.9 0.272727272727273
8330 8 2 1 9 0.125 0.5 0.111111111111111
8346 3 1 1 3 0.333333333333333 1 0.333333333333333
8364 10 1 0 11 0 0 0
8365 86 17 13 90 0.151162790697674 0.764705882352941 0.144444444444444
8368 13 2 1 14 0.0769230769230769 0.5 0.0714285714285714
8387 15 1 1 15 0.0666666666666667 1 0.0666666666666667
8419 199 5 4 200 0.0201005025125628 0.8 0.02
8422 96 7 3 100 0.03125 0.428571428571429 0.03
8426 250 10 7 253 0.028 0.7 0.0276679841897233
8447 401 19 16 404 0.0399002493765586 0.842105263157895 0.0396039603960396
8469 33 9 7 35 0.212121212121212 0.777777777777778 0.2
8473 24 4 2 26 0.0833333333333333 0.5 0.0769230769230769
8481 4 1 0 5 0 0 0
8489 6 3 2 7 0.333333333333333 0.666666666666667 0.285714285714286
8495 8 1 1 8 0.125 1 0.125
8501 32 10 10 32 0.3125 1 0.3125
8508 5 1 1 5 0.2 1 0.2
8517 18 1 1 18 0.0555555555555556 1 0.0555555555555556
852 137 1 1 137 0.0072992700729927 1 0.0072992700729927
8527 17 2 2 17 0.117647058823529 1 0.117647058823529
855 24 1 1 24 0.0416666666666667 1 0.0416666666666667
8560 68 16 14 70 0.205882352941176 0.875 0.2
8565 10 1 0 11 0 0 0
8586 70 5 3 72 0.0428571428571429 0.6 0.0416666666666667
8591 23 6 3 26 0.130434782608696 0.5 0.115384615384615
8657 93 4 2 95 0.021505376344086 0.5 0.0210526315789474
8664 15 2 1 16 0.0666666666666667 0.5 0.0625
8665 20 12 7 25 0.35 0.583333333333333 0.28
8674 52 4 3 53 0.0576923076923077 0.75 0.0566037735849057
8717 54 1 1 54 0.0185185185185185 1 0.0185185185185185
8728 1 1 1 1 1 1 1
8737 36 7 3 40 0.0833333333333333 0.428571428571429 0.075
8758 8 3 3 8 0.375 1 0.375
8763 140 35 33 142 0.235714285714286 0.942857142857143 0.232394366197183
8767 59 16 12 63 0.203389830508475 0.75 0.19047619047619
8820 176 28 19 185 0.107954545454545 0.678571428571429 0.102702702702703
8823 6 2 1 7 0.166666666666667 0.5 0.142857142857143
8881 158 7 6 159 0.0379746835443038 0.857142857142857 0.0377358490566038
8897 53 10 6 57 0.113207547169811 0.6 0.105263157894737
8903 13 4 0 17 0 0 0
8943 20 3 2 21 0.1 0.666666666666667 0.0952380952380952
8954 21 6 2 25 0.0952380952380952 0.333333333333333 0.08
8966 75 1 1 75 0.0133333333333333 1 0.0133333333333333
8970 2 1 1 2 0.5 1 0.5
8975 65 3 2 66 0.0307692307692308 0.666666666666667 0.0303030303030303
8978 4 2 1 5 0.25 0.5 0.2
9009 150 18 11 157 0.0733333333333333 0.611111111111111 0.0700636942675159
9052 3 2 0 5 0 0 0
9080 11 2 1 12 0.0909090909090909 0.5 0.0833333333333333
9085 6 1 1 6 0.166666666666667 1 0.166666666666667
9112 9 1 1 9 0.111111111111111 1 0.111111111111111
9150 31 2 2 31 0.0645161290322581 1 0.0645161290322581
9153 31 3 3 31 0.0967741935483871 1 0.0967741935483871
9162 2 1 0 3 0 0 0
9264 63 42 10 95 0.158730158730159 0.238095238095238 0.105263157894737
9270 28 8 6 30 0.214285714285714 0.75 0.2
9299 42 2 1 43 0.0238095238095238 0.5 0.0232558139534884
9316 36 1 0 37 0 0 0
9327 2 1 0 3 0 0 0
9340 9 2 0 11 0 0 0
9406 1 1 0 2 0 0 0
9416 16 1 0 17 0 0 0
9505 103 3 3 103 0.029126213592233 1 0.029126213592233
9534 5 1 1 5 0.2 1 0.2
9541 7 2 0 9 0 0 0
9543 3 1 1 3 0.333333333333333 1 0.333333333333333
9583 38 1 0 39 0 0 0
9584 10 1 1 10 0.1 1 0.1
9595 10 2 2 10 0.2 1 0.2
9600 6 8 3 11 0.5 0.375 0.272727272727273
9607 7 1 0 8 0 0 0
9619 2 2 2 2 1 1 1
9621 3 6 1 8 0.333333333333333 0.166666666666667 0.125
9622 5 1 1 5 0.2 1 0.2
9687 3 1 1 3 0.333333333333333 1 0.333333333333333
9700 5 2 2 5 0.4 1 0.4
9758 1 1 0 2 0 0 0
9800 34 2 0 36 0 0 0
9821 2 1 1 2 0.5 1 0.5
9875 3 1 0 4 0 0 0
9901 22 3 2 23 0.0909090909090909 0.666666666666667 0.0869565217391304
9919 21 1 0 22 0 0 0
9931 24 1 1 24 0.0416666666666667 1 0.0416666666666667
9995 3 2 2 3 0.666666666666667 1 0.666666666666667
