#ASN num_v4adj num_v6adj num_intersect(v4v6adj) num_union(adj) fr_v4(num_intersect/num_v4adj) fr_v6(num_intersect/num_v6adj) fr_intersect(num_intersect/num_union)
10013 3 8 2 9 0.666666666666667 0.25 0.222222222222222
10015 12 1 0 13 0 0 0
10063 3 1 1 3 0.333333333333333 1 0.333333333333333
101 42 1 1 42 0.0238095238095238 1 0.0238095238095238
10204 7 2 1 8 0.142857142857143 0.5 0.125
10318 3 2 0 5 0 0 0
10343 2 1 1 2 0.5 1 0.5
10429 20 1 1 20 0.05 1 0.05
10886 29 2 2 29 0.0689655172413793 1 0.0689655172413793
109 9 27 1 35 0.111111111111111 0.037037037037037 0.0285714285714286
1103 154 40 36 158 0.233766233766234 0.9 0.227848101265823
11340 5 1 0 6 0 0 0
11537 74 37 27 84 0.364864864864865 0.72972972972973 0.321428571428571
11630 3 6 0 9 0 0 0
11990 3 1 0 4 0 0 0
1200 26 8 5 29 0.192307692307692 0.625 0.172413793103448
12008 25 1 1 25 0.04 1 0.04
12046 2 1 1 2 0.5 1 0.5
12111 27 1 1 27 0.037037037037037 1 0.037037037037037
1213 7 4 4 7 0.571428571428571 1 0.571428571428571
12199 1 3 0 4 0 0 0
1221 86 4 1 89 0.0116279069767442 0.25 0.0112359550561798
12312 29 1 1 29 0.0344827586206897 1 0.0344827586206897
12337 26 6 4 28 0.153846153846154 0.666666666666667 0.142857142857143
12353 4 4 1 7 0.25 0.25 0.142857142857143
12355 3 1 0 4 0 0 0
1237 31 3 2 32 0.0645161290322581 0.666666666666667 0.0625
12371 3 1 0 4 0 0 0
12386 9 2 2 9 0.222222222222222 1 0.222222222222222
12399 29 1 1 29 0.0344827586206897 1 0.0344827586206897
12401 10 3 0 13 0 0 0
12414 28 13 9 32 0.321428571428571 0.692307692307692 0.28125
1251 5 5 1 9 0.2 0.2 0.111111111111111
12533 2 1 0 3 0 0 0
12565 1 2 0 3 0 0 0
1257 167 5 1 171 0.00598802395209581 0.2 0.00584795321637427
12600 12 1 1 12 0.0833333333333333 1 0.0833333333333333
12611 21 5 3 23 0.142857142857143 0.6 0.130434782608696
12634 29 13 8 34 0.275862068965517 0.615384615384615 0.235294117647059
12637 3 3 0 6 0 0 0
12638 2 3 0 5 0 0 0
12657 1 2 1 2 1 0.5 0.5
1273 290 50 31 309 0.106896551724138 0.62 0.100323624595469
12731 21 5 2 24 0.0952380952380952 0.4 0.0833333333333333
12732 13 1 0 14 0 0 0
12741 39 1 0 40 0 0 0
12767 5 1 0 6 0 0 0
12779 62 17 7 72 0.112903225806452 0.411764705882353 0.0972222222222222
12793 219 1 0 220 0 0 0
12816 1 1 1 1 1 1 1
12817 3 1 1 3 0.333333333333333 1 0.333333333333333
12831 6 2 1 7 0.166666666666667 0.5 0.142857142857143
12853 1 5 0 6 0 0 0
12859 246 56 49 253 0.199186991869919 0.875 0.193675889328063
12871 28 15 9 34 0.321428571428571 0.6 0.264705882352941
12895 4 1 1 4 0.25 1 0.25
12902 29 12 8 33 0.275862068965517 0.666666666666667 0.242424242424242
12931 3 2 1 4 0.333333333333333 0.5 0.25
12956 242 5 5 242 0.0206611570247934 1 0.0206611570247934
12968 64 4 1 67 0.015625 0.25 0.0149253731343284
1299 331 20 17 334 0.0513595166163142 0.85 0.0508982035928144
13 1 1 1 1 1 1 1
13030 421 1 1 421 0.00237529691211401 1 0.00237529691211401
13039 2 1 1 2 0.5 1 0.5
13041 8 2 2 8 0.25 1 0.25
13046 14 1 1 14 0.0714285714285714 1 0.0714285714285714
13058 2 1 0 3 0 0 0
13092 3 1 1 3 0.333333333333333 1 0.333333333333333
13110 5 4 1 8 0.2 0.25 0.125
13115 4 1 0 5 0 0 0
13189 18 1 1 18 0.0555555555555556 1 0.0555555555555556
13193 41 15 6 50 0.146341463414634 0.4 0.12
13272 2 1 1 2 0.5 1 0.5
13300 2 2 1 3 0.5 0.5 0.333333333333333
13645 86 4 2 88 0.0232558139534884 0.5 0.0227272727272727
137 12 1 1 12 0.0833333333333333 1 0.0833333333333333
13944 2 11 0 13 0 0 0
14277 10 12 2 20 0.2 0.166666666666667 0.1
145 12 4 0 16 0 0 0
15169 58 3 1 60 0.0172413793103448 0.333333333333333 0.0166666666666667
15180 6 2 0 8 0 0 0
15440 7 2 0 9 0 0 0
15444 262 14 9 267 0.0343511450381679 0.642857142857143 0.0337078651685393
15469 1 1 0 2 0 0 0
15501 2 2 2 2 1 1 1
15589 37 11 1 47 0.027027027027027 0.0909090909090909 0.0212765957446809
15600 28 5 4 29 0.142857142857143 0.8 0.137931034482759
15623 17 3 2 18 0.117647058823529 0.666666666666667 0.111111111111111
15685 15 2 2 15 0.133333333333333 1 0.133333333333333
15703 90 10 9 91 0.1 0.9 0.0989010989010989
15725 2 2 1 3 0.5 0.5 0.333333333333333
15798 2 1 0 3 0 0 0
16004 10 2 1 11 0.1 0.5 0.0909090909090909
16023 4 1 0 5 0 0 0
16034 191 17 15 193 0.0785340314136126 0.882352941176471 0.077720207253886
16086 25 7 4 28 0.16 0.571428571428571 0.142857142857143
16091 1 1 0 2 0 0 0
16128 12 3 3 12 0.25 1 0.25
16131 28 10 4 34 0.142857142857143 0.4 0.117647058823529
16150 159 9 6 162 0.0377358490566038 0.666666666666667 0.037037037037037
16186 5 9 1 13 0.2 0.111111111111111 0.0769230769230769
16215 8 3 2 9 0.25 0.666666666666667 0.222222222222222
16237 25 5 3 27 0.12 0.6 0.111111111111111
16245 13 2 2 13 0.153846153846154 1 0.153846153846154
16260 25 1 1 25 0.04 1 0.04
16265 31 1 1 31 0.032258064516129 1 0.032258064516129
16276 35 2 2 35 0.0571428571428571 1 0.0571428571428571
1653 25 2 1 26 0.04 0.5 0.0384615384615385
16531 11 1 0 12 0 0 0
16713 24 1 0 25 0 0 0
16838 6 2 0 8 0 0 0
16942 2 1 0 3 0 0 0
17197 1 1 0 2 0 0 0
17263 4 1 0 5 0 0 0
1741 9 2 2 9 0.222222222222222 1 0.222222222222222
17511 8 2 0 10 0 0 0
17527 4 6 1 9 0.25 0.166666666666667 0.111111111111111
17529 6 1 0 7 0 0 0
17579 8 7 6 9 0.75 0.857142857142857 0.666666666666667
1759 23 1 1 23 0.0434782608695652 1 0.0434782608695652
17709 8 1 0 9 0 0 0
17828 2 1 0 3 0 0 0
17832 7 14 1 20 0.142857142857143 0.0714285714285714 0.05
17843 2 1 1 2 0.5 1 0.5
17934 2 5 1 6 0.5 0.2 0.166666666666667
17935 1 1 0 2 0 0 0
1797 1 2 0 3 0 0 0
1798 4 2 0 6 0 0 0
18126 3 1 1 3 0.333333333333333 1 0.333333333333333
18185 5 1 1 5 0.2 1 0.2
18266 4 1 1 4 0.25 1 0.25
18288 3 1 1 3 0.333333333333333 1 0.333333333333333
1835 7 2 2 7 0.285714285714286 1 0.285714285714286
18422 4 1 1 4 0.25 1 0.25
1853 92 10 8 94 0.0869565217391304 0.8 0.0851063829787234
18592 21 2 2 21 0.0952380952380952 1 0.0952380952380952
18666 2 2 0 4 0 0 0
1887 6 1 1 6 0.166666666666667 1 0.166666666666667
1897 1 2 0 3 0 0 0
1916 16 4 2 18 0.125 0.5 0.111111111111111
1930 6 6 3 9 0.5 0.5 0.333333333333333
195 7 1 1 7 0.142857142857143 1 0.142857142857143
1955 10 1 1 10 0.1 1 0.1
19782 7 1 1 7 0.142857142857143 1 0.142857142857143
20080 9 3 2 10 0.222222222222222 0.666666666666667 0.2
20312 7 1 1 7 0.142857142857143 1 0.142857142857143
2042 9 11 1 19 0.111111111111111 0.0909090909090909 0.0526315789473684
2044 15 2 0 17 0 0 0
20473 5 1 0 6 0 0 0
20495 41 9 5 45 0.121951219512195 0.555555555555556 0.111111111111111
20569 6 2 1 7 0.166666666666667 0.5 0.142857142857143
20612 4 1 1 4 0.25 1 0.25
20621 2 2 2 2 1 1 1
20640 38 12 7 43 0.184210526315789 0.583333333333333 0.162790697674419
20646 45 11 7 49 0.155555555555556 0.636363636363636 0.142857142857143
20704 14 4 1 17 0.0714285714285714 0.25 0.0588235294117647
20712 7 1 0 8 0 0 0
20718 21 7 3 25 0.142857142857143 0.428571428571429 0.12
20745 2 4 0 6 0 0 0
20762 2 1 0 3 0 0 0
20794 3 2 0 5 0 0 0
20834 37 4 4 37 0.108108108108108 1 0.108108108108108
20847 35 9 6 38 0.171428571428571 0.666666666666667 0.157894736842105
209 1141 1 1 1141 0.000876424189307625 1 0.000876424189307625
20900 2 1 0 3 0 0 0
20912 2 2 0 4 0 0 0
20965 42 36 36 42 0.857142857142857 1 0.857142857142857
2107 1 1 1 1 1 1 1
2108 1 1 1 1 1 1 1
2110 43 7 3 47 0.0697674418604651 0.428571428571429 0.0638297872340425
21119 8 1 0 9 0 0 0
21155 41 14 8 47 0.195121951219512 0.571428571428571 0.170212765957447
2116 64 1 1 64 0.015625 1 0.015625
21193 2 1 1 2 0.5 1 0.5
21221 24 4 2 26 0.0833333333333333 0.5 0.0769230769230769
2128 3 2 2 3 0.666666666666667 1 0.666666666666667
21385 27 4 2 29 0.0740740740740741 0.5 0.0689655172413793
21501 5 1 0 6 0 0 0
2153 24 3 3 24 0.125 1 0.125
2200 46 4 3 47 0.0652173913043478 0.75 0.0638297872340425
22166 2 1 0 3 0 0 0
22335 26 2 1 27 0.0384615384615385 0.5 0.037037037037037
22388 4 3 3 4 0.75 1 0.75
224 6 3 1 8 0.166666666666667 0.333333333333333 0.125
22548 4 1 0 5 0 0 0
226 17 1 1 17 0.0588235294117647 1 0.0588235294117647
22767 1 1 1 1 1 1 1
23393 24 4 2 26 0.0833333333333333 0.5 0.0769230769230769
23600 1 1 1 1 1 1 1
23624 2 1 1 2 0.5 1 0.5
23634 5 1 1 5 0.2 1 0.2
23774 4 2 1 5 0.25 0.5 0.2
23787 1 1 1 1 1 1 1
2381 24 1 1 24 0.0416666666666667 1 0.0416666666666667
23902 1 2 0 3 0 0 0
23910 1 2 1 2 1 0.5 0.5
23911 1 2 1 2 1 0.5 0.5
23912 1 1 0 2 0 0 0
24 11 2 2 11 0.181818181818182 1 0.181818181818182
24252 3 3 2 4 0.666666666666667 0.666666666666667 0.5
24586 11 1 1 11 0.0909090909090909 1 0.0909090909090909
24587 44 15 9 50 0.204545454545455 0.6 0.18
24723 2 1 0 3 0 0 0
24730 32 7 5 34 0.15625 0.714285714285714 0.147058823529412
24776 6 2 1 7 0.166666666666667 0.5 0.142857142857143
2486 9 1 1 9 0.111111111111111 1 0.111111111111111
24875 26 10 5 31 0.192307692307692 0.5 0.161290322580645
2497 204 56 40 220 0.196078431372549 0.714285714285714 0.181818181818182
24973 2 1 1 2 0.5 1 0.5
250 4 3 0 7 0 0 0
2500 28 53 13 68 0.464285714285714 0.245283018867925 0.191176470588235
251 1 2 1 2 1 0.5 0.5
2510 15 7 3 19 0.2 0.428571428571429 0.157894736842105
25108 14 3 1 16 0.0714285714285714 0.333333333333333 0.0625
25137 213 27 25 215 0.117370892018779 0.925925925925926 0.116279069767442
2514 15 3 2 16 0.133333333333333 0.666666666666667 0.125
25152 28 6 3 31 0.107142857142857 0.5 0.0967741935483871
2516 298 45 32 311 0.10738255033557 0.711111111111111 0.102893890675241
2518 49 8 4 53 0.0816326530612245 0.5 0.0754716981132075
2519 25 3 0 28 0 0 0
25208 6 2 0 8 0 0 0
25220 17 2 2 17 0.117647058823529 1 0.117647058823529
2523 5 1 0 6 0 0 0
25232 184 9 8 185 0.0434782608695652 0.888888888888889 0.0432432432432432
2527 8 7 2 13 0.25 0.285714285714286 0.153846153846154
25358 16 9 1 24 0.0625 0.111111111111111 0.0416666666666667
25384 9 3 1 11 0.111111111111111 0.333333333333333 0.0909090909090909
2549 2 4 0 6 0 0 0
25538 2 1 0 3 0 0 0
25560 60 9 6 63 0.1 0.666666666666667 0.0952380952380952
2594 7 1 1 7 0.142857142857143 1 0.142857142857143
2595 3 2 1 4 0.333333333333333 0.5 0.25
2602 2 2 1 3 0.5 0.5 0.333333333333333
2603 32 9 8 33 0.25 0.888888888888889 0.242424242424242
2607 44 6 3 47 0.0681818181818182 0.5 0.0638297872340425
2609 3 1 0 4 0 0 0
2611 44 12 10 46 0.227272727272727 0.833333333333333 0.217391304347826
2614 11 2 1 12 0.0909090909090909 0.5 0.0833333333333333
26415 15 2 0 17 0 0 0
27133 1 1 0 2 0 0 0
278 8 7 1 14 0.125 0.142857142857143 0.0714285714285714
2819 18 3 0 21 0 0 0
2847 2 1 1 2 0.5 1 0.5
2852 6 3 3 6 0.5 1 0.5
28716 28 3 2 29 0.0714285714285714 0.666666666666667 0.0689655172413793
28725 5 1 1 5 0.2 1 0.2
28747 94 3 3 94 0.0319148936170213 1 0.0319148936170213
28788 32 3 3 32 0.09375 1 0.09375
2895 6 2 2 6 0.333333333333333 1 0.333333333333333
290 5 6 3 8 0.6 0.5 0.375
2905 27 2 1 28 0.037037037037037 0.5 0.0357142857142857
2907 63 7 3 67 0.0476190476190476 0.428571428571429 0.0447761194029851
2914 532 113 60 585 0.112781954887218 0.530973451327434 0.102564102564103
2915 33 8 3 38 0.0909090909090909 0.375 0.0789473684210526
29208 12 2 1 13 0.0833333333333333 0.5 0.0769230769230769
29216 1 2 1 2 1 0.5 0.5
29243 2 2 2 2 1 1 1
29259 6 3 2 7 0.333333333333333 0.666666666666667 0.285714285714286
293 113 22 13 122 0.115044247787611 0.590909090909091 0.10655737704918
29317 1 2 1 2 1 0.5 0.5
29377 1 5 0 6 0 0 0
29422 4 1 1 4 0.25 1 0.25
29432 2 1 1 2 0.5 1 0.5
29449 3 5 1 7 0.333333333333333 0.2 0.142857142857143
29452 8 2 0 10 0 0 0
29527 17 2 2 17 0.117647058823529 1 0.117647058823529
29629 6 1 0 7 0 0 0
29632 6 1 0 7 0 0 0
29636 15 3 3 15 0.2 1 0.2
29670 1 1 0 2 0 0 0
29686 294 59 53 300 0.180272108843537 0.898305084745763 0.176666666666667
29748 18 2 2 18 0.111111111111111 1 0.111111111111111
29838 11 4 1 14 0.0909090909090909 0.25 0.0714285714285714
30071 4 34 2 36 0.5 0.0588235294117647 0.0555555555555556
30129 3 2 2 3 0.666666666666667 1 0.666666666666667
30132 8 3 3 8 0.375 1 0.375
302 3 1 0 4 0 0 0
30653 14 2 0 16 0 0 0
31103 3 5 0 8 0 0 0
31265 1 1 1 1 1 1 1
31283 4 2 0 6 0 0 0
31383 15 8 6 17 0.4 0.75 0.352941176470588
31479 2 1 1 2 0.5 1 0.5
31508 22 5 3 24 0.136363636363636 0.6 0.125
31985 5 1 0 6 0 0 0
3212 29 1 1 29 0.0344827586206897 1 0.0344827586206897
3213 8 1 0 9 0 0 0
3221 1 1 1 1 1 1 1
3243 11 6 1 16 0.0909090909090909 0.166666666666667 0.0625
32459 3 1 0 4 0 0 0
3246 116 16 14 118 0.120689655172414 0.875 0.11864406779661
3248 13 3 0 16 0 0 0
3249 33 3 1 35 0.0303030303030303 0.333333333333333 0.0285714285714286
3257 251 123 49 325 0.195219123505976 0.398373983739837 0.150769230769231
3265 36 20 9 47 0.25 0.45 0.191489361702128
3268 1 1 1 1 1 1 1
3274 3 1 0 4 0 0 0
3292 276 12 9 279 0.0326086956521739 0.75 0.032258064516129
32978 2 1 1 2 0.5 1 0.5
33 8 13 3 18 0.375 0.230769230769231 0.166666666666667
3301 34 2 1 35 0.0294117647058824 0.5 0.0285714285714286
3303 560 8 4 564 0.00714285714285714 0.5 0.00709219858156028
3320 353 19 8 364 0.0226628895184136 0.421052631578947 0.021978021978022
3327 17 6 2 21 0.117647058823529 0.333333333333333 0.0952380952380952
3333 141 28 25 144 0.177304964539007 0.892857142857143 0.173611111111111
3343 15 3 3 15 0.2 1 0.2
33437 1 5 1 5 1 0.2 0.2
3344 31 12 5 38 0.161290322580645 0.416666666666667 0.131578947368421
3352 58 4 1 61 0.0172413793103448 0.25 0.0163934426229508
34243 1 1 1 1 1 1 1
34288 2 4 0 6 0 0 0
34465 3 3 2 4 0.666666666666667 0.666666666666667 0.5
34623 1 1 1 1 1 1 1
34631 2 2 1 3 0.5 0.5 0.333333333333333
34695 2 1 0 3 0 0 0
34771 3 2 2 3 0.666666666666667 1 0.666666666666667
3549 671 42 29 684 0.0432190760059613 0.69047619047619 0.0423976608187134
3557 86 17 14 89 0.162790697674419 0.823529411764706 0.157303370786517
3582 4 3 0 7 0 0 0
3597 9 1 0 10 0 0 0
3661 3 1 0 4 0 0 0
3662 12 1 1 12 0.0833333333333333 1 0.0833333333333333
3741 179 1 0 180 0 0 0
3748 2 4 1 5 0.5 0.25 0.2
3758 31 9 0 40 0 0 0
376 11 1 1 11 0.0909090909090909 1 0.0909090909090909
378 2 1 1 2 0.5 1 0.5
3786 310 3 1 312 0.0032258064516129 0.333333333333333 0.00320512820512821
3825 1 1 0 2 0 0 0
3836 8 4 0 12 0 0 0
4134 59 1 1 59 0.0169491525423729 1 0.0169491525423729
42 41 2 2 41 0.0487804878048781 1 0.0487804878048781
4436 61 5 4 62 0.0655737704918033 0.8 0.0645161290322581
4538 15 12 5 22 0.333333333333333 0.416666666666667 0.227272727272727
4555 1 7 0 8 0 0 0
4589 468 17 11 474 0.0235042735042735 0.647058823529412 0.0232067510548523
4608 3 1 1 3 0.333333333333333 1 0.333333333333333
4618 12 9 1 20 0.0833333333333333 0.111111111111111 0.05
4645 16 1 1 16 0.0625 1 0.0625
4651 26 5 3 28 0.115384615384615 0.6 0.107142857142857
4673 7 1 0 8 0 0 0
4675 6 6 2 10 0.333333333333333 0.333333333333333 0.2
4677 4 9 2 11 0.5 0.222222222222222 0.181818181818182
4678 5 8 2 11 0.4 0.25 0.181818181818182
4680 9 6 2 13 0.222222222222222 0.333333333333333 0.153846153846154
4685 7 7 3 11 0.428571428571429 0.428571428571429 0.272727272727273
4688 10 7 3 14 0.3 0.428571428571429 0.214285714285714
4691 7 13 4 16 0.571428571428571 0.307692307692308 0.25
4694 68 2 2 68 0.0294117647058824 1 0.0294117647058824
4697 1 25 1 25 1 0.04 0.04
4702 5 4 2 7 0.4 0.5 0.285714285714286
4713 88 4 4 88 0.0454545454545455 1 0.0454545454545455
4716 93 43 15 121 0.161290322580645 0.348837209302326 0.12396694214876
4717 4 4 2 6 0.5 0.5 0.333333333333333
4718 4 6 2 8 0.5 0.333333333333333 0.25
4721 8 6 0 14 0 0 0
4725 88 27 6 109 0.0681818181818182 0.222222222222222 0.055045871559633
4736 7 1 1 7 0.142857142857143 1 0.142857142857143
4741 4 1 0 5 0 0 0
4747 8 2 0 10 0 0 0
4750 30 3 0 33 0 0 0
4774 4 2 2 4 0.5 1 0.5
4777 28 6 4 30 0.142857142857143 0.666666666666667 0.133333333333333
4780 22 2 1 23 0.0454545454545455 0.5 0.0434782608695652
4787 7 6 0 13 0 0 0
4788 79 6 4 81 0.0506329113924051 0.666666666666667 0.0493827160493827
4795 21 3 0 24 0 0 0
5050 10 1 1 10 0.1 1 0.1
513 36 11 6 41 0.166666666666667 0.545454545454545 0.146341463414634
5381 14 4 0 18 0 0 0
5385 11 9 3 17 0.272727272727273 0.333333333333333 0.176470588235294
5408 29 2 2 29 0.0689655172413793 1 0.0689655172413793
5410 42 4 1 45 0.0238095238095238 0.25 0.0222222222222222
5417 168 30 26 172 0.154761904761905 0.866666666666667 0.151162790697674
5418 6 2 2 6 0.333333333333333 1 0.333333333333333
5424 8 3 0 11 0 0 0
5430 49 7 5 51 0.102040816326531 0.714285714285714 0.0980392156862745
5459 178 6 6 178 0.0337078651685393 1 0.0337078651685393
5466 52 1 0 53 0 0 0
5486 25 2 0 27 0 0 0
5511 178 31 11 198 0.0617977528089888 0.354838709677419 0.0555555555555556
553 30 6 4 32 0.133333333333333 0.666666666666667 0.125
5537 11 2 1 12 0.0909090909090909 0.5 0.0833333333333333
5539 32 22 8 46 0.25 0.363636363636364 0.173913043478261
5550 4 2 2 4 0.5 1 0.5
5568 82 5 4 83 0.0487804878048781 0.8 0.0481927710843374
559 49 17 15 51 0.306122448979592 0.882352941176471 0.294117647058824
5602 17 3 2 18 0.117647058823529 0.666666666666667 0.111111111111111
5609 2 17 1 18 0.5 0.0588235294117647 0.0555555555555556
5617 78 3 0 81 0 0 0
5623 1 2 0 3 0 0 0
5669 71 5 3 73 0.0422535211267606 0.6 0.0410958904109589
5693 7 3 2 8 0.285714285714286 0.666666666666667 0.25
6062 8 3 0 11 0 0 0
6066 4 1 0 5 0 0 0
6163 8 1 0 9 0 0 0
6320 134 2 1 135 0.00746268656716418 0.5 0.00740740740740741
6342 4 3 0 7 0 0 0
6435 3 20 0 23 0 0 0
6453 310 22 20 312 0.0645161290322581 0.909090909090909 0.0641025641025641
6461 644 4 4 644 0.0062111801242236 1 0.0062111801242236
6509 39 7 6 40 0.153846153846154 0.857142857142857 0.15
6619 11 1 1 11 0.0909090909090909 1 0.0909090909090909
6666 23 3 0 26 0 0 0
6667 392 56 53 395 0.135204081632653 0.946428571428571 0.134177215189873
6677 11 2 1 12 0.0909090909090909 0.5 0.0833333333333333
668 41 6 2 45 0.0487804878048781 0.333333333333333 0.0444444444444444
6695 79 2 2 79 0.0253164556962025 1 0.0253164556962025
6696 9 4 2 11 0.222222222222222 0.5 0.181818181818182
6706 4 2 1 5 0.25 0.5 0.2
6730 529 7 6 530 0.0113421550094518 0.857142857142857 0.0113207547169811
6762 132 14 13 133 0.0984848484848485 0.928571428571429 0.0977443609022556
6770 22 3 3 22 0.136363636363636 1 0.136363636363636
6772 10 2 2 10 0.2 1 0.2
6774 66 1 1 66 0.0151515151515152 1 0.0151515151515152
6775 4 1 1 4 0.25 1 0.25
680 41 8 7 42 0.170731707317073 0.875 0.166666666666667
6802 5 1 1 5 0.2 1 0.2
6830 64 76 19 121 0.296875 0.25 0.15702479338843
6895 33 1 1 33 0.0303030303030303 1 0.0303030303030303
6939 458 45 15 488 0.0327510917030568 0.333333333333333 0.0307377049180328
7018 1977 2 2 1977 0.00101163378856854 1 0.00101163378856854
7065 11 2 1 12 0.0909090909090909 0.5 0.0833333333333333
71 9 2 0 11 0 0 0
7470 22 1 1 22 0.0454545454545455 1 0.0454545454545455
7500 68 5 3 70 0.0441176470588235 0.6 0.0428571428571429
7514 16 9 4 21 0.25 0.444444444444444 0.19047619047619
7521 4 3 1 6 0.25 0.333333333333333 0.166666666666667
7522 4 6 2 8 0.5 0.333333333333333 0.25
7530 2 2 0 4 0 0 0
7539 24 4 4 24 0.166666666666667 1 0.166666666666667
7570 5 1 1 5 0.2 1 0.2
7575 91 9 9 91 0.0989010989010989 1 0.0989010989010989
7610 23 3 2 24 0.0869565217391304 0.666666666666667 0.0833333333333333
766 19 5 4 20 0.210526315789474 0.8 0.2
7660 32 30 15 47 0.46875 0.5 0.319148936170213
7665 1 1 1 1 1 1 1
7667 3 6 3 6 1 0.5 0.5
7668 8 1 1 8 0.125 1 0.125
7670 13 2 2 13 0.153846153846154 1 0.153846153846154
7671 3 37 3 37 1 0.0810810810810811 0.0810810810810811
7682 10 2 1 11 0.1 0.5 0.0909090909090909
7687 4 2 1 5 0.25 0.5 0.2
7786 5 1 0 6 0 0 0
786 42 9 4 47 0.0952380952380952 0.444444444444444 0.0851063829787234
790 2 4 1 5 0.5 0.25 0.2
8002 30 4 0 34 0 0 0
8070 1 1 0 2 0 0 0
81 11 1 0 12 0 0 0
8121 23 2 1 24 0.0434782608695652 0.5 0.0416666666666667
8175 3 2 0 5 0 0 0
8195 32 6 3 35 0.09375 0.5 0.0857142857142857
8220 705 10 10 705 0.0141843971631206 1 0.0141843971631206
8237 10 3 0 13 0 0 0
8256 1 1 1 1 1 1 1
8267 2 2 0 4 0 0 0
8319 23 3 2 24 0.0869565217391304 0.666666666666667 0.0833333333333333
8365 24 8 5 27 0.208333333333333 0.625 0.185185185185185
8419 22 4 3 23 0.136363636363636 0.75 0.130434782608696
8426 218 7 4 221 0.018348623853211 0.571428571428571 0.0180995475113122
8447 83 14 5 92 0.0602409638554217 0.357142857142857 0.0543478260869565
8469 29 5 3 31 0.103448275862069 0.6 0.0967741935483871
8472 43 7 2 48 0.0465116279069767 0.285714285714286 0.0416666666666667
8481 3 1 0 4 0 0 0
8501 32 6 6 32 0.1875 1 0.1875
8517 16 1 1 16 0.0625 1 0.0625
8554 6 1 1 6 0.166666666666667 1 0.166666666666667
8560 43 10 7 46 0.162790697674419 0.7 0.152173913043478
8565 5 1 0 6 0 0 0
8586 41 3 2 42 0.0487804878048781 0.666666666666667 0.0476190476190476
8591 23 4 3 24 0.130434782608696 0.75 0.125
8657 62 2 1 63 0.0161290322580645 0.5 0.0158730158730159
8664 7 3 0 10 0 0 0
8665 17 8 3 22 0.176470588235294 0.375 0.136363636363636
8674 35 3 3 35 0.0857142857142857 1 0.0857142857142857
8676 7 2 0 9 0 0 0
8708 150 6 3 153 0.02 0.5 0.0196078431372549
8728 1 1 1 1 1 1 1
8737 31 6 4 33 0.129032258064516 0.666666666666667 0.121212121212121
8758 9 4 2 11 0.222222222222222 0.5 0.181818181818182
8763 23 3 2 24 0.0869565217391304 0.666666666666667 0.0833333333333333
8767 20 3 3 20 0.15 1 0.15
8781 3 1 1 3 0.333333333333333 1 0.333333333333333
8823 6 1 1 6 0.166666666666667 1 0.166666666666667
8881 87 1 1 87 0.0114942528735632 1 0.0114942528735632
8903 5 5 0 10 0 0 0
8921 1 1 0 2 0 0 0
8925 3 1 0 4 0 0 0
8943 11 1 0 12 0 0 0
8954 20 9 5 24 0.25 0.555555555555556 0.208333333333333
8966 25 1 1 25 0.04 1 0.04
8970 2 1 1 2 0.5 1 0.5
8973 2 1 0 3 0 0 0
8975 54 4 2 56 0.037037037037037 0.5 0.0357142857142857
9009 86 4 4 86 0.0465116279069767 1 0.0465116279069767
9044 87 1 1 87 0.0114942528735632 1 0.0114942528735632
9080 7 2 1 8 0.142857142857143 0.5 0.125
9112 5 3 1 7 0.2 0.333333333333333 0.142857142857143
9150 22 2 1 23 0.0454545454545455 0.5 0.0434782608695652
9153 41 1 1 41 0.024390243902439 1 0.024390243902439
9264 56 74 16 114 0.285714285714286 0.216216216216216 0.140350877192982
9270 34 8 6 36 0.176470588235294 0.75 0.166666666666667
9316 26 1 0 27 0 0 0
9406 1 1 0 2 0 0 0
9416 16 1 0 17 0 0 0
9583 22 1 0 23 0 0 0
9595 7 4 2 9 0.285714285714286 0.5 0.222222222222222
9600 6 10 2 14 0.333333333333333 0.2 0.142857142857143
9607 8 4 0 12 0 0 0
9612 1 3 0 4 0 0 0
9619 2 2 2 2 1 1 1
9621 2 7 1 8 0.5 0.142857142857143 0.125
9622 8 1 1 8 0.125 1 0.125
9687 2 1 1 2 0.5 1 0.5
9701 3 1 0 4 0 0 0
9758 1 1 0 2 0 0 0
9821 4 1 1 4 0.25 1 0.25
9844 1 1 0 2 0 0 0
9875 3 1 0 4 0 0 0
9901 22 1 0 23 0 0 0
9919 15 1 0 16 0 0 0
9995 3 2 2 3 0.666666666666667 1 0.666666666666667
