#ASN num_v4adj num_v6adj num_intersect(v4v6adj) num_union(adj) fr_v4(num_intersect/num_v4adj) fr_v6(num_intersect/num_v6adj) fr_intersect(num_intersect/num_union)
10013 3 8 2 9 0.666666666666667 0.25 0.222222222222222
10015 11 1 0 12 0 0 0
10063 3 1 1 3 0.333333333333333 1 0.333333333333333
101 44 1 1 44 0.0227272727272727 1 0.0227272727272727
10204 10 4 2 12 0.2 0.5 0.166666666666667
10318 2 2 0 4 0 0 0
10343 2 1 1 2 0.5 1 0.5
10429 27 1 1 27 0.037037037037037 1 0.037037037037037
10480 7 1 1 7 0.142857142857143 1 0.142857142857143
10569 1 1 1 1 1 1 1
10586 3 2 0 5 0 0 0
10886 30 2 2 30 0.0666666666666667 1 0.0666666666666667
109 9 12 1 20 0.111111111111111 0.0833333333333333 0.05
1103 63 36 12 87 0.19047619047619 0.333333333333333 0.137931034482759
1126 23 7 5 25 0.217391304347826 0.714285714285714 0.2
11340 3 2 1 4 0.333333333333333 0.5 0.25
1140 21 2 0 23 0 0 0
11537 75 40 28 87 0.373333333333333 0.7 0.32183908045977
11960 5 3 3 5 0.6 1 0.6
11990 4 1 0 5 0 0 0
1200 26 8 5 29 0.192307692307692 0.625 0.172413793103448
12008 24 1 1 24 0.0416666666666667 1 0.0416666666666667
12046 2 1 1 2 0.5 1 0.5
12111 25 2 2 25 0.08 1 0.08
1213 2 2 2 2 1 1 1
12199 1 4 0 5 0 0 0
1221 91 7 2 96 0.021978021978022 0.285714285714286 0.0208333333333333
12312 27 1 1 27 0.037037037037037 1 0.037037037037037
12337 32 11 8 35 0.25 0.727272727272727 0.228571428571429
12353 5 4 1 8 0.2 0.25 0.125
12355 2 1 0 3 0 0 0
1237 26 3 2 27 0.0769230769230769 0.666666666666667 0.0740740740740741
12371 4 1 0 5 0 0 0
12386 10 3 2 11 0.2 0.666666666666667 0.181818181818182
12401 10 4 2 12 0.2 0.5 0.166666666666667
12414 31 12 6 37 0.193548387096774 0.5 0.162162162162162
1251 5 2 1 6 0.2 0.5 0.166666666666667
12533 2 2 0 4 0 0 0
12565 1 2 0 3 0 0 0
1257 174 5 1 178 0.00574712643678161 0.2 0.00561797752808989
12600 12 1 1 12 0.0833333333333333 1 0.0833333333333333
12611 30 10 5 35 0.166666666666667 0.5 0.142857142857143
12634 26 12 5 33 0.192307692307692 0.416666666666667 0.151515151515152
12635 8 1 0 9 0 0 0
12637 3 1 0 4 0 0 0
12638 2 3 0 5 0 0 0
12657 2 2 1 3 0.5 0.5 0.333333333333333
1273 303 60 37 326 0.122112211221122 0.616666666666667 0.113496932515337
12731 31 7 5 33 0.161290322580645 0.714285714285714 0.151515151515152
12732 14 2 1 15 0.0714285714285714 0.5 0.0666666666666667
12741 46 1 0 47 0 0 0
12767 5 1 0 6 0 0 0
12769 8 1 1 8 0.125 1 0.125
12779 62 17 9 70 0.145161290322581 0.529411764705882 0.128571428571429
12793 243 1 0 244 0 0 0
12816 1 1 1 1 1 1 1
12817 2 1 1 2 0.5 1 0.5
12853 1 5 0 6 0 0 0
12859 255 60 52 263 0.203921568627451 0.866666666666667 0.197718631178707
12871 24 16 7 33 0.291666666666667 0.4375 0.212121212121212
12895 4 1 1 4 0.25 1 0.25
12902 31 12 8 35 0.258064516129032 0.666666666666667 0.228571428571429
12931 2 1 0 3 0 0 0
12956 161 6 5 162 0.031055900621118 0.833333333333333 0.0308641975308642
12968 77 7 2 82 0.025974025974026 0.285714285714286 0.024390243902439
1299 360 19 17 362 0.0472222222222222 0.894736842105263 0.0469613259668508
13 1 1 1 1 1 1 1
13030 473 1 1 473 0.00211416490486258 1 0.00211416490486258
13041 8 2 2 8 0.25 1 0.25
13046 15 1 1 15 0.0666666666666667 1 0.0666666666666667
13092 3 1 1 3 0.333333333333333 1 0.333333333333333
13110 4 4 2 6 0.5 0.5 0.333333333333333
13115 4 1 0 5 0 0 0
13189 20 1 1 20 0.05 1 0.05
13193 46 17 8 55 0.173913043478261 0.470588235294118 0.145454545454545
13272 1 1 1 1 1 1 1
13300 1 1 0 2 0 0 0
13645 107 6 4 109 0.0373831775700935 0.666666666666667 0.036697247706422
13657 3 2 0 5 0 0 0
137 11 2 2 11 0.181818181818182 1 0.181818181818182
13944 2 9 0 11 0 0 0
14277 10 12 3 19 0.3 0.25 0.157894736842105
145 4 5 0 9 0 0 0
14654 3 1 0 4 0 0 0
15169 72 4 1 75 0.0138888888888889 0.25 0.0133333333333333
15440 7 1 0 8 0 0 0
15444 260 19 12 267 0.0461538461538462 0.631578947368421 0.0449438202247191
15469 2 1 0 3 0 0 0
15501 2 2 2 2 1 1 1
15589 33 9 1 41 0.0303030303030303 0.111111111111111 0.024390243902439
15600 34 9 7 36 0.205882352941176 0.777777777777778 0.194444444444444
15623 20 4 3 21 0.15 0.75 0.142857142857143
15685 12 3 3 12 0.25 1 0.25
15694 38 1 1 38 0.0263157894736842 1 0.0263157894736842
15725 2 1 1 2 0.5 1 0.5
15798 2 1 0 3 0 0 0
15837 154 4 3 155 0.0194805194805195 0.75 0.0193548387096774
15919 7 1 1 7 0.142857142857143 1 0.142857142857143
16004 11 3 2 12 0.181818181818182 0.666666666666667 0.166666666666667
16023 5 1 0 6 0 0 0
16034 221 5 3 223 0.0135746606334842 0.6 0.0134529147982063
16086 26 7 4 29 0.153846153846154 0.571428571428571 0.137931034482759
16091 1 1 0 2 0 0 0
16128 10 3 3 10 0.3 1 0.3
16131 28 9 3 34 0.107142857142857 0.333333333333333 0.0882352941176471
16150 217 10 6 221 0.0276497695852535 0.6 0.0271493212669683
16186 44 8 4 48 0.0909090909090909 0.5 0.0833333333333333
16215 163 29 26 166 0.159509202453988 0.896551724137931 0.156626506024096
16237 19 4 2 21 0.105263157894737 0.5 0.0952380952380952
16245 14 2 2 14 0.142857142857143 1 0.142857142857143
16265 35 2 1 36 0.0285714285714286 0.5 0.0277777777777778
16276 51 2 2 51 0.0392156862745098 1 0.0392156862745098
16397 8 1 0 9 0 0 0
1653 27 1 1 27 0.037037037037037 1 0.037037037037037
16531 13 1 0 14 0 0 0
16713 27 3 1 29 0.037037037037037 0.333333333333333 0.0344827586206897
16838 9 2 0 11 0 0 0
16942 2 2 0 4 0 0 0
17263 4 1 0 5 0 0 0
1741 9 2 2 9 0.222222222222222 1 0.222222222222222
17435 4 1 0 5 0 0 0
17511 8 3 1 10 0.125 0.333333333333333 0.1
17527 4 5 0 9 0 0 0
17529 6 1 0 7 0 0 0
17579 8 7 6 9 0.75 0.857142857142857 0.666666666666667
1759 22 1 1 22 0.0454545454545455 1 0.0454545454545455
17676 26 5 2 29 0.0769230769230769 0.4 0.0689655172413793
17709 9 1 0 10 0 0 0
17716 4 1 1 4 0.25 1 0.25
17828 2 1 0 3 0 0 0
17832 6 13 2 17 0.333333333333333 0.153846153846154 0.117647058823529
17843 2 1 1 2 0.5 1 0.5
17853 1 1 0 2 0 0 0
17934 2 4 1 5 0.5 0.25 0.2
17935 1 2 0 3 0 0 0
17956 3 1 0 4 0 0 0
1797 2 3 2 3 1 0.666666666666667 0.666666666666667
1798 4 2 0 6 0 0 0
18015 2 1 1 2 0.5 1 0.5
18062 2 2 1 3 0.5 0.5 0.333333333333333
18119 3 1 0 4 0 0 0
18126 3 1 1 3 0.333333333333333 1 0.333333333333333
18185 4 1 0 5 0 0 0
18266 4 1 1 4 0.25 1 0.25
18288 3 1 1 3 0.333333333333333 1 0.333333333333333
1835 7 2 2 7 0.285714285714286 1 0.285714285714286
18422 5 1 1 5 0.2 1 0.2
1853 95 12 10 97 0.105263157894737 0.833333333333333 0.103092783505155
18592 24 6 6 24 0.25 1 0.25
18666 2 2 0 4 0 0 0
1880 12 3 2 13 0.166666666666667 0.666666666666667 0.153846153846154
1881 2 1 1 2 0.5 1 0.5
1887 5 1 1 5 0.2 1 0.2
1897 1 2 0 3 0 0 0
1916 16 5 3 18 0.1875 0.6 0.166666666666667
1930 6 9 3 12 0.5 0.333333333333333 0.25
195 8 1 1 8 0.125 1 0.125
1955 9 1 1 9 0.111111111111111 1 0.111111111111111
19782 6 1 1 6 0.166666666666667 1 0.166666666666667
20080 9 3 2 10 0.222222222222222 0.666666666666667 0.2
20312 7 1 1 7 0.142857142857143 1 0.142857142857143
2042 11 12 1 22 0.0909090909090909 0.0833333333333333 0.0454545454545455
20473 6 1 0 7 0 0 0
20495 46 8 4 50 0.0869565217391304 0.5 0.08
20569 5 2 1 6 0.2 0.5 0.166666666666667
20612 3 1 1 3 0.333333333333333 1 0.333333333333333
20621 2 1 1 2 0.5 1 0.5
20640 180 54 40 194 0.222222222222222 0.740740740740741 0.206185567010309
20646 52 15 10 57 0.192307692307692 0.666666666666667 0.175438596491228
20704 16 5 3 18 0.1875 0.6 0.166666666666667
20712 7 1 0 8 0 0 0
20718 22 8 4 26 0.181818181818182 0.5 0.153846153846154
20745 2 3 0 5 0 0 0
20794 3 2 0 5 0 0 0
20834 36 5 2 39 0.0555555555555556 0.4 0.0512820512820513
20847 28 10 5 33 0.178571428571429 0.5 0.151515151515152
209 1162 5 2 1165 0.00172117039586919 0.4 0.00171673819742489
20900 1 1 0 2 0 0 0
20912 2 3 0 5 0 0 0
20965 45 36 36 45 0.8 1 0.8
210 8 1 1 8 0.125 1 0.125
21055 15 2 1 16 0.0666666666666667 0.5 0.0625
2107 1 1 1 1 1 1 1
2108 1 1 1 1 1 1 1
2110 44 8 1 51 0.0227272727272727 0.125 0.0196078431372549
21119 7 1 1 7 0.142857142857143 1 0.142857142857143
21155 42 15 7 50 0.166666666666667 0.466666666666667 0.14
2116 27 2 2 27 0.0740740740740741 1 0.0740740740740741
21193 2 2 1 3 0.5 0.5 0.333333333333333
21221 27 11 5 33 0.185185185185185 0.454545454545455 0.151515151515152
2128 2 1 1 2 0.5 1 0.5
21385 56 7 5 58 0.0892857142857143 0.714285714285714 0.0862068965517241
2153 32 8 7 33 0.21875 0.875 0.212121212121212
21548 14 1 1 14 0.0714285714285714 1 0.0714285714285714
21947 16 2 2 16 0.125 1 0.125
2200 45 5 4 46 0.0888888888888889 0.8 0.0869565217391304
22166 2 1 0 3 0 0 0
22335 27 1 1 27 0.037037037037037 1 0.037037037037037
22388 3 3 3 3 1 1 1
224 6 3 2 7 0.333333333333333 0.666666666666667 0.285714285714286
22548 4 2 0 6 0 0 0
226 19 1 1 19 0.0526315789473684 1 0.0526315789473684
22767 2 1 1 2 0.5 1 0.5
23265 15 1 1 15 0.0666666666666667 1 0.0666666666666667
23393 29 3 3 29 0.103448275862069 1 0.103448275862069
23554 2 1 1 2 0.5 1 0.5
23600 2 1 1 2 0.5 1 0.5
23624 2 1 1 2 0.5 1 0.5
23634 5 1 1 5 0.2 1 0.2
23774 3 2 1 4 0.333333333333333 0.5 0.25
23787 2 1 1 2 0.5 1 0.5
23789 1 1 0 2 0 0 0
2381 26 2 1 27 0.0384615384615385 0.5 0.037037037037037
23902 1 2 0 3 0 0 0
23910 1 2 1 2 1 0.5 0.5
23911 1 2 1 2 1 0.5 0.5
23912 1 1 0 2 0 0 0
24 7 2 2 7 0.285714285714286 1 0.285714285714286
24218 11 1 1 11 0.0909090909090909 1 0.0909090909090909
24252 3 3 2 4 0.666666666666667 0.666666666666667 0.5
24433 1 1 0 2 0 0 0
24586 11 5 2 14 0.181818181818182 0.4 0.142857142857143
24587 50 15 6 59 0.12 0.4 0.101694915254237
24724 22 3 3 22 0.136363636363636 1 0.136363636363636
24730 35 7 3 39 0.0857142857142857 0.428571428571429 0.0769230769230769
24776 5 2 1 6 0.2 0.5 0.166666666666667
24875 24 11 3 32 0.125 0.272727272727273 0.09375
2497 210 57 42 225 0.2 0.736842105263158 0.186666666666667
24973 2 1 1 2 0.5 1 0.5
250 6 2 0 8 0 0 0
2500 28 53 11 70 0.392857142857143 0.207547169811321 0.157142857142857
25058 2 2 2 2 1 1 1
2510 14 6 3 17 0.214285714285714 0.5 0.176470588235294
25108 14 4 1 17 0.0714285714285714 0.25 0.0588235294117647
25137 130 9 7 132 0.0538461538461538 0.777777777777778 0.053030303030303
2514 14 4 3 15 0.214285714285714 0.75 0.2
25152 37 5 3 39 0.0810810810810811 0.6 0.0769230769230769
2516 300 46 33 313 0.11 0.717391304347826 0.105431309904153
2518 35 10 5 40 0.142857142857143 0.5 0.125
2519 26 3 0 29 0 0 0
25208 5 1 0 6 0 0 0
25220 16 2 2 16 0.125 1 0.125
2523 4 1 1 4 0.25 1 0.25
25232 214 10 9 215 0.0420560747663551 0.9 0.0418604651162791
2527 10 6 2 14 0.2 0.333333333333333 0.142857142857143
25358 15 10 1 24 0.0666666666666667 0.1 0.0416666666666667
25384 7 3 1 9 0.142857142857143 0.333333333333333 0.111111111111111
2549 2 1 1 2 0.5 1 0.5
25492 2 2 1 3 0.5 0.5 0.333333333333333
25538 2 1 0 3 0 0 0
25560 130 14 11 133 0.0846153846153846 0.785714285714286 0.0827067669172932
2594 7 1 1 7 0.142857142857143 1 0.142857142857143
2595 4 2 1 5 0.25 0.5 0.2
2602 2 2 1 3 0.5 0.5 0.333333333333333
2603 36 10 8 38 0.222222222222222 0.8 0.210526315789474
2607 45 5 2 48 0.0444444444444444 0.4 0.0416666666666667
2609 2 1 0 3 0 0 0
2611 42 12 8 46 0.19047619047619 0.666666666666667 0.173913043478261
2614 11 2 1 12 0.0909090909090909 0.5 0.0833333333333333
26415 17 3 0 20 0 0 0
26943 10 2 2 10 0.2 1 0.2
27133 1 1 0 2 0 0 0
27725 1 1 1 1 1 1 1
27750 10 7 7 10 0.7 1 0.7
278 7 8 1 14 0.142857142857143 0.125 0.0714285714285714
2819 20 3 0 23 0 0 0
2847 2 1 1 2 0.5 1 0.5
28472 1 1 1 1 1 1 1
2852 7 3 3 7 0.428571428571429 1 0.428571428571429
286 304 4 3 305 0.00986842105263158 0.75 0.00983606557377049
28716 29 3 2 30 0.0689655172413793 0.666666666666667 0.0666666666666667
28725 5 1 1 5 0.2 1 0.2
28788 36 3 3 36 0.0833333333333333 1 0.0833333333333333
28814 1 1 1 1 1 1 1
2895 10 2 2 10 0.2 1 0.2
29009 1 1 1 1 1 1 1
2905 28 2 1 29 0.0357142857142857 0.5 0.0344827586206897
2907 67 5 3 69 0.0447761194029851 0.6 0.0434782608695652
2914 503 119 58 564 0.115308151093439 0.487394957983193 0.102836879432624
2915 30 7 3 34 0.1 0.428571428571429 0.0882352941176471
29208 18 1 0 19 0 0 0
29216 1 3 1 3 1 0.333333333333333 0.333333333333333
29243 2 1 1 2 0.5 1 0.5
29259 6 3 2 7 0.333333333333333 0.666666666666667 0.285714285714286
293 116 17 13 120 0.112068965517241 0.764705882352941 0.108333333333333
29317 1 1 0 2 0 0 0
29422 3 1 1 3 0.333333333333333 1 0.333333333333333
29432 1 1 1 1 1 1 1
29449 3 5 1 7 0.333333333333333 0.2 0.142857142857143
29452 6 3 0 9 0 0 0
29527 14 4 2 16 0.142857142857143 0.5 0.125
29636 17 4 3 18 0.176470588235294 0.75 0.166666666666667
29686 302 60 55 307 0.182119205298013 0.916666666666667 0.179153094462541
29748 24 2 2 24 0.0833333333333333 1 0.0833333333333333
29838 16 2 1 17 0.0625 0.5 0.0588235294117647
29877 6 3 2 7 0.333333333333333 0.666666666666667 0.285714285714286
30071 16 60 6 70 0.375 0.1 0.0857142857142857
30128 4 2 2 4 0.5 1 0.5
30129 3 2 2 3 0.666666666666667 1 0.666666666666667
30653 16 1 0 17 0 0 0
3066 8 1 1 8 0.125 1 0.125
31103 3 5 0 8 0 0 0
3111 1 1 0 2 0 0 0
31246 6 1 1 6 0.166666666666667 1 0.166666666666667
31265 1 1 1 1 1 1 1
31333 3 3 2 4 0.666666666666667 0.666666666666667 0.5
31383 15 8 4 19 0.266666666666667 0.5 0.210526315789474
31458 26 1 0 27 0 0 0
31479 4 1 1 4 0.25 1 0.25
31859 2 1 0 3 0 0 0
31985 6 1 0 7 0 0 0
32034 5 2 1 6 0.2 0.5 0.166666666666667
3212 29 1 1 29 0.0344827586206897 1 0.0344827586206897
3213 18 3 2 19 0.111111111111111 0.666666666666667 0.105263157894737
3221 1 1 1 1 1 1 1
32361 6 1 0 7 0 0 0
3243 12 5 1 16 0.0833333333333333 0.2 0.0625
32459 2 1 0 3 0 0 0
3246 121 15 10 126 0.0826446280991736 0.666666666666667 0.0793650793650794
3248 18 3 1 20 0.0555555555555556 0.333333333333333 0.05
3249 34 5 1 38 0.0294117647058824 0.2 0.0263157894736842
3257 254 124 50 328 0.196850393700787 0.403225806451613 0.152439024390244
3265 32 18 6 44 0.1875 0.333333333333333 0.136363636363636
3268 1 1 1 1 1 1 1
3274 3 1 0 4 0 0 0
3292 317 13 11 319 0.0347003154574132 0.846153846153846 0.0344827586206897
32978 2 1 1 2 0.5 1 0.5
33 8 14 3 19 0.375 0.214285714285714 0.157894736842105
3301 38 1 1 38 0.0263157894736842 1 0.0263157894736842
3303 583 8 5 586 0.00857632933104631 0.625 0.00853242320819113
3320 372 19 8 383 0.021505376344086 0.421052631578947 0.02088772845953
3322 3 1 1 3 0.333333333333333 1 0.333333333333333
3327 18 5 3 20 0.166666666666667 0.6 0.15
3333 145 28 26 147 0.179310344827586 0.928571428571429 0.17687074829932
3343 18 2 2 18 0.111111111111111 1 0.111111111111111
33437 1 6 1 6 1 0.166666666666667 0.166666666666667
3344 28 19 10 37 0.357142857142857 0.526315789473684 0.27027027027027
3352 54 3 1 56 0.0185185185185185 0.333333333333333 0.0178571428571429
3356 1291 18 16 1293 0.0123934934159566 0.888888888888889 0.0123743232791957
33956 3 1 1 3 0.333333333333333 1 0.333333333333333
34081 2 2 1 3 0.5 0.5 0.333333333333333
34159 6 1 1 6 0.166666666666667 1 0.166666666666667
34243 1 1 1 1 1 1 1
34288 2 4 0 6 0 0 0
34465 7 3 2 8 0.285714285714286 0.666666666666667 0.25
34623 2 1 1 2 0.5 1 0.5
34631 2 1 1 2 0.5 1 0.5
34695 2 1 0 3 0 0 0
34771 3 2 2 3 0.666666666666667 1 0.666666666666667
35244 11 3 2 12 0.181818181818182 0.666666666666667 0.166666666666667
35485 5 1 1 5 0.2 1 0.2
3549 706 54 39 721 0.0552407932011331 0.722222222222222 0.0540915395284327
3551 1 1 0 2 0 0 0
3557 91 20 15 96 0.164835164835165 0.75 0.15625
3582 4 2 0 6 0 0 0
3597 8 4 1 11 0.125 0.25 0.0909090909090909
3662 12 1 1 12 0.0833333333333333 1 0.0833333333333333
3741 185 1 0 186 0 0 0
3748 2 3 1 4 0.5 0.333333333333333 0.25
3758 33 6 0 39 0 0 0
376 12 1 1 12 0.0833333333333333 1 0.0833333333333333
378 3 1 1 3 0.333333333333333 1 0.333333333333333
3786 305 3 1 307 0.00327868852459016 0.333333333333333 0.00325732899022801
3825 1 1 0 2 0 0 0
3836 7 5 0 12 0 0 0
3839 1 1 1 1 1 1 1
4134 61 1 0 62 0 0 0
42 62 2 2 62 0.032258064516129 1 0.032258064516129
4436 76 9 8 77 0.105263157894737 0.888888888888889 0.103896103896104
4538 15 12 4 23 0.266666666666667 0.333333333333333 0.173913043478261
4555 1 7 0 8 0 0 0
4589 131 29 14 146 0.106870229007634 0.482758620689655 0.0958904109589041
4608 2 2 1 3 0.5 0.5 0.333333333333333
4618 17 6 0 23 0 0 0
4621 24 3 2 25 0.0833333333333333 0.666666666666667 0.08
4645 14 1 1 14 0.0714285714285714 1 0.0714285714285714
4651 26 2 0 28 0 0 0
4673 8 1 1 8 0.125 1 0.125
4675 7 5 2 10 0.285714285714286 0.4 0.2
4677 4 7 2 9 0.5 0.285714285714286 0.222222222222222
4678 7 6 2 11 0.285714285714286 0.333333333333333 0.181818181818182
4680 9 5 2 12 0.222222222222222 0.4 0.166666666666667
4685 8 6 3 11 0.375 0.5 0.272727272727273
4688 11 7 3 15 0.272727272727273 0.428571428571429 0.2
4691 8 15 4 19 0.5 0.266666666666667 0.210526315789474
4694 62 2 2 62 0.032258064516129 1 0.032258064516129
4697 1 24 1 24 1 0.0416666666666667 0.0416666666666667
4702 6 4 2 8 0.333333333333333 0.5 0.25
4713 89 4 4 89 0.0449438202247191 1 0.0449438202247191
4716 101 24 13 112 0.128712871287129 0.541666666666667 0.116071428571429
4717 5 2 2 5 0.4 1 0.4
4718 3 4 1 6 0.333333333333333 0.25 0.166666666666667
4721 10 5 0 15 0 0 0
4725 93 35 10 118 0.10752688172043 0.285714285714286 0.0847457627118644
4741 7 1 0 8 0 0 0
4747 9 2 0 11 0 0 0
4750 31 2 0 33 0 0 0
4774 2 2 2 2 1 1 1
4777 28 7 4 31 0.142857142857143 0.571428571428571 0.129032258064516
4780 25 2 1 26 0.04 0.5 0.0384615384615385
4787 6 7 0 13 0 0 0
4788 85 6 2 89 0.0235294117647059 0.333333333333333 0.0224719101123595
4795 24 3 0 27 0 0 0
4802 3 2 1 4 0.333333333333333 0.5 0.25
5050 10 2 2 10 0.2 1 0.2
513 37 11 6 42 0.162162162162162 0.545454545454545 0.142857142857143
5381 12 3 0 15 0 0 0
5385 12 10 4 18 0.333333333333333 0.4 0.222222222222222
5408 29 2 2 29 0.0689655172413793 1 0.0689655172413793
5410 43 5 0 48 0 0 0
5417 169 32 26 175 0.153846153846154 0.8125 0.148571428571429
5418 47 1 1 47 0.0212765957446809 1 0.0212765957446809
5424 9 3 1 11 0.111111111111111 0.333333333333333 0.0909090909090909
5430 63 17 11 69 0.174603174603175 0.647058823529412 0.159420289855072
5459 195 8 8 195 0.041025641025641 1 0.041025641025641
5466 52 1 0 53 0 0 0
5486 31 2 0 33 0 0 0
5511 157 24 17 164 0.10828025477707 0.708333333333333 0.103658536585366
553 37 10 8 39 0.216216216216216 0.8 0.205128205128205
5533 8 3 1 10 0.125 0.333333333333333 0.1
5539 32 36 11 57 0.34375 0.305555555555556 0.192982456140351
5550 4 3 1 6 0.25 0.333333333333333 0.166666666666667
5568 90 5 4 91 0.0444444444444444 0.8 0.043956043956044
559 55 18 16 57 0.290909090909091 0.888888888888889 0.280701754385965
5602 16 4 2 18 0.125 0.5 0.111111111111111
5609 2 13 0 15 0 0 0
5617 95 2 0 97 0 0 0
5623 1 3 0 4 0 0 0
5669 63 5 2 66 0.0317460317460317 0.4 0.0303030303030303
5693 7 2 1 8 0.142857142857143 0.5 0.125
5713 30 2 1 31 0.0333333333333333 0.5 0.032258064516129
6057 4 3 1 6 0.25 0.333333333333333 0.166666666666667
6062 8 3 0 11 0 0 0
6066 3 1 0 4 0 0 0
6140 92 1 0 93 0 0 0
6163 8 2 0 10 0 0 0
6320 203 2 1 204 0.00492610837438424 0.5 0.00490196078431373
6342 3 1 0 4 0 0 0
6360 9 1 1 9 0.111111111111111 1 0.111111111111111
6435 3 16 0 19 0 0 0
6453 332 33 24 341 0.072289156626506 0.727272727272727 0.0703812316715543
6461 671 4 4 671 0.00596125186289121 1 0.00596125186289121
6509 38 4 4 38 0.105263157894737 1 0.105263157894737
6596 24 1 1 24 0.0416666666666667 1 0.0416666666666667
6619 15 1 1 15 0.0666666666666667 1 0.0666666666666667
6666 30 8 4 34 0.133333333333333 0.5 0.117647058823529
6667 427 61 58 430 0.135831381733021 0.950819672131147 0.134883720930233
6677 12 1 1 12 0.0833333333333333 1 0.0833333333333333
668 39 8 2 45 0.0512820512820513 0.25 0.0444444444444444
6695 105 3 3 105 0.0285714285714286 1 0.0285714285714286
6696 7 4 2 9 0.285714285714286 0.5 0.222222222222222
6706 4 3 2 5 0.5 0.666666666666667 0.4
6730 567 8 7 568 0.0123456790123457 0.875 0.0123239436619718
6762 140 17 14 143 0.1 0.823529411764706 0.0979020979020979
6770 22 4 4 22 0.181818181818182 1 0.181818181818182
6772 10 3 3 10 0.3 1 0.3
6774 63 1 0 64 0 0 0
6775 4 2 2 4 0.5 1 0.5
680 45 10 8 47 0.177777777777778 0.8 0.170212765957447
6802 7 1 1 7 0.142857142857143 1 0.142857142857143
6830 66 77 18 125 0.272727272727273 0.233766233766234 0.144
6881 6 1 0 7 0 0 0
6895 8 1 1 8 0.125 1 0.125
6939 495 51 19 527 0.0383838383838384 0.372549019607843 0.0360531309297913
7018 2032 6 4 2034 0.00196850393700787 0.666666666666667 0.00196656833824975
7019 1 1 1 1 1 1 1
7065 9 2 1 10 0.111111111111111 0.5 0.1
719 11 1 1 11 0.0909090909090909 1 0.0909090909090909
7500 68 5 3 70 0.0441176470588235 0.6 0.0428571428571429
7514 18 10 5 23 0.277777777777778 0.5 0.217391304347826
7516 5 1 0 6 0 0 0
7521 3 2 1 4 0.333333333333333 0.5 0.25
7522 5 6 2 9 0.4 0.333333333333333 0.222222222222222
7530 2 4 0 6 0 0 0
7539 23 7 5 25 0.217391304347826 0.714285714285714 0.2
7570 6 4 1 9 0.166666666666667 0.25 0.111111111111111
7575 122 24 21 125 0.172131147540984 0.875 0.168
7610 22 3 2 23 0.0909090909090909 0.666666666666667 0.0869565217391304
766 17 5 3 19 0.176470588235294 0.6 0.157894736842105
7660 34 32 17 49 0.5 0.53125 0.346938775510204
7665 2 1 1 2 0.5 1 0.5
7667 3 4 3 4 1 0.75 0.75
7668 10 1 1 10 0.1 1 0.1
7670 15 2 2 15 0.133333333333333 1 0.133333333333333
7671 3 36 3 36 1 0.0833333333333333 0.0833333333333333
7682 12 3 2 13 0.166666666666667 0.666666666666667 0.153846153846154
7687 4 1 1 4 0.25 1 0.25
7786 5 1 0 6 0 0 0
786 41 6 1 46 0.024390243902439 0.166666666666667 0.0217391304347826
790 2 1 1 2 0.5 1 0.5
8002 28 7 2 33 0.0714285714285714 0.285714285714286 0.0606060606060606
8070 1 1 0 2 0 0 0
81 10 1 0 11 0 0 0
8121 28 4 2 30 0.0714285714285714 0.5 0.0666666666666667
8175 1 2 0 3 0 0 0
8195 55 8 5 58 0.0909090909090909 0.625 0.0862068965517241
8220 761 13 13 761 0.0170827858081472 1 0.0170827858081472
8226 3 1 1 3 0.333333333333333 1 0.333333333333333
8237 7 5 1 11 0.142857142857143 0.2 0.0909090909090909
8246 128 3 2 129 0.015625 0.666666666666667 0.0155038759689922
8256 2 1 1 2 0.5 1 0.5
8267 2 1 1 2 0.5 1 0.5
8286 1 1 0 2 0 0 0
8319 25 8 5 28 0.2 0.625 0.178571428571429
8323 13 1 1 13 0.0769230769230769 1 0.0769230769230769
8364 9 1 1 9 0.111111111111111 1 0.111111111111111
8365 31 11 7 35 0.225806451612903 0.636363636363636 0.2
8419 25 3 1 27 0.04 0.333333333333333 0.037037037037037
8426 236 7 4 239 0.0169491525423729 0.571428571428571 0.0167364016736402
8447 299 15 13 301 0.0434782608695652 0.866666666666667 0.0431893687707641
8469 33 7 5 35 0.151515151515152 0.714285714285714 0.142857142857143
8472 28 8 1 35 0.0357142857142857 0.125 0.0285714285714286
8501 33 7 7 33 0.212121212121212 1 0.212121212121212
8517 16 1 1 16 0.0625 1 0.0625
8527 15 2 2 15 0.133333333333333 1 0.133333333333333
8554 7 1 1 7 0.142857142857143 1 0.142857142857143
8560 54 13 9 58 0.166666666666667 0.692307692307692 0.155172413793103
8565 6 1 0 7 0 0 0
8586 54 2 2 54 0.037037037037037 1 0.037037037037037
8591 26 6 4 28 0.153846153846154 0.666666666666667 0.142857142857143
8657 59 3 2 60 0.0338983050847458 0.666666666666667 0.0333333333333333
8664 7 2 0 9 0 0 0
8665 18 9 4 23 0.222222222222222 0.444444444444444 0.173913043478261
8674 42 3 3 42 0.0714285714285714 1 0.0714285714285714
8676 5 1 0 6 0 0 0
8708 168 1 0 169 0 0 0
8728 1 1 1 1 1 1 1
8737 30 8 3 35 0.1 0.375 0.0857142857142857
8758 9 6 3 12 0.333333333333333 0.5 0.25
8763 125 28 26 127 0.208 0.928571428571429 0.204724409448819
8767 23 4 3 24 0.130434782608696 0.75 0.125
8781 3 1 1 3 0.333333333333333 1 0.333333333333333
8823 6 1 1 6 0.166666666666667 1 0.166666666666667
8881 111 1 1 111 0.00900900900900901 1 0.00900900900900901
8903 3 5 0 8 0 0 0
8921 1 1 0 2 0 0 0
8925 2 1 0 3 0 0 0
8943 15 1 0 16 0 0 0
8954 17 6 2 21 0.117647058823529 0.333333333333333 0.0952380952380952
8966 28 1 1 28 0.0357142857142857 1 0.0357142857142857
8970 2 1 1 2 0.5 1 0.5
8975 58 3 2 59 0.0344827586206897 0.666666666666667 0.0338983050847458
9009 102 10 6 106 0.0588235294117647 0.6 0.0566037735849057
9044 92 2 2 92 0.0217391304347826 1 0.0217391304347826
9052 3 2 1 4 0.333333333333333 0.5 0.25
9080 7 2 1 8 0.142857142857143 0.5 0.125
9085 6 1 0 7 0 0 0
9112 5 3 1 7 0.2 0.333333333333333 0.142857142857143
9150 22 3 2 23 0.0909090909090909 0.666666666666667 0.0869565217391304
9153 39 2 2 39 0.0512820512820513 1 0.0512820512820513
9264 51 74 14 111 0.274509803921569 0.189189189189189 0.126126126126126
9270 32 7 6 33 0.1875 0.857142857142857 0.181818181818182
9316 24 1 0 25 0 0 0
9406 1 1 0 2 0 0 0
9416 16 1 0 17 0 0 0
9505 62 1 1 62 0.0161290322580645 1 0.0161290322580645
9583 21 1 0 22 0 0 0
9595 8 4 2 10 0.25 0.5 0.2
9600 6 8 2 12 0.333333333333333 0.25 0.166666666666667
9607 8 1 0 9 0 0 0
9612 1 3 0 4 0 0 0
9619 2 2 2 2 1 1 1
9621 2 7 1 8 0.5 0.142857142857143 0.125
9622 5 1 1 5 0.2 1 0.2
9687 2 1 1 2 0.5 1 0.5
9758 2 1 0 3 0 0 0
9821 4 1 1 4 0.25 1 0.25
9844 2 1 0 3 0 0 0
9901 26 2 0 28 0 0 0
9919 19 1 0 20 0 0 0
9995 3 2 2 3 0.666666666666667 1 0.666666666666667
