#ASN num_v4adj num_v6adj num_intersect(v4v6adj) num_union(adj) fr_v4(num_intersect/num_v4adj) fr_v6(num_intersect/num_v6adj) fr_intersect(num_intersect/num_union)
10013 2 6 1 7 0.5 0.166666666666667 0.142857142857143
10015 10 1 0 11 0 0 0
101 38 8 7 39 0.184210526315789 0.875 0.179487179487179
10148 1 2 1 2 1 0.5 0.5
102 3 1 1 3 0.333333333333333 1 0.333333333333333
10204 8 5 2 11 0.25 0.4 0.181818181818182
10217 20 1 1 20 0.05 1 0.05
10318 4 1 0 5 0 0 0
10343 2 1 1 2 0.5 1 0.5
10405 2 1 0 3 0 0 0
10429 67 1 1 67 0.0149253731343284 1 0.0149253731343284
10480 4 1 1 4 0.25 1 0.25
10490 31 3 3 31 0.0967741935483871 1 0.0967741935483871
10533 1 1 1 1 1 1 1
10569 1 1 1 1 1 1 1
10578 26 3 3 26 0.115384615384615 1 0.115384615384615
10586 7 2 0 9 0 0 0
10745 2 6 0 8 0 0 0
10778 4 2 2 4 0.5 1 0.5
10886 39 17 7 49 0.179487179487179 0.411764705882353 0.142857142857143
109 14 5 0 19 0 0 0
1101 1 1 1 1 1 1 1
1103 180 51 49 182 0.272222222222222 0.96078431372549 0.269230769230769
111 3 2 2 3 0.666666666666667 1 0.666666666666667
1125 3 2 2 3 0.666666666666667 1 0.666666666666667
1126 39 11 8 42 0.205128205128205 0.727272727272727 0.19047619047619
11274 11 3 3 11 0.272727272727273 1 0.272727272727273
11317 6 2 2 6 0.333333333333333 1 0.333333333333333
1133 3 1 1 3 0.333333333333333 1 0.333333333333333
11340 5 1 1 5 0.2 1 0.2
1140 22 6 2 26 0.0909090909090909 0.333333333333333 0.0769230769230769
11404 22 1 1 22 0.0454545454545455 1 0.0454545454545455
11537 97 46 36 107 0.371134020618557 0.782608695652174 0.336448598130841
11588 14 1 1 14 0.0714285714285714 1 0.0714285714285714
11656 1 1 0 2 0 0 0
11734 3 1 0 4 0 0 0
11815 3 1 0 4 0 0 0
11960 5 2 2 5 0.4 1 0.4
11990 4 1 0 5 0 0 0
1200 45 14 10 49 0.222222222222222 0.714285714285714 0.204081632653061
12008 32 1 1 32 0.03125 1 0.03125
12041 9 4 4 9 0.444444444444444 1 0.444444444444444
12046 2 1 1 2 0.5 1 0.5
12111 27 3 2 28 0.0740740740740741 0.666666666666667 0.0714285714285714
1213 5 3 3 5 0.6 1 0.6
1221 102 4 1 105 0.00980392156862745 0.25 0.00952380952380952
12287 2 1 1 2 0.5 1 0.5
12337 41 46 21 66 0.51219512195122 0.456521739130435 0.318181818181818
12353 5 4 1 8 0.2 0.25 0.125
12355 14 9 7 16 0.5 0.777777777777778 0.4375
1237 37 2 1 38 0.027027027027027 0.5 0.0263157894736842
12371 2 1 0 3 0 0 0
12386 15 2 2 15 0.133333333333333 1 0.133333333333333
12399 231 1 1 231 0.00432900432900433 1 0.00432900432900433
12401 11 2 1 12 0.0909090909090909 0.5 0.0833333333333333
12414 39 13 10 42 0.256410256410256 0.769230769230769 0.238095238095238
12429 19 1 1 19 0.0526315789473684 1 0.0526315789473684
12533 2 2 0 4 0 0 0
1257 107 4 1 110 0.00934579439252336 0.25 0.00909090909090909
12600 17 1 1 17 0.0588235294117647 1 0.0588235294117647
12611 38 17 11 44 0.289473684210526 0.647058823529412 0.25
12634 36 14 11 39 0.305555555555556 0.785714285714286 0.282051282051282
12637 12 4 2 14 0.166666666666667 0.5 0.142857142857143
12638 1 3 0 4 0 0 0
12654 54 4 3 55 0.0555555555555556 0.75 0.0545454545454545
12657 2 3 2 3 1 0.666666666666667 0.666666666666667
12709 2 1 0 3 0 0 0
1273 320 71 42 349 0.13125 0.591549295774648 0.120343839541547
12731 68 12 9 71 0.132352941176471 0.75 0.126760563380282
12732 20 3 2 21 0.1 0.666666666666667 0.0952380952380952
12741 96 1 0 97 0 0 0
12757 4 1 1 4 0.25 1 0.25
12767 10 1 0 11 0 0 0
12769 5 1 1 5 0.2 1 0.2
12779 69 17 9 77 0.130434782608696 0.529411764705882 0.116883116883117
1280 29 5 5 29 0.172413793103448 1 0.172413793103448
12816 1 1 1 1 1 1 1
12817 2 2 2 2 1 1 1
12853 1 4 0 5 0 0 0
12859 430 72 65 437 0.151162790697674 0.902777777777778 0.148741418764302
12871 32 15 8 39 0.25 0.533333333333333 0.205128205128205
12874 124 2 2 124 0.0161290322580645 1 0.0161290322580645
12895 10 1 0 11 0 0 0
12902 39 10 8 41 0.205128205128205 0.8 0.195121951219512
12931 4 3 2 5 0.5 0.666666666666667 0.4
12956 126 9 8 127 0.0634920634920635 0.888888888888889 0.062992125984252
12968 109 4 1 112 0.00917431192660551 0.25 0.00892857142857143
12989 365 4 4 365 0.010958904109589 1 0.010958904109589
1299 501 34 30 505 0.0598802395209581 0.882352941176471 0.0594059405940594
13030 130 5 5 130 0.0384615384615385 1 0.0384615384615385
13039 6 1 1 6 0.166666666666667 1 0.166666666666667
13041 7 1 1 7 0.142857142857143 1 0.142857142857143
13092 5 1 1 5 0.2 1 0.2
131075 1 2 1 2 1 0.5 0.5
13110 6 3 1 8 0.166666666666667 0.333333333333333 0.125
13115 4 1 1 4 0.25 1 0.25
1312 2 1 1 2 0.5 1 0.5
1316 2 1 0 3 0 0 0
13189 24 3 3 24 0.125 1 0.125
13193 46 11 8 49 0.173913043478261 0.727272727272727 0.163265306122449
13237 485 56 48 493 0.0989690721649484 0.857142857142857 0.0973630831643002
13272 2 1 1 2 0.5 1 0.5
13276 17 2 2 17 0.117647058823529 1 0.117647058823529
13293 23 3 3 23 0.130434782608696 1 0.130434782608696
13301 30 1 1 30 0.0333333333333333 1 0.0333333333333333
13319 4 1 0 5 0 0 0
13448 4 1 1 4 0.25 1 0.25
13645 180 11 6 185 0.0333333333333333 0.545454545454545 0.0324324324324324
137 16 4 4 16 0.25 1 0.25
13714 2 1 1 2 0.5 1 0.5
13737 1 2 0 3 0 0 0
13855 5 2 0 7 0 0 0
13901 2 1 1 2 0.5 1 0.5
13911 4 1 0 5 0 0 0
14085 5 2 2 5 0.4 1 0.4
14259 19 2 1 20 0.0526315789473684 0.5 0.05
14262 4 2 2 4 0.5 1 0.5
14277 9 8 1 16 0.111111111111111 0.125 0.0625
14589 17 1 0 18 0 0 0
14595 3 1 0 4 0 0 0
15169 100 5 2 103 0.02 0.4 0.0194174757281553
15226 4 1 0 5 0 0 0
15412 294 4 3 295 0.0102040816326531 0.75 0.0101694915254237
15431 2 1 1 2 0.5 1 0.5
15440 7 1 1 7 0.142857142857143 1 0.142857142857143
15444 265 24 13 276 0.0490566037735849 0.541666666666667 0.0471014492753623
15456 1 2 0 3 0 0 0
15469 1 1 0 2 0 0 0
15474 1 1 1 1 1 1 1
15480 2 1 1 2 0.5 1 0.5
15501 2 2 2 2 1 1 1
15589 34 12 2 44 0.0588235294117647 0.166666666666667 0.0454545454545455
15598 60 16 13 63 0.216666666666667 0.8125 0.206349206349206
15623 32 2 1 33 0.03125 0.5 0.0303030303030303
15685 17 4 4 17 0.235294117647059 1 0.235294117647059
15694 55 1 1 55 0.0181818181818182 1 0.0181818181818182
15706 3 1 0 4 0 0 0
15725 2 2 1 3 0.5 0.5 0.333333333333333
15744 10 1 1 10 0.1 1 0.1
15782 12 2 1 13 0.0833333333333333 0.5 0.0769230769230769
15798 1 1 0 2 0 0 0
16004 9 3 2 10 0.222222222222222 0.666666666666667 0.2
16023 3 1 0 4 0 0 0
16030 62 14 11 65 0.17741935483871 0.785714285714286 0.169230769230769
16034 261 31 29 263 0.111111111111111 0.935483870967742 0.110266159695817
16086 32 17 6 43 0.1875 0.352941176470588 0.13953488372093
16128 14 3 2 15 0.142857142857143 0.666666666666667 0.133333333333333
16131 34 11 7 38 0.205882352941176 0.636363636363636 0.184210526315789
16150 180 4 2 182 0.0111111111111111 0.5 0.010989010989011
16186 42 8 3 47 0.0714285714285714 0.375 0.0638297872340425
16206 15 2 0 17 0 0 0
16210 4 2 2 4 0.5 1 0.5
16215 12 3 3 12 0.25 1 0.25
16237 30 3 1 32 0.0333333333333333 0.333333333333333 0.03125
16245 25 3 1 27 0.04 0.333333333333333 0.037037037037037
16265 84 1 1 84 0.0119047619047619 1 0.0119047619047619
16276 59 2 2 59 0.0338983050847458 1 0.0338983050847458
16316 5 3 0 8 0 0 0
16397 4 2 0 6 0 0 0
1653 24 3 2 25 0.0833333333333333 0.666666666666667 0.08
16531 10 1 0 11 0 0 0
1659 10 3 2 11 0.2 0.666666666666667 0.181818181818182
16668 7 2 1 8 0.142857142857143 0.5 0.125
16713 28 1 0 29 0 0 0
16807 3 1 0 4 0 0 0
16838 12 1 0 13 0 0 0
16942 2 2 1 3 0.5 0.5 0.333333333333333
16993 3 1 0 4 0 0 0
17106 4 1 0 5 0 0 0
17263 5 1 0 6 0 0 0
1741 10 3 2 11 0.2 0.666666666666667 0.181818181818182
17435 3 1 0 4 0 0 0
17511 9 2 0 11 0 0 0
17529 7 1 0 8 0 0 0
1754 2 1 1 2 0.5 1 0.5
17554 8 3 2 9 0.25 0.666666666666667 0.222222222222222
17579 11 6 3 14 0.272727272727273 0.5 0.214285714285714
1764 29 4 3 30 0.103448275862069 0.75 0.1
17676 32 6 2 36 0.0625 0.333333333333333 0.0555555555555556
17709 12 1 1 12 0.0833333333333333 1 0.0833333333333333
17716 3 1 1 3 0.333333333333333 1 0.333333333333333
17832 4 12 1 15 0.25 0.0833333333333333 0.0666666666666667
17843 2 1 1 2 0.5 1 0.5
17853 1 1 0 2 0 0 0
17934 2 3 1 4 0.5 0.333333333333333 0.25
17955 4 1 1 4 0.25 1 0.25
1797 2 2 1 3 0.5 0.5 0.333333333333333
1798 3 3 0 6 0 0 0
18011 1 1 0 2 0 0 0
18015 2 2 2 2 1 1 1
18119 4 1 0 5 0 0 0
18126 3 1 0 4 0 0 0
18182 5 1 0 6 0 0 0
18185 5 2 2 5 0.4 1 0.4
18203 2 1 0 3 0 0 0
18206 2 2 0 4 0 0 0
18210 3 1 0 4 0 0 0
18266 3 1 1 3 0.333333333333333 1 0.333333333333333
18344 1 3 0 4 0 0 0
1835 6 2 2 6 0.333333333333333 1 0.333333333333333
1836 46 7 7 46 0.152173913043478 1 0.152173913043478
18366 2 2 1 3 0.5 0.5 0.333333333333333
18422 5 2 2 5 0.4 1 0.4
18508 1 2 0 3 0 0 0
1853 101 19 16 104 0.158415841584158 0.842105263157895 0.153846153846154
18592 27 8 7 28 0.259259259259259 0.875 0.25
18666 2 2 0 4 0 0 0
1880 14 4 2 16 0.142857142857143 0.5 0.125
1881 1 1 1 1 1 1 1
1887 8 1 1 8 0.125 1 0.125
1888 1 1 1 1 1 1 1
18922 28 2 1 29 0.0357142857142857 0.5 0.0344827586206897
1901 69 1 1 69 0.0144927536231884 1 0.0144927536231884
19021 1 1 0 2 0 0 0
19151 492 3 3 492 0.00609756097560976 1 0.00609756097560976
1916 79 7 4 82 0.0506329113924051 0.571428571428571 0.0487804878048781
19165 2 1 0 3 0 0 0
19166 3 1 1 3 0.333333333333333 1 0.333333333333333
19192 2 1 1 2 0.5 1 0.5
19255 1 1 0 2 0 0 0
1930 22 5 4 23 0.181818181818182 0.8 0.173913043478261
19318 47 4 2 49 0.0425531914893617 0.5 0.0408163265306122
19401 40 11 10 41 0.25 0.909090909090909 0.24390243902439
195 8 4 2 10 0.25 0.5 0.2
1955 11 3 3 11 0.272727272727273 1 0.272727272727273
196613 2 1 1 2 0.5 1 0.5
196615 2 1 1 2 0.5 1 0.5
19782 11 1 1 11 0.0909090909090909 1 0.0909090909090909
19783 2 1 0 3 0 0 0
19835 7 2 0 9 0 0 0
19866 2 1 1 2 0.5 1 0.5
20021 4 1 0 5 0 0 0
20080 19 3 3 19 0.157894736842105 1 0.157894736842105
2018 4 5 4 5 1 0.8 0.8
20312 10 1 1 10 0.1 1 0.1
2042 18 2 2 18 0.111111111111111 1 0.111111111111111
20436 2 1 0 3 0 0 0
20473 22 1 0 23 0 0 0
20495 50 10 8 52 0.16 0.8 0.153846153846154
20569 11 2 2 11 0.181818181818182 1 0.181818181818182
20597 2 1 0 3 0 0 0
20612 3 2 2 3 0.666666666666667 1 0.666666666666667
20621 2 1 1 2 0.5 1 0.5
20633 23 9 4 28 0.173913043478261 0.444444444444444 0.142857142857143
20640 198 64 47 215 0.237373737373737 0.734375 0.218604651162791
20646 39 18 9 48 0.230769230769231 0.5 0.1875
20650 5 1 1 5 0.2 1 0.2
20704 22 4 3 23 0.136363636363636 0.75 0.130434782608696
20707 2 1 1 2 0.5 1 0.5
20712 11 2 0 13 0 0 0
20718 35 11 3 43 0.0857142857142857 0.272727272727273 0.0697674418604651
20745 1 3 0 4 0 0 0
20794 2 1 0 3 0 0 0
20834 1 1 0 2 0 0 0
20847 37 10 7 40 0.189189189189189 0.7 0.175
209 1318 6 5 1319 0.00379362670713202 0.833333333333333 0.00379075056861259
20912 3 5 0 8 0 0 0
20965 47 41 41 47 0.872340425531915 1 0.872340425531915
210 9 1 1 9 0.111111111111111 1 0.111111111111111
21055 26 3 1 28 0.0384615384615385 0.333333333333333 0.0357142857142857
2107 1 1 1 1 1 1 1
2108 1 1 1 1 1 1 1
2110 55 6 1 60 0.0181818181818182 0.166666666666667 0.0166666666666667
21119 5 1 1 5 0.2 1 0.2
21155 38 13 9 42 0.236842105263158 0.692307692307692 0.214285714285714
2116 32 1 1 32 0.03125 1 0.03125
21221 26 9 6 29 0.230769230769231 0.666666666666667 0.206896551724138
2128 4 2 2 4 0.5 1 0.5
21280 7 1 0 8 0 0 0
21320 5 2 2 5 0.4 1 0.4
21385 114 16 13 117 0.114035087719298 0.8125 0.111111111111111
2153 40 8 8 40 0.2 1 0.2
21844 11 1 1 11 0.0909090909090909 1 0.0909090909090909
21947 24 3 3 24 0.125 1 0.125
2200 64 4 4 64 0.0625 1 0.0625
22166 1 1 0 2 0 0 0
22388 9 6 6 9 0.666666666666667 1 0.666666666666667
224 5 1 1 5 0.2 1 0.2
22548 31 2 1 32 0.032258064516129 0.5 0.03125
226 25 1 1 25 0.04 1 0.04
22767 2 1 1 2 0.5 1 0.5
23028 7 3 0 10 0 0 0
23265 18 1 1 18 0.0555555555555556 1 0.0555555555555556
23352 117 3 3 117 0.0256410256410256 1 0.0256410256410256
23393 69 3 2 70 0.0289855072463768 0.666666666666667 0.0285714285714286
23456 10 4 3 11 0.3 0.75 0.272727272727273
23504 28 7 2 33 0.0714285714285714 0.285714285714286 0.0606060606060606
23541 5 2 1 6 0.2 0.5 0.166666666666667
23554 2 1 1 2 0.5 1 0.5
23600 3 1 1 3 0.333333333333333 1 0.333333333333333
23624 2 1 1 2 0.5 1 0.5
23634 4 2 2 4 0.5 1 0.5
23654 2 1 1 2 0.5 1 0.5
237 30 1 1 30 0.0333333333333333 1 0.0333333333333333
23754 1 1 0 2 0 0 0
23774 3 2 1 4 0.333333333333333 0.5 0.25
23787 2 3 1 4 0.5 0.333333333333333 0.25
2381 30 2 1 31 0.0333333333333333 0.5 0.032258064516129
23836 1 1 1 1 1 1 1
2386 14 1 1 14 0.0714285714285714 1 0.0714285714285714
23869 2 1 0 3 0 0 0
23889 4 1 1 4 0.25 1 0.25
23902 1 1 0 2 0 0 0
23910 3 4 2 5 0.666666666666667 0.5 0.4
23911 5 11 4 12 0.8 0.363636363636364 0.333333333333333
23912 1 1 0 2 0 0 0
23966 5 3 0 8 0 0 0
24 10 8 5 13 0.5 0.625 0.384615384615385
24211 1 1 1 1 1 1 1
24218 32 1 1 32 0.03125 1 0.03125
24226 2 2 0 4 0 0 0
24229 3 1 1 3 0.333333333333333 1 0.333333333333333
24287 4 3 3 4 0.75 1 0.75
24311 1 2 0 3 0 0 0
24334 2 1 1 2 0.5 1 0.5
24390 2 1 1 2 0.5 1 0.5
24433 1 1 1 1 1 1 1
24435 2 1 0 3 0 0 0
24475 3 3 3 3 1 1 1
24489 7 5 5 7 0.714285714285714 1 0.714285714285714
24490 9 8 8 9 0.888888888888889 1 0.888888888888889
24514 3 2 2 3 0.666666666666667 1 0.666666666666667
24541 2 3 1 4 0.5 0.333333333333333 0.25
24586 23 5 3 25 0.130434782608696 0.6 0.12
24587 32 8 5 35 0.15625 0.625 0.142857142857143
24724 67 3 3 67 0.0447761194029851 1 0.0447761194029851
24730 45 1 1 45 0.0222222222222222 1 0.0222222222222222
24776 6 2 1 7 0.166666666666667 0.5 0.142857142857143
24867 22 1 1 22 0.0454545454545455 1 0.0454545454545455
24875 207 46 39 214 0.188405797101449 0.847826086956522 0.182242990654206
2497 238 59 40 257 0.168067226890756 0.677966101694915 0.155642023346304
24971 20 2 2 20 0.1 1 0.1
24973 5 1 0 6 0 0 0
250 4 1 0 5 0 0 0
2500 31 42 11 62 0.354838709677419 0.261904761904762 0.17741935483871
2506 2 1 1 2 0.5 1 0.5
25061 37 3 2 38 0.0540540540540541 0.666666666666667 0.0526315789473684
25098 19 1 1 19 0.0526315789473684 1 0.0526315789473684
2510 18 6 3 21 0.166666666666667 0.5 0.142857142857143
25137 4 1 1 4 0.25 1 0.25
2514 18 4 3 19 0.166666666666667 0.75 0.157894736842105
2515 6 1 1 6 0.166666666666667 1 0.166666666666667
25152 46 7 4 49 0.0869565217391304 0.571428571428571 0.0816326530612245
2516 303 48 31 320 0.102310231023102 0.645833333333333 0.096875
2518 39 7 3 43 0.0769230769230769 0.428571428571429 0.0697674418604651
2519 29 3 1 31 0.0344827586206897 0.333333333333333 0.032258064516129
25192 18 2 2 18 0.111111111111111 1 0.111111111111111
25220 15 3 2 16 0.133333333333333 0.666666666666667 0.125
2523 1 1 0 2 0 0 0
25232 355 14 14 355 0.0394366197183099 1 0.0394366197183099
2527 10 6 3 13 0.3 0.5 0.230769230769231
25358 15 10 2 23 0.133333333333333 0.2 0.0869565217391304
25384 7 2 0 9 0 0 0
25441 13 1 1 13 0.0769230769230769 1 0.0769230769230769
25466 9 2 2 9 0.222222222222222 1 0.222222222222222
25473 4 1 1 4 0.25 1 0.25
2549 3 2 1 4 0.333333333333333 0.5 0.25
25538 2 1 0 3 0 0 0
25560 71 18 15 74 0.211267605633803 0.833333333333333 0.202702702702703
25588 24 1 0 25 0 0 0
25689 7 2 1 8 0.142857142857143 0.5 0.125
2572 7 1 1 7 0.142857142857143 1 0.142857142857143
2586 9 1 1 9 0.111111111111111 1 0.111111111111111
2594 4 1 0 5 0 0 0
2595 1 1 0 2 0 0 0
2602 2 1 1 2 0.5 1 0.5
2603 28 12 9 31 0.321428571428571 0.75 0.290322580645161
2607 31 7 6 32 0.193548387096774 0.857142857142857 0.1875
2611 51 10 9 52 0.176470588235294 0.9 0.173076923076923
2614 12 1 1 12 0.0833333333333333 1 0.0833333333333333
2637 3 1 1 3 0.333333333333333 1 0.333333333333333
26415 27 3 0 30 0 0 0
26943 155 15 12 158 0.0774193548387097 0.8 0.0759493670886076
2697 5 1 1 5 0.2 1 0.2
26978 12 2 0 14 0 0 0
2698 7 2 2 7 0.285714285714286 1 0.285714285714286
27 2 1 1 2 0.5 1 0.5
2714 1 1 1 1 1 1 1
27319 26 4 4 26 0.153846153846154 1 0.153846153846154
27325 12 2 2 12 0.166666666666667 1 0.166666666666667
27446 5 1 0 6 0 0 0
27552 6 1 1 6 0.166666666666667 1 0.166666666666667
27576 2 1 0 3 0 0 0
27678 6 1 1 6 0.166666666666667 1 0.166666666666667
27750 21 18 18 21 0.857142857142857 1 0.857142857142857
278 6 7 1 12 0.166666666666667 0.142857142857143 0.0833333333333333
27807 9 4 4 9 0.444444444444444 1 0.444444444444444
27841 3 1 1 3 0.333333333333333 1 0.333333333333333
27929 2 1 1 2 0.5 1 0.5
2819 24 4 0 28 0 0 0
2847 2 1 1 2 0.5 1 0.5
28472 1 1 1 1 1 1 1
2852 45 3 3 45 0.0666666666666667 1 0.0666666666666667
2857 148 14 10 152 0.0675675675675676 0.714285714285714 0.0657894736842105
286 340 25 21 344 0.0617647058823529 0.84 0.061046511627907
28678 2 1 1 2 0.5 1 0.5
28697 14 2 2 14 0.142857142857143 1 0.142857142857143
28716 49 1 1 49 0.0204081632653061 1 0.0204081632653061
28725 4 1 0 5 0 0 0
28788 35 2 2 35 0.0571428571428571 1 0.0571428571428571
28792 7 2 1 8 0.142857142857143 0.5 0.125
28824 2 1 0 3 0 0 0
2884 6 2 2 6 0.333333333333333 1 0.333333333333333
28855 10 1 1 10 0.1 1 0.1
28857 7 4 2 9 0.285714285714286 0.5 0.222222222222222
2895 8 2 2 8 0.25 1 0.25
2905 26 2 0 28 0 0 0
2907 76 5 4 77 0.0526315789473684 0.8 0.051948051948052
29134 3 1 0 4 0 0 0
2914 601 151 85 667 0.141430948419301 0.562913907284768 0.12743628185907
29147 1 1 0 2 0 0 0
2915 7 9 1 15 0.142857142857143 0.111111111111111 0.0666666666666667
29208 23 4 4 23 0.173913043478261 1 0.173913043478261
29216 1 2 1 2 1 0.5 0.5
29243 2 1 1 2 0.5 1 0.5
29259 2 2 2 2 1 1 1
293 129 28 20 137 0.155038759689922 0.714285714285714 0.145985401459854
29317 1 2 1 2 1 0.5 0.5
29372 1 1 0 2 0 0 0
29402 8 1 0 9 0 0 0
29405 5 1 1 5 0.2 1 0.2
29422 22 3 2 23 0.0909090909090909 0.666666666666667 0.0869565217391304
29449 33 16 7 42 0.212121212121212 0.4375 0.166666666666667
29452 2 2 1 3 0.5 0.5 0.333333333333333
29527 39 8 6 41 0.153846153846154 0.75 0.146341463414634
29632 11 3 0 14 0 0 0
29636 176 25 24 177 0.136363636363636 0.96 0.135593220338983
29668 34 2 1 35 0.0294117647058824 0.5 0.0285714285714286
29670 4 1 1 4 0.25 1 0.25
29686 299 73 70 302 0.234113712374582 0.958904109589041 0.231788079470199
29748 26 6 4 28 0.153846153846154 0.666666666666667 0.142857142857143
29791 50 3 1 52 0.02 0.333333333333333 0.0192307692307692
29877 5 1 0 6 0 0 0
3 4 1 0 5 0 0 0
30008 2 1 1 2 0.5 1 0.5
30071 26 107 15 118 0.576923076923077 0.14018691588785 0.127118644067797
30128 3 3 2 4 0.666666666666667 0.666666666666667 0.5
30129 2 2 2 2 1 1 1
30132 12 3 3 12 0.25 1 0.25
30374 1 1 0 2 0 0 0
30528 4 1 1 4 0.25 1 0.25
30653 19 4 2 21 0.105263157894737 0.5 0.0952380952380952
30781 31 2 2 31 0.0645161290322581 1 0.0645161290322581
30834 8 2 2 8 0.25 1 0.25
30880 6 1 1 6 0.166666666666667 1 0.166666666666667
30913 17 3 1 19 0.0588235294117647 0.333333333333333 0.0526315789473684
30983 1 1 1 1 1 1 1
31065 5 2 0 7 0 0 0
31117 12 1 1 12 0.0833333333333333 1 0.0833333333333333
31127 3 1 1 3 0.333333333333333 1 0.333333333333333
31252 10 2 0 12 0 0 0
31265 1 1 1 1 1 1 1
31283 69 2 2 69 0.0289855072463768 1 0.0289855072463768
31333 6 3 3 6 0.5 1 0.5
31383 25 10 4 31 0.16 0.4 0.129032258064516
3140 1 1 1 1 1 1 1
31424 11 1 1 11 0.0909090909090909 1 0.0909090909090909
31458 48 2 1 49 0.0208333333333333 0.5 0.0204081632653061
31477 15 1 1 15 0.0666666666666667 1 0.0666666666666667
31479 5 1 1 5 0.2 1 0.2
31529 28 3 2 29 0.0714285714285714 0.666666666666667 0.0689655172413793
31530 9 6 3 12 0.333333333333333 0.5 0.25
31708 5 2 2 5 0.4 1 0.4
32034 5 4 3 6 0.6 0.75 0.5
3212 48 1 1 48 0.0208333333333333 1 0.0208333333333333
3213 132 11 10 133 0.0757575757575758 0.909090909090909 0.075187969924812
3221 2 1 1 2 0.5 1 0.5
3224 1 1 1 1 1 1 1
32361 7 2 2 7 0.285714285714286 1 0.285714285714286
3243 13 3 2 14 0.153846153846154 0.666666666666667 0.142857142857143
32459 3 1 1 3 0.333333333333333 1 0.333333333333333
3248 44 3 2 45 0.0454545454545455 0.666666666666667 0.0444444444444444
3249 49 10 7 52 0.142857142857143 0.7 0.134615384615385
3257 412 163 79 496 0.191747572815534 0.484662576687117 0.159274193548387
3265 41 13 7 47 0.170731707317073 0.538461538461538 0.148936170212766
3277 43 1 0 44 0 0 0
3292 309 9 6 312 0.0194174757281553 0.666666666666667 0.0192307692307692
32978 2 1 1 2 0.5 1 0.5
33 9 1 0 10 0 0 0
3301 56 2 2 56 0.0357142857142857 1 0.0357142857142857
3303 409 22 16 415 0.039119804400978 0.727272727272727 0.0385542168674699
3320 455 12 6 461 0.0131868131868132 0.5 0.0130151843817787
3327 346 13 12 347 0.0346820809248555 0.923076923076923 0.0345821325648415
3333 143 6 4 145 0.027972027972028 0.666666666666667 0.0275862068965517
3343 19 7 3 23 0.157894736842105 0.428571428571429 0.130434782608696
33437 3 11 3 11 1 0.272727272727273 0.272727272727273
3344 25 14 6 33 0.24 0.428571428571429 0.181818181818182
3352 59 3 1 61 0.0169491525423729 0.333333333333333 0.0163934426229508
3356 1569 43 37 1575 0.0235818992989165 0.86046511627907 0.0234920634920635
33597 13 1 1 13 0.0769230769230769 1 0.0769230769230769
3382 2 1 0 3 0 0 0
33843 32 8 6 34 0.1875 0.75 0.176470588235294
33891 12 4 4 12 0.333333333333333 1 0.333333333333333
34081 4 2 2 4 0.5 1 0.5
34159 5 1 1 5 0.2 1 0.2
34225 32 5 4 33 0.125 0.8 0.121212121212121
34243 1 1 1 1 1 1 1
34270 37 4 2 39 0.0540540540540541 0.5 0.0512820512820513
34288 5 3 1 7 0.2 0.333333333333333 0.142857142857143
34309 25 37 9 53 0.36 0.243243243243243 0.169811320754717
34419 10 5 3 12 0.3 0.6 0.25
34549 10 3 0 13 0 0 0
34631 2 3 1 4 0.5 0.333333333333333 0.25
34763 64 10 5 69 0.078125 0.5 0.072463768115942
34997 9 2 2 9 0.222222222222222 1 0.222222222222222
35003 2 1 1 2 0.5 1 0.5
35028 35 5 5 35 0.142857142857143 1 0.142857142857143
35070 8 1 1 8 0.125 1 0.125
35244 23 13 10 26 0.434782608695652 0.769230769230769 0.384615384615385
35272 3 1 1 3 0.333333333333333 1 0.333333333333333
35292 8 1 0 9 0 0 0
35425 7 1 1 7 0.142857142857143 1 0.142857142857143
35485 4 1 1 4 0.25 1 0.25
3549 1021 80 64 1037 0.0626836434867777 0.8 0.0617164898746384
3551 1 1 0 2 0 0 0
3557 83 18 7 94 0.0843373493975904 0.388888888888889 0.074468085106383
35612 4 2 0 6 0 0 0
35627 5 2 2 5 0.4 1 0.4
35706 14 4 2 16 0.142857142857143 0.5 0.125
3597 9 1 1 9 0.111111111111111 1 0.111111111111111
36351 6 1 1 6 0.166666666666667 1 0.166666666666667
3640 4 1 1 4 0.25 1 0.25
36472 9 1 1 9 0.111111111111111 1 0.111111111111111
3662 13 1 1 13 0.0769230769230769 1 0.0769230769230769
3676 6 2 2 6 0.333333333333333 1 0.333333333333333
36856 4 2 0 6 0 0 0
36944 1 1 1 1 1 1 1
3714 4 1 1 4 0.25 1 0.25
3748 2 1 0 3 0 0 0
376 14 1 1 14 0.0714285714285714 1 0.0714285714285714
378 3 1 1 3 0.333333333333333 1 0.333333333333333
3790 3 1 1 3 0.333333333333333 1 0.333333333333333
38005 2 2 2 2 1 1 1
38018 8 3 3 8 0.375 1 0.375
38022 16 6 6 16 0.375 1 0.375
38083 2 1 1 2 0.5 1 0.5
38128 1 1 0 2 0 0 0
38140 2 1 1 2 0.5 1 0.5
3825 1 3 0 4 0 0 0
38299 2 1 1 2 0.5 1 0.5
3836 7 11 3 15 0.428571428571429 0.272727272727273 0.2
3839 1 1 1 1 1 1 1
38462 2 1 1 2 0.5 1 0.5
38626 1 1 1 1 1 1 1
38986 3 1 1 3 0.333333333333333 1 0.333333333333333
39122 8 1 1 8 0.125 1 0.125
39211 1 1 1 1 1 1 1
39301 2 2 2 2 1 1 1
393219 1 1 1 1 1 1 1
39326 44 9 6 47 0.136363636363636 0.666666666666667 0.127659574468085
3949 1 1 1 1 1 1 1
39854 1 2 1 2 1 0.5 0.5
3999 1 1 1 1 1 1 1
40009 33 4 2 35 0.0606060606060606 0.5 0.0571428571428571
40193 7 1 0 8 0 0 0
40220 11 2 2 11 0.181818181818182 1 0.181818181818182
40490 2 1 1 2 0.5 1 0.5
40528 3 2 2 3 0.666666666666667 1 0.666666666666667
41045 4 1 1 4 0.25 1 0.25
41075 4 1 0 5 0 0 0
41102 1 5 0 6 0 0 0
4134 84 2 0 86 0 0 0
41670 1 2 0 3 0 0 0
41692 279 65 48 296 0.172043010752688 0.738461538461539 0.162162162162162
41773 1 1 1 1 1 1 1
42 83 2 2 83 0.0240963855421687 1 0.0240963855421687
42096 8 1 1 8 0.125 1 0.125
42689 12 1 1 12 0.0833333333333333 1 0.0833333333333333
4436 82 10 9 83 0.109756097560976 0.9 0.108433734939759
4538 22 7 5 24 0.227272727272727 0.714285714285714 0.208333333333333
4555 1 5 0 6 0 0 0
4557 10 2 2 10 0.2 1 0.2
4589 691 55 50 696 0.0723589001447178 0.909090909090909 0.0718390804597701
4608 2 2 1 3 0.5 0.5 0.333333333333333
4618 18 5 1 22 0.0555555555555556 0.2 0.0454545454545455
4621 27 4 3 28 0.111111111111111 0.75 0.107142857142857
4635 74 8 8 74 0.108108108108108 1 0.108108108108108
4651 30 8 5 33 0.166666666666667 0.625 0.151515151515152
4673 7 1 0 8 0 0 0
4675 6 5 1 10 0.166666666666667 0.2 0.1
4677 6 1 1 6 0.166666666666667 1 0.166666666666667
4678 9 6 3 12 0.333333333333333 0.5 0.25
4680 10 5 2 13 0.2 0.4 0.153846153846154
4685 9 5 3 11 0.333333333333333 0.6 0.272727272727273
4688 8 6 1 13 0.125 0.166666666666667 0.0769230769230769
4691 9 8 3 14 0.333333333333333 0.375 0.214285714285714
4697 3 12 3 12 1 0.25 0.25
4702 5 3 1 7 0.2 0.333333333333333 0.142857142857143
4713 86 4 4 86 0.0465116279069767 1 0.0465116279069767
4716 74 19 8 85 0.108108108108108 0.421052631578947 0.0941176470588235
4717 3 2 2 3 0.666666666666667 1 0.666666666666667
4718 3 4 1 6 0.333333333333333 0.25 0.166666666666667
4721 11 6 1 16 0.0909090909090909 0.166666666666667 0.0625
4725 126 29 14 141 0.111111111111111 0.482758620689655 0.099290780141844
4741 10 2 0 12 0 0 0
4747 9 2 0 11 0 0 0
4750 49 3 1 51 0.0204081632653061 0.333333333333333 0.0196078431372549
4755 112 1 1 112 0.00892857142857143 1 0.00892857142857143
4761 49 3 2 50 0.0408163265306122 0.666666666666667 0.04
4770 14 2 0 16 0 0 0
4775 47 1 1 47 0.0212765957446809 1 0.0212765957446809
4777 36 7 4 39 0.111111111111111 0.571428571428571 0.102564102564103
4780 27 2 1 28 0.037037037037037 0.5 0.0357142857142857
4782 3 1 0 4 0 0 0
4787 8 5 0 13 0 0 0
4788 155 9 6 158 0.0387096774193548 0.666666666666667 0.0379746835443038
4795 41 6 2 45 0.0487804878048781 0.333333333333333 0.0444444444444444
4796 3 1 1 3 0.333333333333333 1 0.333333333333333
4818 5 1 0 6 0 0 0
4829 2 1 1 2 0.5 1 0.5
5050 19 2 2 19 0.105263157894737 1 0.105263157894737
513 43 8 5 46 0.116279069767442 0.625 0.108695652173913
5381 12 3 1 14 0.0833333333333333 0.333333333333333 0.0714285714285714
5385 13 3 3 13 0.230769230769231 1 0.230769230769231
5401 4 1 1 4 0.25 1 0.25
5403 20 1 1 20 0.05 1 0.05
5408 29 2 1 30 0.0344827586206897 0.5 0.0333333333333333
5410 54 5 3 56 0.0555555555555556 0.6 0.0535714285714286
5413 200 2 1 201 0.005 0.5 0.00497512437810945
5421 3 1 1 3 0.333333333333333 1 0.333333333333333
5430 337 24 20 341 0.0593471810089021 0.833333333333333 0.0586510263929619
5459 251 11 11 251 0.0438247011952191 1 0.0438247011952191
5466 71 2 1 72 0.0140845070422535 0.5 0.0138888888888889
5486 40 2 0 42 0 0 0
5511 172 20 16 176 0.0930232558139535 0.8 0.0909090909090909
553 45 19 15 49 0.333333333333333 0.789473684210526 0.306122448979592
5537 23 2 1 24 0.0434782608695652 0.5 0.0416666666666667
5539 40 42 16 66 0.4 0.380952380952381 0.242424242424242
5549 2 2 2 2 1 1 1
5550 7 2 1 8 0.142857142857143 0.5 0.125
5568 94 8 5 97 0.0531914893617021 0.625 0.0515463917525773
557 6 1 1 6 0.166666666666667 1 0.166666666666667
559 58 18 17 59 0.293103448275862 0.944444444444444 0.288135593220339
5602 19 3 2 20 0.105263157894737 0.666666666666667 0.1
5609 2 8 0 10 0 0 0
5617 156 1 1 156 0.00641025641025641 1 0.00641025641025641
5623 1 2 0 3 0 0 0
5669 10 3 0 13 0 0 0
57 23 3 3 23 0.130434782608696 1 0.130434782608696
5707 3 1 1 3 0.333333333333333 1 0.333333333333333
5713 150 3 2 151 0.0133333333333333 0.666666666666667 0.0132450331125828
577 114 1 1 114 0.0087719298245614 1 0.0087719298245614
6057 5 2 1 6 0.2 0.5 0.166666666666667
6062 10 2 0 12 0 0 0
6066 3 1 0 4 0 0 0
6083 29 11 10 30 0.344827586206897 0.909090909090909 0.333333333333333
6122 8 1 1 8 0.125 1 0.125
6140 120 1 0 121 0 0 0
6163 10 1 1 10 0.1 1 0.1
6182 1 1 1 1 1 1 1
6263 3 1 1 3 0.333333333333333 1 0.333333333333333
6320 320 1 0 321 0 0 0
6342 4 1 0 5 0 0 0
6360 11 2 2 11 0.181818181818182 1 0.181818181818182
6366 3 1 1 3 0.333333333333333 1 0.333333333333333
6435 3 11 0 14 0 0 0
6453 451 62 52 461 0.11529933481153 0.838709677419355 0.112798264642082
6509 41 4 4 41 0.0975609756097561 1 0.0975609756097561
6536 15 1 0 16 0 0 0
65500 14 1 0 15 0 0 0
65501 1 1 0 2 0 0 0
6619 15 3 1 17 0.0666666666666667 0.333333333333333 0.0588235294117647
6629 3 1 1 3 0.333333333333333 1 0.333333333333333
6648 35 1 1 35 0.0285714285714286 1 0.0285714285714286
6666 37 18 12 43 0.324324324324324 0.666666666666667 0.27906976744186
6667 495 89 86 498 0.173737373737374 0.966292134831461 0.172690763052209
668 36 7 3 40 0.0833333333333333 0.428571428571429 0.075
6695 165 20 17 168 0.103030303030303 0.85 0.101190476190476
6696 10 3 2 11 0.2 0.666666666666667 0.181818181818182
6706 8 4 3 9 0.375 0.75 0.333333333333333
6730 608 4 4 608 0.00657894736842105 1 0.00657894736842105
6762 143 31 22 152 0.153846153846154 0.709677419354839 0.144736842105263
6770 45 14 8 51 0.177777777777778 0.571428571428571 0.156862745098039
6772 12 4 4 12 0.333333333333333 1 0.333333333333333
6774 79 11 10 80 0.126582278481013 0.909090909090909 0.125
6775 5 1 1 5 0.2 1 0.2
680 50 13 10 53 0.2 0.769230769230769 0.188679245283019
6802 7 2 2 7 0.285714285714286 1 0.285714285714286
681 2 1 1 2 0.5 1 0.5
6830 281 62 27 316 0.096085409252669 0.435483870967742 0.0854430379746835
6881 73 1 1 73 0.0136986301369863 1 0.0136986301369863
6895 5 1 1 5 0.2 1 0.2
6939 738 136 109 765 0.14769647696477 0.801470588235294 0.142483660130719
6968 2 1 1 2 0.5 1 0.5
701 2772 15 10 2777 0.00360750360750361 0.666666666666667 0.00360100828231905
7018 2100 10 5 2105 0.00238095238095238 0.5 0.00237529691211401
7019 1 1 1 1 1 1 1
7065 15 3 1 17 0.0666666666666667 0.333333333333333 0.0588235294117647
7066 22 3 3 22 0.136363636363636 1 0.136363636363636
719 15 1 0 16 0 0 0
7377 4 1 0 5 0 0 0
7470 29 1 1 29 0.0344827586206897 1 0.0344827586206897
7500 66 7 4 69 0.0606060606060606 0.571428571428571 0.0579710144927536
7514 20 8 4 24 0.2 0.5 0.166666666666667
7516 3 1 0 4 0 0 0
7521 5 2 1 6 0.2 0.5 0.166666666666667
7522 6 7 2 11 0.333333333333333 0.285714285714286 0.181818181818182
7530 2 4 0 6 0 0 0
7539 26 9 8 27 0.307692307692308 0.888888888888889 0.296296296296296
7573 1 1 1 1 1 1 1
7575 451 81 78 454 0.172949002217295 0.962962962962963 0.171806167400881
7588 2 1 1 2 0.5 1 0.5
7606 50 3 3 50 0.06 1 0.06
7610 12 1 0 13 0 0 0
766 18 5 4 19 0.222222222222222 0.8 0.210526315789474
7660 38 19 13 44 0.342105263157895 0.684210526315789 0.295454545454545
7665 2 1 1 2 0.5 1 0.5
7667 5 2 1 6 0.2 0.5 0.166666666666667
7668 10 1 0 11 0 0 0
7670 20 2 1 21 0.05 0.5 0.0476190476190476
7671 4 31 3 32 0.75 0.0967741935483871 0.09375
7682 11 3 2 12 0.181818181818182 0.666666666666667 0.166666666666667
7687 4 1 1 4 0.25 1 0.25
7753 6 1 1 6 0.166666666666667 1 0.166666666666667
7781 3 5 1 7 0.333333333333333 0.2 0.142857142857143
7784 33 3 2 34 0.0606060606060606 0.666666666666667 0.0588235294117647
7786 7 2 1 8 0.142857142857143 0.5 0.125
786 52 8 4 56 0.0769230769230769 0.5 0.0714285714285714
790 1 2 1 2 1 0.5 0.5
7902 13 1 1 13 0.0769230769230769 1 0.0769230769230769
7908 38 5 3 40 0.0789473684210526 0.6 0.075
7949 10 2 0 12 0 0 0
8002 38 4 3 39 0.0789473684210526 0.75 0.0769230769230769
8018 2 1 1 2 0.5 1 0.5
81 18 1 1 18 0.0555555555555556 1 0.0555555555555556
8121 39 7 4 42 0.102564102564103 0.571428571428571 0.0952380952380952
8195 39 7 5 41 0.128205128205128 0.714285714285714 0.121951219512195
8201 6 1 0 7 0 0 0
8220 517 12 8 521 0.0154738878143133 0.666666666666667 0.0153550863723608
8224 8 4 3 9 0.375 0.75 0.333333333333333
8226 3 2 0 5 0 0 0
8237 6 1 1 6 0.166666666666667 1 0.166666666666667
8246 170 1 0 171 0 0 0
8251 4 1 0 5 0 0 0
8256 1 1 1 1 1 1 1
8267 2 1 1 2 0.5 1 0.5
8282 10 4 1 13 0.1 0.25 0.0769230769230769
8299 6 1 0 7 0 0 0
8319 30 12 10 32 0.333333333333333 0.833333333333333 0.3125
8330 5 3 1 7 0.2 0.333333333333333 0.142857142857143
8346 5 2 2 5 0.4 1 0.4
8364 10 2 1 11 0.1 0.5 0.0909090909090909
8365 116 19 16 119 0.137931034482759 0.842105263157895 0.134453781512605
8368 11 2 2 11 0.181818181818182 1 0.181818181818182
8387 13 1 1 13 0.0769230769230769 1 0.0769230769230769
8396 2 1 0 3 0 0 0
8419 209 5 4 210 0.0191387559808612 0.8 0.019047619047619
8422 95 10 4 101 0.0421052631578947 0.4 0.0396039603960396
8426 264 13 9 268 0.0340909090909091 0.692307692307692 0.0335820895522388
8442 23 13 8 28 0.347826086956522 0.615384615384615 0.285714285714286
8447 499 8 5 502 0.0100200400801603 0.625 0.0099601593625498
8468 497 4 3 498 0.00603621730382294 0.75 0.00602409638554217
8469 31 11 9 33 0.290322580645161 0.818181818181818 0.272727272727273
8473 28 3 2 29 0.0714285714285714 0.666666666666667 0.0689655172413793
8481 5 1 0 6 0 0 0
8489 6 3 2 7 0.333333333333333 0.666666666666667 0.285714285714286
8495 15 1 1 15 0.0666666666666667 1 0.0666666666666667
8501 32 10 10 32 0.3125 1 0.3125
8508 5 1 1 5 0.2 1 0.2
8517 17 1 1 17 0.0588235294117647 1 0.0588235294117647
852 141 1 1 141 0.00709219858156028 1 0.00709219858156028
8527 18 2 2 18 0.111111111111111 1 0.111111111111111
855 25 1 1 25 0.04 1 0.04
8560 69 17 13 73 0.188405797101449 0.764705882352941 0.178082191780822
8565 16 1 0 17 0 0 0
8586 69 5 4 70 0.0579710144927536 0.8 0.0571428571428571
8591 28 5 3 30 0.107142857142857 0.6 0.1
8657 97 4 2 99 0.0206185567010309 0.5 0.0202020202020202
8664 15 2 1 16 0.0666666666666667 0.5 0.0625
8665 22 16 10 28 0.454545454545455 0.625 0.357142857142857
8674 51 4 3 52 0.0588235294117647 0.75 0.0576923076923077
8708 250 6 5 251 0.02 0.833333333333333 0.0199203187250996
8717 55 1 1 55 0.0181818181818182 1 0.0181818181818182
8728 1 1 1 1 1 1 1
8737 37 8 5 40 0.135135135135135 0.625 0.125
8758 8 3 3 8 0.375 1 0.375
8763 142 38 36 144 0.253521126760563 0.947368421052632 0.25
8767 57 19 13 63 0.228070175438596 0.684210526315789 0.206349206349206
8781 7 2 0 9 0 0 0
8820 11 4 3 12 0.272727272727273 0.75 0.25
8823 7 2 1 8 0.142857142857143 0.5 0.125
8881 137 12 10 139 0.072992700729927 0.833333333333333 0.0719424460431655
8897 54 12 6 60 0.111111111111111 0.5 0.1
8903 15 4 0 19 0 0 0
8943 18 4 3 19 0.166666666666667 0.75 0.157894736842105
8954 21 7 3 25 0.142857142857143 0.428571428571429 0.12
8966 78 1 1 78 0.0128205128205128 1 0.0128205128205128
8970 2 1 1 2 0.5 1 0.5
8975 75 3 3 75 0.04 1 0.04
8978 4 2 1 5 0.25 0.5 0.2
9009 219 47 34 232 0.155251141552511 0.723404255319149 0.146551724137931
9052 3 1 0 4 0 0 0
9080 10 3 2 11 0.2 0.666666666666667 0.181818181818182
9085 6 2 1 7 0.166666666666667 0.5 0.142857142857143
9112 9 1 1 9 0.111111111111111 1 0.111111111111111
9150 30 1 1 30 0.0333333333333333 1 0.0333333333333333
9153 37 5 5 37 0.135135135135135 1 0.135135135135135
9162 2 1 0 3 0 0 0
9264 23 38 6 55 0.260869565217391 0.157894736842105 0.109090909090909
9270 29 8 6 31 0.206896551724138 0.75 0.193548387096774
9293 10 1 1 10 0.1 1 0.1
9299 43 2 1 44 0.0232558139534884 0.5 0.0227272727272727
9316 35 1 0 36 0 0 0
9327 2 1 0 3 0 0 0
9340 8 4 2 10 0.25 0.5 0.2
9367 3 1 1 3 0.333333333333333 1 0.333333333333333
9406 2 2 1 3 0.5 0.5 0.333333333333333
9411 1 1 1 1 1 1 1
9433 2 1 1 2 0.5 1 0.5
9464 1 1 0 2 0 0 0
9505 108 3 3 108 0.0277777777777778 1 0.0277777777777778
9534 5 1 1 5 0.2 1 0.2
9541 6 3 0 9 0 0 0
9543 2 1 1 2 0.5 1 0.5
9583 36 1 0 37 0 0 0
9584 7 1 1 7 0.142857142857143 1 0.142857142857143
9595 10 2 2 10 0.2 1 0.2
9600 6 8 3 11 0.5 0.375 0.272727272727273
9607 9 2 0 11 0 0 0
9612 1 1 0 2 0 0 0
9619 2 2 2 2 1 1 1
9621 3 6 1 8 0.333333333333333 0.166666666666667 0.125
9622 6 1 1 6 0.166666666666667 1 0.166666666666667
9687 2 1 1 2 0.5 1 0.5
9700 6 2 2 6 0.333333333333333 1 0.333333333333333
9737 4 1 0 5 0 0 0
9758 1 1 0 2 0 0 0
9800 35 2 0 37 0 0 0
9821 3 2 2 3 0.666666666666667 1 0.666666666666667
9835 4 2 1 5 0.25 0.5 0.2
9901 20 2 1 21 0.05 0.5 0.0476190476190476
9919 19 1 0 20 0 0 0
9924 21 1 0 22 0 0 0
9930 19 1 1 19 0.0526315789473684 1 0.0526315789473684
9931 26 1 1 26 0.0384615384615385 1 0.0384615384615385
9995 3 2 2 3 0.666666666666667 1 0.666666666666667
