#ASN num_v4adj num_v6adj num_intersect(v4v6adj) num_union(adj) fr_v4(num_intersect/num_v4adj) fr_v6(num_intersect/num_v6adj) fr_intersect(num_intersect/num_union)
10013 2 6 1 7 0.5 0.166666666666667 0.142857142857143
10015 10 1 0 11 0 0 0
101 36 6 6 36 0.166666666666667 1 0.166666666666667
10148 1 2 1 2 1 0.5 0.5
102 3 1 1 3 0.333333333333333 1 0.333333333333333
10204 8 6 2 12 0.25 0.333333333333333 0.166666666666667
10217 18 1 1 18 0.0555555555555556 1 0.0555555555555556
10318 4 1 0 5 0 0 0
10343 2 1 1 2 0.5 1 0.5
10405 2 1 0 3 0 0 0
10429 65 1 1 65 0.0153846153846154 1 0.0153846153846154
10480 5 1 1 5 0.2 1 0.2
10490 31 3 3 31 0.0967741935483871 1 0.0967741935483871
10533 1 1 1 1 1 1 1
10569 1 1 1 1 1 1 1
10578 26 2 2 26 0.0769230769230769 1 0.0769230769230769
10586 4 2 0 6 0 0 0
10745 2 6 0 8 0 0 0
10764 13 2 2 13 0.153846153846154 1 0.153846153846154
10778 4 2 2 4 0.5 1 0.5
10886 40 16 7 49 0.175 0.4375 0.142857142857143
109 14 4 0 18 0 0 0
1101 1 1 1 1 1 1 1
1103 179 50 48 181 0.268156424581006 0.96 0.265193370165746
111 3 2 2 3 0.666666666666667 1 0.666666666666667
1125 3 2 2 3 0.666666666666667 1 0.666666666666667
1126 36 11 7 40 0.194444444444444 0.636363636363636 0.175
11274 10 3 3 10 0.3 1 0.3
11317 6 2 2 6 0.333333333333333 1 0.333333333333333
1133 3 1 1 3 0.333333333333333 1 0.333333333333333
11340 5 1 1 5 0.2 1 0.2
1140 22 5 1 26 0.0454545454545455 0.2 0.0384615384615385
11404 22 1 1 22 0.0454545454545455 1 0.0454545454545455
11537 102 45 35 112 0.343137254901961 0.777777777777778 0.3125
11588 13 1 1 13 0.0769230769230769 1 0.0769230769230769
11656 1 1 0 2 0 0 0
11815 3 1 0 4 0 0 0
11960 5 2 2 5 0.4 1 0.4
11990 4 1 0 5 0 0 0
1200 43 14 9 48 0.209302325581395 0.642857142857143 0.1875
12008 30 1 1 30 0.0333333333333333 1 0.0333333333333333
12041 6 3 3 6 0.5 1 0.5
12046 2 1 1 2 0.5 1 0.5
12111 27 3 2 28 0.0740740740740741 0.666666666666667 0.0714285714285714
1213 5 2 2 5 0.4 1 0.4
1221 102 4 1 105 0.00980392156862745 0.25 0.00952380952380952
12287 2 1 1 2 0.5 1 0.5
12337 39 43 17 65 0.435897435897436 0.395348837209302 0.261538461538462
12353 5 4 1 8 0.2 0.25 0.125
12355 13 9 7 15 0.538461538461538 0.777777777777778 0.466666666666667
1237 37 2 1 38 0.027027027027027 0.5 0.0263157894736842
12371 2 1 0 3 0 0 0
12386 15 2 2 15 0.133333333333333 1 0.133333333333333
12399 226 1 1 226 0.00442477876106195 1 0.00442477876106195
12401 11 3 2 12 0.181818181818182 0.666666666666667 0.166666666666667
12414 38 13 9 42 0.236842105263158 0.692307692307692 0.214285714285714
12429 20 1 1 20 0.05 1 0.05
12533 2 2 0 4 0 0 0
1257 109 4 1 112 0.00917431192660551 0.25 0.00892857142857143
12600 15 1 1 15 0.0666666666666667 1 0.0666666666666667
12611 37 17 10 44 0.27027027027027 0.588235294117647 0.227272727272727
12634 37 14 10 41 0.27027027027027 0.714285714285714 0.24390243902439
12637 12 2 2 12 0.166666666666667 1 0.166666666666667
12638 1 3 0 4 0 0 0
12654 58 4 3 59 0.0517241379310345 0.75 0.0508474576271186
12657 2 2 2 2 1 1 1
12709 2 1 0 3 0 0 0
1273 320 70 39 351 0.121875 0.557142857142857 0.111111111111111
12731 71 14 9 76 0.126760563380282 0.642857142857143 0.118421052631579
12732 18 2 1 19 0.0555555555555556 0.5 0.0526315789473684
12741 106 1 0 107 0 0 0
12757 4 1 1 4 0.25 1 0.25
12767 10 1 0 11 0 0 0
12769 5 1 1 5 0.2 1 0.2
12779 67 17 9 75 0.134328358208955 0.529411764705882 0.12
1280 60 11 9 62 0.15 0.818181818181818 0.145161290322581
12816 1 2 1 2 1 0.5 0.5
12817 2 2 2 2 1 1 1
12853 1 4 0 5 0 0 0
12859 334 68 62 340 0.18562874251497 0.911764705882353 0.182352941176471
12871 31 15 8 38 0.258064516129032 0.533333333333333 0.210526315789474
12874 113 2 2 113 0.0176991150442478 1 0.0176991150442478
12895 10 1 1 10 0.1 1 0.1
12902 39 10 8 41 0.205128205128205 0.8 0.195121951219512
12931 4 3 2 5 0.5 0.666666666666667 0.4
12956 126 9 8 127 0.0634920634920635 0.888888888888889 0.062992125984252
12968 109 4 1 112 0.00917431192660551 0.25 0.00892857142857143
12989 360 4 4 360 0.0111111111111111 1 0.0111111111111111
1299 498 33 29 502 0.0582329317269076 0.878787878787879 0.0577689243027888
13030 123 7 7 123 0.0569105691056911 1 0.0569105691056911
13039 5 1 1 5 0.2 1 0.2
13041 7 1 1 7 0.142857142857143 1 0.142857142857143
13092 5 1 1 5 0.2 1 0.2
131075 1 2 1 2 1 0.5 0.5
13110 5 3 1 7 0.2 0.333333333333333 0.142857142857143
13115 4 1 1 4 0.25 1 0.25
1312 2 1 1 2 0.5 1 0.5
1316 2 1 0 3 0 0 0
13189 25 3 3 25 0.12 1 0.12
13193 45 11 8 48 0.177777777777778 0.727272727272727 0.166666666666667
13237 486 55 47 494 0.0967078189300412 0.854545454545454 0.0951417004048583
13272 1 1 1 1 1 1 1
13276 17 2 2 17 0.117647058823529 1 0.117647058823529
13293 22 2 2 22 0.0909090909090909 1 0.0909090909090909
13319 4 1 0 5 0 0 0
13448 4 1 1 4 0.25 1 0.25
13645 177 11 6 182 0.0338983050847458 0.545454545454545 0.032967032967033
137 16 4 4 16 0.25 1 0.25
13714 2 1 1 2 0.5 1 0.5
13737 1 2 0 3 0 0 0
13802 7 1 0 8 0 0 0
13855 5 2 0 7 0 0 0
13901 2 1 1 2 0.5 1 0.5
13911 4 1 0 5 0 0 0
14259 19 1 0 20 0 0 0
14277 9 7 1 15 0.111111111111111 0.142857142857143 0.0666666666666667
14589 17 1 0 18 0 0 0
14595 3 1 0 4 0 0 0
15169 99 4 1 102 0.0101010101010101 0.25 0.00980392156862745
15226 4 1 0 5 0 0 0
15412 260 3 2 261 0.00769230769230769 0.666666666666667 0.00766283524904215
15431 2 1 1 2 0.5 1 0.5
15440 6 1 1 6 0.166666666666667 1 0.166666666666667
15444 263 20 10 273 0.0380228136882129 0.5 0.0366300366300366
15456 1 2 0 3 0 0 0
15474 2 1 1 2 0.5 1 0.5
15480 2 1 1 2 0.5 1 0.5
15501 2 2 2 2 1 1 1
15589 32 13 2 43 0.0625 0.153846153846154 0.0465116279069767
15598 58 18 13 63 0.224137931034483 0.722222222222222 0.206349206349206
15623 32 2 1 33 0.03125 0.5 0.0303030303030303
15685 17 4 4 17 0.235294117647059 1 0.235294117647059
15694 50 1 1 50 0.02 1 0.02
15706 3 2 1 4 0.333333333333333 0.5 0.25
15725 2 2 1 3 0.5 0.5 0.333333333333333
15744 10 1 1 10 0.1 1 0.1
15782 12 2 1 13 0.0833333333333333 0.5 0.0769230769230769
15798 1 1 0 2 0 0 0
15919 7 1 1 7 0.142857142857143 1 0.142857142857143
16004 9 3 2 10 0.222222222222222 0.666666666666667 0.2
16023 3 1 0 4 0 0 0
16030 58 14 9 63 0.155172413793103 0.642857142857143 0.142857142857143
16034 253 30 28 255 0.110671936758893 0.933333333333333 0.109803921568627
16086 31 17 6 42 0.193548387096774 0.352941176470588 0.142857142857143
16128 14 3 2 15 0.142857142857143 0.666666666666667 0.133333333333333
16131 35 11 7 39 0.2 0.636363636363636 0.179487179487179
16150 192 4 2 194 0.0104166666666667 0.5 0.0103092783505155
16186 42 8 3 47 0.0714285714285714 0.375 0.0638297872340425
16206 15 2 0 17 0 0 0
16210 5 2 2 5 0.4 1 0.4
16215 12 3 3 12 0.25 1 0.25
16237 30 3 1 32 0.0333333333333333 0.333333333333333 0.03125
16245 23 3 1 25 0.0434782608695652 0.333333333333333 0.04
16265 99 1 1 99 0.0101010101010101 1 0.0101010101010101
16276 60 2 2 60 0.0333333333333333 1 0.0333333333333333
16316 4 3 0 7 0 0 0
16397 5 2 0 7 0 0 0
1653 22 3 3 22 0.136363636363636 1 0.136363636363636
16531 10 1 0 11 0 0 0
1659 10 3 2 11 0.2 0.666666666666667 0.181818181818182
16668 7 2 1 8 0.142857142857143 0.5 0.125
16713 28 1 0 29 0 0 0
16838 12 1 0 13 0 0 0
16942 3 3 1 5 0.333333333333333 0.333333333333333 0.2
16993 3 1 0 4 0 0 0
17106 4 1 0 5 0 0 0
17263 4 1 0 5 0 0 0
1741 10 3 2 11 0.2 0.666666666666667 0.181818181818182
17435 3 1 0 4 0 0 0
17511 9 2 0 11 0 0 0
17529 7 1 0 8 0 0 0
17554 9 3 3 9 0.333333333333333 1 0.333333333333333
17579 10 5 3 12 0.3 0.6 0.25
1764 27 6 5 28 0.185185185185185 0.833333333333333 0.178571428571429
17676 33 6 2 37 0.0606060606060606 0.333333333333333 0.0540540540540541
17709 9 1 1 9 0.111111111111111 1 0.111111111111111
17716 4 1 1 4 0.25 1 0.25
17832 4 11 1 14 0.25 0.0909090909090909 0.0714285714285714
17843 2 1 1 2 0.5 1 0.5
17853 1 1 0 2 0 0 0
17934 2 3 1 4 0.5 0.333333333333333 0.25
17955 4 1 1 4 0.25 1 0.25
1797 2 2 1 3 0.5 0.5 0.333333333333333
1798 3 2 0 5 0 0 0
18015 2 2 2 2 1 1 1
18119 4 1 0 5 0 0 0
18126 4 1 0 5 0 0 0
18182 3 1 0 4 0 0 0
18185 5 1 1 5 0.2 1 0.2
18203 2 1 0 3 0 0 0
18206 2 2 0 4 0 0 0
18210 3 1 0 4 0 0 0
18266 3 1 1 3 0.333333333333333 1 0.333333333333333
18344 1 3 0 4 0 0 0
1835 6 2 2 6 0.333333333333333 1 0.333333333333333
1836 47 7 6 48 0.127659574468085 0.857142857142857 0.125
18366 2 2 1 3 0.5 0.5 0.333333333333333
18422 5 2 2 5 0.4 1 0.4
18508 1 3 0 4 0 0 0
1853 105 19 17 107 0.161904761904762 0.894736842105263 0.158878504672897
18592 26 9 8 27 0.307692307692308 0.888888888888889 0.296296296296296
18666 2 2 0 4 0 0 0
1880 15 3 2 16 0.133333333333333 0.666666666666667 0.125
1887 8 1 1 8 0.125 1 0.125
1888 1 1 1 1 1 1 1
18922 27 2 1 28 0.037037037037037 0.5 0.0357142857142857
1901 70 2 2 70 0.0285714285714286 1 0.0285714285714286
19021 1 1 0 2 0 0 0
1916 77 7 4 80 0.051948051948052 0.571428571428571 0.05
19165 2 1 0 3 0 0 0
19166 4 1 1 4 0.25 1 0.25
19192 3 1 1 3 0.333333333333333 1 0.333333333333333
19255 1 1 0 2 0 0 0
1930 22 5 4 23 0.181818181818182 0.8 0.173913043478261
19318 47 4 2 49 0.0425531914893617 0.5 0.0408163265306122
19401 40 10 10 40 0.25 1 0.25
195 8 4 2 10 0.25 0.5 0.2
1955 11 2 2 11 0.181818181818182 1 0.181818181818182
196613 2 1 1 2 0.5 1 0.5
196615 2 1 1 2 0.5 1 0.5
19782 12 1 1 12 0.0833333333333333 1 0.0833333333333333
19783 2 1 0 3 0 0 0
19835 7 2 0 9 0 0 0
19866 2 1 1 2 0.5 1 0.5
20080 19 3 3 19 0.157894736842105 1 0.157894736842105
2018 4 5 4 5 1 0.8 0.8
20312 9 1 1 9 0.111111111111111 1 0.111111111111111
2042 17 3 2 18 0.117647058823529 0.666666666666667 0.111111111111111
20436 2 1 0 3 0 0 0
20473 24 1 0 25 0 0 0
20495 47 10 7 50 0.148936170212766 0.7 0.14
20569 11 2 2 11 0.181818181818182 1 0.181818181818182
20597 2 1 0 3 0 0 0
20612 3 1 1 3 0.333333333333333 1 0.333333333333333
20621 2 1 1 2 0.5 1 0.5
20633 22 9 3 28 0.136363636363636 0.333333333333333 0.107142857142857
20640 196 64 48 212 0.244897959183673 0.75 0.226415094339623
20646 41 16 8 49 0.195121951219512 0.5 0.163265306122449
20650 5 1 1 5 0.2 1 0.2
20704 21 4 4 21 0.19047619047619 1 0.19047619047619
20707 2 1 1 2 0.5 1 0.5
20712 10 2 0 12 0 0 0
20718 35 11 3 43 0.0857142857142857 0.272727272727273 0.0697674418604651
20745 1 3 0 4 0 0 0
20794 2 1 0 3 0 0 0
20834 2 1 0 3 0 0 0
20847 36 10 6 40 0.166666666666667 0.6 0.15
209 1293 5 4 1294 0.00309358081979892 0.8 0.00309119010819165
20912 3 5 0 8 0 0 0
20965 48 40 40 48 0.833333333333333 1 0.833333333333333
210 9 1 1 9 0.111111111111111 1 0.111111111111111
21055 24 3 1 26 0.0416666666666667 0.333333333333333 0.0384615384615385
2107 1 1 1 1 1 1 1
2108 1 1 1 1 1 1 1
2110 57 6 1 62 0.0175438596491228 0.166666666666667 0.0161290322580645
21119 5 1 1 5 0.2 1 0.2
21155 37 14 9 42 0.243243243243243 0.642857142857143 0.214285714285714
2116 30 1 1 30 0.0333333333333333 1 0.0333333333333333
21221 25 9 6 28 0.24 0.666666666666667 0.214285714285714
2128 4 1 1 4 0.25 1 0.25
21280 10 1 0 11 0 0 0
21320 5 1 1 5 0.2 1 0.2
21385 63 17 14 66 0.222222222222222 0.823529411764706 0.212121212121212
2153 41 8 8 41 0.195121951219512 1 0.195121951219512
21844 11 1 1 11 0.0909090909090909 1 0.0909090909090909
21947 24 3 3 24 0.125 1 0.125
2200 49 2 2 49 0.0408163265306122 1 0.0408163265306122
22166 2 1 0 3 0 0 0
22388 9 6 6 9 0.666666666666667 1 0.666666666666667
224 5 1 1 5 0.2 1 0.2
22548 30 2 1 31 0.0333333333333333 0.5 0.032258064516129
226 24 2 2 24 0.0833333333333333 1 0.0833333333333333
22767 2 1 1 2 0.5 1 0.5
23028 7 3 0 10 0 0 0
23265 18 1 1 18 0.0555555555555556 1 0.0555555555555556
23352 115 3 3 115 0.0260869565217391 1 0.0260869565217391
23393 63 3 2 64 0.0317460317460317 0.666666666666667 0.03125
23456 8 4 2 10 0.25 0.5 0.2
23504 28 8 3 33 0.107142857142857 0.375 0.0909090909090909
23541 5 2 1 6 0.2 0.5 0.166666666666667
23554 2 1 1 2 0.5 1 0.5
23600 3 1 1 3 0.333333333333333 1 0.333333333333333
23624 2 1 1 2 0.5 1 0.5
23634 4 4 2 6 0.5 0.5 0.333333333333333
23654 2 1 1 2 0.5 1 0.5
237 30 1 1 30 0.0333333333333333 1 0.0333333333333333
23754 1 1 0 2 0 0 0
23774 3 2 1 4 0.333333333333333 0.5 0.25
23787 2 3 1 4 0.5 0.333333333333333 0.25
2381 30 2 1 31 0.0333333333333333 0.5 0.032258064516129
23836 1 1 1 1 1 1 1
23869 2 1 0 3 0 0 0
23889 4 1 1 4 0.25 1 0.25
23902 1 1 0 2 0 0 0
23910 3 6 2 7 0.666666666666667 0.333333333333333 0.285714285714286
23911 5 12 5 12 1 0.416666666666667 0.416666666666667
23912 1 1 0 2 0 0 0
23966 5 3 0 8 0 0 0
24 10 8 5 13 0.5 0.625 0.384615384615385
24218 33 1 1 33 0.0303030303030303 1 0.0303030303030303
24226 2 2 0 4 0 0 0
24229 3 1 1 3 0.333333333333333 1 0.333333333333333
24287 4 3 3 4 0.75 1 0.75
24311 1 2 0 3 0 0 0
24334 2 1 1 2 0.5 1 0.5
24390 2 1 1 2 0.5 1 0.5
24433 1 1 1 1 1 1 1
24435 2 1 0 3 0 0 0
24475 3 3 3 3 1 1 1
24489 7 5 5 7 0.714285714285714 1 0.714285714285714
24490 9 8 8 9 0.888888888888889 1 0.888888888888889
24514 3 2 2 3 0.666666666666667 1 0.666666666666667
24541 2 3 1 4 0.5 0.333333333333333 0.25
24555 2 1 0 3 0 0 0
24586 23 5 3 25 0.130434782608696 0.6 0.12
24587 32 8 4 36 0.125 0.5 0.111111111111111
24724 66 3 3 66 0.0454545454545455 1 0.0454545454545455
24730 44 1 1 44 0.0227272727272727 1 0.0227272727272727
24776 6 2 1 7 0.166666666666667 0.5 0.142857142857143
24867 23 1 1 23 0.0434782608695652 1 0.0434782608695652
24875 205 46 39 212 0.190243902439024 0.847826086956522 0.183962264150943
2497 239 61 40 260 0.167364016736402 0.655737704918033 0.153846153846154
24971 17 1 1 17 0.0588235294117647 1 0.0588235294117647
24973 4 1 0 5 0 0 0
250 4 1 0 5 0 0 0
2500 32 45 12 65 0.375 0.266666666666667 0.184615384615385
2506 2 1 1 2 0.5 1 0.5
25061 37 3 2 38 0.0540540540540541 0.666666666666667 0.0526315789473684
25098 19 1 1 19 0.0526315789473684 1 0.0526315789473684
2510 18 6 3 21 0.166666666666667 0.5 0.142857142857143
25137 4 1 1 4 0.25 1 0.25
2514 18 3 2 19 0.111111111111111 0.666666666666667 0.105263157894737
2515 6 1 1 6 0.166666666666667 1 0.166666666666667
25152 45 6 3 48 0.0666666666666667 0.5 0.0625
2516 305 47 32 320 0.104918032786885 0.680851063829787 0.1
2518 60 8 3 65 0.05 0.375 0.0461538461538462
2519 29 4 1 32 0.0344827586206897 0.25 0.03125
25192 20 2 2 20 0.1 1 0.1
25220 13 3 2 14 0.153846153846154 0.666666666666667 0.142857142857143
2523 3 1 0 4 0 0 0
25232 355 14 14 355 0.0394366197183099 1 0.0394366197183099
2527 10 5 3 12 0.3 0.6 0.25
25358 11 8 2 17 0.181818181818182 0.25 0.117647058823529
25384 6 2 0 8 0 0 0
25441 10 1 1 10 0.1 1 0.1
25466 9 2 2 9 0.222222222222222 1 0.222222222222222
25473 4 1 1 4 0.25 1 0.25
2549 3 2 1 4 0.333333333333333 0.5 0.25
25538 2 1 0 3 0 0 0
25560 71 18 14 75 0.197183098591549 0.777777777777778 0.186666666666667
25588 23 1 0 24 0 0 0
25689 7 2 1 8 0.142857142857143 0.5 0.125
2572 7 1 1 7 0.142857142857143 1 0.142857142857143
2586 9 1 1 9 0.111111111111111 1 0.111111111111111
2594 4 1 0 5 0 0 0
2595 1 1 0 2 0 0 0
2602 2 1 1 2 0.5 1 0.5
2603 27 12 9 30 0.333333333333333 0.75 0.3
2607 28 5 5 28 0.178571428571429 1 0.178571428571429
2611 51 10 9 52 0.176470588235294 0.9 0.173076923076923
2614 12 1 1 12 0.0833333333333333 1 0.0833333333333333
2637 3 1 1 3 0.333333333333333 1 0.333333333333333
26415 28 3 0 31 0 0 0
26943 152 14 11 155 0.0723684210526316 0.785714285714286 0.0709677419354839
2697 4 1 1 4 0.25 1 0.25
26978 13 2 0 15 0 0 0
27 2 1 1 2 0.5 1 0.5
2714 1 1 1 1 1 1 1
27319 26 3 3 26 0.115384615384615 1 0.115384615384615
27325 12 2 2 12 0.166666666666667 1 0.166666666666667
27446 5 1 0 6 0 0 0
27552 6 1 1 6 0.166666666666667 1 0.166666666666667
27576 2 1 0 3 0 0 0
27678 6 1 1 6 0.166666666666667 1 0.166666666666667
27750 21 17 17 21 0.80952380952381 1 0.80952380952381
278 7 7 1 13 0.142857142857143 0.142857142857143 0.0769230769230769
27807 9 4 4 9 0.444444444444444 1 0.444444444444444
27841 3 1 1 3 0.333333333333333 1 0.333333333333333
2819 24 4 0 28 0 0 0
2847 2 1 1 2 0.5 1 0.5
28472 1 1 1 1 1 1 1
2852 42 3 3 42 0.0714285714285714 1 0.0714285714285714
2857 147 14 10 151 0.0680272108843537 0.714285714285714 0.0662251655629139
286 340 26 22 344 0.0647058823529412 0.846153846153846 0.063953488372093
28678 2 1 1 2 0.5 1 0.5
28697 15 2 2 15 0.133333333333333 1 0.133333333333333
28716 50 1 1 50 0.02 1 0.02
28725 4 1 0 5 0 0 0
28788 43 3 3 43 0.0697674418604651 1 0.0697674418604651
28792 9 2 1 10 0.111111111111111 0.5 0.1
28824 2 1 0 3 0 0 0
2884 6 2 2 6 0.333333333333333 1 0.333333333333333
28855 10 1 1 10 0.1 1 0.1
28857 7 4 2 9 0.285714285714286 0.5 0.222222222222222
2895 9 2 2 9 0.222222222222222 1 0.222222222222222
2905 25 2 0 27 0 0 0
2907 75 3 2 76 0.0266666666666667 0.666666666666667 0.0263157894736842
29134 3 1 0 4 0 0 0
2914 593 148 82 659 0.138279932546374 0.554054054054054 0.12443095599393
29147 1 1 0 2 0 0 0
2915 7 8 1 14 0.142857142857143 0.125 0.0714285714285714
29208 27 4 4 27 0.148148148148148 1 0.148148148148148
29216 1 2 1 2 1 0.5 0.5
29243 2 1 1 2 0.5 1 0.5
29259 2 2 2 2 1 1 1
293 130 25 18 137 0.138461538461538 0.72 0.131386861313869
29317 1 1 1 1 1 1 1
29372 1 1 0 2 0 0 0
29402 8 1 0 9 0 0 0
29405 5 1 1 5 0.2 1 0.2
29422 21 3 2 22 0.0952380952380952 0.666666666666667 0.0909090909090909
29449 32 15 7 40 0.21875 0.466666666666667 0.175
29452 2 2 1 3 0.5 0.5 0.333333333333333
29527 38 8 6 40 0.157894736842105 0.75 0.15
29632 10 3 0 13 0 0 0
29636 168 23 22 169 0.130952380952381 0.956521739130435 0.130177514792899
29668 34 2 1 35 0.0294117647058824 0.5 0.0285714285714286
29670 4 1 1 4 0.25 1 0.25
29686 299 73 70 302 0.234113712374582 0.958904109589041 0.231788079470199
29748 25 7 4 28 0.16 0.571428571428571 0.142857142857143
29791 50 3 1 52 0.02 0.333333333333333 0.0192307692307692
29877 5 1 0 6 0 0 0
3 4 1 0 5 0 0 0
30008 2 1 1 2 0.5 1 0.5
30071 26 101 12 115 0.461538461538462 0.118811881188119 0.104347826086957
30128 3 3 2 4 0.666666666666667 0.666666666666667 0.5
30129 2 2 2 2 1 1 1
30132 11 3 3 11 0.272727272727273 1 0.272727272727273
30374 2 1 0 3 0 0 0
30528 6 1 1 6 0.166666666666667 1 0.166666666666667
30653 19 4 2 21 0.105263157894737 0.5 0.0952380952380952
30781 33 2 2 33 0.0606060606060606 1 0.0606060606060606
30834 7 2 2 7 0.285714285714286 1 0.285714285714286
30880 6 1 1 6 0.166666666666667 1 0.166666666666667
30913 19 3 1 21 0.0526315789473684 0.333333333333333 0.0476190476190476
31065 5 2 0 7 0 0 0
31117 12 1 1 12 0.0833333333333333 1 0.0833333333333333
31127 3 1 1 3 0.333333333333333 1 0.333333333333333
31265 1 1 1 1 1 1 1
31283 29 2 2 29 0.0689655172413793 1 0.0689655172413793
31333 7 3 3 7 0.428571428571429 1 0.428571428571429
31383 26 10 4 32 0.153846153846154 0.4 0.125
3140 1 1 1 1 1 1 1
31424 12 1 1 12 0.0833333333333333 1 0.0833333333333333
31458 47 2 1 48 0.0212765957446809 0.5 0.0208333333333333
31477 17 2 2 17 0.117647058823529 1 0.117647058823529
31479 4 1 1 4 0.25 1 0.25
31529 27 2 1 28 0.037037037037037 0.5 0.0357142857142857
31530 9 4 3 10 0.333333333333333 0.75 0.3
31708 5 2 2 5 0.4 1 0.4
31985 6 1 0 7 0 0 0
32034 5 4 3 6 0.6 0.75 0.5
3212 47 1 1 47 0.0212765957446809 1 0.0212765957446809
3213 131 9 8 132 0.0610687022900763 0.888888888888889 0.0606060606060606
3221 2 1 1 2 0.5 1 0.5
3224 1 1 1 1 1 1 1
32361 7 2 2 7 0.285714285714286 1 0.285714285714286
3243 13 3 2 14 0.153846153846154 0.666666666666667 0.142857142857143
32459 3 1 1 3 0.333333333333333 1 0.333333333333333
3246 102 1 1 102 0.00980392156862745 1 0.00980392156862745
3248 43 5 3 45 0.0697674418604651 0.6 0.0666666666666667
3249 47 10 7 50 0.148936170212766 0.7 0.14
3257 403 165 82 486 0.203473945409429 0.496969696969697 0.168724279835391
3265 41 13 7 47 0.170731707317073 0.538461538461538 0.148936170212766
3277 111 1 0 112 0 0 0
3292 312 10 7 315 0.0224358974358974 0.7 0.0222222222222222
32978 2 1 1 2 0.5 1 0.5
3301 55 2 2 55 0.0363636363636364 1 0.0363636363636364
3303 407 22 16 413 0.0393120393120393 0.727272727272727 0.0387409200968523
3320 447 12 7 452 0.0156599552572707 0.583333333333333 0.0154867256637168
3327 346 13 12 347 0.0346820809248555 0.923076923076923 0.0345821325648415
3333 144 5 3 146 0.0208333333333333 0.6 0.0205479452054795
3343 19 7 3 23 0.157894736842105 0.428571428571429 0.130434782608696
33437 1 11 1 11 1 0.0909090909090909 0.0909090909090909
3344 24 14 6 32 0.25 0.428571428571429 0.1875
3352 58 3 1 60 0.0172413793103448 0.333333333333333 0.0166666666666667
3356 1507 42 36 1513 0.0238885202388852 0.857142857142857 0.0237937871777925
33843 30 9 5 34 0.166666666666667 0.555555555555556 0.147058823529412
33891 12 4 4 12 0.333333333333333 1 0.333333333333333
34081 3 2 2 3 0.666666666666667 1 0.666666666666667
34159 5 1 1 5 0.2 1 0.2
34225 8 5 3 10 0.375 0.6 0.3
34243 1 1 1 1 1 1 1
34270 34 4 2 36 0.0588235294117647 0.5 0.0555555555555556
34288 5 2 1 6 0.2 0.5 0.166666666666667
34309 22 37 7 52 0.318181818181818 0.189189189189189 0.134615384615385
34419 9 5 3 11 0.333333333333333 0.6 0.272727272727273
34549 8 2 0 10 0 0 0
34631 3 3 2 4 0.666666666666667 0.666666666666667 0.5
34763 64 12 5 71 0.078125 0.416666666666667 0.0704225352112676
34958 2 1 1 2 0.5 1 0.5
35003 2 1 1 2 0.5 1 0.5
35028 33 4 4 33 0.121212121212121 1 0.121212121212121
35244 22 11 8 25 0.363636363636364 0.727272727272727 0.32
35272 3 1 1 3 0.333333333333333 1 0.333333333333333
35292 7 1 0 8 0 0 0
35425 7 1 1 7 0.142857142857143 1 0.142857142857143
35485 4 1 1 4 0.25 1 0.25
3549 1007 80 64 1023 0.0635551142005958 0.8 0.0625610948191593
35492 4 1 1 4 0.25 1 0.25
3551 1 1 0 2 0 0 0
3557 83 19 9 93 0.108433734939759 0.473684210526316 0.0967741935483871
35612 4 2 0 6 0 0 0
35627 6 1 1 6 0.166666666666667 1 0.166666666666667
35706 14 4 2 16 0.142857142857143 0.5 0.125
3597 9 1 1 9 0.111111111111111 1 0.111111111111111
36351 5 1 1 5 0.2 1 0.2
3640 4 1 1 4 0.25 1 0.25
36472 7 1 0 8 0 0 0
3662 14 1 1 14 0.0714285714285714 1 0.0714285714285714
36856 2 2 0 4 0 0 0
36944 1 1 1 1 1 1 1
376 15 1 1 15 0.0666666666666667 1 0.0666666666666667
378 3 1 1 3 0.333333333333333 1 0.333333333333333
3790 3 1 1 3 0.333333333333333 1 0.333333333333333
38005 2 2 2 2 1 1 1
38018 8 3 3 8 0.375 1 0.375
38022 16 3 3 16 0.1875 1 0.1875
38083 2 1 1 2 0.5 1 0.5
38128 1 1 0 2 0 0 0
38140 2 1 1 2 0.5 1 0.5
3825 1 3 0 4 0 0 0
3836 5 11 2 14 0.4 0.181818181818182 0.142857142857143
3839 1 1 1 1 1 1 1
38462 2 1 1 2 0.5 1 0.5
38626 1 1 1 1 1 1 1
38986 3 1 1 3 0.333333333333333 1 0.333333333333333
39122 7 1 1 7 0.142857142857143 1 0.142857142857143
39211 1 1 1 1 1 1 1
39301 2 2 2 2 1 1 1
39326 41 9 6 44 0.146341463414634 0.666666666666667 0.136363636363636
39854 1 1 1 1 1 1 1
3999 1 1 1 1 1 1 1
40009 32 3 2 33 0.0625 0.666666666666667 0.0606060606060606
40193 4 1 0 5 0 0 0
40220 11 2 2 11 0.181818181818182 1 0.181818181818182
40490 2 1 1 2 0.5 1 0.5
40528 3 2 2 3 0.666666666666667 1 0.666666666666667
41045 3 1 1 3 0.333333333333333 1 0.333333333333333
41075 3 1 0 4 0 0 0
41102 2 6 1 7 0.5 0.166666666666667 0.142857142857143
4134 82 2 0 84 0 0 0
41670 1 1 0 2 0 0 0
41692 47 67 17 97 0.361702127659574 0.253731343283582 0.175257731958763
41773 1 1 1 1 1 1 1
42 83 2 2 83 0.0240963855421687 1 0.0240963855421687
42689 10 1 1 10 0.1 1 0.1
4436 86 10 9 87 0.104651162790698 0.9 0.103448275862069
4538 20 6 4 22 0.2 0.666666666666667 0.181818181818182
4555 1 4 0 5 0 0 0
4557 10 2 2 10 0.2 1 0.2
4589 678 55 50 683 0.0737463126843658 0.909090909090909 0.0732064421669107
4608 2 2 1 3 0.5 0.5 0.333333333333333
4618 17 5 1 21 0.0588235294117647 0.2 0.0476190476190476
4621 31 5 4 32 0.129032258064516 0.8 0.125
4635 74 10 9 75 0.121621621621622 0.9 0.12
4641 3 2 1 4 0.333333333333333 0.5 0.25
4645 17 2 1 18 0.0588235294117647 0.5 0.0555555555555556
4651 30 8 5 33 0.166666666666667 0.625 0.151515151515152
4673 8 1 1 8 0.125 1 0.125
4675 6 5 1 10 0.166666666666667 0.2 0.1
4677 6 1 1 6 0.166666666666667 1 0.166666666666667
4678 9 6 3 12 0.333333333333333 0.5 0.25
4680 11 5 2 14 0.181818181818182 0.4 0.142857142857143
4685 9 5 3 11 0.333333333333333 0.6 0.272727272727273
4688 9 6 2 13 0.222222222222222 0.333333333333333 0.153846153846154
4691 9 11 3 17 0.333333333333333 0.272727272727273 0.176470588235294
4697 3 12 3 12 1 0.25 0.25
4702 5 3 1 7 0.2 0.333333333333333 0.142857142857143
4713 83 4 4 83 0.0481927710843374 1 0.0481927710843374
4716 78 21 9 90 0.115384615384615 0.428571428571429 0.1
4717 3 2 2 3 0.666666666666667 1 0.666666666666667
4718 3 4 1 6 0.333333333333333 0.25 0.166666666666667
4721 11 6 1 16 0.0909090909090909 0.166666666666667 0.0625
4725 125 29 14 140 0.112 0.482758620689655 0.1
4741 9 2 0 11 0 0 0
4747 9 2 0 11 0 0 0
4750 46 4 1 49 0.0217391304347826 0.25 0.0204081632653061
4755 105 2 1 106 0.00952380952380952 0.5 0.00943396226415094
4761 51 2 1 52 0.0196078431372549 0.5 0.0192307692307692
4775 47 1 1 47 0.0212765957446809 1 0.0212765957446809
4777 35 7 4 38 0.114285714285714 0.571428571428571 0.105263157894737
4780 26 2 1 27 0.0384615384615385 0.5 0.037037037037037
4782 3 1 0 4 0 0 0
4787 8 5 0 13 0 0 0
4788 150 8 6 152 0.04 0.75 0.0394736842105263
4795 40 4 1 43 0.025 0.25 0.0232558139534884
4796 3 1 1 3 0.333333333333333 1 0.333333333333333
4818 4 1 0 5 0 0 0
4829 2 1 1 2 0.5 1 0.5
5050 18 2 2 18 0.111111111111111 1 0.111111111111111
513 44 9 6 47 0.136363636363636 0.666666666666667 0.127659574468085
5381 13 3 1 15 0.0769230769230769 0.333333333333333 0.0666666666666667
5385 12 8 4 16 0.333333333333333 0.5 0.25
5403 19 2 2 19 0.105263157894737 1 0.105263157894737
5408 29 2 1 30 0.0344827586206897 0.5 0.0333333333333333
5410 52 5 3 54 0.0576923076923077 0.6 0.0555555555555556
5413 200 2 1 201 0.005 0.5 0.00497512437810945
5421 3 1 1 3 0.333333333333333 1 0.333333333333333
5430 325 22 18 329 0.0553846153846154 0.818181818181818 0.0547112462006079
5459 243 11 11 243 0.0452674897119342 1 0.0452674897119342
5466 68 2 1 69 0.0147058823529412 0.5 0.0144927536231884
5486 39 2 0 41 0 0 0
5511 172 21 17 176 0.0988372093023256 0.80952380952381 0.0965909090909091
553 44 18 13 49 0.295454545454545 0.722222222222222 0.26530612244898
5537 25 2 1 26 0.04 0.5 0.0384615384615385
5539 38 40 15 63 0.394736842105263 0.375 0.238095238095238
5549 2 2 2 2 1 1 1
5550 5 2 1 6 0.2 0.5 0.166666666666667
5568 95 9 5 99 0.0526315789473684 0.555555555555556 0.0505050505050505
559 57 18 16 59 0.280701754385965 0.888888888888889 0.271186440677966
5602 18 3 2 19 0.111111111111111 0.666666666666667 0.105263157894737
5609 2 3 0 5 0 0 0
5617 150 1 1 150 0.00666666666666667 1 0.00666666666666667
5623 1 2 0 3 0 0 0
5669 10 3 0 13 0 0 0
57 21 3 3 21 0.142857142857143 1 0.142857142857143
5707 3 1 1 3 0.333333333333333 1 0.333333333333333
5713 143 3 2 144 0.013986013986014 0.666666666666667 0.0138888888888889
577 116 1 1 116 0.00862068965517241 1 0.00862068965517241
6057 5 1 1 5 0.2 1 0.2
6062 10 2 0 12 0 0 0
6066 3 1 0 4 0 0 0
6083 28 12 9 31 0.321428571428571 0.75 0.290322580645161
6140 117 1 0 118 0 0 0
6163 10 1 1 10 0.1 1 0.1
6182 1 1 1 1 1 1 1
6263 3 1 1 3 0.333333333333333 1 0.333333333333333
6320 318 1 0 319 0 0 0
6342 4 1 0 5 0 0 0
6360 11 2 2 11 0.181818181818182 1 0.181818181818182
6435 3 9 0 12 0 0 0
6453 447 57 48 456 0.10738255033557 0.842105263157895 0.105263157894737
6509 41 5 5 41 0.121951219512195 1 0.121951219512195
6536 15 1 0 16 0 0 0
65500 8 1 0 9 0 0 0
65501 1 1 0 2 0 0 0
6619 15 2 1 16 0.0666666666666667 0.5 0.0625
6629 3 1 1 3 0.333333333333333 1 0.333333333333333
6648 33 1 1 33 0.0303030303030303 1 0.0303030303030303
6666 34 18 11 41 0.323529411764706 0.611111111111111 0.268292682926829
6667 492 86 83 495 0.16869918699187 0.965116279069767 0.167676767676768
668 36 7 3 40 0.0833333333333333 0.428571428571429 0.075
6695 162 18 16 164 0.0987654320987654 0.888888888888889 0.0975609756097561
6696 10 3 2 11 0.2 0.666666666666667 0.181818181818182
6706 8 4 3 9 0.375 0.75 0.333333333333333
6730 610 4 4 610 0.00655737704918033 1 0.00655737704918033
6762 140 32 23 149 0.164285714285714 0.71875 0.154362416107383
6770 45 14 8 51 0.177777777777778 0.571428571428571 0.156862745098039
6772 12 4 4 12 0.333333333333333 1 0.333333333333333
6774 75 10 9 76 0.12 0.9 0.118421052631579
6775 5 1 1 5 0.2 1 0.2
680 50 11 8 53 0.16 0.727272727272727 0.150943396226415
6802 8 2 2 8 0.25 1 0.25
6830 281 61 27 315 0.096085409252669 0.442622950819672 0.0857142857142857
6881 70 1 1 70 0.0142857142857143 1 0.0142857142857143
6895 5 1 1 5 0.2 1 0.2
6939 714 123 99 738 0.138655462184874 0.804878048780488 0.134146341463415
6968 2 1 1 2 0.5 1 0.5
701 2814 14 10 2818 0.00355366027007818 0.714285714285714 0.0035486160397445
7018 2105 9 5 2109 0.00237529691211401 0.555555555555556 0.00237079184447606
7019 1 1 1 1 1 1 1
7065 16 3 1 18 0.0625 0.333333333333333 0.0555555555555556
7066 22 3 3 22 0.136363636363636 1 0.136363636363636
719 14 1 0 15 0 0 0
7377 4 1 0 5 0 0 0
7470 28 1 1 28 0.0357142857142857 1 0.0357142857142857
7500 64 8 4 68 0.0625 0.5 0.0588235294117647
7514 20 8 4 24 0.2 0.5 0.166666666666667
7516 4 1 0 5 0 0 0
7521 4 2 1 5 0.25 0.5 0.2
7522 6 7 2 11 0.333333333333333 0.285714285714286 0.181818181818182
7530 2 4 0 6 0 0 0
7539 25 8 7 26 0.28 0.875 0.269230769230769
7573 1 1 1 1 1 1 1
7575 434 83 79 438 0.182027649769585 0.951807228915663 0.180365296803653
7588 2 1 1 2 0.5 1 0.5
7606 49 3 3 49 0.0612244897959184 1 0.0612244897959184
7610 12 1 0 13 0 0 0
766 18 5 4 19 0.222222222222222 0.8 0.210526315789474
7660 39 19 14 44 0.358974358974359 0.736842105263158 0.318181818181818
7665 2 1 1 2 0.5 1 0.5
7667 5 2 1 6 0.2 0.5 0.166666666666667
7668 10 1 0 11 0 0 0
7670 20 2 1 21 0.05 0.5 0.0476190476190476
7671 4 31 3 32 0.75 0.0967741935483871 0.09375
7682 11 3 2 12 0.181818181818182 0.666666666666667 0.166666666666667
7687 4 1 1 4 0.25 1 0.25
7753 6 1 1 6 0.166666666666667 1 0.166666666666667
7781 3 5 1 7 0.333333333333333 0.2 0.142857142857143
7784 32 3 2 33 0.0625 0.666666666666667 0.0606060606060606
7786 7 2 1 8 0.142857142857143 0.5 0.125
786 53 7 3 57 0.0566037735849057 0.428571428571429 0.0526315789473684
790 1 2 1 2 1 0.5 0.5
7902 15 1 1 15 0.0666666666666667 1 0.0666666666666667
7908 38 5 3 40 0.0789473684210526 0.6 0.075
7949 10 2 0 12 0 0 0
8002 40 3 2 41 0.05 0.666666666666667 0.0487804878048781
8018 2 1 1 2 0.5 1 0.5
81 17 1 1 17 0.0588235294117647 1 0.0588235294117647
8121 40 7 4 43 0.1 0.571428571428571 0.0930232558139535
8195 45 7 5 47 0.111111111111111 0.714285714285714 0.106382978723404
8201 6 1 0 7 0 0 0
8220 512 14 9 517 0.017578125 0.642857142857143 0.0174081237911025
8224 8 4 3 9 0.375 0.75 0.333333333333333
8226 3 2 0 5 0 0 0
8237 6 2 2 6 0.333333333333333 1 0.333333333333333
8246 168 1 0 169 0 0 0
8256 1 1 1 1 1 1 1
8267 2 1 1 2 0.5 1 0.5
8282 10 4 1 13 0.1 0.25 0.0769230769230769
8299 7 1 0 8 0 0 0
8312 9 1 0 10 0 0 0
8319 30 12 9 33 0.3 0.75 0.272727272727273
8330 6 3 1 8 0.166666666666667 0.333333333333333 0.125
8346 3 2 2 3 0.666666666666667 1 0.666666666666667
8364 10 1 0 11 0 0 0
8365 97 18 13 102 0.134020618556701 0.722222222222222 0.127450980392157
8368 13 2 2 13 0.153846153846154 1 0.153846153846154
8387 14 1 1 14 0.0714285714285714 1 0.0714285714285714
8396 2 1 0 3 0 0 0
8419 206 5 4 207 0.0194174757281553 0.8 0.0193236714975845
8422 93 9 3 99 0.032258064516129 0.333333333333333 0.0303030303030303
8426 260 11 9 262 0.0346153846153846 0.818181818181818 0.0343511450381679
8442 20 13 6 27 0.3 0.461538461538462 0.222222222222222
8447 489 20 17 492 0.0347648261758691 0.85 0.0345528455284553
8468 491 2 2 491 0.00407331975560081 1 0.00407331975560081
8469 30 11 8 33 0.266666666666667 0.727272727272727 0.242424242424242
8473 27 5 2 30 0.0740740740740741 0.4 0.0666666666666667
8481 5 1 0 6 0 0 0
8489 6 2 1 7 0.166666666666667 0.5 0.142857142857143
8495 13 1 1 13 0.0769230769230769 1 0.0769230769230769
8501 32 10 10 32 0.3125 1 0.3125
8508 5 1 1 5 0.2 1 0.2
8517 17 1 1 17 0.0588235294117647 1 0.0588235294117647
852 138 1 1 138 0.0072463768115942 1 0.0072463768115942
8527 18 2 2 18 0.111111111111111 1 0.111111111111111
855 22 1 1 22 0.0454545454545455 1 0.0454545454545455
8560 67 17 12 72 0.17910447761194 0.705882352941177 0.166666666666667
8565 14 1 0 15 0 0 0
8586 68 5 3 70 0.0441176470588235 0.6 0.0428571428571429
8591 26 5 3 28 0.115384615384615 0.6 0.107142857142857
8657 96 4 2 98 0.0208333333333333 0.5 0.0204081632653061
8664 7 2 1 8 0.142857142857143 0.5 0.125
8665 20 15 8 27 0.4 0.533333333333333 0.296296296296296
8674 49 4 3 50 0.0612244897959184 0.75 0.06
8708 249 6 5 250 0.0200803212851406 0.833333333333333 0.02
8717 54 1 1 54 0.0185185185185185 1 0.0185185185185185
8728 1 1 1 1 1 1 1
8737 38 7 4 41 0.105263157894737 0.571428571428571 0.0975609756097561
8758 8 2 2 8 0.25 1 0.25
8763 142 38 35 145 0.246478873239437 0.921052631578947 0.241379310344828
8767 54 19 12 61 0.222222222222222 0.631578947368421 0.19672131147541
8781 6 2 0 8 0 0 0
8820 9 4 3 10 0.333333333333333 0.75 0.3
8823 6 2 1 7 0.166666666666667 0.5 0.142857142857143
8881 133 9 7 135 0.0526315789473684 0.777777777777778 0.0518518518518519
8897 55 12 6 61 0.109090909090909 0.5 0.0983606557377049
8903 12 5 0 17 0 0 0
8943 18 3 2 19 0.111111111111111 0.666666666666667 0.105263157894737
8954 21 7 3 25 0.142857142857143 0.428571428571429 0.12
8966 77 1 1 77 0.012987012987013 1 0.012987012987013
8970 2 1 1 2 0.5 1 0.5
8975 73 3 3 73 0.0410958904109589 1 0.0410958904109589
8978 4 2 1 5 0.25 0.5 0.2
9009 231 41 29 243 0.125541125541126 0.707317073170732 0.119341563786008
9052 3 1 0 4 0 0 0
9080 10 3 2 11 0.2 0.666666666666667 0.181818181818182
9085 6 2 1 7 0.166666666666667 0.5 0.142857142857143
9112 9 1 1 9 0.111111111111111 1 0.111111111111111
9150 32 1 1 32 0.03125 1 0.03125
9153 36 4 4 36 0.111111111111111 1 0.111111111111111
9162 2 1 0 3 0 0 0
9264 25 39 7 57 0.28 0.179487179487179 0.12280701754386
9270 29 8 6 31 0.206896551724138 0.75 0.193548387096774
9299 42 2 1 43 0.0238095238095238 0.5 0.0232558139534884
9316 36 1 0 37 0 0 0
9327 2 1 0 3 0 0 0
9340 7 2 0 9 0 0 0
9367 3 1 1 3 0.333333333333333 1 0.333333333333333
9406 2 1 0 3 0 0 0
9411 2 1 1 2 0.5 1 0.5
9464 1 1 0 2 0 0 0
9505 110 4 3 111 0.0272727272727273 0.75 0.027027027027027
9541 6 2 0 8 0 0 0
9543 2 1 1 2 0.5 1 0.5
9583 35 1 0 36 0 0 0
9584 7 1 1 7 0.142857142857143 1 0.142857142857143
9595 12 2 2 12 0.166666666666667 1 0.166666666666667
9600 6 7 3 10 0.5 0.428571428571429 0.3
9607 9 2 0 11 0 0 0
9612 1 1 0 2 0 0 0
9619 2 2 2 2 1 1 1
9621 3 6 1 8 0.333333333333333 0.166666666666667 0.125
9622 6 1 1 6 0.166666666666667 1 0.166666666666667
9687 2 1 1 2 0.5 1 0.5
9700 6 2 2 6 0.333333333333333 1 0.333333333333333
9758 1 1 0 2 0 0 0
9800 34 2 0 36 0 0 0
9821 3 2 2 3 0.666666666666667 1 0.666666666666667
9835 3 2 0 5 0 0 0
9901 20 2 1 21 0.05 0.5 0.0476190476190476
9919 19 1 0 20 0 0 0
9930 19 1 1 19 0.0526315789473684 1 0.0526315789473684
9931 25 1 1 25 0.04 1 0.04
9995 3 2 2 3 0.666666666666667 1 0.666666666666667
