#ASN num_v4adj num_v6adj num_intersect(v4v6adj) num_union(adj) fr_v4(num_intersect/num_v4adj) fr_v6(num_intersect/num_v6adj) fr_intersect(num_intersect/num_union)
10013 3 8 1 10 0.333333333333333 0.125 0.1
10015 13 1 0 14 0 0 0
10204 5 2 1 6 0.2 0.5 0.166666666666667
10318 4 3 0 7 0 0 0
10764 9 2 2 9 0.222222222222222 1 0.222222222222222
109 8 29 1 36 0.125 0.0344827586206897 0.0277777777777778
1103 146 34 30 150 0.205479452054795 0.882352941176471 0.2
11085 1 2 0 3 0 0 0
11340 5 2 2 5 0.4 1 0.4
11537 76 25 23 78 0.302631578947368 0.92 0.294871794871795
11588 11 1 0 12 0 0 0
1200 30 7 5 32 0.166666666666667 0.714285714285714 0.15625
1205 1 1 0 2 0 0 0
1213 6 4 4 6 0.666666666666667 1 0.666666666666667
12199 1 2 0 3 0 0 0
1221 85 4 1 88 0.0117647058823529 0.25 0.0113636363636364
12337 23 7 3 27 0.130434782608696 0.428571428571429 0.111111111111111
12353 3 4 1 6 0.333333333333333 0.25 0.166666666666667
12355 3 2 0 5 0 0 0
1237 24 2 2 24 0.0833333333333333 1 0.0833333333333333
12371 2 1 0 3 0 0 0
12414 27 7 5 29 0.185185185185185 0.714285714285714 0.172413793103448
1248 4 2 1 5 0.25 0.5 0.2
1251 4 4 0 8 0 0 0
12533 2 5 1 6 0.5 0.2 0.166666666666667
12558 11 3 1 13 0.0909090909090909 0.333333333333333 0.0769230769230769
12565 4 4 0 8 0 0 0
1257 86 6 1 91 0.0116279069767442 0.166666666666667 0.010989010989011
12600 7 1 1 7 0.142857142857143 1 0.142857142857143
12611 19 7 4 22 0.210526315789474 0.571428571428571 0.181818181818182
12634 25 10 5 30 0.2 0.5 0.166666666666667
12638 2 2 0 4 0 0 0
12731 27 8 3 32 0.111111111111111 0.375 0.09375
12732 10 3 3 10 0.3 1 0.3
12767 3 1 0 4 0 0 0
12779 57 9 5 61 0.087719298245614 0.555555555555556 0.0819672131147541
12793 165 6 4 167 0.0242424242424242 0.666666666666667 0.0239520958083832
12853 1 3 0 4 0 0 0
12859 217 50 45 222 0.207373271889401 0.9 0.202702702702703
12871 26 11 5 32 0.192307692307692 0.454545454545455 0.15625
12895 4 1 1 4 0.25 1 0.25
12902 26 9 4 31 0.153846153846154 0.444444444444444 0.129032258064516
12931 3 1 1 3 0.333333333333333 1 0.333333333333333
12968 42 7 1 48 0.0238095238095238 0.142857142857143 0.0208333333333333
1299 273 14 12 275 0.043956043956044 0.857142857142857 0.0436363636363636
13 3 1 1 3 0.333333333333333 1 0.333333333333333
13046 15 1 1 15 0.0666666666666667 1 0.0666666666666667
13058 2 2 0 4 0 0 0
13110 3 8 0 11 0 0 0
13129 247 9 7 249 0.0283400809716599 0.777777777777778 0.0281124497991968
13189 19 1 1 19 0.0526315789473684 1 0.0526315789473684
13193 21 9 2 28 0.0952380952380952 0.222222222222222 0.0714285714285714
13272 1 1 1 1 1 1 1
13285 36 1 0 37 0 0 0
13300 1 1 1 1 1 1 1
13645 10 2 0 12 0 0 0
137 8 4 1 11 0.125 0.25 0.0909090909090909
13944 3 14 0 17 0 0 0
14277 8 8 2 14 0.25 0.25 0.142857142857143
145 11 12 0 23 0 0 0
14654 3 1 0 4 0 0 0
15180 7 4 0 11 0 0 0
15440 5 1 0 6 0 0 0
15444 205 22 16 211 0.0780487804878049 0.727272727272727 0.0758293838862559
15450 3 3 0 6 0 0 0
15469 1 1 0 2 0 0 0
15474 2 1 1 2 0.5 1 0.5
15498 9 3 0 12 0 0 0
15516 4 3 0 7 0 0 0
15557 45 1 0 46 0 0 0
15589 36 18 1 53 0.0277777777777778 0.0555555555555556 0.0188679245283019
15623 162 9 5 166 0.0308641975308642 0.555555555555556 0.0301204819277108
15685 9 1 1 9 0.111111111111111 1 0.111111111111111
15694 26 6 0 32 0 0 0
15703 85 10 8 87 0.0941176470588235 0.8 0.0919540229885057
15717 46 9 5 50 0.108695652173913 0.555555555555556 0.1
15861 7 1 0 8 0 0 0
15897 1 2 0 3 0 0 0
15982 6 10 1 15 0.166666666666667 0.1 0.0666666666666667
16004 9 4 1 12 0.111111111111111 0.25 0.0833333333333333
16023 3 1 0 4 0 0 0
16086 14 5 2 17 0.142857142857143 0.4 0.117647058823529
16091 2 2 0 4 0 0 0
16128 9 1 1 9 0.111111111111111 1 0.111111111111111
16186 5 6 1 10 0.2 0.166666666666667 0.1
16215 10 4 3 11 0.3 0.75 0.272727272727273
16237 23 4 2 25 0.0869565217391304 0.5 0.08
16245 11 3 2 12 0.181818181818182 0.666666666666667 0.166666666666667
1653 24 2 1 25 0.0416666666666667 0.5 0.04
16531 6 1 0 7 0 0 0
16713 23 2 1 24 0.0434782608695652 0.5 0.0416666666666667
16838 7 1 0 8 0 0 0
17263 4 1 0 5 0 0 0
1741 9 3 2 10 0.222222222222222 0.666666666666667 0.2
17511 8 2 0 10 0 0 0
17527 5 6 2 9 0.4 0.333333333333333 0.222222222222222
17529 6 1 0 7 0 0 0
17579 8 7 6 9 0.75 0.857142857142857 0.666666666666667
1759 39 1 1 39 0.0256410256410256 1 0.0256410256410256
17828 2 1 0 3 0 0 0
17832 4 9 0 13 0 0 0
17934 1 1 0 2 0 0 0
17935 1 1 0 2 0 0 0
1797 1 3 0 4 0 0 0
1798 4 2 0 6 0 0 0
18098 1 1 0 2 0 0 0
18181 3 1 1 3 0.333333333333333 1 0.333333333333333
18185 5 1 1 5 0.2 1 0.2
1835 8 3 3 8 0.375 1 0.375
1853 87 13 11 89 0.126436781609195 0.846153846153846 0.123595505617978
18592 20 3 3 20 0.15 1 0.15
1897 9 2 1 10 0.111111111111111 0.5 0.1
1916 16 8 2 22 0.125 0.25 0.0909090909090909
1930 5 10 2 13 0.4 0.2 0.153846153846154
1955 10 3 1 12 0.1 0.333333333333333 0.0833333333333333
20080 12 4 4 12 0.333333333333333 1 0.333333333333333
2042 11 11 1 21 0.0909090909090909 0.0909090909090909 0.0476190476190476
20495 64 6 3 67 0.046875 0.5 0.0447761194029851
20569 7 3 2 8 0.285714285714286 0.666666666666667 0.25
20621 2 1 1 2 0.5 1 0.5
20646 41 10 8 43 0.195121951219512 0.8 0.186046511627907
20704 12 3 2 13 0.166666666666667 0.666666666666667 0.153846153846154
20712 6 1 0 7 0 0 0
20718 24 4 3 25 0.125 0.75 0.12
20745 2 4 0 6 0 0 0
20794 3 3 1 5 0.333333333333333 0.333333333333333 0.2
20834 29 6 0 35 0 0 0
20847 38 8 5 41 0.131578947368421 0.625 0.121951219512195
209 1095 1 1 1095 0.00091324200913242 1 0.00091324200913242
20900 2 1 0 3 0 0 0
20965 39 31 31 39 0.794871794871795 1 0.794871794871795
2107 1 1 1 1 1 1 1
2108 1 1 1 1 1 1 1
2110 42 8 3 47 0.0714285714285714 0.375 0.0638297872340425
21119 6 2 0 8 0 0 0
21155 35 10 5 40 0.142857142857143 0.5 0.125
21193 2 1 1 2 0.5 1 0.5
21202 40 1 1 40 0.025 1 0.025
21221 29 8 5 32 0.172413793103448 0.625 0.15625
2128 2 2 2 2 1 1 1
21385 22 5 3 24 0.136363636363636 0.6 0.125
21392 26 6 2 30 0.0769230769230769 0.333333333333333 0.0666666666666667
21398 22 3 0 25 0 0 0
2200 41 6 3 44 0.0731707317073171 0.5 0.0681818181818182
22166 2 1 0 3 0 0 0
22335 20 1 0 21 0 0 0
224 6 3 2 7 0.333333333333333 0.666666666666667 0.285714285714286
22548 4 2 0 6 0 0 0
23609 1 1 0 2 0 0 0
23774 3 2 1 4 0.333333333333333 0.5 0.25
23787 1 1 1 1 1 1 1
2381 18 1 1 18 0.0555555555555556 1 0.0555555555555556
23910 1 1 0 2 0 0 0
23911 3 2 2 3 0.666666666666667 1 0.666666666666667
23912 1 1 1 1 1 1 1
24 7 1 1 7 0.142857142857143 1 0.142857142857143
24587 36 8 4 40 0.111111111111111 0.5 0.1
24730 36 6 2 40 0.0555555555555556 0.333333333333333 0.05
24776 3 2 1 4 0.333333333333333 0.5 0.25
2486 11 1 1 11 0.0909090909090909 1 0.0909090909090909
24875 49 7 4 52 0.0816326530612245 0.571428571428571 0.0769230769230769
2497 200 53 37 216 0.185 0.69811320754717 0.171296296296296
24973 2 1 1 2 0.5 1 0.5
2500 28 48 12 64 0.428571428571429 0.25 0.1875
2510 14 7 3 18 0.214285714285714 0.428571428571429 0.166666666666667
25108 13 2 1 14 0.0769230769230769 0.5 0.0714285714285714
25137 22 5 1 26 0.0454545454545455 0.2 0.0384615384615385
2514 16 6 3 19 0.1875 0.5 0.157894736842105
25152 19 1 1 19 0.0526315789473684 1 0.0526315789473684
2516 302 44 34 312 0.112582781456954 0.772727272727273 0.108974358974359
2518 51 8 4 55 0.0784313725490196 0.5 0.0727272727272727
25208 5 2 0 7 0 0 0
25232 141 4 3 142 0.0212765957446809 0.75 0.0211267605633803
2527 8 8 3 13 0.375 0.375 0.230769230769231
25358 11 11 1 21 0.0909090909090909 0.0909090909090909 0.0476190476190476
25384 6 2 0 8 0 0 0
2549 1 5 1 5 1 0.2 0.2
25538 2 1 0 3 0 0 0
2595 4 2 1 5 0.25 0.5 0.2
2602 2 2 1 3 0.5 0.5 0.333333333333333
2603 34 10 7 37 0.205882352941176 0.7 0.189189189189189
2607 43 5 0 48 0 0 0
2609 3 1 0 4 0 0 0
2611 40 5 4 41 0.1 0.8 0.0975609756097561
2614 9 2 1 10 0.111111111111111 0.5 0.1
27319 20 2 2 20 0.1 1 0.1
27552 4 1 1 4 0.25 1 0.25
278 9 8 1 16 0.111111111111111 0.125 0.0625
2819 16 3 0 19 0 0 0
2847 2 3 1 4 0.5 0.333333333333333 0.25
2852 6 4 3 7 0.5 0.75 0.428571428571429
28747 190 2 2 190 0.0105263157894737 1 0.0105263157894737
28855 7 3 2 8 0.285714285714286 0.666666666666667 0.25
2895 4 1 1 4 0.25 1 0.25
290 8 9 4 13 0.5 0.444444444444444 0.307692307692308
2905 26 2 1 27 0.0384615384615385 0.5 0.037037037037037
2907 56 4 3 57 0.0535714285714286 0.75 0.0526315789473684
2914 707 97 53 751 0.074964639321075 0.54639175257732 0.0705725699067909
2915 31 11 3 39 0.0967741935483871 0.272727272727273 0.0769230769230769
29188 2 1 0 3 0 0 0
29216 1 2 0 3 0 0 0
29243 2 2 2 2 1 1 1
29259 12 2 1 13 0.0833333333333333 0.5 0.0769230769230769
293 110 19 8 121 0.0727272727272727 0.421052631578947 0.0661157024793388
29377 1 4 0 5 0 0 0
29422 3 1 1 3 0.333333333333333 1 0.333333333333333
29449 2 4 1 5 0.5 0.25 0.2
29623 1 1 1 1 1 1 1
29629 6 1 1 6 0.166666666666667 1 0.166666666666667
29670 2 3 1 4 0.5 0.333333333333333 0.25
29686 37 13 7 43 0.189189189189189 0.538461538461538 0.162790697674419
29789 3 1 1 3 0.333333333333333 1 0.333333333333333
29838 3 1 0 4 0 0 0
3 3 1 0 4 0 0 0
30071 2 19 2 19 1 0.105263157894737 0.105263157894737
30129 1 2 1 2 1 0.5 0.5
31079 1 1 0 2 0 0 0
31103 1 3 0 4 0 0 0
31968 1 1 0 2 0 0 0
3221 1 1 1 1 1 1 1
3243 11 3 0 14 0 0 0
3246 114 31 13 132 0.114035087719298 0.419354838709677 0.0984848484848485
3249 6 2 1 7 0.166666666666667 0.5 0.142857142857143
3257 277 117 48 346 0.173285198555957 0.41025641025641 0.138728323699422
3265 33 13 7 39 0.212121212121212 0.538461538461538 0.179487179487179
3274 3 1 0 4 0 0 0
3292 289 7 4 292 0.013840830449827 0.571428571428571 0.0136986301369863
33 9 11 3 17 0.333333333333333 0.272727272727273 0.176470588235294
3301 28 2 2 28 0.0714285714285714 1 0.0714285714285714
3303 495 26 20 501 0.0404040404040404 0.769230769230769 0.0399201596806387
3320 262 18 6 274 0.0229007633587786 0.333333333333333 0.0218978102189781
3327 5 6 2 9 0.4 0.333333333333333 0.222222222222222
3333 129 20 18 131 0.13953488372093 0.9 0.137404580152672
3344 19 8 2 25 0.105263157894737 0.25 0.08
3352 49 3 0 52 0 0 0
3549 633 31 21 643 0.033175355450237 0.67741935483871 0.0326594090202177
3557 84 14 10 88 0.119047619047619 0.714285714285714 0.113636363636364
3561 407 4 1 410 0.00245700245700246 0.25 0.0024390243902439
3582 4 3 0 7 0 0 0
3597 7 1 1 7 0.142857142857143 1 0.142857142857143
3662 12 1 1 12 0.0833333333333333 1 0.0833333333333333
3741 74 1 0 75 0 0 0
3748 1 8 1 8 1 0.125 0.125
3758 31 7 0 38 0 0 0
3776 9 2 0 11 0 0 0
378 2 1 1 2 0.5 1 0.5
3786 309 3 1 311 0.00323624595469256 0.333333333333333 0.00321543408360129
3825 1 1 0 2 0 0 0
3836 5 5 0 10 0 0 0
4134 67 1 0 68 0 0 0
4270 3 1 0 4 0 0 0
4436 90 4 3 91 0.0333333333333333 0.75 0.032967032967033
4538 11 10 2 19 0.181818181818182 0.2 0.105263157894737
4555 1 12 0 13 0 0 0
4589 425 26 21 430 0.0494117647058823 0.807692307692308 0.0488372093023256
4608 2 1 1 2 0.5 1 0.5
4618 8 8 0 16 0 0 0
4621 24 1 1 24 0.0416666666666667 1 0.0416666666666667
4645 14 1 1 14 0.0714285714285714 1 0.0714285714285714
4651 26 2 0 28 0 0 0
4673 8 1 1 8 0.125 1 0.125
4675 4 7 2 9 0.5 0.285714285714286 0.222222222222222
4677 5 8 2 11 0.4 0.25 0.181818181818182
4678 6 9 2 13 0.333333333333333 0.222222222222222 0.153846153846154
4680 9 7 2 14 0.222222222222222 0.285714285714286 0.142857142857143
4685 7 8 3 12 0.428571428571429 0.375 0.25
4688 13 8 3 18 0.230769230769231 0.375 0.166666666666667
4691 8 15 3 20 0.375 0.2 0.15
4694 82 2 2 82 0.024390243902439 1 0.024390243902439
4702 5 5 2 8 0.4 0.4 0.25
4713 83 2 2 83 0.0240963855421687 1 0.0240963855421687
4716 88 43 14 117 0.159090909090909 0.325581395348837 0.11965811965812
4717 3 2 1 4 0.333333333333333 0.5 0.25
4718 3 6 2 7 0.666666666666667 0.333333333333333 0.285714285714286
4721 6 6 0 12 0 0 0
4725 89 46 6 129 0.0674157303370786 0.130434782608696 0.0465116279069767
4736 13 1 1 13 0.0769230769230769 1 0.0769230769230769
4741 4 2 0 6 0 0 0
4747 8 2 0 10 0 0 0
4750 34 3 0 37 0 0 0
4774 6 3 2 7 0.333333333333333 0.666666666666667 0.285714285714286
4777 26 7 4 29 0.153846153846154 0.571428571428571 0.137931034482759
4780 25 1 1 25 0.04 1 0.04
4787 7 1 0 8 0 0 0
4795 5 2 0 7 0 0 0
5050 10 1 1 10 0.1 1 0.1
513 35 12 5 42 0.142857142857143 0.416666666666667 0.119047619047619
5381 12 2 0 14 0 0 0
5385 9 4 2 11 0.222222222222222 0.5 0.181818181818182
5397 5 1 0 6 0 0 0
5408 31 7 1 37 0.032258064516129 0.142857142857143 0.027027027027027
5410 39 6 2 43 0.0512820512820513 0.333333333333333 0.0465116279069767
5417 143 26 24 145 0.167832167832168 0.923076923076923 0.16551724137931
5418 6 1 1 6 0.166666666666667 1 0.166666666666667
5424 8 11 1 18 0.125 0.0909090909090909 0.0555555555555556
5430 50 8 4 54 0.08 0.5 0.0740740740740741
5459 144 4 4 144 0.0277777777777778 1 0.0277777777777778
5466 56 2 0 58 0 0 0
5511 189 25 11 203 0.0582010582010582 0.44 0.0541871921182266
553 30 8 5 33 0.166666666666667 0.625 0.151515151515152
5539 27 23 6 44 0.222222222222222 0.260869565217391 0.136363636363636
5568 68 3 3 68 0.0441176470588235 1 0.0441176470588235
559 41 17 9 49 0.219512195121951 0.529411764705882 0.183673469387755
5602 15 5 3 17 0.2 0.6 0.176470588235294
5609 2 19 0 21 0 0 0
5617 62 5 0 67 0 0 0
5623 1 5 0 6 0 0 0
5669 73 3 2 74 0.0273972602739726 0.666666666666667 0.027027027027027
6062 8 2 0 10 0 0 0
6066 5 1 1 5 0.2 1 0.2
6163 9 2 0 11 0 0 0
6320 243 1 1 243 0.00411522633744856 1 0.00411522633744856
6342 4 3 0 7 0 0 0
6360 7 1 1 7 0.142857142857143 1 0.142857142857143
6389 29 1 0 30 0 0 0
6435 3 21 0 24 0 0 0
6453 250 8 7 251 0.028 0.875 0.0278884462151394
6461 591 10 9 592 0.0152284263959391 0.9 0.0152027027027027
6509 32 2 2 32 0.0625 1 0.0625
6619 12 1 0 13 0 0 0
6661 23 2 1 24 0.0434782608695652 0.5 0.0416666666666667
6667 360 27 26 361 0.0722222222222222 0.962962962962963 0.07202216066482
668 42 7 3 46 0.0714285714285714 0.428571428571429 0.0652173913043478
6695 63 1 0 64 0 0 0
6696 30 7 3 34 0.1 0.428571428571429 0.0882352941176471
6706 3 2 1 4 0.333333333333333 0.5 0.25
6722 2 1 0 3 0 0 0
6730 179 4 4 179 0.0223463687150838 1 0.0223463687150838
680 41 8 4 45 0.0975609756097561 0.5 0.0888888888888889
6830 73 85 20 138 0.273972602739726 0.235294117647059 0.144927536231884
6895 32 1 1 32 0.03125 1 0.03125
6939 293 49 14 328 0.0477815699658703 0.285714285714286 0.0426829268292683
7018 1746 3 2 1747 0.0011454753722795 0.666666666666667 0.00114481969089868
7065 8 1 1 8 0.125 1 0.125
71 12 2 0 14 0 0 0
7500 65 4 3 66 0.0461538461538462 0.75 0.0454545454545455
7514 14 9 4 19 0.285714285714286 0.444444444444444 0.210526315789474
7516 7 1 0 8 0 0 0
7521 3 2 1 4 0.333333333333333 0.5 0.25
7522 4 5 2 7 0.5 0.4 0.285714285714286
7530 3 3 0 6 0 0 0
7539 17 4 4 17 0.235294117647059 1 0.235294117647059
7570 14 3 2 15 0.142857142857143 0.666666666666667 0.133333333333333
7575 17 4 4 17 0.235294117647059 1 0.235294117647059
7580 1 4 0 5 0 0 0
7610 21 3 1 23 0.0476190476190476 0.333333333333333 0.0434782608695652
7623 11 2 1 12 0.0909090909090909 0.5 0.0833333333333333
766 15 4 3 16 0.2 0.75 0.1875
7660 29 31 13 47 0.448275862068966 0.419354838709677 0.276595744680851
7665 2 1 1 2 0.5 1 0.5
7667 3 5 2 6 0.666666666666667 0.4 0.333333333333333
7668 7 1 1 7 0.142857142857143 1 0.142857142857143
7670 12 2 1 13 0.0833333333333333 0.5 0.0769230769230769
7671 5 37 3 39 0.6 0.0810810810810811 0.0769230769230769
7682 9 2 0 11 0 0 0
7687 4 2 1 5 0.25 0.5 0.2
786 37 14 2 49 0.0540540540540541 0.142857142857143 0.0408163265306122
790 2 7 1 8 0.5 0.142857142857143 0.125
8002 24 5 0 29 0 0 0
8015 9 1 0 10 0 0 0
8070 1 4 0 5 0 0 0
81 10 2 0 12 0 0 0
8121 35 3 2 36 0.0571428571428571 0.666666666666667 0.0555555555555556
8220 635 6 5 636 0.0078740157480315 0.833333333333333 0.00786163522012579
8228 27 1 0 28 0 0 0
8237 7 4 0 11 0 0 0
8251 120 1 1 120 0.00833333333333333 1 0.00833333333333333
8256 2 1 1 2 0.5 1 0.5
8267 2 4 1 5 0.5 0.25 0.2
8447 61 12 5 68 0.0819672131147541 0.416666666666667 0.0735294117647059
8469 22 5 3 24 0.136363636363636 0.6 0.125
8472 48 4 1 51 0.0208333333333333 0.25 0.0196078431372549
8473 20 1 0 21 0 0 0
8501 25 5 5 25 0.2 1 0.2
8514 30 4 1 33 0.0333333333333333 0.25 0.0303030303030303
8517 16 1 1 16 0.0625 1 0.0625
8560 42 8 7 43 0.166666666666667 0.875 0.162790697674419
8591 13 4 2 15 0.153846153846154 0.5 0.133333333333333
8657 56 2 1 57 0.0178571428571429 0.5 0.0175438596491228
8664 12 3 0 15 0 0 0
8665 3 1 0 4 0 0 0
8676 2 2 0 4 0 0 0
8708 116 7 4 119 0.0344827586206897 0.571428571428571 0.0336134453781513
8728 1 1 1 1 1 1 1
8737 40 5 4 41 0.1 0.8 0.0975609756097561
8758 9 4 1 12 0.111111111111111 0.25 0.0833333333333333
8763 23 3 2 24 0.0869565217391304 0.666666666666667 0.0833333333333333
8767 18 4 3 19 0.166666666666667 0.75 0.157894736842105
8781 3 1 1 3 0.333333333333333 1 0.333333333333333
8823 3 1 1 3 0.333333333333333 1 0.333333333333333
8903 35 3 1 37 0.0285714285714286 0.333333333333333 0.027027027027027
8921 1 1 0 2 0 0 0
8925 3 1 0 4 0 0 0
8943 9 1 0 10 0 0 0
8954 24 19 4 39 0.166666666666667 0.210526315789474 0.102564102564103
8966 25 1 1 25 0.04 1 0.04
8970 2 1 1 2 0.5 1 0.5
8973 4 2 0 6 0 0 0
8975 52 2 2 52 0.0384615384615385 1 0.0384615384615385
9044 70 7 2 75 0.0285714285714286 0.285714285714286 0.0266666666666667
9080 6 1 1 6 0.166666666666667 1 0.166666666666667
9112 2 9 1 10 0.5 0.111111111111111 0.1
9196 4 1 0 5 0 0 0
9264 27 14 3 38 0.111111111111111 0.214285714285714 0.0789473684210526
9270 37 8 3 42 0.0810810810810811 0.375 0.0714285714285714
9407 2 3 2 3 1 0.666666666666667 0.666666666666667
9416 15 1 0 16 0 0 0
9595 8 4 2 10 0.25 0.5 0.2
9600 6 9 2 13 0.333333333333333 0.222222222222222 0.153846153846154
9607 8 1 0 9 0 0 0
9612 2 3 0 5 0 0 0
9619 2 2 2 2 1 1 1
9621 2 7 1 8 0.5 0.142857142857143 0.125
9622 7 1 1 7 0.142857142857143 1 0.142857142857143
9687 2 1 1 2 0.5 1 0.5
9701 3 1 0 4 0 0 0
9821 5 1 1 5 0.2 1 0.2
9844 2 1 0 3 0 0 0
9875 4 1 0 5 0 0 0
