#ASN num_v4adj num_v6adj num_intersect(v4v6adj) num_union(adj) fr_v4(num_intersect/num_v4adj) fr_v6(num_intersect/num_v6adj) fr_intersect(num_intersect/num_union)
10013 2 7 1 8 0.5 0.142857142857143 0.125
10015 10 1 0 11 0 0 0
101 48 4 4 48 0.0833333333333333 1 0.0833333333333333
10204 8 5 1 12 0.125 0.2 0.0833333333333333
10318 2 1 0 3 0 0 0
10480 5 1 1 5 0.2 1 0.2
10578 25 2 2 25 0.08 1 0.08
10586 5 2 0 7 0 0 0
10745 1 1 0 2 0 0 0
10778 4 2 2 4 0.5 1 0.5
10886 34 2 2 34 0.0588235294117647 1 0.0588235294117647
109 9 3 0 12 0 0 0
1101 1 1 1 1 1 1 1
1103 170 41 38 173 0.223529411764706 0.926829268292683 0.219653179190751
111 3 1 1 3 0.333333333333333 1 0.333333333333333
1125 1 1 1 1 1 1 1
1126 32 9 6 35 0.1875 0.666666666666667 0.171428571428571
1133 1 1 1 1 1 1 1
11340 3 1 1 3 0.333333333333333 1 0.333333333333333
1140 18 3 1 20 0.0555555555555556 0.333333333333333 0.05
11537 74 39 26 87 0.351351351351351 0.666666666666667 0.298850574712644
11588 13 1 1 13 0.0769230769230769 1 0.0769230769230769
11815 2 1 0 3 0 0 0
11960 4 1 1 4 0.25 1 0.25
11990 4 1 0 5 0 0 0
1200 37 10 8 39 0.216216216216216 0.8 0.205128205128205
12008 28 1 1 28 0.0357142857142857 1 0.0357142857142857
12046 2 1 1 2 0.5 1 0.5
12066 3 1 0 4 0 0 0
12111 24 1 0 25 0 0 0
1213 3 2 2 3 0.666666666666667 1 0.666666666666667
12199 1 2 0 3 0 0 0
1221 89 7 1 95 0.0112359550561798 0.142857142857143 0.0105263157894737
12337 35 11 9 37 0.257142857142857 0.818181818181818 0.243243243243243
12353 3 4 1 6 0.333333333333333 0.25 0.166666666666667
12355 16 7 5 18 0.3125 0.714285714285714 0.277777777777778
1237 29 2 1 30 0.0344827586206897 0.5 0.0333333333333333
12371 2 1 0 3 0 0 0
12386 9 2 2 9 0.222222222222222 1 0.222222222222222
12399 65 1 1 65 0.0153846153846154 1 0.0153846153846154
12401 8 3 1 10 0.125 0.333333333333333 0.1
12414 33 10 7 36 0.212121212121212 0.7 0.194444444444444
12533 1 1 0 2 0 0 0
1257 99 5 1 103 0.0101010101010101 0.2 0.00970873786407767
12600 14 1 1 14 0.0714285714285714 1 0.0714285714285714
12611 36 12 8 40 0.222222222222222 0.666666666666667 0.2
12634 30 11 7 34 0.233333333333333 0.636363636363636 0.205882352941176
12635 7 1 0 8 0 0 0
12637 3 4 0 7 0 0 0
12638 2 3 0 5 0 0 0
12657 2 3 2 3 1 0.666666666666667 0.666666666666667
1273 321 66 39 348 0.121495327102804 0.590909090909091 0.112068965517241
12731 34 11 7 38 0.205882352941176 0.636363636363636 0.184210526315789
12732 17 2 1 18 0.0588235294117647 0.5 0.0555555555555556
12741 44 1 0 45 0 0 0
12767 10 1 0 11 0 0 0
12769 7 1 1 7 0.142857142857143 1 0.142857142857143
12779 62 17 7 72 0.112903225806452 0.411764705882353 0.0972222222222222
12816 1 1 1 1 1 1 1
12817 2 1 1 2 0.5 1 0.5
12853 1 4 0 5 0 0 0
12859 317 65 59 323 0.186119873817035 0.907692307692308 0.18266253869969
12871 30 15 8 37 0.266666666666667 0.533333333333333 0.216216216216216
12895 5 1 1 5 0.2 1 0.2
12902 32 10 8 34 0.25 0.8 0.235294117647059
12931 3 2 0 5 0 0 0
12956 144 9 8 145 0.0555555555555556 0.888888888888889 0.0551724137931034
12968 83 5 2 86 0.0240963855421687 0.4 0.0232558139534884
1299 418 24 21 421 0.0502392344497608 0.875 0.0498812351543943
13 1 1 1 1 1 1 1
13030 603 2 2 603 0.0033167495854063 1 0.0033167495854063
13041 5 1 1 5 0.2 1 0.2
13046 16 1 0 17 0 0 0
13092 4 1 1 4 0.25 1 0.25
13110 4 2 2 4 0.5 1 0.5
13115 4 2 1 5 0.25 0.5 0.2
13189 15 1 1 15 0.0666666666666667 1 0.0666666666666667
13193 47 13 7 53 0.148936170212766 0.538461538461538 0.132075471698113
13237 449 38 31 456 0.0690423162583519 0.815789473684211 0.0679824561403509
13272 1 1 1 1 1 1 1
13645 155 15 13 157 0.0838709677419355 0.866666666666667 0.0828025477707006
13657 4 2 0 6 0 0 0
137 10 3 3 10 0.3 1 0.3
13911 5 1 0 6 0 0 0
13944 1 6 0 7 0 0 0
14277 10 9 2 17 0.2 0.222222222222222 0.117647058823529
15169 86 5 2 89 0.0232558139534884 0.4 0.0224719101123595
15440 8 1 0 9 0 0 0
15444 250 18 12 256 0.048 0.666666666666667 0.046875
15501 2 2 2 2 1 1 1
15589 32 7 1 38 0.03125 0.142857142857143 0.0263157894736842
15623 20 3 2 21 0.1 0.666666666666667 0.0952380952380952
15685 13 3 3 13 0.230769230769231 1 0.230769230769231
15694 44 1 1 44 0.0227272727272727 1 0.0227272727272727
15706 2 2 1 3 0.5 0.5 0.333333333333333
15725 2 2 1 3 0.5 0.5 0.333333333333333
15782 8 1 1 8 0.125 1 0.125
15798 2 1 0 3 0 0 0
15919 6 1 1 6 0.166666666666667 1 0.166666666666667
16004 7 3 1 9 0.142857142857143 0.333333333333333 0.111111111111111
16023 3 1 0 4 0 0 0
16030 43 9 7 45 0.162790697674419 0.777777777777778 0.155555555555556
16034 224 7 4 227 0.0178571428571429 0.571428571428571 0.0176211453744493
16086 26 7 4 29 0.153846153846154 0.571428571428571 0.137931034482759
16128 10 3 3 10 0.3 1 0.3
16131 26 9 5 30 0.192307692307692 0.555555555555556 0.166666666666667
16150 276 9 6 279 0.0217391304347826 0.666666666666667 0.021505376344086
16186 43 9 5 47 0.116279069767442 0.555555555555556 0.106382978723404
16215 178 39 34 183 0.191011235955056 0.871794871794872 0.185792349726776
16237 26 3 1 28 0.0384615384615385 0.333333333333333 0.0357142857142857
16245 15 2 1 16 0.0666666666666667 0.5 0.0625
16265 52 1 0 53 0 0 0
16276 56 2 2 56 0.0357142857142857 1 0.0357142857142857
16316 4 2 1 5 0.25 0.5 0.2
16397 8 1 0 9 0 0 0
1653 24 2 1 25 0.0416666666666667 0.5 0.04
16531 15 1 0 16 0 0 0
16713 27 2 1 28 0.037037037037037 0.5 0.0357142857142857
16838 13 1 0 14 0 0 0
16942 2 2 0 4 0 0 0
16993 2 1 0 3 0 0 0
17263 4 1 0 5 0 0 0
1741 9 2 2 9 0.222222222222222 1 0.222222222222222
17435 2 1 0 3 0 0 0
17511 10 2 0 12 0 0 0
17529 7 1 0 8 0 0 0
17579 9 5 4 10 0.444444444444444 0.8 0.4
17676 34 6 2 38 0.0588235294117647 0.333333333333333 0.0526315789473684
17716 3 1 1 3 0.333333333333333 1 0.333333333333333
17828 4 1 0 5 0 0 0
17832 3 12 1 14 0.333333333333333 0.0833333333333333 0.0714285714285714
17843 2 1 1 2 0.5 1 0.5
17853 1 1 0 2 0 0 0
17934 2 7 1 8 0.5 0.142857142857143 0.125
1797 2 3 2 3 1 0.666666666666667 0.666666666666667
1798 3 2 0 5 0 0 0
18015 2 2 2 2 1 1 1
18062 4 2 2 4 0.5 1 0.5
18119 2 1 0 3 0 0 0
18126 4 1 1 4 0.25 1 0.25
18182 4 1 0 5 0 0 0
18185 3 2 1 4 0.333333333333333 0.5 0.25
18206 3 2 0 5 0 0 0
18210 2 1 0 3 0 0 0
18266 4 1 1 4 0.25 1 0.25
18288 3 1 1 3 0.333333333333333 1 0.333333333333333
1835 6 2 2 6 0.333333333333333 1 0.333333333333333
18422 5 2 2 5 0.4 1 0.4
1853 96 10 8 98 0.0833333333333333 0.8 0.0816326530612245
18592 25 7 7 25 0.28 1 0.28
18666 2 2 0 4 0 0 0
1879 1 1 0 2 0 0 0
1880 11 4 2 13 0.181818181818182 0.5 0.153846153846154
1881 1 1 1 1 1 1 1
1887 4 1 1 4 0.25 1 0.25
1888 1 1 1 1 1 1 1
1897 1 1 0 2 0 0 0
1901 76 4 2 78 0.0263157894736842 0.5 0.0256410256410256
1916 17 5 3 19 0.176470588235294 0.6 0.157894736842105
19165 2 1 0 3 0 0 0
1930 6 1 1 6 0.166666666666667 1 0.166666666666667
19318 19 4 2 21 0.105263157894737 0.5 0.0952380952380952
195 7 2 2 7 0.285714285714286 1 0.285714285714286
1955 11 1 1 11 0.0909090909090909 1 0.0909090909090909
19782 7 1 1 7 0.142857142857143 1 0.142857142857143
20080 9 4 4 9 0.444444444444444 1 0.444444444444444
2018 4 3 2 5 0.5 0.666666666666667 0.4
20312 4 2 2 4 0.5 1 0.5
2042 15 5 0 20 0 0 0
20473 19 1 0 20 0 0 0
20495 116 1 1 116 0.00862068965517241 1 0.00862068965517241
20569 8 2 1 9 0.125 0.5 0.111111111111111
20597 2 1 0 3 0 0 0
20612 3 2 1 4 0.333333333333333 0.5 0.25
20621 2 1 1 2 0.5 1 0.5
20640 201 59 52 208 0.258706467661692 0.88135593220339 0.25
20646 50 17 11 56 0.22 0.647058823529412 0.196428571428571
20650 6 1 1 6 0.166666666666667 1 0.166666666666667
20704 17 2 1 18 0.0588235294117647 0.5 0.0555555555555556
20712 8 2 0 10 0 0 0
20718 26 8 4 30 0.153846153846154 0.5 0.133333333333333
20745 1 3 0 4 0 0 0
20794 2 1 0 3 0 0 0
20834 35 4 2 37 0.0571428571428571 0.5 0.0540540540540541
20847 34 10 8 36 0.235294117647059 0.8 0.222222222222222
209 1200 6 4 1202 0.00333333333333333 0.666666666666667 0.00332778702163062
20900 1 1 0 2 0 0 0
20912 2 5 0 7 0 0 0
20965 46 38 38 46 0.826086956521739 1 0.826086956521739
210 9 1 1 9 0.111111111111111 1 0.111111111111111
2107 1 1 1 1 1 1 1
2108 1 1 1 1 1 1 1
2110 43 8 1 50 0.0232558139534884 0.125 0.02
21119 5 1 1 5 0.2 1 0.2
21155 45 11 7 49 0.155555555555556 0.636363636363636 0.142857142857143
2116 28 2 2 28 0.0714285714285714 1 0.0714285714285714
21221 25 9 5 29 0.2 0.555555555555556 0.172413793103448
2128 2 1 1 2 0.5 1 0.5
21280 6 1 0 7 0 0 0
21385 35 9 7 37 0.2 0.777777777777778 0.189189189189189
2153 38 9 8 39 0.210526315789474 0.888888888888889 0.205128205128205
21844 12 1 1 12 0.0833333333333333 1 0.0833333333333333
21947 18 2 2 18 0.111111111111111 1 0.111111111111111
2200 44 3 3 44 0.0681818181818182 1 0.0681818181818182
22166 2 1 0 3 0 0 0
22388 5 4 4 5 0.8 1 0.8
224 5 6 2 9 0.4 0.333333333333333 0.222222222222222
22548 22 2 1 23 0.0454545454545455 0.5 0.0434782608695652
226 22 1 1 22 0.0454545454545455 1 0.0454545454545455
22767 2 1 1 2 0.5 1 0.5
23393 32 3 2 33 0.0625 0.666666666666667 0.0606060606060606
23504 22 3 1 24 0.0454545454545455 0.333333333333333 0.0416666666666667
23554 2 1 1 2 0.5 1 0.5
23600 2 1 1 2 0.5 1 0.5
23624 2 1 1 2 0.5 1 0.5
23634 5 2 2 5 0.4 1 0.4
23754 1 1 0 2 0 0 0
23774 3 2 1 4 0.333333333333333 0.5 0.25
23775 2 1 0 3 0 0 0
23787 2 2 1 3 0.5 0.5 0.333333333333333
2381 27 2 1 28 0.037037037037037 0.5 0.0357142857142857
23836 1 1 1 1 1 1 1
23902 1 2 0 3 0 0 0
23910 2 3 1 4 0.5 0.333333333333333 0.25
23911 1 8 1 8 1 0.125 0.125
23912 1 2 0 3 0 0 0
24 6 2 1 7 0.166666666666667 0.5 0.142857142857143
24218 9 1 0 10 0 0 0
24226 3 1 0 4 0 0 0
24287 4 2 2 4 0.5 1 0.5
24311 1 1 0 2 0 0 0
24433 3 1 1 3 0.333333333333333 1 0.333333333333333
24475 3 2 2 3 0.666666666666667 1 0.666666666666667
24489 6 4 4 6 0.666666666666667 1 0.666666666666667
24490 9 6 6 9 0.666666666666667 1 0.666666666666667
24587 40 12 6 46 0.15 0.5 0.130434782608696
24724 26 3 3 26 0.115384615384615 1 0.115384615384615
24730 38 7 4 41 0.105263157894737 0.571428571428571 0.0975609756097561
24776 5 2 1 6 0.2 0.5 0.166666666666667
24875 25 11 5 31 0.2 0.454545454545455 0.161290322580645
2497 208 55 41 222 0.197115384615385 0.745454545454545 0.184684684684685
24973 3 1 0 4 0 0 0
250 5 4 2 7 0.4 0.5 0.285714285714286
2500 30 34 11 53 0.366666666666667 0.323529411764706 0.207547169811321
25058 1 1 1 1 1 1 1
2506 3 1 1 3 0.333333333333333 1 0.333333333333333
25061 14 1 0 15 0 0 0
2510 13 6 3 16 0.230769230769231 0.5 0.1875
25108 16 4 2 18 0.125 0.5 0.111111111111111
25137 29 7 5 31 0.172413793103448 0.714285714285714 0.161290322580645
2514 17 4 3 18 0.176470588235294 0.75 0.166666666666667
25152 38 5 2 41 0.0526315789473684 0.4 0.0487804878048781
2516 292 46 32 306 0.10958904109589 0.695652173913043 0.104575163398693
2518 56 7 3 60 0.0535714285714286 0.428571428571429 0.05
2519 23 4 1 26 0.0434782608695652 0.25 0.0384615384615385
25208 5 1 0 6 0 0 0
25220 17 2 2 17 0.117647058823529 1 0.117647058823529
25232 229 9 8 230 0.0349344978165939 0.888888888888889 0.0347826086956522
2527 10 5 2 13 0.2 0.4 0.153846153846154
25358 17 7 2 22 0.117647058823529 0.285714285714286 0.0909090909090909
25384 7 2 0 9 0 0 0
2549 3 2 1 4 0.333333333333333 0.5 0.25
25492 2 2 1 3 0.5 0.5 0.333333333333333
25538 2 1 0 3 0 0 0
25560 142 14 12 144 0.0845070422535211 0.857142857142857 0.0833333333333333
2594 5 1 0 6 0 0 0
2595 2 1 0 3 0 0 0
2602 2 1 1 2 0.5 1 0.5
2603 33 11 8 36 0.242424242424242 0.727272727272727 0.222222222222222
2607 44 4 4 44 0.0909090909090909 1 0.0909090909090909
2611 48 11 9 50 0.1875 0.818181818181818 0.18
2614 9 1 1 9 0.111111111111111 1 0.111111111111111
26415 20 3 0 23 0 0 0
26943 25 4 4 25 0.16 1 0.16
27319 24 2 2 24 0.0833333333333333 1 0.0833333333333333
27446 5 1 0 6 0 0 0
27678 5 1 1 5 0.2 1 0.2
27750 13 8 8 13 0.615384615384615 1 0.615384615384615
278 7 7 1 13 0.142857142857143 0.142857142857143 0.0769230769230769
2819 24 4 0 28 0 0 0
2847 2 1 1 2 0.5 1 0.5
28472 1 1 1 1 1 1 1
2852 10 3 3 10 0.3 1 0.3
2857 137 1 1 137 0.0072992700729927 1 0.0072992700729927
286 297 14 12 299 0.0404040404040404 0.857142857142857 0.040133779264214
2861 8 2 2 8 0.25 1 0.25
28678 2 1 1 2 0.5 1 0.5
28716 33 1 1 33 0.0303030303030303 1 0.0303030303030303
28725 6 1 1 6 0.166666666666667 1 0.166666666666667
28788 37 2 2 37 0.0540540540540541 1 0.0540540540540541
28814 1 1 1 1 1 1 1
28855 6 1 1 6 0.166666666666667 1 0.166666666666667
2895 10 2 2 10 0.2 1 0.2
29009 1 1 1 1 1 1 1
2905 25 1 0 26 0 0 0
2907 69 6 3 72 0.0434782608695652 0.5 0.0416666666666667
29134 5 1 0 6 0 0 0
2914 527 120 63 584 0.119544592030361 0.525 0.107876712328767
2915 27 7 4 30 0.148148148148148 0.571428571428571 0.133333333333333
292 1 1 1 1 1 1 1
29208 31 3 2 32 0.0645161290322581 0.666666666666667 0.0625
29216 1 2 1 2 1 0.5 0.5
29243 2 1 1 2 0.5 1 0.5
29259 8 4 3 9 0.375 0.75 0.333333333333333
293 117 24 19 122 0.162393162393162 0.791666666666667 0.155737704918033
29317 1 2 1 2 1 0.5 0.5
29402 6 1 1 6 0.166666666666667 1 0.166666666666667
29422 6 1 1 6 0.166666666666667 1 0.166666666666667
29432 1 1 1 1 1 1 1
29449 4 3 1 6 0.25 0.333333333333333 0.166666666666667
29452 5 3 0 8 0 0 0
29527 34 1 1 34 0.0294117647058824 1 0.0294117647058824
29632 7 1 0 8 0 0 0
29636 32 5 5 32 0.15625 1 0.15625
29668 22 2 1 23 0.0454545454545455 0.5 0.0434782608695652
29670 2 2 0 4 0 0 0
29686 280 67 63 284 0.225 0.940298507462687 0.221830985915493
29748 28 2 2 28 0.0714285714285714 1 0.0714285714285714
29838 15 3 1 17 0.0666666666666667 0.333333333333333 0.0588235294117647
29877 5 3 1 7 0.2 0.333333333333333 0.142857142857143
29904 2 1 1 2 0.5 1 0.5
3 4 1 0 5 0 0 0
30071 21 82 10 93 0.476190476190476 0.121951219512195 0.10752688172043
30132 6 3 3 6 0.5 1 0.5
30653 15 3 1 17 0.0666666666666667 0.333333333333333 0.0588235294117647
3066 8 1 1 8 0.125 1 0.125
30834 3 1 1 3 0.333333333333333 1 0.333333333333333
30947 3 1 1 3 0.333333333333333 1 0.333333333333333
31065 2 2 0 4 0 0 0
31103 3 3 0 6 0 0 0
31127 3 1 1 3 0.333333333333333 1 0.333333333333333
31246 8 1 1 8 0.125 1 0.125
31265 1 1 1 1 1 1 1
31283 54 4 2 56 0.037037037037037 0.5 0.0357142857142857
31333 3 3 3 3 1 1 1
31383 18 7 3 22 0.166666666666667 0.428571428571429 0.136363636363636
31424 9 1 0 10 0 0 0
31458 31 1 0 32 0 0 0
31479 4 1 1 4 0.25 1 0.25
31513 2 1 1 2 0.5 1 0.5
31859 2 1 0 3 0 0 0
31985 6 1 0 7 0 0 0
32034 7 2 1 8 0.142857142857143 0.5 0.125
3212 36 1 1 36 0.0277777777777778 1 0.0277777777777778
3213 103 3 3 103 0.029126213592233 1 0.029126213592233
3221 1 1 1 1 1 1 1
32361 6 2 1 7 0.166666666666667 0.5 0.142857142857143
3243 11 3 1 13 0.0909090909090909 0.333333333333333 0.0769230769230769
32459 3 1 1 3 0.333333333333333 1 0.333333333333333
3246 123 12 11 124 0.0894308943089431 0.916666666666667 0.0887096774193548
3248 19 4 2 21 0.105263157894737 0.5 0.0952380952380952
3249 37 7 2 42 0.0540540540540541 0.285714285714286 0.0476190476190476
3257 287 130 55 362 0.191637630662021 0.423076923076923 0.151933701657459
3265 59 12 8 63 0.135593220338983 0.666666666666667 0.126984126984127
3268 1 1 1 1 1 1 1
3277 104 1 0 105 0 0 0
3292 310 10 8 312 0.0258064516129032 0.8 0.0256410256410256
32978 3 1 1 3 0.333333333333333 1 0.333333333333333
3301 41 2 1 42 0.024390243902439 0.5 0.0238095238095238
3303 594 2 1 595 0.00168350168350168 0.5 0.00168067226890756
3320 390 9 4 395 0.0102564102564103 0.444444444444444 0.010126582278481
3327 46 5 4 47 0.0869565217391304 0.8 0.0851063829787234
3333 140 8 6 142 0.0428571428571429 0.75 0.0422535211267606
3343 16 6 3 19 0.1875 0.5 0.157894736842105
33437 1 6 1 6 1 0.166666666666667 0.166666666666667
3344 31 18 7 42 0.225806451612903 0.388888888888889 0.166666666666667
3352 56 3 1 58 0.0178571428571429 0.333333333333333 0.0172413793103448
3356 1306 23 20 1309 0.0153139356814701 0.869565217391304 0.0152788388082506
33956 3 3 3 3 1 1 1
34081 2 1 1 2 0.5 1 0.5
34243 1 1 1 1 1 1 1
34288 6 3 1 8 0.166666666666667 0.333333333333333 0.125
34465 5 2 1 6 0.2 0.5 0.166666666666667
34631 2 1 1 2 0.5 1 0.5
34695 3 1 1 3 0.333333333333333 1 0.333333333333333
34763 48 5 2 51 0.0416666666666667 0.4 0.0392156862745098
34771 4 3 3 4 0.75 1 0.75
35003 2 1 1 2 0.5 1 0.5
35244 16 4 3 17 0.1875 0.75 0.176470588235294
35425 6 1 1 6 0.166666666666667 1 0.166666666666667
35485 9 1 1 9 0.111111111111111 1 0.111111111111111
3549 773 59 42 790 0.0543337645536869 0.711864406779661 0.0531645569620253
3551 1 1 0 2 0 0 0
3557 86 20 13 93 0.151162790697674 0.65 0.139784946236559
35612 2 2 0 4 0 0 0
35706 5 1 1 5 0.2 1 0.2
3597 9 1 1 9 0.111111111111111 1 0.111111111111111
3640 4 1 1 4 0.25 1 0.25
3662 12 1 1 12 0.0833333333333333 1 0.0833333333333333
3671 2 1 1 2 0.5 1 0.5
3681 3 1 1 3 0.333333333333333 1 0.333333333333333
3741 220 1 0 221 0 0 0
3748 2 3 1 4 0.5 0.333333333333333 0.25
3758 35 4 0 39 0 0 0
376 10 1 1 10 0.1 1 0.1
378 3 1 1 3 0.333333333333333 1 0.333333333333333
3786 291 2 1 292 0.00343642611683849 0.5 0.00342465753424658
3790 2 1 1 2 0.5 1 0.5
3825 1 1 0 2 0 0 0
3836 6 7 1 12 0.166666666666667 0.142857142857143 0.0833333333333333
39122 2 1 1 2 0.5 1 0.5
39854 1 1 0 2 0 0 0
3999 1 1 1 1 1 1 1
4134 65 1 0 66 0 0 0
42 74 2 2 74 0.027027027027027 1 0.027027027027027
4436 85 10 9 86 0.105882352941176 0.9 0.104651162790698
4538 18 11 5 24 0.277777777777778 0.454545454545455 0.208333333333333
4555 1 5 0 6 0 0 0
4589 172 27 13 186 0.0755813953488372 0.481481481481481 0.0698924731182796
4608 3 2 1 4 0.333333333333333 0.5 0.25
4618 19 5 0 24 0 0 0
4621 24 2 1 25 0.0416666666666667 0.5 0.04
4645 14 1 1 14 0.0714285714285714 1 0.0714285714285714
4651 26 3 2 27 0.0769230769230769 0.666666666666667 0.0740740740740741
4673 8 1 1 8 0.125 1 0.125
4675 7 5 2 10 0.285714285714286 0.4 0.2
4677 4 7 2 9 0.5 0.285714285714286 0.222222222222222
4678 6 6 2 10 0.333333333333333 0.333333333333333 0.2
4680 10 5 2 13 0.2 0.4 0.153846153846154
4685 8 5 3 10 0.375 0.6 0.3
4688 10 5 3 12 0.3 0.6 0.25
4691 9 11 4 16 0.444444444444444 0.363636363636364 0.25
4694 31 2 2 31 0.0645161290322581 1 0.0645161290322581
4697 1 17 1 17 1 0.0588235294117647 0.0588235294117647
4702 6 3 2 7 0.333333333333333 0.666666666666667 0.285714285714286
4713 84 5 5 84 0.0595238095238095 1 0.0595238095238095
4716 98 38 12 124 0.122448979591837 0.315789473684211 0.0967741935483871
4717 4 2 2 4 0.5 1 0.5
4718 4 4 1 7 0.25 0.25 0.142857142857143
4721 12 6 0 18 0 0 0
4725 112 32 10 134 0.0892857142857143 0.3125 0.0746268656716418
4741 7 2 1 8 0.142857142857143 0.5 0.125
4747 9 2 0 11 0 0 0
4750 33 3 1 35 0.0303030303030303 0.333333333333333 0.0285714285714286
4777 27 7 5 29 0.185185185185185 0.714285714285714 0.172413793103448
4780 27 2 1 28 0.037037037037037 0.5 0.0357142857142857
4782 2 1 0 3 0 0 0
4787 6 5 0 11 0 0 0
4788 90 7 2 95 0.0222222222222222 0.285714285714286 0.0210526315789474
4795 30 2 0 32 0 0 0
5050 15 3 3 15 0.2 1 0.2
513 34 6 5 35 0.147058823529412 0.833333333333333 0.142857142857143
5381 12 4 0 16 0 0 0
5385 11 8 3 16 0.272727272727273 0.375 0.1875
5401 4 1 1 4 0.25 1 0.25
5408 29 2 2 29 0.0689655172413793 1 0.0689655172413793
5410 49 3 1 51 0.0204081632653061 0.333333333333333 0.0196078431372549
5417 172 31 25 178 0.145348837209302 0.806451612903226 0.140449438202247
5418 8 1 1 8 0.125 1 0.125
5430 70 15 10 75 0.142857142857143 0.666666666666667 0.133333333333333
5459 209 8 8 209 0.0382775119617225 1 0.0382775119617225
5466 61 2 1 62 0.0163934426229508 0.5 0.0161290322580645
5486 38 2 0 40 0 0 0
5511 160 22 20 162 0.125 0.909090909090909 0.123456790123457
553 42 10 8 44 0.19047619047619 0.8 0.181818181818182
5533 6 1 1 6 0.166666666666667 1 0.166666666666667
5537 23 2 1 24 0.0434782608695652 0.5 0.0416666666666667
5539 34 35 14 55 0.411764705882353 0.4 0.254545454545455
5550 4 3 1 6 0.25 0.333333333333333 0.166666666666667
5568 94 3 3 94 0.0319148936170213 1 0.0319148936170213
559 55 16 14 57 0.254545454545455 0.875 0.245614035087719
5602 15 4 2 17 0.133333333333333 0.5 0.117647058823529
5609 2 10 0 12 0 0 0
5623 1 3 0 4 0 0 0
5669 38 2 0 40 0 0 0
5693 5 2 0 7 0 0 0
5713 49 2 1 50 0.0204081632653061 0.5 0.02
577 109 1 1 109 0.00917431192660551 1 0.00917431192660551
5786 2 1 1 2 0.5 1 0.5
6057 4 2 1 5 0.25 0.5 0.2
6062 10 3 0 13 0 0 0
6066 3 2 1 4 0.333333333333333 0.5 0.25
6140 112 1 0 113 0 0 0
6163 7 2 0 9 0 0 0
6320 194 1 1 194 0.00515463917525773 1 0.00515463917525773
6342 4 1 0 5 0 0 0
6360 8 2 2 8 0.25 1 0.25
6435 3 8 0 11 0 0 0
6453 355 33 24 364 0.0676056338028169 0.727272727272727 0.0659340659340659
6461 710 4 4 710 0.00563380281690141 1 0.00563380281690141
6509 36 4 4 36 0.111111111111111 1 0.111111111111111
6596 25 1 1 25 0.04 1 0.04
6619 10 1 0 11 0 0 0
6666 32 11 7 36 0.21875 0.636363636363636 0.194444444444444
6667 449 72 69 452 0.153674832962138 0.958333333333333 0.152654867256637
668 38 6 2 42 0.0526315789473684 0.333333333333333 0.0476190476190476
6695 104 4 3 105 0.0288461538461538 0.75 0.0285714285714286
6696 4 3 1 6 0.25 0.333333333333333 0.166666666666667
6706 6 3 2 7 0.333333333333333 0.666666666666667 0.285714285714286
6730 602 6 5 603 0.00830564784053156 0.833333333333333 0.00829187396351575
6762 137 20 16 141 0.116788321167883 0.8 0.113475177304965
6770 34 3 3 34 0.0882352941176471 1 0.0882352941176471
6772 10 3 3 10 0.3 1 0.3
6774 67 8 6 69 0.0895522388059701 0.75 0.0869565217391304
6775 5 2 2 5 0.4 1 0.4
680 47 10 8 49 0.170212765957447 0.8 0.163265306122449
6802 7 2 2 7 0.285714285714286 1 0.285714285714286
6830 74 71 21 124 0.283783783783784 0.295774647887324 0.169354838709677
6881 55 1 1 55 0.0181818181818182 1 0.0181818181818182
6895 7 1 1 7 0.142857142857143 1 0.142857142857143
6939 532 40 16 556 0.0300751879699248 0.4 0.0287769784172662
7018 2022 7 4 2025 0.0019782393669634 0.571428571428571 0.00197530864197531
7019 1 1 1 1 1 1 1
7065 10 2 1 11 0.1 0.5 0.0909090909090909
719 10 1 1 10 0.1 1 0.1
7500 69 4 2 71 0.0289855072463768 0.5 0.028169014084507
7514 19 9 5 23 0.263157894736842 0.555555555555556 0.217391304347826
7516 4 1 0 5 0 0 0
7521 5 2 1 6 0.2 0.5 0.166666666666667
7522 5 6 2 9 0.4 0.333333333333333 0.222222222222222
7530 1 3 0 4 0 0 0
7539 22 7 6 23 0.272727272727273 0.857142857142857 0.260869565217391
7570 3 4 1 6 0.333333333333333 0.25 0.166666666666667
7575 273 36 34 275 0.124542124542125 0.944444444444444 0.123636363636364
7610 20 2 1 21 0.05 0.5 0.0476190476190476
766 15 5 4 16 0.266666666666667 0.8 0.25
7660 37 27 14 50 0.378378378378378 0.518518518518518 0.28
7665 2 1 1 2 0.5 1 0.5
7667 3 1 0 4 0 0 0
7668 11 1 1 11 0.0909090909090909 1 0.0909090909090909
7670 17 2 1 18 0.0588235294117647 0.5 0.0555555555555556
7671 4 33 3 34 0.75 0.0909090909090909 0.0882352941176471
7682 12 3 2 13 0.166666666666667 0.666666666666667 0.153846153846154
7687 4 2 1 5 0.25 0.5 0.2
7786 4 1 0 5 0 0 0
786 44 8 2 50 0.0454545454545455 0.25 0.04
790 2 1 1 2 0.5 1 0.5
7949 10 2 0 12 0 0 0
8002 36 3 2 37 0.0555555555555556 0.666666666666667 0.0540540540540541
8071 5 1 1 5 0.2 1 0.2
8121 33 5 3 35 0.0909090909090909 0.6 0.0857142857142857
8158 2 1 0 3 0 0 0
8195 162 9 6 165 0.037037037037037 0.666666666666667 0.0363636363636364
8220 478 12 11 479 0.0230125523012552 0.916666666666667 0.022964509394572
8226 3 3 1 5 0.333333333333333 0.333333333333333 0.2
8237 5 4 2 7 0.4 0.5 0.285714285714286
8246 133 1 0 134 0 0 0
8256 1 1 1 1 1 1 1
8267 2 2 1 3 0.5 0.5 0.333333333333333
8286 1 1 0 2 0 0 0
8319 29 12 7 34 0.241379310344828 0.583333333333333 0.205882352941176
8364 8 1 0 9 0 0 0
8365 36 14 9 41 0.25 0.642857142857143 0.219512195121951
8419 33 3 1 35 0.0303030303030303 0.333333333333333 0.0285714285714286
8426 244 7 5 246 0.0204918032786885 0.714285714285714 0.0203252032520325
8447 316 14 12 318 0.0379746835443038 0.857142857142857 0.0377358490566038
8469 34 9 7 36 0.205882352941176 0.777777777777778 0.194444444444444
8473 14 3 1 16 0.0714285714285714 0.333333333333333 0.0625
8481 3 1 0 4 0 0 0
8501 35 8 8 35 0.228571428571429 1 0.228571428571429
8517 17 1 1 17 0.0588235294117647 1 0.0588235294117647
8527 14 2 2 14 0.142857142857143 1 0.142857142857143
8560 57 12 10 59 0.175438596491228 0.833333333333333 0.169491525423729
8586 65 3 3 65 0.0461538461538462 1 0.0461538461538462
8591 23 6 3 26 0.130434782608696 0.5 0.115384615384615
8657 77 3 2 78 0.025974025974026 0.666666666666667 0.0256410256410256
8664 7 1 0 8 0 0 0
8665 21 9 5 25 0.238095238095238 0.555555555555556 0.2
8674 44 3 3 44 0.0681818181818182 1 0.0681818181818182
8708 190 6 5 191 0.0263157894736842 0.833333333333333 0.0261780104712042
8728 1 1 1 1 1 1 1
8737 31 6 3 34 0.0967741935483871 0.5 0.0882352941176471
8758 7 4 3 8 0.428571428571429 0.75 0.375
8763 131 32 30 133 0.229007633587786 0.9375 0.225563909774436
8767 42 10 8 44 0.19047619047619 0.8 0.181818181818182
8881 148 8 6 150 0.0405405405405405 0.75 0.04
8903 9 3 0 12 0 0 0
8921 1 2 0 3 0 0 0
8943 16 2 1 17 0.0625 0.5 0.0588235294117647
8954 23 5 2 26 0.0869565217391304 0.4 0.0769230769230769
8966 47 1 1 47 0.0212765957446809 1 0.0212765957446809
8970 2 1 1 2 0.5 1 0.5
8975 57 3 2 58 0.0350877192982456 0.666666666666667 0.0344827586206897
8978 3 3 1 5 0.333333333333333 0.333333333333333 0.2
9009 194 9 7 196 0.0360824742268041 0.777777777777778 0.0357142857142857
9052 3 2 0 5 0 0 0
9080 9 3 2 10 0.222222222222222 0.666666666666667 0.2
9085 6 1 0 7 0 0 0
9112 7 1 1 7 0.142857142857143 1 0.142857142857143
9150 24 3 3 24 0.125 1 0.125
9153 39 2 2 39 0.0512820512820513 1 0.0512820512820513
9162 2 1 0 3 0 0 0
9264 50 35 5 80 0.1 0.142857142857143 0.0625
9270 33 7 6 34 0.181818181818182 0.857142857142857 0.176470588235294
9299 39 1 1 39 0.0256410256410256 1 0.0256410256410256
9316 40 1 0 41 0 0 0
9406 1 2 0 3 0 0 0
9416 17 1 0 18 0 0 0
9505 66 3 2 67 0.0303030303030303 0.666666666666667 0.0298507462686567
9583 29 1 0 30 0 0 0
9595 9 3 2 10 0.222222222222222 0.666666666666667 0.2
9600 6 6 2 10 0.333333333333333 0.333333333333333 0.2
9607 7 2 0 9 0 0 0
9619 2 2 2 2 1 1 1
9621 3 6 1 8 0.333333333333333 0.166666666666667 0.125
9622 6 1 1 6 0.166666666666667 1 0.166666666666667
9687 2 1 1 2 0.5 1 0.5
9700 4 2 2 4 0.5 1 0.5
9758 1 1 0 2 0 0 0
9800 36 1 0 37 0 0 0
9821 2 1 1 2 0.5 1 0.5
9844 1 1 0 2 0 0 0
9919 20 1 0 21 0 0 0
9995 3 2 2 3 0.666666666666667 1 0.666666666666667
