#ASN num_v4adj num_v6adj num_intersect(v4v6adj) num_union(adj) fr_v4(num_intersect/num_v4adj) fr_v6(num_intersect/num_v6adj) fr_intersect(num_intersect/num_union)
10013 3 8 2 9 0.666666666666667 0.25 0.222222222222222
10015 11 1 0 12 0 0 0
10063 3 1 1 3 0.333333333333333 1 0.333333333333333
101 47 2 2 47 0.0425531914893617 1 0.0425531914893617
10204 8 4 1 11 0.125 0.25 0.0909090909090909
10318 2 1 0 3 0 0 0
10429 34 1 1 34 0.0294117647058824 1 0.0294117647058824
10480 7 1 1 7 0.142857142857143 1 0.142857142857143
10569 1 1 1 1 1 1 1
10586 5 2 0 7 0 0 0
10778 4 1 1 4 0.25 1 0.25
10886 31 2 2 31 0.0645161290322581 1 0.0645161290322581
109 9 12 1 20 0.111111111111111 0.0833333333333333 0.05
1103 68 40 16 92 0.235294117647059 0.4 0.173913043478261
1126 21 8 5 24 0.238095238095238 0.625 0.208333333333333
1133 1 1 1 1 1 1 1
11340 3 2 1 4 0.333333333333333 0.5 0.25
1140 19 3 1 21 0.0526315789473684 0.333333333333333 0.0476190476190476
11537 73 41 28 86 0.383561643835616 0.682926829268293 0.325581395348837
11588 13 1 1 13 0.0769230769230769 1 0.0769230769230769
11815 2 1 0 3 0 0 0
11960 5 3 3 5 0.6 1 0.6
11990 4 1 0 5 0 0 0
1200 29 10 6 33 0.206896551724138 0.6 0.181818181818182
12008 25 1 1 25 0.04 1 0.04
12046 2 1 1 2 0.5 1 0.5
12111 26 2 2 26 0.0769230769230769 1 0.0769230769230769
1213 2 2 2 2 1 1 1
12199 1 3 0 4 0 0 0
1221 89 7 2 94 0.0224719101123595 0.285714285714286 0.0212765957446809
12312 26 1 1 26 0.0384615384615385 1 0.0384615384615385
12337 33 11 9 35 0.272727272727273 0.818181818181818 0.257142857142857
12353 5 2 1 6 0.2 0.5 0.166666666666667
12355 2 1 0 3 0 0 0
1237 28 3 2 29 0.0714285714285714 0.666666666666667 0.0689655172413793
12371 2 1 0 3 0 0 0
12386 9 3 2 10 0.222222222222222 0.666666666666667 0.2
12401 9 4 2 11 0.222222222222222 0.5 0.181818181818182
12414 29 10 6 33 0.206896551724138 0.6 0.181818181818182
1251 6 2 1 7 0.166666666666667 0.5 0.142857142857143
12533 2 1 0 3 0 0 0
1257 168 5 1 172 0.00595238095238095 0.2 0.00581395348837209
12600 12 1 1 12 0.0833333333333333 1 0.0833333333333333
12611 32 12 7 37 0.21875 0.583333333333333 0.189189189189189
12634 26 10 6 30 0.230769230769231 0.6 0.2
12635 8 1 0 9 0 0 0
12637 3 4 0 7 0 0 0
12638 3 3 0 6 0 0 0
12657 2 2 1 3 0.5 0.5 0.333333333333333
1273 302 67 40 329 0.132450331125828 0.597014925373134 0.121580547112462
12731 29 8 5 32 0.172413793103448 0.625 0.15625
12732 16 4 2 18 0.125 0.5 0.111111111111111
12741 39 1 0 40 0 0 0
12767 6 1 0 7 0 0 0
12769 7 1 1 7 0.142857142857143 1 0.142857142857143
12779 63 18 10 71 0.158730158730159 0.555555555555556 0.140845070422535
12793 253 1 0 254 0 0 0
12816 2 1 1 2 0.5 1 0.5
12817 2 1 1 2 0.5 1 0.5
12853 1 4 0 5 0 0 0
12859 276 61 54 283 0.195652173913043 0.885245901639344 0.190812720848057
12871 26 14 8 32 0.307692307692308 0.571428571428571 0.25
12895 5 1 1 5 0.2 1 0.2
12902 28 10 7 31 0.25 0.7 0.225806451612903
12931 3 1 0 4 0 0 0
12956 151 10 9 152 0.0596026490066225 0.9 0.0592105263157895
12968 79 9 2 86 0.0253164556962025 0.222222222222222 0.0232558139534884
1299 381 22 19 384 0.0498687664041995 0.863636363636364 0.0494791666666667
13 2 1 1 2 0.5 1 0.5
13030 484 1 1 484 0.00206611570247934 1 0.00206611570247934
13041 6 2 2 6 0.333333333333333 1 0.333333333333333
13046 15 1 1 15 0.0666666666666667 1 0.0666666666666667
13092 3 1 1 3 0.333333333333333 1 0.333333333333333
13110 5 4 2 7 0.4 0.5 0.285714285714286
13115 4 1 0 5 0 0 0
13189 18 1 1 18 0.0555555555555556 1 0.0555555555555556
13193 44 15 8 51 0.181818181818182 0.533333333333333 0.156862745098039
13237 447 5 5 447 0.0111856823266219 1 0.0111856823266219
13272 1 1 1 1 1 1 1
13645 116 6 5 117 0.0431034482758621 0.833333333333333 0.0427350427350427
13657 4 2 0 6 0 0 0
137 11 2 2 11 0.181818181818182 1 0.181818181818182
13944 2 1 0 3 0 0 0
14277 10 12 3 19 0.3 0.25 0.157894736842105
145 4 5 0 9 0 0 0
14595 2 1 0 3 0 0 0
14654 3 1 0 4 0 0 0
15169 73 4 1 76 0.0136986301369863 0.25 0.0131578947368421
15440 6 1 0 7 0 0 0
15444 258 21 15 264 0.0581395348837209 0.714285714285714 0.0568181818181818
15469 2 1 0 3 0 0 0
15501 2 2 2 2 1 1 1
15589 31 9 1 39 0.032258064516129 0.111111111111111 0.0256410256410256
15600 33 8 5 36 0.151515151515152 0.625 0.138888888888889
15623 20 3 2 21 0.1 0.666666666666667 0.0952380952380952
15685 11 2 2 11 0.181818181818182 1 0.181818181818182
15725 2 1 1 2 0.5 1 0.5
15798 2 1 0 3 0 0 0
15837 155 5 4 156 0.0258064516129032 0.8 0.0256410256410256
15919 7 1 1 7 0.142857142857143 1 0.142857142857143
15997 7 1 0 8 0 0 0
16004 10 3 2 11 0.2 0.666666666666667 0.181818181818182
16023 3 1 0 4 0 0 0
16034 224 6 4 226 0.0178571428571429 0.666666666666667 0.0176991150442478
16086 28 7 4 31 0.142857142857143 0.571428571428571 0.129032258064516
16091 1 1 0 2 0 0 0
16128 12 3 3 12 0.25 1 0.25
16131 25 9 3 31 0.12 0.333333333333333 0.0967741935483871
16150 270 9 6 273 0.0222222222222222 0.666666666666667 0.021978021978022
16186 42 8 4 46 0.0952380952380952 0.5 0.0869565217391304
16215 167 27 24 170 0.143712574850299 0.888888888888889 0.141176470588235
16237 21 4 2 23 0.0952380952380952 0.5 0.0869565217391304
16245 13 2 2 13 0.153846153846154 1 0.153846153846154
16260 22 1 1 22 0.0454545454545455 1 0.0454545454545455
16265 41 1 0 42 0 0 0
16276 52 2 2 52 0.0384615384615385 1 0.0384615384615385
16316 4 1 1 4 0.25 1 0.25
16397 9 2 0 11 0 0 0
1653 26 1 1 26 0.0384615384615385 1 0.0384615384615385
16531 12 1 0 13 0 0 0
1659 14 3 2 15 0.142857142857143 0.666666666666667 0.133333333333333
16713 28 3 1 30 0.0357142857142857 0.333333333333333 0.0333333333333333
16838 9 2 0 11 0 0 0
16942 2 2 0 4 0 0 0
16993 1 1 0 2 0 0 0
17263 4 1 0 5 0 0 0
1741 8 2 2 8 0.25 1 0.25
17435 2 1 0 3 0 0 0
17511 9 2 0 11 0 0 0
17527 4 6 1 9 0.25 0.166666666666667 0.111111111111111
17529 7 1 0 8 0 0 0
17579 7 5 3 9 0.428571428571429 0.6 0.333333333333333
17676 27 6 2 31 0.0740740740740741 0.333333333333333 0.0645161290322581
17716 4 1 1 4 0.25 1 0.25
17828 2 1 0 3 0 0 0
17832 6 13 2 17 0.333333333333333 0.153846153846154 0.117647058823529
17843 2 1 1 2 0.5 1 0.5
17853 1 1 0 2 0 0 0
17934 2 4 1 5 0.5 0.25 0.2
17935 1 2 0 3 0 0 0
17956 3 1 0 4 0 0 0
1797 2 3 2 3 1 0.666666666666667 0.666666666666667
1798 4 2 0 6 0 0 0
18015 2 2 2 2 1 1 1
18062 2 2 1 3 0.5 0.5 0.333333333333333
18119 2 1 0 3 0 0 0
18126 3 1 1 3 0.333333333333333 1 0.333333333333333
18185 4 1 0 5 0 0 0
18266 4 1 1 4 0.25 1 0.25
18288 3 1 1 3 0.333333333333333 1 0.333333333333333
1835 7 2 2 7 0.285714285714286 1 0.285714285714286
18422 5 1 1 5 0.2 1 0.2
1853 96 12 10 98 0.104166666666667 0.833333333333333 0.102040816326531
18592 24 7 7 24 0.291666666666667 1 0.291666666666667
18666 2 2 0 4 0 0 0
1880 10 3 2 11 0.2 0.666666666666667 0.181818181818182
1881 2 1 1 2 0.5 1 0.5
1887 4 1 1 4 0.25 1 0.25
1888 1 1 1 1 1 1 1
1897 1 1 0 2 0 0 0
1916 15 6 4 17 0.266666666666667 0.666666666666667 0.235294117647059
1930 7 4 2 9 0.285714285714286 0.5 0.222222222222222
195 7 1 1 7 0.142857142857143 1 0.142857142857143
1955 10 1 1 10 0.1 1 0.1
19782 6 1 1 6 0.166666666666667 1 0.166666666666667
20080 9 3 2 10 0.222222222222222 0.666666666666667 0.2
20312 4 1 1 4 0.25 1 0.25
2042 12 9 1 20 0.0833333333333333 0.111111111111111 0.05
20473 6 1 0 7 0 0 0
20495 108 7 4 111 0.037037037037037 0.571428571428571 0.036036036036036
20569 5 2 1 6 0.2 0.5 0.166666666666667
20597 1 1 0 2 0 0 0
20612 4 2 1 5 0.25 0.5 0.2
20621 2 1 1 2 0.5 1 0.5
20640 189 56 47 198 0.248677248677249 0.839285714285714 0.237373737373737
20646 49 18 12 55 0.244897959183673 0.666666666666667 0.218181818181818
20704 16 5 3 18 0.1875 0.6 0.166666666666667
20712 8 1 0 9 0 0 0
20718 24 8 4 28 0.166666666666667 0.5 0.142857142857143
20745 1 3 0 4 0 0 0
20794 3 2 0 5 0 0 0
20834 34 5 2 37 0.0588235294117647 0.4 0.0540540540540541
20847 28 9 6 31 0.214285714285714 0.666666666666667 0.193548387096774
209 1175 7 4 1178 0.00340425531914894 0.571428571428571 0.0033955857385399
20900 1 1 0 2 0 0 0
20912 4 5 0 9 0 0 0
20965 45 38 37 46 0.822222222222222 0.973684210526316 0.804347826086957
210 8 1 1 8 0.125 1 0.125
2107 1 1 1 1 1 1 1
2108 1 1 1 1 1 1 1
2110 42 8 1 49 0.0238095238095238 0.125 0.0204081632653061
21119 6 1 1 6 0.166666666666667 1 0.166666666666667
21155 43 15 8 50 0.186046511627907 0.533333333333333 0.16
2116 29 2 2 29 0.0689655172413793 1 0.0689655172413793
21193 2 2 1 3 0.5 0.5 0.333333333333333
21221 20 10 5 25 0.25 0.5 0.2
2128 2 1 1 2 0.5 1 0.5
21385 56 9 7 58 0.125 0.777777777777778 0.120689655172414
2153 34 8 8 34 0.235294117647059 1 0.235294117647059
21548 13 1 1 13 0.0769230769230769 1 0.0769230769230769
21947 18 2 2 18 0.111111111111111 1 0.111111111111111
2200 45 5 4 46 0.0888888888888889 0.8 0.0869565217391304
22166 2 1 0 3 0 0 0
22335 27 2 1 28 0.037037037037037 0.5 0.0357142857142857
22388 3 3 3 3 1 1 1
224 6 3 2 7 0.333333333333333 0.666666666666667 0.285714285714286
22548 21 2 1 22 0.0476190476190476 0.5 0.0454545454545455
226 19 1 1 19 0.0526315789473684 1 0.0526315789473684
22767 2 1 1 2 0.5 1 0.5
23265 16 1 1 16 0.0625 1 0.0625
23393 31 4 3 32 0.0967741935483871 0.75 0.09375
23504 24 3 1 26 0.0416666666666667 0.333333333333333 0.0384615384615385
23554 2 1 1 2 0.5 1 0.5
23600 2 1 1 2 0.5 1 0.5
23624 2 1 1 2 0.5 1 0.5
23634 5 1 1 5 0.2 1 0.2
23754 1 1 0 2 0 0 0
23774 3 2 1 4 0.333333333333333 0.5 0.25
23787 2 2 1 3 0.5 0.5 0.333333333333333
23789 1 1 0 2 0 0 0
2381 25 3 2 26 0.08 0.666666666666667 0.0769230769230769
23902 1 2 0 3 0 0 0
23910 1 3 1 3 1 0.333333333333333 0.333333333333333
23911 1 3 1 3 1 0.333333333333333 0.333333333333333
23912 1 2 0 3 0 0 0
24 7 1 1 7 0.142857142857143 1 0.142857142857143
24218 10 1 0 11 0 0 0
24252 3 3 2 4 0.666666666666667 0.666666666666667 0.5
24433 2 1 0 3 0 0 0
24489 3 1 1 3 0.333333333333333 1 0.333333333333333
24490 5 4 4 5 0.8 1 0.8
24586 13 4 2 15 0.153846153846154 0.5 0.133333333333333
24587 39 13 6 46 0.153846153846154 0.461538461538462 0.130434782608696
24724 24 2 2 24 0.0833333333333333 1 0.0833333333333333
24730 37 7 3 41 0.0810810810810811 0.428571428571429 0.0731707317073171
24776 5 2 1 6 0.2 0.5 0.166666666666667
24875 24 11 5 30 0.208333333333333 0.454545454545455 0.166666666666667
2497 214 59 45 228 0.210280373831776 0.76271186440678 0.197368421052632
24973 1 1 0 2 0 0 0
250 4 1 1 4 0.25 1 0.25
2500 27 52 9 70 0.333333333333333 0.173076923076923 0.128571428571429
25058 2 2 2 2 1 1 1
2506 3 1 1 3 0.333333333333333 1 0.333333333333333
2510 14 7 3 18 0.214285714285714 0.428571428571429 0.166666666666667
25108 14 4 1 17 0.0714285714285714 0.25 0.0588235294117647
25137 143 9 9 143 0.0629370629370629 1 0.0629370629370629
2514 15 4 3 16 0.2 0.75 0.1875
25152 34 7 4 37 0.117647058823529 0.571428571428571 0.108108108108108
2516 299 46 32 313 0.107023411371237 0.695652173913043 0.10223642172524
2518 41 11 4 48 0.0975609756097561 0.363636363636364 0.0833333333333333
2519 26 3 0 29 0 0 0
25208 5 1 0 6 0 0 0
25220 18 2 2 18 0.111111111111111 1 0.111111111111111
2523 4 2 1 5 0.25 0.5 0.2
25232 216 9 8 217 0.037037037037037 0.888888888888889 0.0368663594470046
2527 10 7 2 15 0.2 0.285714285714286 0.133333333333333
25358 16 11 2 25 0.125 0.181818181818182 0.08
25384 7 3 1 9 0.142857142857143 0.333333333333333 0.111111111111111
2549 2 2 1 3 0.5 0.5 0.333333333333333
25538 2 1 0 3 0 0 0
25560 141 14 11 144 0.0780141843971631 0.785714285714286 0.0763888888888889
2594 8 1 1 8 0.125 1 0.125
2595 4 1 1 4 0.25 1 0.25
2602 2 1 1 2 0.5 1 0.5
2603 34 10 8 36 0.235294117647059 0.8 0.222222222222222
2607 43 5 3 45 0.0697674418604651 0.6 0.0666666666666667
2609 2 1 0 3 0 0 0
2611 42 11 9 44 0.214285714285714 0.818181818181818 0.204545454545455
2614 12 2 1 13 0.0833333333333333 0.5 0.0769230769230769
26415 17 3 0 20 0 0 0
26943 12 2 2 12 0.166666666666667 1 0.166666666666667
27133 1 1 0 2 0 0 0
27319 26 2 2 26 0.0769230769230769 1 0.0769230769230769
27725 1 1 1 1 1 1 1
27750 10 7 7 10 0.7 1 0.7
278 7 8 1 14 0.142857142857143 0.125 0.0714285714285714
2819 21 4 0 25 0 0 0
2847 2 2 1 3 0.5 0.5 0.333333333333333
28472 1 1 1 1 1 1 1
2852 7 3 3 7 0.428571428571429 1 0.428571428571429
286 306 8 7 307 0.0228758169934641 0.875 0.0228013029315961
28678 1 1 1 1 1 1 1
28716 29 3 2 30 0.0689655172413793 0.666666666666667 0.0666666666666667
28725 4 1 1 4 0.25 1 0.25
28788 33 3 3 33 0.0909090909090909 1 0.0909090909090909
28814 1 1 1 1 1 1 1
2895 10 2 2 10 0.2 1 0.2
29009 1 1 1 1 1 1 1
2905 26 2 1 27 0.0384615384615385 0.5 0.037037037037037
2907 66 6 3 69 0.0454545454545455 0.5 0.0434782608695652
29134 3 1 0 4 0 0 0
2914 509 121 62 568 0.121807465618861 0.512396694214876 0.109154929577465
2915 31 8 4 35 0.129032258064516 0.5 0.114285714285714
29208 18 2 1 19 0.0555555555555556 0.5 0.0526315789473684
29216 1 3 1 3 1 0.333333333333333 0.333333333333333
29243 2 1 1 2 0.5 1 0.5
29259 7 4 3 8 0.428571428571429 0.75 0.375
293 117 17 13 121 0.111111111111111 0.764705882352941 0.107438016528926
29317 1 1 0 2 0 0 0
29402 8 1 1 8 0.125 1 0.125
29422 3 1 1 3 0.333333333333333 1 0.333333333333333
29432 1 1 1 1 1 1 1
29449 4 4 1 7 0.25 0.25 0.142857142857143
29452 6 3 0 9 0 0 0
29527 36 5 3 38 0.0833333333333333 0.6 0.0789473684210526
29636 18 4 4 18 0.222222222222222 1 0.222222222222222
29670 2 2 1 3 0.5 0.5 0.333333333333333
29686 274 63 58 279 0.211678832116788 0.920634920634921 0.207885304659498
29748 23 2 2 23 0.0869565217391304 1 0.0869565217391304
29838 18 2 1 19 0.0555555555555556 0.5 0.0526315789473684
29877 6 3 2 7 0.333333333333333 0.666666666666667 0.285714285714286
29904 2 1 1 2 0.5 1 0.5
30071 14 68 9 73 0.642857142857143 0.132352941176471 0.123287671232877
30132 9 3 3 9 0.333333333333333 1 0.333333333333333
30653 16 2 1 17 0.0625 0.5 0.0588235294117647
3066 8 1 1 8 0.125 1 0.125
30726 7 2 1 8 0.142857142857143 0.5 0.125
31065 2 2 0 4 0 0 0
31103 3 4 0 7 0 0 0
3111 1 1 0 2 0 0 0
31246 6 1 1 6 0.166666666666667 1 0.166666666666667
31265 1 1 1 1 1 1 1
31333 4 3 3 4 0.75 1 0.75
31383 14 7 4 17 0.285714285714286 0.571428571428571 0.235294117647059
31458 27 1 0 28 0 0 0
31479 4 1 1 4 0.25 1 0.25
31859 2 1 0 3 0 0 0
31985 7 1 0 8 0 0 0
32034 6 2 1 7 0.166666666666667 0.5 0.142857142857143
3212 31 1 1 31 0.032258064516129 1 0.032258064516129
3213 98 3 3 98 0.0306122448979592 1 0.0306122448979592
3221 1 1 1 1 1 1 1
32361 4 2 1 5 0.25 0.5 0.2
3243 15 3 1 17 0.0666666666666667 0.333333333333333 0.0588235294117647
32459 3 1 1 3 0.333333333333333 1 0.333333333333333
3246 132 14 11 135 0.0833333333333333 0.785714285714286 0.0814814814814815
3248 17 3 1 19 0.0588235294117647 0.333333333333333 0.0526315789473684
3249 35 6 2 39 0.0571428571428571 0.333333333333333 0.0512820512820513
3257 258 124 53 329 0.205426356589147 0.42741935483871 0.161094224924012
3265 30 19 7 42 0.233333333333333 0.368421052631579 0.166666666666667
3268 1 1 1 1 1 1 1
3274 3 1 0 4 0 0 0
3292 309 12 9 312 0.029126213592233 0.75 0.0288461538461538
32978 2 1 1 2 0.5 1 0.5
33 8 12 3 17 0.375 0.25 0.176470588235294
3301 40 1 1 40 0.025 1 0.025
3303 579 25 24 580 0.0414507772020725 0.96 0.0413793103448276
3320 372 14 7 379 0.0188172043010753 0.5 0.0184696569920844
3322 3 1 1 3 0.333333333333333 1 0.333333333333333
3327 22 4 3 23 0.136363636363636 0.75 0.130434782608696
3333 140 29 26 143 0.185714285714286 0.896551724137931 0.181818181818182
3343 18 3 2 19 0.111111111111111 0.666666666666667 0.105263157894737
33437 1 6 1 6 1 0.166666666666667 0.166666666666667
3344 28 21 10 39 0.357142857142857 0.476190476190476 0.256410256410256
3352 57 3 1 59 0.0175438596491228 0.333333333333333 0.0169491525423729
3356 1289 20 18 1291 0.0139643134212568 0.9 0.0139426800929512
33956 3 1 1 3 0.333333333333333 1 0.333333333333333
34081 2 2 1 3 0.5 0.5 0.333333333333333
34159 5 1 1 5 0.2 1 0.2
34243 1 1 1 1 1 1 1
34288 2 3 0 5 0 0 0
34465 6 2 1 7 0.166666666666667 0.5 0.142857142857143
34623 2 1 1 2 0.5 1 0.5
34631 2 1 1 2 0.5 1 0.5
34695 3 1 1 3 0.333333333333333 1 0.333333333333333
34771 3 2 2 3 0.666666666666667 1 0.666666666666667
35244 11 3 2 12 0.181818181818182 0.666666666666667 0.166666666666667
35425 1 2 1 2 1 0.5 0.5
35485 5 1 1 5 0.2 1 0.2
3549 731 58 43 746 0.0588235294117647 0.741379310344828 0.0576407506702413
3551 1 1 0 2 0 0 0
3557 92 22 15 99 0.16304347826087 0.681818181818182 0.151515151515152
35612 1 2 0 3 0 0 0
35706 3 1 1 3 0.333333333333333 1 0.333333333333333
3582 4 2 0 6 0 0 0
3597 8 4 1 11 0.125 0.25 0.0909090909090909
3640 4 1 1 4 0.25 1 0.25
3662 12 1 1 12 0.0833333333333333 1 0.0833333333333333
3741 199 1 0 200 0 0 0
3758 34 4 0 38 0 0 0
376 11 1 1 11 0.0909090909090909 1 0.0909090909090909
378 3 1 1 3 0.333333333333333 1 0.333333333333333
3786 299 2 0 301 0 0 0
3790 3 1 1 3 0.333333333333333 1 0.333333333333333
3825 1 1 0 2 0 0 0
3836 7 7 0 14 0 0 0
3839 1 1 1 1 1 1 1
4134 62 1 0 63 0 0 0
42 65 2 2 65 0.0307692307692308 1 0.0307692307692308
4436 77 9 8 78 0.103896103896104 0.888888888888889 0.102564102564103
4538 16 9 4 21 0.25 0.444444444444444 0.19047619047619
4555 1 6 0 7 0 0 0
4589 165 31 16 180 0.096969696969697 0.516129032258065 0.0888888888888889
4608 3 2 1 4 0.333333333333333 0.5 0.25
4618 14 6 0 20 0 0 0
4621 25 3 2 26 0.08 0.666666666666667 0.0769230769230769
4645 13 1 1 13 0.0769230769230769 1 0.0769230769230769
4651 25 3 1 27 0.04 0.333333333333333 0.037037037037037
4673 8 1 1 8 0.125 1 0.125
4675 7 7 2 12 0.285714285714286 0.285714285714286 0.166666666666667
4677 4 7 2 9 0.5 0.285714285714286 0.222222222222222
4678 7 8 2 13 0.285714285714286 0.25 0.153846153846154
4680 10 7 2 15 0.2 0.285714285714286 0.133333333333333
4685 8 8 3 13 0.375 0.375 0.230769230769231
4688 10 8 3 15 0.3 0.375 0.2
4691 10 13 4 19 0.4 0.307692307692308 0.210526315789474
4694 60 2 1 61 0.0166666666666667 0.5 0.0163934426229508
4697 1 24 1 24 1 0.0416666666666667 0.0416666666666667
4702 6 4 2 8 0.333333333333333 0.5 0.25
4713 84 5 5 84 0.0595238095238095 1 0.0595238095238095
4716 97 43 16 124 0.164948453608247 0.372093023255814 0.129032258064516
4717 4 2 2 4 0.5 1 0.5
4718 3 5 1 7 0.333333333333333 0.2 0.142857142857143
4721 10 6 0 16 0 0 0
4725 97 42 13 126 0.134020618556701 0.30952380952381 0.103174603174603
4741 7 1 0 8 0 0 0
4747 8 2 0 10 0 0 0
4750 32 5 1 36 0.03125 0.2 0.0277777777777778
4774 2 2 2 2 1 1 1
4777 28 8 5 31 0.178571428571429 0.625 0.161290322580645
4780 25 2 1 26 0.04 0.5 0.0384615384615385
4782 2 1 0 3 0 0 0
4787 6 7 0 13 0 0 0
4788 87 6 2 91 0.0229885057471264 0.333333333333333 0.021978021978022
4795 29 3 0 32 0 0 0
4802 7 2 1 8 0.142857142857143 0.5 0.125
5050 11 2 2 11 0.181818181818182 1 0.181818181818182
513 15 9 3 21 0.2 0.333333333333333 0.142857142857143
5381 13 4 1 16 0.0769230769230769 0.25 0.0625
5385 11 10 3 18 0.272727272727273 0.3 0.166666666666667
5408 29 2 2 29 0.0689655172413793 1 0.0689655172413793
5410 42 5 0 47 0 0 0
5417 173 32 27 178 0.15606936416185 0.84375 0.151685393258427
5418 49 1 1 49 0.0204081632653061 1 0.0204081632653061
5424 9 3 1 11 0.111111111111111 0.333333333333333 0.0909090909090909
5430 69 13 11 71 0.159420289855072 0.846153846153846 0.154929577464789
5459 200 8 8 200 0.04 1 0.04
5466 54 1 0 55 0 0 0
5486 34 2 0 36 0 0 0
5511 158 20 18 160 0.113924050632911 0.9 0.1125
553 39 10 8 41 0.205128205128205 0.8 0.195121951219512
5533 8 2 1 9 0.125 0.5 0.111111111111111
5539 31 39 14 56 0.451612903225806 0.358974358974359 0.25
5550 4 3 1 6 0.25 0.333333333333333 0.166666666666667
5568 89 4 4 89 0.0449438202247191 1 0.0449438202247191
559 54 16 14 56 0.259259259259259 0.875 0.25
5602 15 4 2 17 0.133333333333333 0.5 0.117647058823529
5609 2 12 0 14 0 0 0
5617 90 2 0 92 0 0 0
5623 1 3 0 4 0 0 0
5669 35 3 0 38 0 0 0
5693 7 2 1 8 0.142857142857143 0.5 0.125
5713 31 2 1 32 0.032258064516129 0.5 0.03125
6057 7 3 1 9 0.142857142857143 0.333333333333333 0.111111111111111
6062 8 3 0 11 0 0 0
6066 3 1 0 4 0 0 0
6140 152 1 0 153 0 0 0
6163 9 2 0 11 0 0 0
6320 178 2 1 179 0.00561797752808989 0.5 0.00558659217877095
6342 4 1 0 5 0 0 0
6360 9 2 2 9 0.222222222222222 1 0.222222222222222
6435 2 16 0 18 0 0 0
6453 337 31 22 346 0.0652818991097923 0.709677419354839 0.0635838150289017
6461 682 4 4 682 0.00586510263929619 1 0.00586510263929619
6509 37 4 4 37 0.108108108108108 1 0.108108108108108
65534 3 2 0 5 0 0 0
6596 23 1 1 23 0.0434782608695652 1 0.0434782608695652
6619 15 1 1 15 0.0666666666666667 1 0.0666666666666667
6666 27 9 5 31 0.185185185185185 0.555555555555556 0.161290322580645
6667 431 65 62 434 0.14385150812065 0.953846153846154 0.142857142857143
668 39 7 2 44 0.0512820512820513 0.285714285714286 0.0454545454545455
6695 109 3 3 109 0.0275229357798165 1 0.0275229357798165
6696 4 3 2 5 0.5 0.666666666666667 0.4
6706 5 3 2 6 0.4 0.666666666666667 0.333333333333333
6730 580 7 6 581 0.0103448275862069 0.857142857142857 0.0103270223752151
6762 142 22 18 146 0.126760563380282 0.818181818181818 0.123287671232877
6770 22 4 4 22 0.181818181818182 1 0.181818181818182
6772 12 4 3 13 0.25 0.75 0.230769230769231
6774 62 6 3 65 0.0483870967741935 0.5 0.0461538461538462
6775 4 2 2 4 0.5 1 0.5
680 47 13 9 51 0.191489361702128 0.692307692307692 0.176470588235294
6802 6 1 1 6 0.166666666666667 1 0.166666666666667
6830 67 80 22 125 0.328358208955224 0.275 0.176
6881 6 1 0 7 0 0 0
6895 6 1 1 6 0.166666666666667 1 0.166666666666667
6939 508 47 19 536 0.0374015748031496 0.404255319148936 0.0354477611940298
7018 2033 6 4 2035 0.00196753566158387 0.666666666666667 0.00196560196560197
7019 1 1 1 1 1 1 1
7065 8 2 1 9 0.125 0.5 0.111111111111111
719 11 1 1 11 0.0909090909090909 1 0.0909090909090909
7500 67 6 4 69 0.0597014925373134 0.666666666666667 0.0579710144927536
7514 18 9 5 22 0.277777777777778 0.555555555555556 0.227272727272727
7516 4 1 0 5 0 0 0
7521 3 2 1 4 0.333333333333333 0.5 0.25
7522 5 6 2 9 0.4 0.333333333333333 0.222222222222222
7530 2 4 0 6 0 0 0
7539 20 7 6 21 0.3 0.857142857142857 0.285714285714286
7570 7 4 1 10 0.142857142857143 0.25 0.1
7575 126 29 26 129 0.206349206349206 0.896551724137931 0.201550387596899
7610 23 2 1 24 0.0434782608695652 0.5 0.0416666666666667
766 16 5 4 17 0.25 0.8 0.235294117647059
7660 35 32 17 50 0.485714285714286 0.53125 0.34
7665 2 1 1 2 0.5 1 0.5
7667 3 4 3 4 1 0.75 0.75
7668 10 1 1 10 0.1 1 0.1
7670 17 2 2 17 0.117647058823529 1 0.117647058823529
7671 3 36 3 36 1 0.0833333333333333 0.0833333333333333
7682 12 3 2 13 0.166666666666667 0.666666666666667 0.153846153846154
7687 4 2 1 5 0.25 0.5 0.2
7786 4 1 0 5 0 0 0
786 42 6 1 47 0.0238095238095238 0.166666666666667 0.0212765957446809
790 2 1 1 2 0.5 1 0.5
8002 35 6 2 39 0.0571428571428571 0.333333333333333 0.0512820512820513
8070 1 1 0 2 0 0 0
8121 28 4 2 30 0.0714285714285714 0.5 0.0666666666666667
8175 1 2 0 3 0 0 0
8195 58 9 5 62 0.0862068965517241 0.555555555555556 0.0806451612903226
8220 651 14 12 653 0.0184331797235023 0.857142857142857 0.0183767228177642
8226 3 2 1 4 0.333333333333333 0.5 0.25
8237 7 4 2 9 0.285714285714286 0.5 0.222222222222222
8246 133 3 2 134 0.0150375939849624 0.666666666666667 0.0149253731343284
8256 2 1 1 2 0.5 1 0.5
8267 2 1 1 2 0.5 1 0.5
8286 1 1 0 2 0 0 0
8319 25 10 5 30 0.2 0.5 0.166666666666667
8323 14 1 1 14 0.0714285714285714 1 0.0714285714285714
8364 9 1 1 9 0.111111111111111 1 0.111111111111111
8365 35 13 8 40 0.228571428571429 0.615384615384615 0.2
8419 27 3 1 29 0.037037037037037 0.333333333333333 0.0344827586206897
8426 238 7 4 241 0.0168067226890756 0.571428571428571 0.016597510373444
8447 306 15 13 308 0.042483660130719 0.866666666666667 0.0422077922077922
8469 32 8 5 35 0.15625 0.625 0.142857142857143
8472 26 8 1 33 0.0384615384615385 0.125 0.0303030303030303
8473 12 3 1 14 0.0833333333333333 0.333333333333333 0.0714285714285714
8481 2 1 0 3 0 0 0
8501 33 8 8 33 0.242424242424242 1 0.242424242424242
8517 18 1 1 18 0.0555555555555556 1 0.0555555555555556
8527 14 2 2 14 0.142857142857143 1 0.142857142857143
8554 7 1 1 7 0.142857142857143 1 0.142857142857143
8560 54 17 11 60 0.203703703703704 0.647058823529412 0.183333333333333
8565 7 1 0 8 0 0 0
8586 56 2 2 56 0.0357142857142857 1 0.0357142857142857
8591 26 6 4 28 0.153846153846154 0.666666666666667 0.142857142857143
8657 67 3 2 68 0.0298507462686567 0.666666666666667 0.0294117647058824
8664 11 4 1 14 0.0909090909090909 0.25 0.0714285714285714
8665 18 10 6 22 0.333333333333333 0.6 0.272727272727273
8674 43 3 3 43 0.0697674418604651 1 0.0697674418604651
8728 1 1 1 1 1 1 1
8737 29 8 4 33 0.137931034482759 0.5 0.121212121212121
8758 7 5 3 9 0.428571428571429 0.6 0.333333333333333
8763 128 31 29 130 0.2265625 0.935483870967742 0.223076923076923
8767 26 4 3 27 0.115384615384615 0.75 0.111111111111111
8781 3 1 1 3 0.333333333333333 1 0.333333333333333
8823 6 1 1 6 0.166666666666667 1 0.166666666666667
8881 144 1 1 144 0.00694444444444444 1 0.00694444444444444
8903 12 4 0 16 0 0 0
8921 1 1 0 2 0 0 0
8925 2 1 0 3 0 0 0
8943 17 3 1 19 0.0588235294117647 0.333333333333333 0.0526315789473684
8954 14 6 2 18 0.142857142857143 0.333333333333333 0.111111111111111
8966 30 1 1 30 0.0333333333333333 1 0.0333333333333333
8970 2 1 1 2 0.5 1 0.5
8975 59 3 2 60 0.0338983050847458 0.666666666666667 0.0333333333333333
9009 180 11 8 183 0.0444444444444444 0.727272727272727 0.0437158469945355
9052 3 2 1 4 0.333333333333333 0.5 0.25
9080 7 2 1 8 0.142857142857143 0.5 0.125
9085 6 1 0 7 0 0 0
9112 5 3 1 7 0.2 0.333333333333333 0.142857142857143
9150 19 2 2 19 0.105263157894737 1 0.105263157894737
9153 45 1 1 45 0.0222222222222222 1 0.0222222222222222
9264 51 42 7 86 0.137254901960784 0.166666666666667 0.0813953488372093
9270 32 8 6 34 0.1875 0.75 0.176470588235294
9316 40 1 0 41 0 0 0
9406 1 1 0 2 0 0 0
9416 16 1 0 17 0 0 0
9505 60 1 1 60 0.0166666666666667 1 0.0166666666666667
9583 24 1 0 25 0 0 0
9595 8 4 2 10 0.25 0.5 0.2
9600 6 10 2 14 0.333333333333333 0.2 0.142857142857143
9607 8 1 0 9 0 0 0
9612 1 3 0 4 0 0 0
9619 2 2 2 2 1 1 1
9621 3 8 2 9 0.666666666666667 0.25 0.222222222222222
9622 5 1 1 5 0.2 1 0.2
9687 2 1 1 2 0.5 1 0.5
9758 2 1 0 3 0 0 0
9821 3 1 1 3 0.333333333333333 1 0.333333333333333
9844 2 1 0 3 0 0 0
9901 25 2 0 27 0 0 0
9919 18 1 0 19 0 0 0
9995 3 2 2 3 0.666666666666667 1 0.666666666666667
