#ASN num_v4adj num_v6adj num_intersect(v4v6adj) num_union(adj) fr_v4(num_intersect/num_v4adj) fr_v6(num_intersect/num_v6adj) fr_intersect(num_intersect/num_union)
10013 3 9 2 10 0.666666666666667 0.222222222222222 0.2
10015 12 1 0 13 0 0 0
10063 3 1 1 3 0.333333333333333 1 0.333333333333333
101 41 1 1 41 0.024390243902439 1 0.024390243902439
10204 5 2 1 6 0.2 0.5 0.166666666666667
10318 3 2 0 5 0 0 0
10343 2 1 1 2 0.5 1 0.5
10429 19 1 1 19 0.0526315789473684 1 0.0526315789473684
10886 29 2 2 29 0.0689655172413793 1 0.0689655172413793
109 9 31 1 39 0.111111111111111 0.032258064516129 0.0256410256410256
1103 151 40 35 156 0.231788079470199 0.875 0.224358974358974
11340 7 1 0 8 0 0 0
11537 74 39 27 86 0.364864864864865 0.692307692307692 0.313953488372093
11630 3 6 0 9 0 0 0
11990 3 1 0 4 0 0 0
1200 27 9 6 30 0.222222222222222 0.666666666666667 0.2
12008 24 1 1 24 0.0416666666666667 1 0.0416666666666667
12046 2 1 1 2 0.5 1 0.5
12111 27 1 1 27 0.037037037037037 1 0.037037037037037
1213 7 3 3 7 0.428571428571429 1 0.428571428571429
12199 1 4 0 5 0 0 0
1221 85 4 1 88 0.0117647058823529 0.25 0.0113636363636364
12312 30 1 1 30 0.0333333333333333 1 0.0333333333333333
12337 28 9 6 31 0.214285714285714 0.666666666666667 0.193548387096774
12353 4 2 1 5 0.25 0.5 0.2
12355 3 1 0 4 0 0 0
1237 31 3 2 32 0.0645161290322581 0.666666666666667 0.0625
12371 3 1 0 4 0 0 0
12399 30 1 1 30 0.0333333333333333 1 0.0333333333333333
12401 10 4 1 13 0.1 0.25 0.0769230769230769
12414 30 13 8 35 0.266666666666667 0.615384615384615 0.228571428571429
1251 5 5 1 9 0.2 0.2 0.111111111111111
12533 2 1 0 3 0 0 0
12565 1 1 0 2 0 0 0
1257 163 6 0 169 0 0 0
12600 11 1 1 11 0.0909090909090909 1 0.0909090909090909
12611 25 8 6 27 0.24 0.75 0.222222222222222
12634 29 13 8 34 0.275862068965517 0.615384615384615 0.235294117647059
12637 3 4 0 7 0 0 0
12638 2 3 0 5 0 0 0
12657 1 2 1 2 1 0.5 0.5
1273 290 51 28 313 0.096551724137931 0.549019607843137 0.0894568690095847
12731 25 8 4 29 0.16 0.5 0.137931034482759
12732 13 2 1 14 0.0769230769230769 0.5 0.0714285714285714
12767 5 1 0 6 0 0 0
12779 61 16 7 70 0.114754098360656 0.4375 0.1
12793 192 1 0 193 0 0 0
12817 3 1 1 3 0.333333333333333 1 0.333333333333333
12831 6 2 1 7 0.166666666666667 0.5 0.142857142857143
12853 1 6 0 7 0 0 0
12859 249 57 50 256 0.200803212851406 0.87719298245614 0.1953125
12871 28 17 10 35 0.357142857142857 0.588235294117647 0.285714285714286
12895 4 1 1 4 0.25 1 0.25
12902 30 14 9 35 0.3 0.642857142857143 0.257142857142857
12931 3 1 1 3 0.333333333333333 1 0.333333333333333
12956 239 6 6 239 0.0251046025104603 1 0.0251046025104603
12968 62 5 1 66 0.0161290322580645 0.2 0.0151515151515152
1299 331 20 17 334 0.0513595166163142 0.85 0.0508982035928144
13 1 1 1 1 1 1 1
13041 8 1 1 8 0.125 1 0.125
13046 12 1 1 12 0.0833333333333333 1 0.0833333333333333
13058 3 1 0 4 0 0 0
13092 4 1 1 4 0.25 1 0.25
13110 4 3 1 6 0.25 0.333333333333333 0.166666666666667
13115 4 1 0 5 0 0 0
13189 16 1 1 16 0.0625 1 0.0625
13193 38 13 5 46 0.131578947368421 0.384615384615385 0.108695652173913
13272 1 1 1 1 1 1 1
13300 1 2 1 2 1 0.5 0.5
13645 56 3 0 59 0 0 0
137 12 1 1 12 0.0833333333333333 1 0.0833333333333333
13944 2 11 0 13 0 0 0
14277 10 11 2 19 0.2 0.181818181818182 0.105263157894737
145 8 8 0 16 0 0 0
15169 62 3 1 64 0.0161290322580645 0.333333333333333 0.015625
15180 6 2 0 8 0 0 0
15440 7 2 0 9 0 0 0
15444 256 21 15 262 0.05859375 0.714285714285714 0.0572519083969466
15469 1 1 0 2 0 0 0
15501 2 2 2 2 1 1 1
15589 36 7 1 42 0.0277777777777778 0.142857142857143 0.0238095238095238
15600 31 6 4 33 0.129032258064516 0.666666666666667 0.121212121212121
15623 18 2 1 19 0.0555555555555556 0.5 0.0526315789473684
15685 17 1 1 17 0.0588235294117647 1 0.0588235294117647
15703 91 11 9 93 0.0989010989010989 0.818181818181818 0.0967741935483871
15725 2 2 2 2 1 1 1
15798 2 1 0 3 0 0 0
15997 10 1 0 11 0 0 0
16004 10 2 1 11 0.1 0.5 0.0909090909090909
16023 4 1 0 5 0 0 0
16034 182 16 14 184 0.0769230769230769 0.875 0.0760869565217391
16086 25 7 4 28 0.16 0.571428571428571 0.142857142857143
16091 1 1 0 2 0 0 0
16128 11 3 3 11 0.272727272727273 1 0.272727272727273
16131 27 11 4 34 0.148148148148148 0.363636363636364 0.117647058823529
16150 143 11 8 146 0.0559440559440559 0.727272727272727 0.0547945205479452
16186 6 9 1 14 0.166666666666667 0.111111111111111 0.0714285714285714
16215 9 3 3 9 0.333333333333333 1 0.333333333333333
16237 23 5 3 25 0.130434782608696 0.6 0.12
16245 14 3 2 15 0.142857142857143 0.666666666666667 0.133333333333333
16260 25 1 1 25 0.04 1 0.04
16265 34 1 1 34 0.0294117647058824 1 0.0294117647058824
16276 32 2 2 32 0.0625 1 0.0625
1653 25 3 1 27 0.04 0.333333333333333 0.037037037037037
16531 9 1 0 10 0 0 0
16713 24 2 1 25 0.0416666666666667 0.5 0.04
16838 7 2 0 9 0 0 0
17197 1 1 0 2 0 0 0
17263 4 1 0 5 0 0 0
1741 9 2 2 9 0.222222222222222 1 0.222222222222222
17511 8 3 1 10 0.125 0.333333333333333 0.1
17527 3 6 1 8 0.333333333333333 0.166666666666667 0.125
17529 5 1 0 6 0 0 0
17579 8 7 6 9 0.75 0.857142857142857 0.666666666666667
1759 23 1 1 23 0.0434782608695652 1 0.0434782608695652
17709 8 1 0 9 0 0 0
17828 2 1 0 3 0 0 0
17832 7 12 0 19 0 0 0
17934 2 6 1 7 0.5 0.166666666666667 0.142857142857143
17935 1 1 0 2 0 0 0
1797 1 2 0 3 0 0 0
1798 4 3 0 7 0 0 0
18126 3 1 1 3 0.333333333333333 1 0.333333333333333
18185 5 2 2 5 0.4 1 0.4
18266 4 1 1 4 0.25 1 0.25
18288 3 1 1 3 0.333333333333333 1 0.333333333333333
1835 7 2 2 7 0.285714285714286 1 0.285714285714286
18422 4 1 1 4 0.25 1 0.25
1853 91 11 9 93 0.0989010989010989 0.818181818181818 0.0967741935483871
18592 21 1 1 21 0.0476190476190476 1 0.0476190476190476
18666 2 2 0 4 0 0 0
1887 6 1 1 6 0.166666666666667 1 0.166666666666667
1897 1 1 0 2 0 0 0
1916 16 4 2 18 0.125 0.5 0.111111111111111
1930 9 7 3 13 0.333333333333333 0.428571428571429 0.230769230769231
195 7 1 1 7 0.142857142857143 1 0.142857142857143
1955 10 1 1 10 0.1 1 0.1
19782 7 1 1 7 0.142857142857143 1 0.142857142857143
20080 9 2 2 9 0.222222222222222 1 0.222222222222222
20312 7 1 1 7 0.142857142857143 1 0.142857142857143
2042 10 11 1 20 0.1 0.0909090909090909 0.05
2044 13 1 0 14 0 0 0
20473 5 1 0 6 0 0 0
20495 89 9 5 93 0.0561797752808989 0.555555555555556 0.0537634408602151
20538 8 2 1 9 0.125 0.5 0.111111111111111
20569 6 2 1 7 0.166666666666667 0.5 0.142857142857143
20603 1 2 0 3 0 0 0
20612 4 1 1 4 0.25 1 0.25
20621 2 2 2 2 1 1 1
20640 173 48 39 182 0.225433526011561 0.8125 0.214285714285714
20646 49 13 9 53 0.183673469387755 0.692307692307692 0.169811320754717
20704 15 4 1 18 0.0666666666666667 0.25 0.0555555555555556
20712 7 1 0 8 0 0 0
20718 22 7 3 26 0.136363636363636 0.428571428571429 0.115384615384615
20745 2 3 0 5 0 0 0
20762 2 1 0 3 0 0 0
20794 3 2 0 5 0 0 0
20834 32 3 3 32 0.09375 1 0.09375
20847 35 12 8 39 0.228571428571429 0.666666666666667 0.205128205128205
209 1143 1 1 1143 0.000874890638670166 1 0.000874890638670166
20900 1 1 0 2 0 0 0
20912 2 3 0 5 0 0 0
20965 42 33 33 42 0.785714285714286 1 0.785714285714286
2107 1 1 1 1 1 1 1
2108 1 1 1 1 1 1 1
2110 42 7 4 45 0.0952380952380952 0.571428571428571 0.0888888888888889
21119 9 1 0 10 0 0 0
21155 39 18 9 48 0.230769230769231 0.5 0.1875
2116 66 1 1 66 0.0151515151515152 1 0.0151515151515152
21221 24 4 2 26 0.0833333333333333 0.5 0.0769230769230769
2128 3 2 2 3 0.666666666666667 1 0.666666666666667
21385 30 7 4 33 0.133333333333333 0.571428571428571 0.121212121212121
21501 5 1 0 6 0 0 0
2153 20 2 2 20 0.1 1 0.1
2200 45 4 3 46 0.0666666666666667 0.75 0.0652173913043478
22166 2 1 0 3 0 0 0
22335 26 1 1 26 0.0384615384615385 1 0.0384615384615385
22388 3 2 2 3 0.666666666666667 1 0.666666666666667
224 6 4 1 9 0.166666666666667 0.25 0.111111111111111
22548 4 1 0 5 0 0 0
226 18 1 1 18 0.0555555555555556 1 0.0555555555555556
22767 1 1 1 1 1 1 1
23393 22 3 1 24 0.0454545454545455 0.333333333333333 0.0416666666666667
23634 5 1 1 5 0.2 1 0.2
23774 3 2 1 4 0.333333333333333 0.5 0.25
23787 1 1 1 1 1 1 1
2381 24 2 2 24 0.0833333333333333 1 0.0833333333333333
23902 1 1 0 2 0 0 0
23910 1 2 1 2 1 0.5 0.5
23911 1 2 1 2 1 0.5 0.5
23912 1 1 0 2 0 0 0
24 11 2 2 11 0.181818181818182 1 0.181818181818182
24252 3 3 2 4 0.666666666666667 0.666666666666667 0.5
24587 45 16 10 51 0.222222222222222 0.625 0.196078431372549
24723 2 1 0 3 0 0 0
24730 35 7 5 37 0.142857142857143 0.714285714285714 0.135135135135135
24776 6 2 1 7 0.166666666666667 0.5 0.142857142857143
2486 9 1 1 9 0.111111111111111 1 0.111111111111111
24875 71 12 8 75 0.112676056338028 0.666666666666667 0.106666666666667
2497 205 56 40 221 0.195121951219512 0.714285714285714 0.180995475113122
24973 2 1 1 2 0.5 1 0.5
250 3 2 0 5 0 0 0
2500 27 52 12 67 0.444444444444444 0.230769230769231 0.17910447761194
251 1 2 1 2 1 0.5 0.5
2510 14 7 3 18 0.214285714285714 0.428571428571429 0.166666666666667
25108 12 2 1 13 0.0833333333333333 0.5 0.0769230769230769
25137 204 28 26 206 0.127450980392157 0.928571428571429 0.12621359223301
2514 18 3 2 19 0.111111111111111 0.666666666666667 0.105263157894737
25152 27 6 3 30 0.111111111111111 0.5 0.1
2516 299 43 30 312 0.100334448160535 0.697674418604651 0.0961538461538462
2518 46 8 4 50 0.0869565217391304 0.5 0.08
2519 24 3 0 27 0 0 0
25208 6 2 0 8 0 0 0
25220 20 2 2 20 0.1 1 0.1
2523 5 2 0 7 0 0 0
25232 187 10 9 188 0.0481283422459893 0.9 0.0478723404255319
2527 8 8 2 14 0.25 0.25 0.142857142857143
25358 16 9 1 24 0.0625 0.111111111111111 0.0416666666666667
25384 9 3 1 11 0.111111111111111 0.333333333333333 0.0909090909090909
2549 2 3 0 5 0 0 0
25492 4 2 1 5 0.25 0.5 0.2
25538 2 1 0 3 0 0 0
25560 133 11 8 136 0.0601503759398496 0.727272727272727 0.0588235294117647
2594 7 1 1 7 0.142857142857143 1 0.142857142857143
2595 4 2 1 5 0.25 0.5 0.2
2602 2 2 1 3 0.5 0.5 0.333333333333333
2603 32 12 8 36 0.25 0.666666666666667 0.222222222222222
2607 45 6 3 48 0.0666666666666667 0.5 0.0625
2609 3 1 0 4 0 0 0
2611 38 14 10 42 0.263157894736842 0.714285714285714 0.238095238095238
2614 10 2 1 11 0.1 0.5 0.0909090909090909
26415 15 3 0 18 0 0 0
27133 1 1 0 2 0 0 0
27552 5 1 1 5 0.2 1 0.2
278 8 6 0 14 0 0 0
2819 17 3 0 20 0 0 0
2847 2 2 1 3 0.5 0.5 0.333333333333333
2852 7 3 3 7 0.428571428571429 1 0.428571428571429
28716 29 3 2 30 0.0689655172413793 0.666666666666667 0.0666666666666667
28725 5 1 1 5 0.2 1 0.2
28747 169 15 12 172 0.0710059171597633 0.8 0.0697674418604651
28788 33 3 3 33 0.0909090909090909 1 0.0909090909090909
28855 7 2 2 7 0.285714285714286 1 0.285714285714286
2895 4 2 2 4 0.5 1 0.5
2905 25 2 1 26 0.04 0.5 0.0384615384615385
2907 62 7 3 66 0.0483870967741935 0.428571428571429 0.0454545454545455
2914 545 112 61 596 0.111926605504587 0.544642857142857 0.102348993288591
2915 33 8 3 38 0.0909090909090909 0.375 0.0789473684210526
29208 12 2 1 13 0.0833333333333333 0.5 0.0769230769230769
29216 1 3 1 3 1 0.333333333333333 0.333333333333333
29243 2 2 2 2 1 1 1
29259 5 2 2 5 0.4 1 0.4
293 113 19 13 119 0.115044247787611 0.684210526315789 0.109243697478992
29317 1 2 1 2 1 0.5 0.5
29377 1 6 0 7 0 0 0
29422 4 1 1 4 0.25 1 0.25
29432 1 1 1 1 1 1 1
29449 3 4 1 6 0.333333333333333 0.25 0.166666666666667
29452 7 2 0 9 0 0 0
29629 5 1 0 6 0 0 0
29632 5 1 0 6 0 0 0
29636 12 3 3 12 0.25 1 0.25
29670 1 1 0 2 0 0 0
29686 293 58 52 299 0.177474402730375 0.896551724137931 0.173913043478261
29748 18 2 2 18 0.111111111111111 1 0.111111111111111
29838 11 4 1 14 0.0909090909090909 0.25 0.0714285714285714
3 5 1 0 6 0 0 0
30071 2 36 1 37 0.5 0.0277777777777778 0.027027027027027
302 3 1 0 4 0 0 0
30653 13 2 0 15 0 0 0
30726 8 1 0 9 0 0 0
31103 3 5 0 8 0 0 0
31265 1 1 1 1 1 1 1
3130 21 1 1 21 0.0476190476190476 1 0.0476190476190476
31383 15 10 6 19 0.4 0.6 0.315789473684211
31479 2 1 1 2 0.5 1 0.5
31508 24 6 3 27 0.125 0.5 0.111111111111111
31985 5 1 0 6 0 0 0
3212 29 1 1 29 0.0344827586206897 1 0.0344827586206897
3213 3 1 1 3 0.333333333333333 1 0.333333333333333
3221 1 1 1 1 1 1 1
3243 10 5 1 14 0.1 0.2 0.0714285714285714
32459 3 1 0 4 0 0 0
3246 116 17 14 119 0.120689655172414 0.823529411764706 0.117647058823529
3248 12 3 0 15 0 0 0
3249 31 3 1 33 0.032258064516129 0.333333333333333 0.0303030303030303
3257 246 123 49 320 0.199186991869919 0.398373983739837 0.153125
3265 36 21 10 47 0.277777777777778 0.476190476190476 0.212765957446809
3274 3 1 0 4 0 0 0
3292 275 12 10 277 0.0363636363636364 0.833333333333333 0.036101083032491
32978 1 1 1 1 1 1 1
33 8 11 3 16 0.375 0.272727272727273 0.1875
3301 35 2 1 36 0.0285714285714286 0.5 0.0277777777777778
3303 559 1 1 559 0.00178890876565295 1 0.00178890876565295
3320 355 18 8 365 0.0225352112676056 0.444444444444444 0.0219178082191781
3327 19 6 2 23 0.105263157894737 0.333333333333333 0.0869565217391304
3333 139 28 25 142 0.179856115107914 0.892857142857143 0.176056338028169
3343 14 3 3 14 0.214285714285714 1 0.214285714285714
33437 1 4 1 4 1 0.25 0.25
3344 31 14 6 39 0.193548387096774 0.428571428571429 0.153846153846154
3352 59 4 1 62 0.0169491525423729 0.25 0.0161290322580645
34243 1 1 1 1 1 1 1
34288 2 4 0 6 0 0 0
34465 3 3 2 4 0.666666666666667 0.666666666666667 0.5
34631 2 1 1 2 0.5 1 0.5
34771 2 2 2 2 1 1 1
3549 671 44 29 686 0.0432190760059613 0.659090909090909 0.0422740524781341
3557 83 15 9 89 0.108433734939759 0.6 0.101123595505618
3582 4 2 0 6 0 0 0
3661 3 1 0 4 0 0 0
3662 12 1 1 12 0.0833333333333333 1 0.0833333333333333
3741 174 1 0 175 0 0 0
3748 2 4 1 5 0.5 0.25 0.2
3758 32 9 0 41 0 0 0
376 12 1 1 12 0.0833333333333333 1 0.0833333333333333
378 2 1 1 2 0.5 1 0.5
3786 307 3 1 309 0.00325732899022801 0.333333333333333 0.00323624595469256
3825 1 1 0 2 0 0 0
3836 9 5 0 14 0 0 0
42 38 2 2 38 0.0526315789473684 1 0.0526315789473684
4436 64 5 4 65 0.0625 0.8 0.0615384615384615
4538 15 10 4 21 0.266666666666667 0.4 0.19047619047619
4555 1 4 0 5 0 0 0
4589 463 16 10 469 0.0215982721382289 0.625 0.0213219616204691
4608 3 1 1 3 0.333333333333333 1 0.333333333333333
4618 13 9 1 21 0.0769230769230769 0.111111111111111 0.0476190476190476
4645 17 1 1 17 0.0588235294117647 1 0.0588235294117647
4651 26 7 3 30 0.115384615384615 0.428571428571429 0.1
4673 7 1 0 8 0 0 0
4675 6 7 2 11 0.333333333333333 0.285714285714286 0.181818181818182
4677 4 10 2 12 0.5 0.2 0.166666666666667
4678 6 9 2 13 0.333333333333333 0.222222222222222 0.153846153846154
4680 8 7 2 13 0.25 0.285714285714286 0.153846153846154
4685 7 8 3 12 0.428571428571429 0.375 0.25
4688 10 8 3 15 0.3 0.375 0.2
4691 7 14 4 17 0.571428571428571 0.285714285714286 0.235294117647059
4694 72 2 2 72 0.0277777777777778 1 0.0277777777777778
4697 1 25 1 25 1 0.04 0.04
4702 5 5 2 8 0.4 0.4 0.25
4713 86 3 3 86 0.0348837209302326 1 0.0348837209302326
4716 91 45 15 121 0.164835164835165 0.333333333333333 0.12396694214876
4717 4 3 2 5 0.5 0.666666666666667 0.4
4718 4 7 2 9 0.5 0.285714285714286 0.222222222222222
4721 8 7 0 15 0 0 0
4725 89 45 6 128 0.0674157303370786 0.133333333333333 0.046875
4736 12 1 1 12 0.0833333333333333 1 0.0833333333333333
4741 4 2 0 6 0 0 0
4747 8 2 0 10 0 0 0
4750 31 3 0 34 0 0 0
4774 5 3 2 6 0.4 0.666666666666667 0.333333333333333
4777 28 7 5 30 0.178571428571429 0.714285714285714 0.166666666666667
4780 22 2 1 23 0.0454545454545455 0.5 0.0434782608695652
4787 7 5 0 12 0 0 0
4788 76 7 5 78 0.0657894736842105 0.714285714285714 0.0641025641025641
4795 21 2 0 23 0 0 0
5050 10 1 1 10 0.1 1 0.1
513 36 11 5 42 0.138888888888889 0.454545454545455 0.119047619047619
5381 15 4 0 19 0 0 0
5385 10 9 2 17 0.2 0.222222222222222 0.117647058823529
5408 30 2 2 30 0.0666666666666667 1 0.0666666666666667
5410 38 4 1 41 0.0263157894736842 0.25 0.024390243902439
5417 164 29 26 167 0.158536585365854 0.896551724137931 0.155688622754491
5418 6 2 2 6 0.333333333333333 1 0.333333333333333
5424 7 6 0 13 0 0 0
5430 53 10 7 56 0.132075471698113 0.7 0.125
5459 176 5 5 176 0.0284090909090909 1 0.0284090909090909
5466 54 1 0 55 0 0 0
5486 29 2 0 31 0 0 0
5511 186 33 11 208 0.0591397849462366 0.333333333333333 0.0528846153846154
553 32 9 6 35 0.1875 0.666666666666667 0.171428571428571
5537 10 2 1 11 0.1 0.5 0.0909090909090909
5539 36 36 10 62 0.277777777777778 0.277777777777778 0.161290322580645
5550 4 2 2 4 0.5 1 0.5
5568 82 5 4 83 0.0487804878048781 0.8 0.0481927710843374
559 50 17 14 53 0.28 0.823529411764706 0.264150943396226
5602 19 3 2 20 0.105263157894737 0.666666666666667 0.1
5609 2 17 1 18 0.5 0.0588235294117647 0.0555555555555556
5617 83 8 0 91 0 0 0
5623 1 3 0 4 0 0 0
5669 72 3 1 74 0.0138888888888889 0.333333333333333 0.0135135135135135
5693 7 3 2 8 0.285714285714286 0.666666666666667 0.25
6062 8 4 0 12 0 0 0
6066 4 1 0 5 0 0 0
6163 9 2 0 11 0 0 0
6320 127 2 1 128 0.0078740157480315 0.5 0.0078125
6342 4 2 0 6 0 0 0
6435 3 20 0 23 0 0 0
6453 298 18 17 299 0.0570469798657718 0.944444444444444 0.0568561872909699
6461 633 4 4 633 0.00631911532385466 1 0.00631911532385466
6509 39 6 6 39 0.153846153846154 1 0.153846153846154
6619 11 1 1 11 0.0909090909090909 1 0.0909090909090909
6666 28 5 2 31 0.0714285714285714 0.4 0.0645161290322581
6667 390 53 50 393 0.128205128205128 0.943396226415094 0.127226463104326
6677 12 1 1 12 0.0833333333333333 1 0.0833333333333333
668 40 6 2 44 0.05 0.333333333333333 0.0454545454545455
6695 78 2 2 78 0.0256410256410256 1 0.0256410256410256
6696 9 4 2 11 0.222222222222222 0.5 0.181818181818182
6706 4 2 1 5 0.25 0.5 0.2
6730 520 6 5 521 0.00961538461538462 0.833333333333333 0.00959692898272553
6762 131 14 13 132 0.099236641221374 0.928571428571429 0.0984848484848485
6770 21 3 3 21 0.142857142857143 1 0.142857142857143
6772 9 2 2 9 0.222222222222222 1 0.222222222222222
6774 69 2 2 69 0.0289855072463768 1 0.0289855072463768
6775 5 1 1 5 0.2 1 0.2
680 45 9 7 47 0.155555555555556 0.777777777777778 0.148936170212766
6802 5 1 1 5 0.2 1 0.2
6830 76 86 20 142 0.263157894736842 0.232558139534884 0.140845070422535
6895 32 1 1 32 0.03125 1 0.03125
6939 458 48 15 491 0.0327510917030568 0.3125 0.0305498981670061
7018 1972 4 2 1974 0.00101419878296146 0.5 0.00101317122593718
7065 10 1 1 10 0.1 1 0.1
71 9 2 0 11 0 0 0
7470 22 1 1 22 0.0454545454545455 1 0.0454545454545455
7500 67 5 3 69 0.0447761194029851 0.6 0.0434782608695652
7514 16 9 4 21 0.25 0.444444444444444 0.19047619047619
7521 5 3 1 7 0.2 0.333333333333333 0.142857142857143
7522 4 5 2 7 0.5 0.4 0.285714285714286
7530 2 2 0 4 0 0 0
7539 24 4 4 24 0.166666666666667 1 0.166666666666667
7575 79 6 6 79 0.0759493670886076 1 0.0759493670886076
7610 22 3 2 23 0.0909090909090909 0.666666666666667 0.0869565217391304
766 17 4 4 17 0.235294117647059 1 0.235294117647059
7660 31 29 13 47 0.419354838709677 0.448275862068966 0.276595744680851
7665 2 1 1 2 0.5 1 0.5
7667 3 6 3 6 1 0.5 0.5
7668 8 1 1 8 0.125 1 0.125
7670 13 2 2 13 0.153846153846154 1 0.153846153846154
7671 4 36 3 37 0.75 0.0833333333333333 0.0810810810810811
7682 10 2 1 11 0.1 0.5 0.0909090909090909
7687 4 2 1 5 0.25 0.5 0.2
7786 5 1 0 6 0 0 0
786 41 9 4 46 0.0975609756097561 0.444444444444444 0.0869565217391304
790 2 3 1 4 0.5 0.333333333333333 0.25
8002 30 5 0 35 0 0 0
8070 1 1 0 2 0 0 0
81 11 2 0 13 0 0 0
8121 22 2 1 23 0.0454545454545455 0.5 0.0434782608695652
8175 4 2 0 6 0 0 0
8195 34 7 4 37 0.117647058823529 0.571428571428571 0.108108108108108
8220 697 12 11 698 0.0157819225251076 0.916666666666667 0.0157593123209169
8237 10 2 0 12 0 0 0
8256 1 1 1 1 1 1 1
8267 2 4 0 6 0 0 0
8319 28 6 3 31 0.107142857142857 0.5 0.0967741935483871
8365 27 9 6 30 0.222222222222222 0.666666666666667 0.2
8419 21 4 3 22 0.142857142857143 0.75 0.136363636363636
8426 220 6 4 222 0.0181818181818182 0.666666666666667 0.018018018018018
8447 81 14 6 89 0.0740740740740741 0.428571428571429 0.0674157303370786
8469 34 6 4 36 0.117647058823529 0.666666666666667 0.111111111111111
8472 47 9 3 53 0.0638297872340425 0.333333333333333 0.0566037735849057
8481 3 1 0 4 0 0 0
8501 32 6 6 32 0.1875 1 0.1875
8517 17 1 1 17 0.0588235294117647 1 0.0588235294117647
8527 12 1 1 12 0.0833333333333333 1 0.0833333333333333
8554 6 1 1 6 0.166666666666667 1 0.166666666666667
8560 46 14 9 51 0.195652173913043 0.642857142857143 0.176470588235294
8565 6 1 0 7 0 0 0
8591 19 4 3 20 0.157894736842105 0.75 0.15
8657 62 2 1 63 0.0161290322580645 0.5 0.0158730158730159
8664 9 5 0 14 0 0 0
8665 19 8 4 23 0.210526315789474 0.5 0.173913043478261
8674 39 3 3 39 0.0769230769230769 1 0.0769230769230769
8676 6 1 0 7 0 0 0
8708 146 6 3 149 0.0205479452054795 0.5 0.0201342281879195
8728 1 1 1 1 1 1 1
8737 34 9 6 37 0.176470588235294 0.666666666666667 0.162162162162162
8758 8 3 1 10 0.125 0.333333333333333 0.1
8763 118 26 23 121 0.194915254237288 0.884615384615385 0.190082644628099
8767 21 4 3 22 0.142857142857143 0.75 0.136363636363636
8781 2 1 1 2 0.5 1 0.5
8823 4 1 1 4 0.25 1 0.25
8881 87 1 1 87 0.0114942528735632 1 0.0114942528735632
8903 6 4 0 10 0 0 0
8921 1 2 0 3 0 0 0
8925 3 1 0 4 0 0 0
8943 9 1 0 10 0 0 0
8954 25 9 5 29 0.2 0.555555555555556 0.172413793103448
8966 25 1 1 25 0.04 1 0.04
8970 2 1 1 2 0.5 1 0.5
8973 2 1 0 3 0 0 0
8975 57 4 2 59 0.0350877192982456 0.5 0.0338983050847458
9044 82 1 1 82 0.0121951219512195 1 0.0121951219512195
9080 7 1 0 8 0 0 0
9112 5 5 1 9 0.2 0.2 0.111111111111111
9150 24 2 1 25 0.0416666666666667 0.5 0.04
9153 38 2 2 38 0.0526315789473684 1 0.0526315789473684
9186 20 1 0 21 0 0 0
9264 56 75 18 113 0.321428571428571 0.24 0.15929203539823
9270 32 7 5 34 0.15625 0.714285714285714 0.147058823529412
9316 25 1 0 26 0 0 0
9406 1 1 0 2 0 0 0
9416 15 1 0 16 0 0 0
9505 46 2 1 47 0.0217391304347826 0.5 0.0212765957446809
9583 20 1 0 21 0 0 0
9595 7 4 2 9 0.285714285714286 0.5 0.222222222222222
9600 6 11 2 15 0.333333333333333 0.181818181818182 0.133333333333333
9607 8 4 0 12 0 0 0
9612 2 3 0 5 0 0 0
9619 2 2 2 2 1 1 1
9621 2 8 1 9 0.5 0.125 0.111111111111111
9622 8 1 1 8 0.125 1 0.125
9687 2 1 1 2 0.5 1 0.5
9701 3 1 0 4 0 0 0
9758 1 1 0 2 0 0 0
9844 1 1 0 2 0 0 0
9875 3 1 0 4 0 0 0
9919 15 1 0 16 0 0 0
9931 18 1 1 18 0.0555555555555556 1 0.0555555555555556
9995 3 2 2 3 0.666666666666667 1 0.666666666666667
