#ASN num_v4adj num_v6adj num_intersect(v4v6adj) num_union(adj) fr_v4(num_intersect/num_v4adj) fr_v6(num_intersect/num_v6adj) fr_intersect(num_intersect/num_union)
10013 3 8 2 9 0.666666666666667 0.25 0.222222222222222
10015 11 1 0 12 0 0 0
10063 3 1 1 3 0.333333333333333 1 0.333333333333333
101 46 2 2 46 0.0434782608695652 1 0.0434782608695652
10204 8 4 1 11 0.125 0.25 0.0909090909090909
10318 2 1 0 3 0 0 0
10343 2 1 1 2 0.5 1 0.5
10429 32 1 1 32 0.03125 1 0.03125
10480 7 1 1 7 0.142857142857143 1 0.142857142857143
10569 1 1 1 1 1 1 1
10586 4 2 0 6 0 0 0
10778 4 1 1 4 0.25 1 0.25
10886 31 2 2 31 0.0645161290322581 1 0.0645161290322581
109 9 11 1 19 0.111111111111111 0.0909090909090909 0.0526315789473684
1103 72 40 16 96 0.222222222222222 0.4 0.166666666666667
1126 20 8 5 23 0.25 0.625 0.217391304347826
1133 1 1 1 1 1 1 1
11340 3 2 1 4 0.333333333333333 0.5 0.25
1140 20 3 1 22 0.05 0.333333333333333 0.0454545454545455
11537 73 41 28 86 0.383561643835616 0.682926829268293 0.325581395348837
11815 2 1 0 3 0 0 0
11960 5 3 3 5 0.6 1 0.6
11990 3 1 0 4 0 0 0
1200 28 9 6 31 0.214285714285714 0.666666666666667 0.193548387096774
12008 24 1 1 24 0.0416666666666667 1 0.0416666666666667
12046 2 1 1 2 0.5 1 0.5
12111 27 2 2 27 0.0740740740740741 1 0.0740740740740741
1213 3 2 2 3 0.666666666666667 1 0.666666666666667
12199 1 3 0 4 0 0 0
1221 91 7 2 96 0.021978021978022 0.285714285714286 0.0208333333333333
12312 27 1 1 27 0.037037037037037 1 0.037037037037037
12337 34 11 8 37 0.235294117647059 0.727272727272727 0.216216216216216
12353 5 2 1 6 0.2 0.5 0.166666666666667
12355 2 1 0 3 0 0 0
1237 29 3 2 30 0.0689655172413793 0.666666666666667 0.0666666666666667
12371 3 1 0 4 0 0 0
12386 9 3 2 10 0.222222222222222 0.666666666666667 0.2
12401 10 4 2 12 0.2 0.5 0.166666666666667
12414 31 11 6 36 0.193548387096774 0.545454545454545 0.166666666666667
1251 5 1 1 5 0.2 1 0.2
12533 2 2 0 4 0 0 0
12565 1 2 0 3 0 0 0
1257 173 5 1 177 0.00578034682080925 0.2 0.00564971751412429
12600 12 1 1 12 0.0833333333333333 1 0.0833333333333333
12611 31 11 5 37 0.161290322580645 0.454545454545455 0.135135135135135
12634 27 13 6 34 0.222222222222222 0.461538461538462 0.176470588235294
12635 8 1 0 9 0 0 0
12637 3 3 0 6 0 0 0
12638 2 3 0 5 0 0 0
12657 2 2 1 3 0.5 0.5 0.333333333333333
1273 298 66 38 326 0.12751677852349 0.575757575757576 0.116564417177914
12731 31 7 5 33 0.161290322580645 0.714285714285714 0.151515151515152
12732 14 2 1 15 0.0714285714285714 0.5 0.0666666666666667
12741 37 1 0 38 0 0 0
12767 5 1 0 6 0 0 0
12769 7 1 1 7 0.142857142857143 1 0.142857142857143
12779 64 18 10 72 0.15625 0.555555555555556 0.138888888888889
12793 245 1 0 246 0 0 0
12816 2 1 1 2 0.5 1 0.5
12817 2 1 1 2 0.5 1 0.5
12853 1 5 0 6 0 0 0
12859 254 60 52 262 0.204724409448819 0.866666666666667 0.198473282442748
12871 24 16 7 33 0.291666666666667 0.4375 0.212121212121212
12895 4 1 1 4 0.25 1 0.25
12902 33 11 7 37 0.212121212121212 0.636363636363636 0.189189189189189
12931 3 2 0 5 0 0 0
12956 159 9 8 160 0.050314465408805 0.888888888888889 0.05
12968 80 6 2 84 0.025 0.333333333333333 0.0238095238095238
1299 371 21 18 374 0.0485175202156334 0.857142857142857 0.0481283422459893
13 1 1 1 1 1 1 1
13030 483 1 1 483 0.0020703933747412 1 0.0020703933747412
13041 7 2 2 7 0.285714285714286 1 0.285714285714286
13046 15 1 1 15 0.0666666666666667 1 0.0666666666666667
13092 3 1 1 3 0.333333333333333 1 0.333333333333333
13110 3 3 2 4 0.666666666666667 0.666666666666667 0.5
13115 4 1 0 5 0 0 0
13189 20 1 1 20 0.05 1 0.05
13193 46 17 8 55 0.173913043478261 0.470588235294118 0.145454545454545
13237 445 4 4 445 0.00898876404494382 1 0.00898876404494382
13272 1 1 1 1 1 1 1
13645 109 6 4 111 0.036697247706422 0.666666666666667 0.036036036036036
13657 3 2 0 5 0 0 0
137 11 2 2 11 0.181818181818182 1 0.181818181818182
13944 2 9 0 11 0 0 0
14277 10 12 3 19 0.3 0.25 0.157894736842105
145 4 4 0 8 0 0 0
14654 3 1 0 4 0 0 0
15169 75 4 1 78 0.0133333333333333 0.25 0.0128205128205128
15440 7 1 0 8 0 0 0
15444 258 19 13 264 0.0503875968992248 0.684210526315789 0.0492424242424242
15469 2 1 0 3 0 0 0
15501 2 2 2 2 1 1 1
15589 33 8 1 40 0.0303030303030303 0.125 0.025
15600 34 8 5 37 0.147058823529412 0.625 0.135135135135135
15623 20 3 2 21 0.1 0.666666666666667 0.0952380952380952
15685 12 3 3 12 0.25 1 0.25
15725 2 2 1 3 0.5 0.5 0.333333333333333
15798 2 1 0 3 0 0 0
15837 155 4 3 156 0.0193548387096774 0.75 0.0192307692307692
15997 7 1 0 8 0 0 0
16004 11 3 2 12 0.181818181818182 0.666666666666667 0.166666666666667
16023 4 1 0 5 0 0 0
16034 221 6 4 223 0.0180995475113122 0.666666666666667 0.0179372197309417
16086 28 7 4 31 0.142857142857143 0.571428571428571 0.129032258064516
16091 1 1 0 2 0 0 0
16128 10 3 3 10 0.3 1 0.3
16131 29 9 3 35 0.103448275862069 0.333333333333333 0.0857142857142857
16150 261 10 7 264 0.0268199233716475 0.7 0.0265151515151515
16186 43 8 4 47 0.0930232558139535 0.5 0.0851063829787234
16215 162 28 25 165 0.154320987654321 0.892857142857143 0.151515151515152
16237 22 4 2 24 0.0909090909090909 0.5 0.0833333333333333
16245 15 2 2 15 0.133333333333333 1 0.133333333333333
16260 22 1 1 22 0.0454545454545455 1 0.0454545454545455
16265 37 1 0 38 0 0 0
16276 51 2 2 51 0.0392156862745098 1 0.0392156862745098
16316 3 1 1 3 0.333333333333333 1 0.333333333333333
16397 8 2 0 10 0 0 0
1653 26 1 1 26 0.0384615384615385 1 0.0384615384615385
16531 12 1 0 13 0 0 0
16713 27 3 1 29 0.037037037037037 0.333333333333333 0.0344827586206897
16838 9 2 0 11 0 0 0
16942 2 1 0 3 0 0 0
16993 1 1 0 2 0 0 0
17263 4 1 0 5 0 0 0
1741 8 2 2 8 0.25 1 0.25
17435 2 1 0 3 0 0 0
17511 8 3 1 10 0.125 0.333333333333333 0.1
17527 4 5 0 9 0 0 0
17529 6 1 0 7 0 0 0
17579 8 5 4 9 0.5 0.8 0.444444444444444
17676 28 5 2 31 0.0714285714285714 0.4 0.0645161290322581
17709 9 1 0 10 0 0 0
17716 4 1 1 4 0.25 1 0.25
17828 2 1 0 3 0 0 0
17832 6 14 2 18 0.333333333333333 0.142857142857143 0.111111111111111
17843 2 1 1 2 0.5 1 0.5
17853 1 1 0 2 0 0 0
17934 2 4 1 5 0.5 0.25 0.2
17935 1 2 0 3 0 0 0
17956 3 1 0 4 0 0 0
1797 2 3 2 3 1 0.666666666666667 0.666666666666667
1798 4 2 0 6 0 0 0
18015 2 1 1 2 0.5 1 0.5
18062 2 2 1 3 0.5 0.5 0.333333333333333
18119 4 1 0 5 0 0 0
18126 3 1 1 3 0.333333333333333 1 0.333333333333333
18185 4 1 0 5 0 0 0
18266 4 1 1 4 0.25 1 0.25
18288 3 1 1 3 0.333333333333333 1 0.333333333333333
1835 7 2 2 7 0.285714285714286 1 0.285714285714286
18422 5 1 1 5 0.2 1 0.2
1853 95 12 10 97 0.105263157894737 0.833333333333333 0.103092783505155
18592 24 7 7 24 0.291666666666667 1 0.291666666666667
18666 2 2 0 4 0 0 0
1880 10 3 2 11 0.2 0.666666666666667 0.181818181818182
1881 2 1 1 2 0.5 1 0.5
1887 5 1 1 5 0.2 1 0.2
1888 1 1 1 1 1 1 1
1897 1 1 0 2 0 0 0
1916 14 6 4 16 0.285714285714286 0.666666666666667 0.25
1930 7 3 2 8 0.285714285714286 0.666666666666667 0.25
195 7 1 1 7 0.142857142857143 1 0.142857142857143
1955 9 1 1 9 0.111111111111111 1 0.111111111111111
19782 6 1 1 6 0.166666666666667 1 0.166666666666667
20080 9 3 2 10 0.222222222222222 0.666666666666667 0.2
20312 7 1 1 7 0.142857142857143 1 0.142857142857143
2042 11 11 1 21 0.0909090909090909 0.0909090909090909 0.0476190476190476
20473 6 1 0 7 0 0 0
20495 118 8 4 122 0.0338983050847458 0.5 0.0327868852459016
20569 5 2 1 6 0.2 0.5 0.166666666666667
20612 4 1 1 4 0.25 1 0.25
20621 2 1 1 2 0.5 1 0.5
20640 188 56 46 198 0.24468085106383 0.821428571428571 0.232323232323232
20646 50 18 12 56 0.24 0.666666666666667 0.214285714285714
20704 15 5 3 17 0.2 0.6 0.176470588235294
20712 7 1 0 8 0 0 0
20718 22 8 4 26 0.181818181818182 0.5 0.153846153846154
20745 2 4 0 6 0 0 0
20794 3 2 0 5 0 0 0
20834 35 5 2 38 0.0571428571428571 0.4 0.0526315789473684
20847 30 10 6 34 0.2 0.6 0.176470588235294
209 1160 7 4 1163 0.00344827586206897 0.571428571428571 0.00343938091143594
20900 1 1 0 2 0 0 0
20912 2 2 0 4 0 0 0
20965 44 37 36 45 0.818181818181818 0.972972972972973 0.8
210 8 1 1 8 0.125 1 0.125
2107 1 1 1 1 1 1 1
2108 1 1 1 1 1 1 1
2110 42 8 1 49 0.0238095238095238 0.125 0.0204081632653061
21119 6 1 1 6 0.166666666666667 1 0.166666666666667
21155 42 17 7 52 0.166666666666667 0.411764705882353 0.134615384615385
2116 29 2 2 29 0.0689655172413793 1 0.0689655172413793
21193 2 2 1 3 0.5 0.5 0.333333333333333
21221 19 11 5 25 0.263157894736842 0.454545454545455 0.2
2128 2 1 1 2 0.5 1 0.5
21385 58 8 5 61 0.0862068965517241 0.625 0.0819672131147541
2153 33 8 8 33 0.242424242424242 1 0.242424242424242
21548 13 1 1 13 0.0769230769230769 1 0.0769230769230769
21947 18 2 2 18 0.111111111111111 1 0.111111111111111
2200 44 5 4 45 0.0909090909090909 0.8 0.0888888888888889
22166 2 1 0 3 0 0 0
22335 28 2 1 29 0.0357142857142857 0.5 0.0344827586206897
22388 3 3 3 3 1 1 1
224 6 3 2 7 0.333333333333333 0.666666666666667 0.285714285714286
22548 21 2 1 22 0.0476190476190476 0.5 0.0454545454545455
226 19 1 1 19 0.0526315789473684 1 0.0526315789473684
22767 2 1 1 2 0.5 1 0.5
23265 17 1 1 17 0.0588235294117647 1 0.0588235294117647
23393 29 3 3 29 0.103448275862069 1 0.103448275862069
23504 23 3 1 25 0.0434782608695652 0.333333333333333 0.04
23554 2 1 1 2 0.5 1 0.5
23600 2 1 1 2 0.5 1 0.5
23624 2 1 1 2 0.5 1 0.5
23634 5 1 1 5 0.2 1 0.2
23754 1 1 0 2 0 0 0
23774 3 2 1 4 0.333333333333333 0.5 0.25
23787 2 2 1 3 0.5 0.5 0.333333333333333
23789 1 1 0 2 0 0 0
2381 25 3 2 26 0.08 0.666666666666667 0.0769230769230769
23902 1 2 0 3 0 0 0
23910 1 3 1 3 1 0.333333333333333 0.333333333333333
23911 1 2 1 2 1 0.5 0.5
23912 1 1 0 2 0 0 0
24 7 2 2 7 0.285714285714286 1 0.285714285714286
24218 9 1 0 10 0 0 0
24252 3 3 2 4 0.666666666666667 0.666666666666667 0.5
24433 1 1 0 2 0 0 0
24586 12 5 2 15 0.166666666666667 0.4 0.133333333333333
24587 56 15 6 65 0.107142857142857 0.4 0.0923076923076923
24724 23 2 2 23 0.0869565217391304 1 0.0869565217391304
24730 36 7 3 40 0.0833333333333333 0.428571428571429 0.075
24776 5 2 1 6 0.2 0.5 0.166666666666667
24875 25 11 4 32 0.16 0.363636363636364 0.125
2497 211 60 44 227 0.208530805687204 0.733333333333333 0.193832599118943
24973 1 1 0 2 0 0 0
250 3 3 1 5 0.333333333333333 0.333333333333333 0.2
2500 27 53 9 71 0.333333333333333 0.169811320754717 0.126760563380282
25058 2 2 2 2 1 1 1
2506 3 1 1 3 0.333333333333333 1 0.333333333333333
2510 14 6 3 17 0.214285714285714 0.5 0.176470588235294
25108 14 3 1 16 0.0714285714285714 0.333333333333333 0.0625
25137 133 8 7 134 0.0526315789473684 0.875 0.0522388059701493
2514 15 4 3 16 0.2 0.75 0.1875
25152 35 5 3 37 0.0857142857142857 0.6 0.0810810810810811
2516 300 46 33 313 0.11 0.717391304347826 0.105431309904153
2518 38 11 4 45 0.105263157894737 0.363636363636364 0.0888888888888889
2519 25 3 0 28 0 0 0
25208 5 1 0 6 0 0 0
25220 16 2 2 16 0.125 1 0.125
2523 4 1 1 4 0.25 1 0.25
25232 217 10 9 218 0.0414746543778802 0.9 0.0412844036697248
2527 10 6 2 14 0.2 0.333333333333333 0.142857142857143
25358 15 10 1 24 0.0666666666666667 0.1 0.0416666666666667
25384 7 3 1 9 0.142857142857143 0.333333333333333 0.111111111111111
2549 2 1 1 2 0.5 1 0.5
25560 135 13 10 138 0.0740740740740741 0.769230769230769 0.072463768115942
2594 7 1 1 7 0.142857142857143 1 0.142857142857143
2595 4 1 1 4 0.25 1 0.25
2602 2 1 1 2 0.5 1 0.5
2603 33 10 8 35 0.242424242424242 0.8 0.228571428571429
2607 43 6 3 46 0.0697674418604651 0.5 0.0652173913043478
2609 2 1 0 3 0 0 0
2611 42 11 8 45 0.19047619047619 0.727272727272727 0.177777777777778
2614 12 2 1 13 0.0833333333333333 0.5 0.0769230769230769
26415 17 3 0 20 0 0 0
26943 11 2 2 11 0.181818181818182 1 0.181818181818182
27133 1 1 0 2 0 0 0
27725 1 1 1 1 1 1 1
27750 10 7 7 10 0.7 1 0.7
278 9 8 1 16 0.111111111111111 0.125 0.0625
2819 19 4 0 23 0 0 0
2847 2 1 1 2 0.5 1 0.5
28472 1 1 1 1 1 1 1
2852 7 3 3 7 0.428571428571429 1 0.428571428571429
286 301 6 5 302 0.0166112956810631 0.833333333333333 0.0165562913907285
28716 31 3 2 32 0.0645161290322581 0.666666666666667 0.0625
28725 5 1 1 5 0.2 1 0.2
28788 36 3 3 36 0.0833333333333333 1 0.0833333333333333
28814 1 1 1 1 1 1 1
2895 11 2 2 11 0.181818181818182 1 0.181818181818182
29009 1 1 1 1 1 1 1
2905 27 2 1 28 0.037037037037037 0.5 0.0357142857142857
2907 66 6 3 69 0.0454545454545455 0.5 0.0434782608695652
29134 3 1 0 4 0 0 0
2914 500 121 61 560 0.122 0.504132231404959 0.108928571428571
2915 30 8 4 34 0.133333333333333 0.5 0.117647058823529
29208 19 2 1 20 0.0526315789473684 0.5 0.05
29216 1 3 1 3 1 0.333333333333333 0.333333333333333
29243 2 1 1 2 0.5 1 0.5
29259 7 3 2 8 0.285714285714286 0.666666666666667 0.25
293 115 21 16 120 0.139130434782609 0.761904761904762 0.133333333333333
29317 1 1 0 2 0 0 0
29422 3 1 1 3 0.333333333333333 1 0.333333333333333
29432 1 1 1 1 1 1 1
29449 3 5 1 7 0.333333333333333 0.2 0.142857142857143
29452 6 3 0 9 0 0 0
29527 18 4 2 20 0.111111111111111 0.5 0.1
29636 17 4 4 17 0.235294117647059 1 0.235294117647059
29670 2 1 0 3 0 0 0
29686 304 61 56 309 0.184210526315789 0.918032786885246 0.181229773462783
29748 25 2 2 25 0.08 1 0.08
29838 16 2 1 17 0.0625 0.5 0.0588235294117647
29877 6 3 2 7 0.333333333333333 0.666666666666667 0.285714285714286
29904 2 1 1 2 0.5 1 0.5
30071 13 63 7 69 0.538461538461538 0.111111111111111 0.101449275362319
30128 4 2 2 4 0.5 1 0.5
30653 19 1 0 20 0 0 0
3066 8 1 1 8 0.125 1 0.125
30726 8 1 1 8 0.125 1 0.125
31065 2 2 0 4 0 0 0
31103 2 4 0 6 0 0 0
3111 1 1 0 2 0 0 0
31246 6 1 1 6 0.166666666666667 1 0.166666666666667
31265 1 1 1 1 1 1 1
31333 4 3 3 4 0.75 1 0.75
31383 15 8 4 19 0.266666666666667 0.5 0.210526315789474
31458 26 1 0 27 0 0 0
31479 4 1 1 4 0.25 1 0.25
31859 2 1 0 3 0 0 0
31985 6 1 0 7 0 0 0
32034 5 2 1 6 0.2 0.5 0.166666666666667
3212 30 1 1 30 0.0333333333333333 1 0.0333333333333333
3213 18 3 2 19 0.111111111111111 0.666666666666667 0.105263157894737
3221 1 1 1 1 1 1 1
32361 5 2 1 6 0.2 0.5 0.166666666666667
3243 12 2 1 13 0.0833333333333333 0.5 0.0769230769230769
32459 3 1 1 3 0.333333333333333 1 0.333333333333333
3246 130 14 10 134 0.0769230769230769 0.714285714285714 0.0746268656716418
3248 18 3 1 20 0.0555555555555556 0.333333333333333 0.05
3249 35 5 1 39 0.0285714285714286 0.2 0.0256410256410256
3257 257 123 49 331 0.190661478599222 0.398373983739837 0.148036253776435
3265 31 20 7 44 0.225806451612903 0.35 0.159090909090909
3268 2 1 1 2 0.5 1 0.5
3274 3 1 0 4 0 0 0
3292 313 12 10 315 0.0319488817891374 0.833333333333333 0.0317460317460317
32978 2 1 1 2 0.5 1 0.5
33 8 12 3 17 0.375 0.25 0.176470588235294
3301 40 1 1 40 0.025 1 0.025
3303 569 2 1 570 0.00175746924428822 0.5 0.00175438596491228
3320 376 14 6 384 0.0159574468085106 0.428571428571429 0.015625
3322 4 1 1 4 0.25 1 0.25
3327 18 4 3 19 0.166666666666667 0.75 0.157894736842105
3333 142 29 26 145 0.183098591549296 0.896551724137931 0.179310344827586
3343 17 2 2 17 0.117647058823529 1 0.117647058823529
33437 1 5 1 5 1 0.2 0.2
3344 29 20 11 38 0.379310344827586 0.55 0.289473684210526
3352 55 3 1 57 0.0181818181818182 0.333333333333333 0.0175438596491228
3356 1283 20 18 1285 0.0140296180826189 0.9 0.0140077821011673
33956 3 1 1 3 0.333333333333333 1 0.333333333333333
34081 2 2 1 3 0.5 0.5 0.333333333333333
34159 5 1 1 5 0.2 1 0.2
34243 1 1 1 1 1 1 1
34288 2 3 0 5 0 0 0
34465 7 3 1 9 0.142857142857143 0.333333333333333 0.111111111111111
34623 3 1 1 3 0.333333333333333 1 0.333333333333333
34631 2 1 1 2 0.5 1 0.5
34695 3 1 1 3 0.333333333333333 1 0.333333333333333
34771 3 2 2 3 0.666666666666667 1 0.666666666666667
35244 12 3 2 13 0.166666666666667 0.666666666666667 0.153846153846154
35485 4 1 1 4 0.25 1 0.25
3549 710 56 41 725 0.0577464788732394 0.732142857142857 0.056551724137931
3551 1 1 0 2 0 0 0
3557 93 20 14 99 0.150537634408602 0.7 0.141414141414141
35706 3 1 1 3 0.333333333333333 1 0.333333333333333
3582 4 2 0 6 0 0 0
3597 8 4 1 11 0.125 0.25 0.0909090909090909
3640 4 1 1 4 0.25 1 0.25
3662 12 1 1 12 0.0833333333333333 1 0.0833333333333333
3741 189 1 0 190 0 0 0
3758 34 7 0 41 0 0 0
376 11 1 1 11 0.0909090909090909 1 0.0909090909090909
378 3 1 1 3 0.333333333333333 1 0.333333333333333
3786 302 2 0 304 0 0 0
3825 1 1 0 2 0 0 0
3836 7 7 0 14 0 0 0
3839 1 1 1 1 1 1 1
4134 63 1 0 64 0 0 0
42 65 2 2 65 0.0307692307692308 1 0.0307692307692308
4436 79 8 7 80 0.0886075949367089 0.875 0.0875
4538 15 10 4 21 0.266666666666667 0.4 0.19047619047619
4555 1 7 0 8 0 0 0
4589 129 31 15 145 0.116279069767442 0.483870967741935 0.103448275862069
4608 2 2 1 3 0.5 0.5 0.333333333333333
4618 15 8 2 21 0.133333333333333 0.25 0.0952380952380952
4621 24 3 2 25 0.0833333333333333 0.666666666666667 0.08
4645 13 1 1 13 0.0769230769230769 1 0.0769230769230769
4651 25 3 1 27 0.04 0.333333333333333 0.037037037037037
4673 8 1 1 8 0.125 1 0.125
4675 7 5 2 10 0.285714285714286 0.4 0.2
4677 4 7 2 9 0.5 0.285714285714286 0.222222222222222
4678 7 6 2 11 0.285714285714286 0.333333333333333 0.181818181818182
4680 10 5 2 13 0.2 0.4 0.153846153846154
4685 8 6 3 11 0.375 0.5 0.272727272727273
4688 10 7 3 14 0.3 0.428571428571429 0.214285714285714
4691 8 12 4 16 0.5 0.333333333333333 0.25
4694 60 2 1 61 0.0166666666666667 0.5 0.0163934426229508
4697 1 23 1 23 1 0.0434782608695652 0.0434782608695652
4702 6 4 2 8 0.333333333333333 0.5 0.25
4713 85 5 5 85 0.0588235294117647 1 0.0588235294117647
4716 97 28 14 111 0.144329896907216 0.5 0.126126126126126
4717 5 2 2 5 0.4 1 0.4
4718 3 3 1 5 0.333333333333333 0.333333333333333 0.2
4721 10 6 0 16 0 0 0
4725 96 36 12 120 0.125 0.333333333333333 0.1
4741 7 1 0 8 0 0 0
4747 9 2 0 11 0 0 0
4750 32 3 0 35 0 0 0
4774 2 2 2 2 1 1 1
4777 28 7 4 31 0.142857142857143 0.571428571428571 0.129032258064516
4780 24 2 1 25 0.0416666666666667 0.5 0.04
4782 2 1 0 3 0 0 0
4787 7 7 0 14 0 0 0
4788 87 5 2 90 0.0229885057471264 0.4 0.0222222222222222
4795 28 3 0 31 0 0 0
4802 3 2 1 4 0.333333333333333 0.5 0.25
5050 10 2 2 10 0.2 1 0.2
513 35 10 5 40 0.142857142857143 0.5 0.125
5381 13 3 0 16 0 0 0
5385 12 10 4 18 0.333333333333333 0.4 0.222222222222222
5408 29 2 2 29 0.0689655172413793 1 0.0689655172413793
5410 43 5 0 48 0 0 0
5417 171 32 26 177 0.152046783625731 0.8125 0.146892655367232
5418 47 1 1 47 0.0212765957446809 1 0.0212765957446809
5424 9 3 1 11 0.111111111111111 0.333333333333333 0.0909090909090909
5430 64 13 10 67 0.15625 0.769230769230769 0.149253731343284
5459 193 8 8 193 0.0414507772020725 1 0.0414507772020725
5466 55 1 0 56 0 0 0
5486 34 2 0 36 0 0 0
5511 158 21 17 162 0.107594936708861 0.80952380952381 0.104938271604938
553 37 9 7 39 0.189189189189189 0.777777777777778 0.179487179487179
5533 8 2 1 9 0.125 0.5 0.111111111111111
5539 33 39 12 60 0.363636363636364 0.307692307692308 0.2
5550 4 3 1 6 0.25 0.333333333333333 0.166666666666667
5568 91 5 4 92 0.043956043956044 0.8 0.0434782608695652
559 55 17 15 57 0.272727272727273 0.882352941176471 0.263157894736842
5602 16 4 2 18 0.125 0.5 0.111111111111111
5609 2 15 0 17 0 0 0
5617 94 2 0 96 0 0 0
5623 1 3 0 4 0 0 0
5669 40 3 0 43 0 0 0
5693 7 2 1 8 0.142857142857143 0.5 0.125
5713 31 2 1 32 0.032258064516129 0.5 0.03125
6057 5 3 1 7 0.2 0.333333333333333 0.142857142857143
6062 8 3 0 11 0 0 0
6066 3 1 0 4 0 0 0
6140 93 1 0 94 0 0 0
6163 8 2 0 10 0 0 0
6320 218 2 1 219 0.00458715596330275 0.5 0.0045662100456621
6342 4 1 0 5 0 0 0
6360 9 2 2 9 0.222222222222222 1 0.222222222222222
6435 3 16 0 19 0 0 0
6453 338 31 21 348 0.0621301775147929 0.67741935483871 0.0603448275862069
6461 678 4 4 678 0.00589970501474926 1 0.00589970501474926
6509 38 4 4 38 0.105263157894737 1 0.105263157894737
6596 22 1 1 22 0.0454545454545455 1 0.0454545454545455
6619 14 1 1 14 0.0714285714285714 1 0.0714285714285714
6666 28 9 4 33 0.142857142857143 0.444444444444444 0.121212121212121
6667 425 61 58 428 0.136470588235294 0.950819672131147 0.135514018691589
668 39 7 2 44 0.0512820512820513 0.285714285714286 0.0454545454545455
6695 108 3 3 108 0.0277777777777778 1 0.0277777777777778
6696 5 4 2 7 0.4 0.5 0.285714285714286
6706 4 3 2 5 0.5 0.666666666666667 0.4
6730 574 7 6 575 0.0104529616724739 0.857142857142857 0.0104347826086957
6762 142 18 15 145 0.105633802816901 0.833333333333333 0.103448275862069
6770 23 4 4 23 0.173913043478261 1 0.173913043478261
6772 12 3 3 12 0.25 1 0.25
6774 63 3 0 66 0 0 0
6775 4 2 2 4 0.5 1 0.5
680 47 10 8 49 0.170212765957447 0.8 0.163265306122449
6802 6 1 1 6 0.166666666666667 1 0.166666666666667
6830 66 78 19 125 0.287878787878788 0.243589743589744 0.152
6881 6 1 0 7 0 0 0
6895 8 1 1 8 0.125 1 0.125
6939 498 47 18 527 0.036144578313253 0.382978723404255 0.0341555977229602
7018 2023 6 4 2025 0.00197726149283243 0.666666666666667 0.00197530864197531
7019 1 1 1 1 1 1 1
7065 9 2 1 10 0.111111111111111 0.5 0.1
719 11 1 1 11 0.0909090909090909 1 0.0909090909090909
7500 69 5 3 71 0.0434782608695652 0.6 0.0422535211267606
7514 18 9 5 22 0.277777777777778 0.555555555555556 0.227272727272727
7516 5 1 0 6 0 0 0
7521 3 3 1 5 0.333333333333333 0.333333333333333 0.2
7522 5 6 2 9 0.4 0.333333333333333 0.222222222222222
7530 2 4 0 6 0 0 0
7539 23 7 5 25 0.217391304347826 0.714285714285714 0.2
7570 5 4 1 8 0.2 0.25 0.125
7575 125 29 26 128 0.208 0.896551724137931 0.203125
7610 23 4 2 25 0.0869565217391304 0.5 0.08
766 17 6 4 19 0.235294117647059 0.666666666666667 0.210526315789474
7660 34 32 17 49 0.5 0.53125 0.346938775510204
7665 2 1 1 2 0.5 1 0.5
7667 3 4 3 4 1 0.75 0.75
7668 10 1 1 10 0.1 1 0.1
7670 17 2 2 17 0.117647058823529 1 0.117647058823529
7671 3 36 3 36 1 0.0833333333333333 0.0833333333333333
7682 12 3 2 13 0.166666666666667 0.666666666666667 0.153846153846154
7687 4 1 1 4 0.25 1 0.25
786 41 6 1 46 0.024390243902439 0.166666666666667 0.0217391304347826
790 2 1 1 2 0.5 1 0.5
8002 29 8 2 35 0.0689655172413793 0.25 0.0571428571428571
8070 1 1 0 2 0 0 0
8121 27 4 2 29 0.0740740740740741 0.5 0.0689655172413793
8175 1 2 0 3 0 0 0
8195 58 8 5 61 0.0862068965517241 0.625 0.0819672131147541
8220 765 13 13 765 0.0169934640522876 1 0.0169934640522876
8226 3 1 1 3 0.333333333333333 1 0.333333333333333
8237 7 4 2 9 0.285714285714286 0.5 0.222222222222222
8246 128 3 2 129 0.015625 0.666666666666667 0.0155038759689922
8256 2 1 1 2 0.5 1 0.5
8267 2 1 1 2 0.5 1 0.5
8286 1 1 0 2 0 0 0
8319 26 8 5 29 0.192307692307692 0.625 0.172413793103448
8323 15 1 1 15 0.0666666666666667 1 0.0666666666666667
8364 8 1 1 8 0.125 1 0.125
8365 30 11 7 34 0.233333333333333 0.636363636363636 0.205882352941176
8419 26 3 1 28 0.0384615384615385 0.333333333333333 0.0357142857142857
8426 235 6 3 238 0.0127659574468085 0.5 0.0126050420168067
8447 300 15 13 302 0.0433333333333333 0.866666666666667 0.043046357615894
8469 32 7 5 34 0.15625 0.714285714285714 0.147058823529412
8472 26 8 1 33 0.0384615384615385 0.125 0.0303030303030303
8473 14 3 1 16 0.0714285714285714 0.333333333333333 0.0625
8481 2 1 0 3 0 0 0
8501 33 7 7 33 0.212121212121212 1 0.212121212121212
8517 18 1 1 18 0.0555555555555556 1 0.0555555555555556
8527 14 2 2 14 0.142857142857143 1 0.142857142857143
8554 7 1 1 7 0.142857142857143 1 0.142857142857143
8560 53 15 9 59 0.169811320754717 0.6 0.152542372881356
8565 5 1 0 6 0 0 0
8586 55 2 2 55 0.0363636363636364 1 0.0363636363636364
8591 27 6 4 29 0.148148148148148 0.666666666666667 0.137931034482759
8657 66 3 2 67 0.0303030303030303 0.666666666666667 0.0298507462686567
8664 8 4 1 11 0.125 0.25 0.0909090909090909
8665 19 9 4 24 0.210526315789474 0.444444444444444 0.166666666666667
8674 45 3 3 45 0.0666666666666667 1 0.0666666666666667
8728 1 1 1 1 1 1 1
8737 30 9 4 35 0.133333333333333 0.444444444444444 0.114285714285714
8758 8 4 3 9 0.375 0.75 0.333333333333333
8763 127 29 27 129 0.21259842519685 0.931034482758621 0.209302325581395
8767 25 4 3 26 0.12 0.75 0.115384615384615
8781 3 1 1 3 0.333333333333333 1 0.333333333333333
8823 6 1 1 6 0.166666666666667 1 0.166666666666667
8881 146 1 1 146 0.00684931506849315 1 0.00684931506849315
8903 13 5 0 18 0 0 0
8921 1 2 0 3 0 0 0
8925 3 1 0 4 0 0 0
8943 13 1 0 14 0 0 0
8954 16 6 2 20 0.125 0.333333333333333 0.1
8966 28 1 1 28 0.0357142857142857 1 0.0357142857142857
8970 2 1 1 2 0.5 1 0.5
8975 53 3 2 54 0.0377358490566038 0.666666666666667 0.037037037037037
9009 176 11 7 180 0.0397727272727273 0.636363636363636 0.0388888888888889
9044 153 2 2 153 0.0130718954248366 1 0.0130718954248366
9052 3 2 1 4 0.333333333333333 0.5 0.25
9080 6 2 1 7 0.166666666666667 0.5 0.142857142857143
9085 6 1 0 7 0 0 0
9112 4 3 1 6 0.25 0.333333333333333 0.166666666666667
9150 22 3 2 23 0.0909090909090909 0.666666666666667 0.0869565217391304
9153 44 1 1 44 0.0227272727272727 1 0.0227272727272727
9264 49 75 14 110 0.285714285714286 0.186666666666667 0.127272727272727
9270 33 6 5 34 0.151515151515152 0.833333333333333 0.147058823529412
9316 41 1 0 42 0 0 0
9406 1 1 0 2 0 0 0
9416 17 1 0 18 0 0 0
9505 59 1 1 59 0.0169491525423729 1 0.0169491525423729
9583 21 1 0 22 0 0 0
9595 8 3 2 9 0.25 0.666666666666667 0.222222222222222
9600 6 8 2 12 0.333333333333333 0.25 0.166666666666667
9607 9 1 0 10 0 0 0
9612 1 3 0 4 0 0 0
9619 2 2 2 2 1 1 1
9621 3 8 1 10 0.333333333333333 0.125 0.1
9622 5 1 1 5 0.2 1 0.2
9687 2 1 1 2 0.5 1 0.5
9758 2 1 0 3 0 0 0
9821 4 1 1 4 0.25 1 0.25
9835 2 2 1 3 0.5 0.5 0.333333333333333
9844 2 1 0 3 0 0 0
9901 26 2 0 28 0 0 0
9919 20 1 0 21 0 0 0
9995 3 2 2 3 0.666666666666667 1 0.666666666666667
