#ASN num_v4adj num_v6adj num_intersect(v4v6adj) num_union(adj) fr_v4(num_intersect/num_v4adj) fr_v6(num_intersect/num_v6adj) fr_intersect(num_intersect/num_union)
10013 3 7 2 8 0.666666666666667 0.285714285714286 0.25
10015 10 1 0 11 0 0 0
101 46 3 3 46 0.0652173913043478 1 0.0652173913043478
10204 9 5 1 13 0.111111111111111 0.2 0.0769230769230769
10318 2 1 0 3 0 0 0
10480 5 1 1 5 0.2 1 0.2
10569 1 1 1 1 1 1 1
10586 6 2 0 8 0 0 0
10778 4 2 2 4 0.5 1 0.5
10886 34 2 2 34 0.0588235294117647 1 0.0588235294117647
109 9 6 0 15 0 0 0
1101 1 1 1 1 1 1 1
1103 166 43 41 168 0.246987951807229 0.953488372093023 0.244047619047619
1126 27 9 6 30 0.222222222222222 0.666666666666667 0.2
1133 1 1 1 1 1 1 1
11340 3 1 1 3 0.333333333333333 1 0.333333333333333
1140 20 3 1 22 0.05 0.333333333333333 0.0454545454545455
11537 77 40 27 90 0.350649350649351 0.675 0.3
11588 13 1 1 13 0.0769230769230769 1 0.0769230769230769
11815 2 1 0 3 0 0 0
11960 4 3 3 4 0.75 1 0.75
11990 4 1 0 5 0 0 0
1200 36 11 9 38 0.25 0.818181818181818 0.236842105263158
12008 28 1 1 28 0.0357142857142857 1 0.0357142857142857
12046 2 1 1 2 0.5 1 0.5
12066 3 1 0 4 0 0 0
12111 23 1 1 23 0.0434782608695652 1 0.0434782608695652
1213 4 2 2 4 0.5 1 0.5
12199 1 3 0 4 0 0 0
1221 89 7 1 95 0.0112359550561798 0.142857142857143 0.0105263157894737
12312 27 1 1 27 0.037037037037037 1 0.037037037037037
12337 34 13 10 37 0.294117647058824 0.769230769230769 0.27027027027027
12353 4 6 1 9 0.25 0.166666666666667 0.111111111111111
12355 17 7 5 19 0.294117647058824 0.714285714285714 0.263157894736842
1237 30 2 1 31 0.0333333333333333 0.5 0.032258064516129
12371 2 1 0 3 0 0 0
12386 9 2 2 9 0.222222222222222 1 0.222222222222222
12399 67 1 1 67 0.0149253731343284 1 0.0149253731343284
12414 32 11 8 35 0.25 0.727272727272727 0.228571428571429
12429 19 1 1 19 0.0526315789473684 1 0.0526315789473684
1251 7 1 1 7 0.142857142857143 1 0.142857142857143
12533 1 2 0 3 0 0 0
1257 97 5 1 101 0.0103092783505155 0.2 0.0099009900990099
12600 13 1 1 13 0.0769230769230769 1 0.0769230769230769
12611 35 15 9 41 0.257142857142857 0.6 0.219512195121951
12634 31 12 8 35 0.258064516129032 0.666666666666667 0.228571428571429
12635 7 1 0 8 0 0 0
12637 3 3 0 6 0 0 0
12638 2 3 0 5 0 0 0
12657 3 2 2 3 0.666666666666667 1 0.666666666666667
1273 325 68 40 353 0.123076923076923 0.588235294117647 0.113314447592068
12731 34 9 6 37 0.176470588235294 0.666666666666667 0.162162162162162
12732 18 3 2 19 0.111111111111111 0.666666666666667 0.105263157894737
12741 36 1 0 37 0 0 0
12767 9 1 0 10 0 0 0
12779 62 17 8 71 0.129032258064516 0.470588235294118 0.112676056338028
12793 247 1 0 248 0 0 0
12816 1 1 1 1 1 1 1
12817 2 1 1 2 0.5 1 0.5
12853 1 4 0 5 0 0 0
12859 316 68 62 322 0.19620253164557 0.911764705882353 0.192546583850932
12871 29 15 9 35 0.310344827586207 0.6 0.257142857142857
12895 5 1 1 5 0.2 1 0.2
12902 31 11 9 33 0.290322580645161 0.818181818181818 0.272727272727273
12931 3 2 0 5 0 0 0
12956 143 9 8 144 0.0559440559440559 0.888888888888889 0.0555555555555556
12968 83 6 2 87 0.0240963855421687 0.333333333333333 0.0229885057471264
1299 407 25 21 411 0.0515970515970516 0.84 0.0510948905109489
13 1 1 1 1 1 1 1
13041 6 1 1 6 0.166666666666667 1 0.166666666666667
13046 17 1 1 17 0.0588235294117647 1 0.0588235294117647
13092 4 1 1 4 0.25 1 0.25
13110 5 3 2 6 0.4 0.666666666666667 0.333333333333333
13115 4 2 1 5 0.25 0.5 0.2
13189 16 1 1 16 0.0625 1 0.0625
13193 43 14 7 50 0.162790697674419 0.5 0.14
13237 452 39 31 460 0.0685840707964602 0.794871794871795 0.0673913043478261
13272 1 1 1 1 1 1 1
13645 154 13 11 156 0.0714285714285714 0.846153846153846 0.0705128205128205
13657 4 2 0 6 0 0 0
137 11 3 3 11 0.272727272727273 1 0.272727272727273
13911 5 1 0 6 0 0 0
13944 2 7 0 9 0 0 0
14277 10 12 3 19 0.3 0.25 0.157894736842105
145 4 6 0 10 0 0 0
15169 78 5 2 81 0.0256410256410256 0.4 0.0246913580246914
15440 7 1 0 8 0 0 0
15444 259 21 15 265 0.0579150579150579 0.714285714285714 0.0566037735849057
15501 2 2 2 2 1 1 1
15589 34 7 1 40 0.0294117647058824 0.142857142857143 0.025
15623 20 3 2 21 0.1 0.666666666666667 0.0952380952380952
15685 12 3 3 12 0.25 1 0.25
15694 39 1 1 39 0.0256410256410256 1 0.0256410256410256
15706 3 2 1 4 0.333333333333333 0.5 0.25
15725 2 1 1 2 0.5 1 0.5
15782 8 1 1 8 0.125 1 0.125
15798 2 1 0 3 0 0 0
16004 8 3 1 10 0.125 0.333333333333333 0.1
16023 3 1 0 4 0 0 0
16030 41 9 7 43 0.170731707317073 0.777777777777778 0.162790697674419
16034 216 6 4 218 0.0185185185185185 0.666666666666667 0.018348623853211
16086 26 7 4 29 0.153846153846154 0.571428571428571 0.137931034482759
16091 1 1 0 2 0 0 0
16128 11 3 3 11 0.272727272727273 1 0.272727272727273
16131 25 10 4 31 0.16 0.4 0.129032258064516
16150 308 10 7 311 0.0227272727272727 0.7 0.022508038585209
16186 45 8 4 49 0.0888888888888889 0.5 0.0816326530612245
16215 180 36 33 183 0.183333333333333 0.916666666666667 0.180327868852459
16237 24 4 2 26 0.0833333333333333 0.5 0.0769230769230769
16245 15 2 2 15 0.133333333333333 1 0.133333333333333
16265 48 1 0 49 0 0 0
16276 52 2 2 52 0.0384615384615385 1 0.0384615384615385
16316 3 1 1 3 0.333333333333333 1 0.333333333333333
16397 8 1 0 9 0 0 0
1653 25 2 1 26 0.04 0.5 0.0384615384615385
16531 15 1 0 16 0 0 0
16713 28 1 1 28 0.0357142857142857 1 0.0357142857142857
16838 12 2 0 14 0 0 0
16942 2 2 0 4 0 0 0
16993 2 1 0 3 0 0 0
17263 4 1 0 5 0 0 0
1741 9 2 2 9 0.222222222222222 1 0.222222222222222
17435 2 1 0 3 0 0 0
17511 10 2 0 12 0 0 0
17529 7 1 0 8 0 0 0
17579 7 5 3 9 0.428571428571429 0.6 0.333333333333333
17676 32 5 2 35 0.0625 0.4 0.0571428571428571
17716 3 1 1 3 0.333333333333333 1 0.333333333333333
17828 4 1 0 5 0 0 0
17832 2 14 0 16 0 0 0
17843 2 1 1 2 0.5 1 0.5
17853 1 1 0 2 0 0 0
17934 2 6 1 7 0.5 0.166666666666667 0.142857142857143
1797 2 3 2 3 1 0.666666666666667 0.666666666666667
1798 4 3 0 7 0 0 0
18015 2 2 2 2 1 1 1
18062 4 2 2 4 0.5 1 0.5
18119 1 1 0 2 0 0 0
18126 4 1 1 4 0.25 1 0.25
18182 4 1 0 5 0 0 0
18185 3 2 1 4 0.333333333333333 0.5 0.25
18206 4 2 0 6 0 0 0
18210 2 1 0 3 0 0 0
18266 4 1 1 4 0.25 1 0.25
18288 3 1 1 3 0.333333333333333 1 0.333333333333333
1835 6 2 2 6 0.333333333333333 1 0.333333333333333
18422 5 2 2 5 0.4 1 0.4
1853 94 10 7 97 0.074468085106383 0.7 0.0721649484536082
18592 24 7 7 24 0.291666666666667 1 0.291666666666667
18666 2 2 0 4 0 0 0
1879 1 1 0 2 0 0 0
1880 12 4 2 14 0.166666666666667 0.5 0.142857142857143
1881 1 1 1 1 1 1 1
1887 4 1 1 4 0.25 1 0.25
1888 1 1 1 1 1 1 1
1897 1 1 0 2 0 0 0
1901 79 4 2 81 0.0253164556962025 0.5 0.0246913580246914
1916 17 5 3 19 0.176470588235294 0.6 0.157894736842105
19165 2 1 0 3 0 0 0
1930 6 4 1 9 0.166666666666667 0.25 0.111111111111111
195 7 1 1 7 0.142857142857143 1 0.142857142857143
1955 11 1 1 11 0.0909090909090909 1 0.0909090909090909
19782 7 1 1 7 0.142857142857143 1 0.142857142857143
20080 9 3 2 10 0.222222222222222 0.666666666666667 0.2
2018 3 2 0 5 0 0 0
20312 4 2 2 4 0.5 1 0.5
2042 14 8 1 21 0.0714285714285714 0.125 0.0476190476190476
20473 18 1 0 19 0 0 0
20495 50 7 5 52 0.1 0.714285714285714 0.0961538461538462
20569 7 2 1 8 0.142857142857143 0.5 0.125
20597 2 1 0 3 0 0 0
20612 5 1 1 5 0.2 1 0.2
20621 2 1 1 2 0.5 1 0.5
20640 199 60 51 208 0.256281407035176 0.85 0.245192307692308
20646 48 19 12 55 0.25 0.631578947368421 0.218181818181818
20650 7 1 1 7 0.142857142857143 1 0.142857142857143
20704 18 5 3 20 0.166666666666667 0.6 0.15
20712 8 2 0 10 0 0 0
20718 26 8 4 30 0.153846153846154 0.5 0.133333333333333
20745 1 3 0 4 0 0 0
20794 2 1 0 3 0 0 0
20834 30 5 2 33 0.0666666666666667 0.4 0.0606060606060606
20847 34 10 8 36 0.235294117647059 0.8 0.222222222222222
209 1202 7 5 1204 0.00415973377703827 0.714285714285714 0.00415282392026578
20900 1 1 0 2 0 0 0
20912 3 4 0 7 0 0 0
20965 45 37 36 46 0.8 0.972972972972973 0.782608695652174
210 9 1 1 9 0.111111111111111 1 0.111111111111111
2107 1 1 1 1 1 1 1
2108 1 1 1 1 1 1 1
2110 42 8 1 49 0.0238095238095238 0.125 0.0204081632653061
21119 5 1 1 5 0.2 1 0.2
21155 46 14 9 51 0.195652173913043 0.642857142857143 0.176470588235294
2116 27 2 2 27 0.0740740740740741 1 0.0740740740740741
21221 25 9 6 28 0.24 0.666666666666667 0.214285714285714
2128 3 1 1 3 0.333333333333333 1 0.333333333333333
21280 5 1 0 6 0 0 0
21385 36 11 8 39 0.222222222222222 0.727272727272727 0.205128205128205
2153 37 8 8 37 0.216216216216216 1 0.216216216216216
21947 18 2 2 18 0.111111111111111 1 0.111111111111111
2200 45 3 3 45 0.0666666666666667 1 0.0666666666666667
22166 2 1 0 3 0 0 0
22335 28 2 1 29 0.0357142857142857 0.5 0.0344827586206897
22388 5 4 4 5 0.8 1 0.8
224 5 7 2 10 0.4 0.285714285714286 0.2
22548 21 1 0 22 0 0 0
226 20 1 1 20 0.05 1 0.05
22767 2 1 1 2 0.5 1 0.5
23393 34 3 2 35 0.0588235294117647 0.666666666666667 0.0571428571428571
23504 22 3 1 24 0.0454545454545455 0.333333333333333 0.0416666666666667
23554 2 1 1 2 0.5 1 0.5
236 1 1 1 1 1 1 1
23600 2 2 1 3 0.5 0.5 0.333333333333333
23624 2 1 1 2 0.5 1 0.5
23634 5 2 2 5 0.4 1 0.4
23754 1 1 0 2 0 0 0
23774 3 2 1 4 0.333333333333333 0.5 0.25
23775 2 1 0 3 0 0 0
23787 2 2 1 3 0.5 0.5 0.333333333333333
2381 27 3 2 28 0.0740740740740741 0.666666666666667 0.0714285714285714
23836 1 1 1 1 1 1 1
23902 1 2 0 3 0 0 0
23910 2 3 1 4 0.5 0.333333333333333 0.25
23911 1 8 1 8 1 0.125 0.125
23912 1 2 0 3 0 0 0
24 6 3 2 7 0.333333333333333 0.666666666666667 0.285714285714286
24218 10 1 0 11 0 0 0
24252 2 1 1 2 0.5 1 0.5
24287 4 2 2 4 0.5 1 0.5
24311 1 1 0 2 0 0 0
24433 3 1 1 3 0.333333333333333 1 0.333333333333333
24475 2 2 2 2 1 1 1
24489 6 4 4 6 0.666666666666667 1 0.666666666666667
24490 7 6 5 8 0.714285714285714 0.833333333333333 0.625
24586 15 5 3 17 0.2 0.6 0.176470588235294
24587 42 14 7 49 0.166666666666667 0.5 0.142857142857143
24724 28 3 3 28 0.107142857142857 1 0.107142857142857
24730 40 7 4 43 0.1 0.571428571428571 0.0930232558139535
24776 5 2 1 6 0.2 0.5 0.166666666666667
24875 25 11 5 31 0.2 0.454545454545455 0.161290322580645
2497 210 57 44 223 0.20952380952381 0.771929824561403 0.197309417040359
24973 2 1 0 3 0 0 0
250 5 6 3 8 0.6 0.5 0.375
2500 30 36 7 59 0.233333333333333 0.194444444444444 0.11864406779661
25058 1 1 1 1 1 1 1
2506 3 1 1 3 0.333333333333333 1 0.333333333333333
25061 13 1 0 14 0 0 0
2510 13 7 3 17 0.230769230769231 0.428571428571429 0.176470588235294
25108 12 4 1 15 0.0833333333333333 0.25 0.0666666666666667
25137 30 10 4 36 0.133333333333333 0.4 0.111111111111111
2514 17 5 3 19 0.176470588235294 0.6 0.157894736842105
25152 36 7 3 40 0.0833333333333333 0.428571428571429 0.075
2516 293 45 32 306 0.109215017064846 0.711111111111111 0.104575163398693
2518 46 7 3 50 0.0652173913043478 0.428571428571429 0.06
2519 23 5 1 27 0.0434782608695652 0.2 0.037037037037037
25208 5 1 0 6 0 0 0
25220 18 2 2 18 0.111111111111111 1 0.111111111111111
2523 4 2 1 5 0.25 0.5 0.2
25232 227 9 8 228 0.0352422907488987 0.888888888888889 0.0350877192982456
2527 9 5 2 12 0.222222222222222 0.4 0.166666666666667
25358 15 9 2 22 0.133333333333333 0.222222222222222 0.0909090909090909
25384 7 3 1 9 0.142857142857143 0.333333333333333 0.111111111111111
2549 3 1 1 3 0.333333333333333 1 0.333333333333333
25492 3 2 1 4 0.333333333333333 0.5 0.25
25538 2 1 0 3 0 0 0
25560 144 17 14 147 0.0972222222222222 0.823529411764706 0.0952380952380952
2594 5 1 0 6 0 0 0
2595 3 1 1 3 0.333333333333333 1 0.333333333333333
2602 2 1 1 2 0.5 1 0.5
2603 33 10 8 35 0.242424242424242 0.8 0.228571428571429
2607 46 7 4 49 0.0869565217391304 0.571428571428571 0.0816326530612245
2611 43 10 9 44 0.209302325581395 0.9 0.204545454545455
2614 10 2 1 11 0.1 0.5 0.0909090909090909
26415 19 3 0 22 0 0 0
26943 24 4 4 24 0.166666666666667 1 0.166666666666667
27319 24 2 2 24 0.0833333333333333 1 0.0833333333333333
27678 4 1 1 4 0.25 1 0.25
27725 1 1 1 1 1 1 1
27750 13 8 8 13 0.615384615384615 1 0.615384615384615
278 7 8 1 14 0.142857142857143 0.125 0.0714285714285714
2819 24 4 0 28 0 0 0
2847 2 1 1 2 0.5 1 0.5
28472 1 1 1 1 1 1 1
2852 10 3 3 10 0.3 1 0.3
2857 137 1 1 137 0.0072992700729927 1 0.0072992700729927
286 299 14 12 301 0.040133779264214 0.857142857142857 0.0398671096345515
2861 9 2 2 9 0.222222222222222 1 0.222222222222222
28678 2 1 1 2 0.5 1 0.5
28716 32 3 2 33 0.0625 0.666666666666667 0.0606060606060606
28725 6 1 1 6 0.166666666666667 1 0.166666666666667
28788 36 3 3 36 0.0833333333333333 1 0.0833333333333333
28814 1 1 1 1 1 1 1
28855 6 1 1 6 0.166666666666667 1 0.166666666666667
2895 9 2 2 9 0.222222222222222 1 0.222222222222222
290 2 2 2 2 1 1 1
29009 1 1 1 1 1 1 1
2905 28 1 0 29 0 0 0
2907 68 6 3 71 0.0441176470588235 0.5 0.0422535211267606
29134 5 1 0 6 0 0 0
2914 530 124 64 590 0.120754716981132 0.516129032258065 0.108474576271186
2915 27 7 4 30 0.148148148148148 0.571428571428571 0.133333333333333
292 1 1 1 1 1 1 1
29208 31 3 2 32 0.0645161290322581 0.666666666666667 0.0625
29216 1 2 1 2 1 0.5 0.5
29243 2 1 1 2 0.5 1 0.5
29259 9 5 4 10 0.444444444444444 0.8 0.4
293 116 28 23 121 0.198275862068966 0.821428571428571 0.190082644628099
29317 2 2 2 2 1 1 1
29402 7 1 1 7 0.142857142857143 1 0.142857142857143
29422 5 1 1 5 0.2 1 0.2
29432 1 1 1 1 1 1 1
29449 4 4 1 7 0.25 0.25 0.142857142857143
29452 5 3 0 8 0 0 0
29527 36 4 4 36 0.111111111111111 1 0.111111111111111
29632 6 1 0 7 0 0 0
29636 30 5 5 30 0.166666666666667 1 0.166666666666667
29668 21 2 1 22 0.0476190476190476 0.5 0.0454545454545455
29670 2 2 0 4 0 0 0
29686 282 68 64 286 0.226950354609929 0.941176470588235 0.223776223776224
29748 28 2 2 28 0.0714285714285714 1 0.0714285714285714
29838 15 4 1 18 0.0666666666666667 0.25 0.0555555555555556
29877 5 3 1 7 0.2 0.333333333333333 0.142857142857143
29904 2 1 1 2 0.5 1 0.5
3 5 1 0 6 0 0 0
30071 20 78 9 89 0.45 0.115384615384615 0.101123595505618
30132 8 3 3 8 0.375 1 0.375
30653 16 3 1 18 0.0625 0.333333333333333 0.0555555555555556
3066 8 1 1 8 0.125 1 0.125
30834 3 1 1 3 0.333333333333333 1 0.333333333333333
30947 2 1 1 2 0.5 1 0.5
31065 2 2 0 4 0 0 0
31103 3 4 0 7 0 0 0
31127 3 1 1 3 0.333333333333333 1 0.333333333333333
31246 8 1 1 8 0.125 1 0.125
31265 1 1 1 1 1 1 1
31283 54 3 1 56 0.0185185185185185 0.333333333333333 0.0178571428571429
31333 3 3 3 3 1 1 1
31383 15 8 4 19 0.266666666666667 0.5 0.210526315789474
31424 7 2 1 8 0.142857142857143 0.5 0.125
31458 31 1 0 32 0 0 0
31479 5 1 1 5 0.2 1 0.2
31513 2 1 1 2 0.5 1 0.5
31859 1 1 0 2 0 0 0
31985 7 1 0 8 0 0 0
32034 7 2 1 8 0.142857142857143 0.5 0.125
3212 36 1 1 36 0.0277777777777778 1 0.0277777777777778
3213 92 3 3 92 0.0326086956521739 1 0.0326086956521739
3221 1 1 1 1 1 1 1
32361 6 1 1 6 0.166666666666667 1 0.166666666666667
3243 13 6 1 18 0.0769230769230769 0.166666666666667 0.0555555555555556
32459 3 1 1 3 0.333333333333333 1 0.333333333333333
3246 120 15 12 123 0.1 0.8 0.0975609756097561
3248 20 4 2 22 0.1 0.5 0.0909090909090909
3249 34 6 2 38 0.0588235294117647 0.333333333333333 0.0526315789473684
3257 280 131 56 355 0.2 0.427480916030534 0.157746478873239
3265 37 18 8 47 0.216216216216216 0.444444444444444 0.170212765957447
3268 1 1 1 1 1 1 1
3292 310 10 8 312 0.0258064516129032 0.8 0.0256410256410256
32978 3 1 1 3 0.333333333333333 1 0.333333333333333
33 8 11 3 16 0.375 0.272727272727273 0.1875
3301 40 2 1 41 0.025 0.5 0.024390243902439
3303 592 25 24 593 0.0405405405405405 0.96 0.0404721753794266
3320 381 10 4 387 0.010498687664042 0.4 0.0103359173126615
3322 2 1 1 2 0.5 1 0.5
3327 38 7 5 40 0.131578947368421 0.714285714285714 0.125
3333 143 29 26 146 0.181818181818182 0.896551724137931 0.178082191780822
3343 18 5 3 20 0.166666666666667 0.6 0.15
33437 1 6 1 6 1 0.166666666666667 0.166666666666667
3344 29 23 8 44 0.275862068965517 0.347826086956522 0.181818181818182
3352 59 3 1 61 0.0169491525423729 0.333333333333333 0.0163934426229508
3356 1323 22 20 1325 0.0151171579743008 0.909090909090909 0.0150943396226415
33956 4 3 3 4 0.75 1 0.75
34081 2 1 1 2 0.5 1 0.5
34159 5 1 1 5 0.2 1 0.2
34243 1 1 1 1 1 1 1
34288 5 3 1 7 0.2 0.333333333333333 0.142857142857143
34465 8 2 1 9 0.125 0.5 0.111111111111111
34623 2 1 1 2 0.5 1 0.5
34631 2 1 1 2 0.5 1 0.5
34763 46 3 1 48 0.0217391304347826 0.333333333333333 0.0208333333333333
34771 4 3 3 4 0.75 1 0.75
35244 15 4 2 17 0.133333333333333 0.5 0.117647058823529
35425 6 1 1 6 0.166666666666667 1 0.166666666666667
35485 8 1 1 8 0.125 1 0.125
3549 767 60 43 784 0.0560625814863103 0.716666666666667 0.0548469387755102
3551 1 1 0 2 0 0 0
3557 89 23 15 97 0.168539325842697 0.652173913043478 0.154639175257732
35612 2 2 0 4 0 0 0
35706 5 1 1 5 0.2 1 0.2
3582 4 2 0 6 0 0 0
3597 10 3 1 12 0.1 0.333333333333333 0.0833333333333333
3640 4 1 1 4 0.25 1 0.25
3662 12 1 1 12 0.0833333333333333 1 0.0833333333333333
3671 2 1 1 2 0.5 1 0.5
3741 216 1 0 217 0 0 0
3748 2 4 1 5 0.5 0.25 0.2
3758 34 4 0 38 0 0 0
376 10 1 1 10 0.1 1 0.1
378 3 1 1 3 0.333333333333333 1 0.333333333333333
3786 298 2 1 299 0.00335570469798658 0.5 0.00334448160535117
3790 2 1 1 2 0.5 1 0.5
3825 1 1 0 2 0 0 0
3836 6 7 0 13 0 0 0
39122 2 1 1 2 0.5 1 0.5
39854 1 1 0 2 0 0 0
3999 1 1 1 1 1 1 1
4134 64 1 0 65 0 0 0
42 71 2 2 71 0.028169014084507 1 0.028169014084507
4436 83 8 7 84 0.0843373493975904 0.875 0.0833333333333333
4538 17 15 5 27 0.294117647058824 0.333333333333333 0.185185185185185
4555 1 9 0 10 0 0 0
4589 173 40 20 193 0.115606936416185 0.5 0.103626943005181
4608 3 2 1 4 0.333333333333333 0.5 0.25
4618 19 5 0 24 0 0 0
4621 24 3 2 25 0.0833333333333333 0.666666666666667 0.08
4645 13 1 1 13 0.0769230769230769 1 0.0769230769230769
4651 23 3 1 25 0.0434782608695652 0.333333333333333 0.04
4673 8 1 1 8 0.125 1 0.125
4675 7 5 2 10 0.285714285714286 0.4 0.2
4677 4 7 3 8 0.75 0.428571428571429 0.375
4678 6 6 2 10 0.333333333333333 0.333333333333333 0.2
4680 10 5 2 13 0.2 0.4 0.153846153846154
4685 8 6 3 11 0.375 0.5 0.272727272727273
4688 10 8 3 15 0.3 0.375 0.2
4691 9 12 3 18 0.333333333333333 0.25 0.166666666666667
4694 33 2 1 34 0.0303030303030303 0.5 0.0294117647058824
4697 1 20 1 20 1 0.05 0.05
4702 6 3 2 7 0.333333333333333 0.666666666666667 0.285714285714286
4713 82 5 5 82 0.0609756097560976 1 0.0609756097560976
4716 99 36 14 121 0.141414141414141 0.388888888888889 0.115702479338843
4717 4 2 2 4 0.5 1 0.5
4718 3 4 1 6 0.333333333333333 0.25 0.166666666666667
4721 11 6 0 17 0 0 0
4725 110 45 14 141 0.127272727272727 0.311111111111111 0.099290780141844
4741 6 1 0 7 0 0 0
4747 9 2 0 11 0 0 0
4750 30 3 1 32 0.0333333333333333 0.333333333333333 0.03125
4774 2 2 2 2 1 1 1
4777 27 7 5 29 0.185185185185185 0.714285714285714 0.172413793103448
4780 24 2 1 25 0.0416666666666667 0.5 0.04
4782 2 1 0 3 0 0 0
4787 6 5 0 11 0 0 0
4788 90 7 2 95 0.0222222222222222 0.285714285714286 0.0210526315789474
4795 30 2 0 32 0 0 0
5050 15 3 3 15 0.2 1 0.2
513 33 7 4 36 0.121212121212121 0.571428571428571 0.111111111111111
5381 13 4 0 17 0 0 0
5385 10 8 2 16 0.2 0.25 0.125
5401 5 1 1 5 0.2 1 0.2
5408 29 2 2 29 0.0689655172413793 1 0.0689655172413793
5410 49 4 1 52 0.0204081632653061 0.25 0.0192307692307692
5417 175 33 27 181 0.154285714285714 0.818181818181818 0.149171270718232
5418 8 1 1 8 0.125 1 0.125
5430 67 16 11 72 0.164179104477612 0.6875 0.152777777777778
5459 207 7 7 207 0.0338164251207729 1 0.0338164251207729
5466 60 2 1 61 0.0166666666666667 0.5 0.0163934426229508
5486 39 2 0 41 0 0 0
5511 160 22 20 162 0.125 0.909090909090909 0.123456790123457
553 42 12 9 45 0.214285714285714 0.75 0.2
5533 6 5 1 10 0.166666666666667 0.2 0.1
5537 22 2 1 23 0.0454545454545455 0.5 0.0434782608695652
5539 32 53 16 69 0.5 0.30188679245283 0.231884057971014
5550 4 3 1 6 0.25 0.333333333333333 0.166666666666667
5568 92 3 3 92 0.0326086956521739 1 0.0326086956521739
559 55 16 14 57 0.254545454545455 0.875 0.245614035087719
5602 16 4 2 18 0.125 0.5 0.111111111111111
5609 2 12 0 14 0 0 0
5617 106 2 0 108 0 0 0
5669 38 2 0 40 0 0 0
5693 6 2 1 7 0.166666666666667 0.5 0.142857142857143
5713 32 2 1 33 0.03125 0.5 0.0303030303030303
577 110 1 1 110 0.00909090909090909 1 0.00909090909090909
6057 4 2 1 5 0.25 0.5 0.2
6062 10 3 0 13 0 0 0
6066 3 2 1 4 0.333333333333333 0.5 0.25
6140 114 1 0 115 0 0 0
6163 8 2 0 10 0 0 0
6320 196 1 1 196 0.00510204081632653 1 0.00510204081632653
6342 4 1 0 5 0 0 0
6360 8 2 2 8 0.25 1 0.25
6435 3 15 0 18 0 0 0
6453 353 34 24 363 0.0679886685552408 0.705882352941177 0.0661157024793388
6461 711 4 4 711 0.00562587904360056 1 0.00562587904360056
6509 37 4 4 37 0.108108108108108 1 0.108108108108108
6596 24 1 1 24 0.0416666666666667 1 0.0416666666666667
6619 11 1 0 12 0 0 0
6666 33 12 7 38 0.212121212121212 0.583333333333333 0.184210526315789
6667 453 74 71 456 0.15673289183223 0.959459459459459 0.155701754385965
668 38 7 2 43 0.0526315789473684 0.285714285714286 0.0465116279069767
6695 105 4 3 106 0.0285714285714286 0.75 0.0283018867924528
6696 5 3 2 6 0.4 0.666666666666667 0.333333333333333
6706 7 3 2 8 0.285714285714286 0.666666666666667 0.25
6730 604 6 5 605 0.00827814569536424 0.833333333333333 0.00826446280991736
6762 143 20 16 147 0.111888111888112 0.8 0.108843537414966
6770 32 4 4 32 0.125 1 0.125
6772 10 3 3 10 0.3 1 0.3
6774 67 10 7 70 0.104477611940299 0.7 0.1
6775 5 2 2 5 0.4 1 0.4
680 47 11 8 50 0.170212765957447 0.727272727272727 0.16
6802 7 2 2 7 0.285714285714286 1 0.285714285714286
6830 75 69 22 122 0.293333333333333 0.318840579710145 0.180327868852459
6881 57 1 1 57 0.0175438596491228 1 0.0175438596491228
6895 7 1 1 7 0.142857142857143 1 0.142857142857143
6939 531 40 18 553 0.0338983050847458 0.45 0.0325497287522604
7018 2030 7 4 2033 0.00197044334975369 0.571428571428571 0.00196753566158387
7019 1 1 1 1 1 1 1
7065 12 2 1 13 0.0833333333333333 0.5 0.0769230769230769
719 11 1 1 11 0.0909090909090909 1 0.0909090909090909
7500 69 4 2 71 0.0289855072463768 0.5 0.028169014084507
7514 22 9 5 26 0.227272727272727 0.555555555555556 0.192307692307692
7516 4 1 0 5 0 0 0
7521 4 1 1 4 0.25 1 0.25
7522 5 6 2 9 0.4 0.333333333333333 0.222222222222222
7530 2 4 0 6 0 0 0
7539 22 8 7 23 0.318181818181818 0.875 0.304347826086957
7570 5 4 1 8 0.2 0.25 0.125
7575 271 46 43 274 0.158671586715867 0.934782608695652 0.156934306569343
7610 21 2 1 22 0.0476190476190476 0.5 0.0454545454545455
766 16 5 4 17 0.25 0.8 0.235294117647059
7660 38 29 16 51 0.421052631578947 0.551724137931034 0.313725490196078
7665 2 1 1 2 0.5 1 0.5
7667 3 1 0 4 0 0 0
7668 11 1 1 11 0.0909090909090909 1 0.0909090909090909
7670 19 2 2 19 0.105263157894737 1 0.105263157894737
7671 4 33 3 34 0.75 0.0909090909090909 0.0882352941176471
7682 11 3 2 12 0.181818181818182 0.666666666666667 0.166666666666667
7684 2 10 0 12 0 0 0
7687 4 2 1 5 0.25 0.5 0.2
7786 4 1 0 5 0 0 0
786 42 6 1 47 0.0238095238095238 0.166666666666667 0.0212765957446809
790 2 1 1 2 0.5 1 0.5
8002 28 6 2 32 0.0714285714285714 0.333333333333333 0.0625
8070 1 1 0 2 0 0 0
8121 34 4 3 35 0.0882352941176471 0.75 0.0857142857142857
8195 59 10 7 62 0.11864406779661 0.7 0.112903225806452
8220 635 15 13 637 0.0204724409448819 0.866666666666667 0.0204081632653061
8226 3 3 1 5 0.333333333333333 0.333333333333333 0.2
8237 6 5 2 9 0.333333333333333 0.4 0.222222222222222
8246 133 1 0 134 0 0 0
8256 2 1 1 2 0.5 1 0.5
8267 2 1 1 2 0.5 1 0.5
8286 1 1 0 2 0 0 0
8319 28 12 7 33 0.25 0.583333333333333 0.212121212121212
8364 9 1 0 10 0 0 0
8365 36 17 11 42 0.305555555555556 0.647058823529412 0.261904761904762
8419 31 4 1 34 0.032258064516129 0.25 0.0294117647058824
8426 240 7 5 242 0.0208333333333333 0.714285714285714 0.0206611570247934
8447 315 14 12 317 0.0380952380952381 0.857142857142857 0.0378548895899054
8469 34 9 7 36 0.205882352941176 0.777777777777778 0.194444444444444
8473 13 3 1 15 0.0769230769230769 0.333333333333333 0.0666666666666667
8481 3 1 0 4 0 0 0
8501 34 8 8 34 0.235294117647059 1 0.235294117647059
8517 17 1 1 17 0.0588235294117647 1 0.0588235294117647
8527 13 2 2 13 0.153846153846154 1 0.153846153846154
8560 55 16 12 59 0.218181818181818 0.75 0.203389830508475
8586 61 3 3 61 0.0491803278688525 1 0.0491803278688525
8591 24 5 3 26 0.125 0.6 0.115384615384615
8657 75 3 2 76 0.0266666666666667 0.666666666666667 0.0263157894736842
8664 8 1 0 9 0 0 0
8665 21 12 6 27 0.285714285714286 0.5 0.222222222222222
8674 43 3 3 43 0.0697674418604651 1 0.0697674418604651
8676 6 1 0 7 0 0 0
8708 190 8 5 193 0.0263157894736842 0.625 0.0259067357512953
8728 1 1 1 1 1 1 1
8737 30 6 4 32 0.133333333333333 0.666666666666667 0.125
8758 7 4 3 8 0.428571428571429 0.75 0.375
8763 131 33 31 133 0.236641221374046 0.939393939393939 0.233082706766917
8767 39 11 8 42 0.205128205128205 0.727272727272727 0.19047619047619
8781 4 1 1 4 0.25 1 0.25
8881 137 9 7 139 0.0510948905109489 0.777777777777778 0.0503597122302158
8903 10 4 0 14 0 0 0
8921 1 2 0 3 0 0 0
8925 2 1 0 3 0 0 0
8943 16 2 1 17 0.0625 0.5 0.0588235294117647
8954 16 7 3 20 0.1875 0.428571428571429 0.15
8966 44 1 1 44 0.0227272727272727 1 0.0227272727272727
8970 2 1 1 2 0.5 1 0.5
8975 53 3 2 54 0.0377358490566038 0.666666666666667 0.037037037037037
8978 4 3 1 6 0.25 0.333333333333333 0.166666666666667
9009 150 12 8 154 0.0533333333333333 0.666666666666667 0.051948051948052
9052 3 2 0 5 0 0 0
9080 9 3 2 10 0.222222222222222 0.666666666666667 0.2
9085 6 1 0 7 0 0 0
9112 6 1 1 6 0.166666666666667 1 0.166666666666667
9150 20 3 3 20 0.15 1 0.15
9153 40 2 2 40 0.05 1 0.05
9162 2 1 0 3 0 0 0
9264 51 38 5 84 0.0980392156862745 0.131578947368421 0.0595238095238095
9270 33 8 6 35 0.181818181818182 0.75 0.171428571428571
9299 40 1 1 40 0.025 1 0.025
9316 42 1 0 43 0 0 0
9389 1 1 0 2 0 0 0
9406 1 1 0 2 0 0 0
9416 17 1 0 18 0 0 0
9505 64 4 3 65 0.046875 0.75 0.0461538461538462
9583 31 1 0 32 0 0 0
9595 8 4 2 10 0.25 0.5 0.2
9600 6 8 2 12 0.333333333333333 0.25 0.166666666666667
9607 6 2 0 8 0 0 0
9612 1 3 0 4 0 0 0
9619 2 2 2 2 1 1 1
9621 3 6 1 8 0.333333333333333 0.166666666666667 0.125
9622 7 1 1 7 0.142857142857143 1 0.142857142857143
9687 2 1 1 2 0.5 1 0.5
9700 4 2 1 5 0.25 0.5 0.2
9758 1 1 0 2 0 0 0
9800 37 1 0 38 0 0 0
9821 2 1 1 2 0.5 1 0.5
9844 1 1 0 2 0 0 0
9901 25 2 0 27 0 0 0
9919 21 1 0 22 0 0 0
9995 3 2 2 3 0.666666666666667 1 0.666666666666667
