#ASN num_v4adj num_v6adj num_intersect(v4v6adj) num_union(adj) fr_v4(num_intersect/num_v4adj) fr_v6(num_intersect/num_v6adj) fr_intersect(num_intersect/num_union)
10013 4 6 1 9 0.25 0.166666666666667 0.111111111111111
10015 13 1 0 14 0 0 0
10204 5 2 1 6 0.2 0.5 0.166666666666667
10318 3 5 0 8 0 0 0
10429 16 2 1 17 0.0625 0.5 0.0588235294117647
10764 15 2 2 15 0.133333333333333 1 0.133333333333333
109 8 32 1 39 0.125 0.03125 0.0256410256410256
1103 138 14 11 141 0.0797101449275362 0.785714285714286 0.0780141843971631
11085 1 3 0 4 0 0 0
11340 5 2 2 5 0.4 1 0.4
11537 79 28 25 82 0.316455696202532 0.892857142857143 0.304878048780488
1200 20 6 4 22 0.2 0.666666666666667 0.181818181818182
1213 5 5 4 6 0.8 0.8 0.666666666666667
12199 1 3 0 4 0 0 0
1221 80 3 1 82 0.0125 0.333333333333333 0.0121951219512195
12337 14 7 2 19 0.142857142857143 0.285714285714286 0.105263157894737
12353 2 5 1 6 0.5 0.2 0.166666666666667
1237 22 2 2 22 0.0909090909090909 1 0.0909090909090909
12371 3 1 0 4 0 0 0
12414 18 5 3 20 0.166666666666667 0.6 0.15
1251 3 3 0 6 0 0 0
12533 3 5 1 7 0.333333333333333 0.2 0.142857142857143
12558 11 2 1 12 0.0909090909090909 0.5 0.0833333333333333
12565 4 5 2 7 0.5 0.4 0.285714285714286
1257 70 2 0 72 0 0 0
12573 16 6 2 20 0.125 0.333333333333333 0.1
12600 7 1 1 7 0.142857142857143 1 0.142857142857143
12634 20 8 4 24 0.2 0.5 0.166666666666667
12731 24 5 1 28 0.0416666666666667 0.2 0.0357142857142857
12732 10 2 1 11 0.1 0.5 0.0909090909090909
12767 1 1 0 2 0 0 0
12779 57 11 6 62 0.105263157894737 0.545454545454545 0.0967741935483871
12793 22 5 1 26 0.0454545454545455 0.2 0.0384615384615385
12817 2 2 1 3 0.5 0.5 0.333333333333333
12853 1 3 0 4 0 0 0
12859 201 40 37 204 0.18407960199005 0.925 0.181372549019608
12871 20 10 3 27 0.15 0.3 0.111111111111111
12895 3 1 1 3 0.333333333333333 1 0.333333333333333
12902 18 7 3 22 0.166666666666667 0.428571428571429 0.136363636363636
12931 2 1 1 2 0.5 1 0.5
12956 221 2 2 221 0.00904977375565611 1 0.00904977375565611
12968 27 6 1 32 0.037037037037037 0.166666666666667 0.03125
1299 253 13 11 255 0.0434782608695652 0.846153846153846 0.0431372549019608
13 3 1 1 3 0.333333333333333 1 0.333333333333333
13058 3 2 0 5 0 0 0
13110 2 5 0 7 0 0 0
13129 246 3 3 246 0.0121951219512195 1 0.0121951219512195
13189 17 1 1 17 0.0588235294117647 1 0.0588235294117647
13193 16 5 1 20 0.0625 0.2 0.05
13645 6 2 0 8 0 0 0
137 8 5 1 12 0.125 0.2 0.0833333333333333
13944 3 12 0 15 0 0 0
14277 5 10 2 13 0.4 0.2 0.153846153846154
145 12 13 0 25 0 0 0
14654 2 1 0 3 0 0 0
15180 8 3 0 11 0 0 0
15440 5 1 0 6 0 0 0
15450 3 3 0 6 0 0 0
15469 1 1 0 2 0 0 0
15474 1 1 1 1 1 1 1
15498 8 3 0 11 0 0 0
15516 2 2 0 4 0 0 0
15557 31 1 0 32 0 0 0
15589 32 29 2 59 0.0625 0.0689655172413793 0.0338983050847458
15623 146 7 4 149 0.0273972602739726 0.571428571428571 0.0268456375838926
15685 9 1 1 9 0.111111111111111 1 0.111111111111111
15694 21 5 0 26 0 0 0
15703 99 11 6 104 0.0606060606060606 0.545454545454545 0.0576923076923077
15709 2 1 0 3 0 0 0
15717 41 7 4 44 0.0975609756097561 0.571428571428571 0.0909090909090909
15861 15 1 0 16 0 0 0
15897 1 2 0 3 0 0 0
15982 4 12 1 15 0.25 0.0833333333333333 0.0666666666666667
16004 10 6 3 13 0.3 0.5 0.230769230769231
16023 3 1 0 4 0 0 0
16086 16 4 1 19 0.0625 0.25 0.0526315789473684
16091 2 2 0 4 0 0 0
16128 8 1 1 8 0.125 1 0.125
16186 4 5 0 9 0 0 0
16237 11 3 1 13 0.0909090909090909 0.333333333333333 0.0769230769230769
16245 5 2 1 6 0.2 0.5 0.166666666666667
16363 2 1 0 3 0 0 0
1653 27 2 1 28 0.037037037037037 0.5 0.0357142857142857
16531 6 1 0 7 0 0 0
16713 20 2 1 21 0.05 0.5 0.0476190476190476
16838 6 1 0 7 0 0 0
17263 5 1 0 6 0 0 0
1741 9 1 1 9 0.111111111111111 1 0.111111111111111
17511 6 2 1 7 0.166666666666667 0.5 0.142857142857143
17527 4 6 3 7 0.75 0.5 0.428571428571429
17529 5 1 1 5 0.2 1 0.2
17579 3 2 1 4 0.333333333333333 0.5 0.25
1759 57 1 1 57 0.0175438596491228 1 0.0175438596491228
17832 5 10 1 14 0.2 0.1 0.0714285714285714
17935 1 1 0 2 0 0 0
1797 1 1 0 2 0 0 0
18084 1 1 1 1 1 1 1
18098 1 1 0 2 0 0 0
18181 3 1 1 3 0.333333333333333 1 0.333333333333333
1835 6 2 2 6 0.333333333333333 1 0.333333333333333
1853 84 14 11 87 0.130952380952381 0.785714285714286 0.126436781609195
18592 20 3 3 20 0.15 1 0.15
1897 9 2 1 10 0.111111111111111 0.5 0.1
19149 2 1 1 2 0.5 1 0.5
1916 14 7 2 19 0.142857142857143 0.285714285714286 0.105263157894737
1930 3 3 1 5 0.333333333333333 0.333333333333333 0.2
195 7 1 1 7 0.142857142857143 1 0.142857142857143
1955 10 3 1 12 0.1 0.333333333333333 0.0833333333333333
20080 14 4 4 14 0.285714285714286 1 0.285714285714286
2042 10 13 1 22 0.1 0.0769230769230769 0.0454545454545455
20569 9 2 1 10 0.111111111111111 0.5 0.1
20603 1 2 0 3 0 0 0
20621 2 1 1 2 0.5 1 0.5
20646 34 9 4 39 0.117647058823529 0.444444444444444 0.102564102564103
20704 9 2 1 10 0.111111111111111 0.5 0.1
20712 2 1 0 3 0 0 0
20718 13 4 0 17 0 0 0
20745 2 6 0 8 0 0 0
20794 3 4 1 6 0.333333333333333 0.25 0.166666666666667
20834 11 7 0 18 0 0 0
20847 27 5 2 30 0.0740740740740741 0.4 0.0666666666666667
209 1050 1 1 1050 0.000952380952380952 1 0.000952380952380952
20965 37 30 30 37 0.810810810810811 1 0.810810810810811
2107 1 1 1 1 1 1 1
2110 26 7 1 32 0.0384615384615385 0.142857142857143 0.03125
21119 3 1 0 4 0 0 0
21155 23 8 4 27 0.173913043478261 0.5 0.148148148148148
21193 2 1 1 2 0.5 1 0.5
21202 27 1 0 28 0 0 0
21221 15 5 1 19 0.0666666666666667 0.2 0.0526315789473684
21238 2 2 0 4 0 0 0
2128 1 2 1 2 1 0.5 0.5
21392 21 7 3 25 0.142857142857143 0.428571428571429 0.12
21398 16 9 1 24 0.0625 0.111111111111111 0.0416666666666667
2153 11 3 3 11 0.272727272727273 1 0.272727272727273
2200 38 8 3 43 0.0789473684210526 0.375 0.0697674418604651
22166 2 1 0 3 0 0 0
22335 23 3 2 24 0.0869565217391304 0.666666666666667 0.0833333333333333
224 5 3 2 6 0.4 0.666666666666667 0.333333333333333
22548 3 1 0 4 0 0 0
23522 2 2 0 4 0 0 0
23609 1 2 0 3 0 0 0
237 19 6 0 25 0 0 0
23774 3 2 1 4 0.333333333333333 0.5 0.25
23787 2 2 1 3 0.5 0.5 0.333333333333333
2381 20 1 1 20 0.05 1 0.05
23910 1 1 1 1 1 1 1
23911 1 2 1 2 1 0.5 0.5
23912 1 1 0 2 0 0 0
24587 31 6 4 33 0.129032258064516 0.666666666666667 0.121212121212121
24730 40 6 2 44 0.05 0.333333333333333 0.0454545454545455
24776 3 1 0 4 0 0 0
2486 9 1 1 9 0.111111111111111 1 0.111111111111111
24875 17 8 2 23 0.117647058823529 0.25 0.0869565217391304
2497 188 50 35 203 0.186170212765957 0.7 0.172413793103448
24973 2 2 1 3 0.5 0.5 0.333333333333333
2500 26 23 7 42 0.269230769230769 0.304347826086957 0.166666666666667
2510 10 4 2 12 0.2 0.5 0.166666666666667
25137 11 6 1 16 0.0909090909090909 0.166666666666667 0.0625
2514 13 2 2 13 0.153846153846154 1 0.153846153846154
2516 290 30 19 301 0.0655172413793104 0.633333333333333 0.0631229235880399
2518 10 9 4 15 0.4 0.444444444444444 0.266666666666667
25208 4 2 0 6 0 0 0
25232 14 1 0 15 0 0 0
2527 6 7 3 10 0.5 0.428571428571429 0.3
25358 1 10 1 10 1 0.1 0.1
25384 4 2 0 6 0 0 0
25396 30 6 2 34 0.0666666666666667 0.333333333333333 0.0588235294117647
2547 1 1 0 2 0 0 0
2549 1 3 0 4 0 0 0
25538 2 1 0 3 0 0 0
2595 4 2 1 5 0.25 0.5 0.2
2602 2 2 1 3 0.5 0.5 0.333333333333333
2603 31 10 7 34 0.225806451612903 0.7 0.205882352941176
2609 3 1 0 4 0 0 0
2611 25 4 3 26 0.12 0.75 0.115384615384615
2614 8 3 1 10 0.125 0.333333333333333 0.1
27464 2 3 1 4 0.5 0.333333333333333 0.25
27552 4 4 2 6 0.5 0.5 0.333333333333333
278 8 8 1 15 0.125 0.125 0.0666666666666667
2819 14 3 0 17 0 0 0
2847 2 4 1 5 0.5 0.25 0.2
2852 5 4 3 6 0.6 0.75 0.5
28747 57 5 4 58 0.0701754385964912 0.8 0.0689655172413793
2895 4 1 1 4 0.25 1 0.25
2905 28 1 0 29 0 0 0
2907 52 3 2 53 0.0384615384615385 0.666666666666667 0.0377358490566038
2914 636 103 36 703 0.0566037735849057 0.349514563106796 0.0512091038406828
2915 26 11 1 36 0.0384615384615385 0.0909090909090909 0.0277777777777778
29243 2 1 1 2 0.5 1 0.5
29259 12 1 0 13 0 0 0
293 107 17 6 118 0.0560747663551402 0.352941176470588 0.0508474576271186
29317 1 1 1 1 1 1 1
29429 2 2 2 2 1 1 1
29449 2 4 1 5 0.5 0.25 0.2
29623 2 1 1 2 0.5 1 0.5
29629 1 1 1 1 1 1 1
29789 3 1 1 3 0.333333333333333 1 0.333333333333333
30071 2 14 2 14 1 0.142857142857143 0.142857142857143
3066 7 1 1 7 0.142857142857143 1 0.142857142857143
3221 1 1 1 1 1 1 1
3243 9 4 1 12 0.111111111111111 0.25 0.0833333333333333
3246 74 2 1 75 0.0135135135135135 0.5 0.0133333333333333
3249 9 3 1 11 0.111111111111111 0.333333333333333 0.0909090909090909
3257 297 100 47 350 0.158249158249158 0.47 0.134285714285714
3265 22 17 7 32 0.318181818181818 0.411764705882353 0.21875
3274 3 1 0 4 0 0 0
3292 137 7 0 144 0 0 0
33 5 15 3 17 0.6 0.2 0.176470588235294
3301 22 2 2 22 0.0909090909090909 1 0.0909090909090909
3303 457 13 9 461 0.0196936542669584 0.692307692307692 0.0195227765726681
3320 241 18 8 251 0.033195020746888 0.444444444444444 0.0318725099601594
3322 1 1 1 1 1 1 1
3327 4 4 0 8 0 0 0
3333 122 20 16 126 0.131147540983607 0.8 0.126984126984127
3344 4 3 1 6 0.25 0.333333333333333 0.166666666666667
3352 43 4 1 46 0.0232558139534884 0.25 0.0217391304347826
3549 675 54 31 698 0.0459259259259259 0.574074074074074 0.0444126074498567
3557 76 14 10 80 0.131578947368421 0.714285714285714 0.125
3561 640 5 1 644 0.0015625 0.2 0.0015527950310559
3582 3 3 0 6 0 0 0
3597 7 1 1 7 0.142857142857143 1 0.142857142857143
3608 10 2 2 10 0.2 1 0.2
3662 11 1 1 11 0.0909090909090909 1 0.0909090909090909
3748 2 8 1 9 0.5 0.125 0.111111111111111
3758 29 5 0 34 0 0 0
376 10 1 1 10 0.1 1 0.1
378 2 1 1 2 0.5 1 0.5
3786 288 3 1 290 0.00347222222222222 0.333333333333333 0.00344827586206897
3825 1 2 0 3 0 0 0
3836 3 4 0 7 0 0 0
4474 58 2 1 59 0.0172413793103448 0.5 0.0169491525423729
4538 12 8 3 17 0.25 0.375 0.176470588235294
4555 1 12 0 13 0 0 0
4589 400 17 14 403 0.035 0.823529411764706 0.0347394540942928
4608 2 1 1 2 0.5 1 0.5
4618 13 8 0 21 0 0 0
4621 19 1 1 19 0.0526315789473684 1 0.0526315789473684
4645 12 1 1 12 0.0833333333333333 1 0.0833333333333333
4651 21 2 0 23 0 0 0
4673 5 1 1 5 0.2 1 0.2
4675 2 6 2 6 1 0.333333333333333 0.333333333333333
4677 3 5 2 6 0.666666666666667 0.4 0.333333333333333
4678 5 8 3 10 0.6 0.375 0.3
4680 7 6 1 12 0.142857142857143 0.166666666666667 0.0833333333333333
4685 6 5 3 8 0.5 0.6 0.375
4688 9 6 2 13 0.222222222222222 0.333333333333333 0.153846153846154
4691 6 15 2 19 0.333333333333333 0.133333333333333 0.105263157894737
4694 77 3 1 79 0.012987012987013 0.333333333333333 0.0126582278481013
4702 3 5 1 7 0.333333333333333 0.2 0.142857142857143
4713 73 2 2 73 0.0273972602739726 1 0.0273972602739726
4716 82 42 11 113 0.134146341463415 0.261904761904762 0.0973451327433628
4717 4 1 1 4 0.25 1 0.25
4721 5 5 2 8 0.4 0.4 0.25
4725 76 43 6 113 0.0789473684210526 0.13953488372093 0.0530973451327434
4741 4 2 0 6 0 0 0
4747 4 2 0 6 0 0 0
4750 33 3 0 36 0 0 0
4774 6 2 2 6 0.333333333333333 1 0.333333333333333
4777 27 7 4 30 0.148148148148148 0.571428571428571 0.133333333333333
4780 15 2 1 16 0.0666666666666667 0.5 0.0625
4787 5 2 0 7 0 0 0
5050 10 1 1 10 0.1 1 0.1
513 31 10 3 38 0.0967741935483871 0.3 0.0789473684210526
5381 8 2 0 10 0 0 0
5385 7 5 2 10 0.285714285714286 0.4 0.2
5397 4 1 0 5 0 0 0
5408 31 8 1 38 0.032258064516129 0.125 0.0263157894736842
5410 14 2 1 15 0.0714285714285714 0.5 0.0666666666666667
5417 136 23 21 138 0.154411764705882 0.91304347826087 0.152173913043478
5418 5 1 1 5 0.2 1 0.2
5424 15 12 1 26 0.0666666666666667 0.0833333333333333 0.0384615384615385
5430 37 9 5 41 0.135135135135135 0.555555555555556 0.121951219512195
5459 26 3 2 27 0.0769230769230769 0.666666666666667 0.0740740740740741
5466 34 2 0 36 0 0 0
5511 183 24 9 198 0.0491803278688525 0.375 0.0454545454545455
553 25 5 2 28 0.08 0.4 0.0714285714285714
5539 19 23 6 36 0.315789473684211 0.260869565217391 0.166666666666667
5568 33 3 3 33 0.0909090909090909 1 0.0909090909090909
559 34 16 8 42 0.235294117647059 0.5 0.19047619047619
5602 16 6 3 19 0.1875 0.5 0.157894736842105
5609 2 28 0 30 0 0 0
5617 56 4 0 60 0 0 0
5623 1 7 0 8 0 0 0
5669 60 2 1 61 0.0166666666666667 0.5 0.0163934426229508
6062 8 2 0 10 0 0 0
6066 8 1 1 8 0.125 1 0.125
6342 4 4 0 8 0 0 0
6389 22 1 0 23 0 0 0
6435 3 20 0 23 0 0 0
6453 205 1 0 206 0 0 0
6461 555 8 8 555 0.0144144144144144 1 0.0144144144144144
6509 22 4 3 23 0.136363636363636 0.75 0.130434782608696
6619 9 1 0 10 0 0 0
6661 11 1 1 11 0.0909090909090909 1 0.0909090909090909
6667 76 9 5 80 0.0657894736842105 0.555555555555556 0.0625
668 49 8 3 54 0.0612244897959184 0.375 0.0555555555555556
6706 3 1 1 3 0.333333333333333 1 0.333333333333333
6730 159 4 3 160 0.0188679245283019 0.75 0.01875
680 33 9 4 38 0.121212121212121 0.444444444444444 0.105263157894737
6830 51 78 11 118 0.215686274509804 0.141025641025641 0.0932203389830508
6939 229 52 16 265 0.0698689956331878 0.307692307692308 0.060377358490566
7018 1712 3 2 1713 0.00116822429906542 0.666666666666667 0.00116754232340922
7065 7 1 1 7 0.142857142857143 1 0.142857142857143
71 10 2 0 12 0 0 0
7500 8 3 2 9 0.25 0.666666666666667 0.222222222222222
7514 9 6 3 12 0.333333333333333 0.5 0.25
7521 2 3 1 4 0.5 0.333333333333333 0.25
7522 3 6 3 6 1 0.5 0.5
7539 7 2 2 7 0.285714285714286 1 0.285714285714286
7570 10 2 1 11 0.1 0.5 0.0909090909090909
7580 1 4 0 5 0 0 0
7610 15 3 1 17 0.0666666666666667 0.333333333333333 0.0588235294117647
7623 11 2 1 12 0.0909090909090909 0.5 0.0833333333333333
766 13 3 2 14 0.153846153846154 0.666666666666667 0.142857142857143
7660 19 20 7 32 0.368421052631579 0.35 0.21875
7667 3 2 0 5 0 0 0
7668 5 1 1 5 0.2 1 0.2
7670 11 3 1 13 0.0909090909090909 0.333333333333333 0.0769230769230769
7671 5 9 2 12 0.4 0.222222222222222 0.166666666666667
7682 9 1 0 10 0 0 0
7687 3 2 1 4 0.333333333333333 0.5 0.25
786 27 11 2 36 0.0740740740740741 0.181818181818182 0.0555555555555556
790 6 10 1 15 0.166666666666667 0.1 0.0666666666666667
8002 18 26 2 42 0.111111111111111 0.0769230769230769 0.0476190476190476
8015 10 1 0 11 0 0 0
8070 1 5 0 6 0 0 0
81 8 2 0 10 0 0 0
8121 36 1 1 36 0.0277777777777778 1 0.0277777777777778
8175 4 4 0 8 0 0 0
8228 21 1 0 22 0 0 0
8237 6 3 0 9 0 0 0
8256 2 1 1 2 0.5 1 0.5
8267 1 2 0 3 0 0 0
8277 5 3 0 8 0 0 0
8319 15 1 1 15 0.0666666666666667 1 0.0666666666666667
8379 1 2 0 3 0 0 0
8447 51 11 4 58 0.0784313725490196 0.363636363636364 0.0689655172413793
8469 12 4 1 15 0.0833333333333333 0.25 0.0666666666666667
8472 44 5 1 48 0.0227272727272727 0.2 0.0208333333333333
8473 14 2 0 16 0 0 0
8501 23 3 3 23 0.130434782608696 1 0.130434782608696
8514 22 4 1 25 0.0454545454545455 0.25 0.04
8517 15 1 1 15 0.0666666666666667 1 0.0666666666666667
8560 24 9 3 30 0.125 0.333333333333333 0.1
8591 15 2 1 16 0.0666666666666667 0.5 0.0625
8657 43 3 2 44 0.0465116279069767 0.666666666666667 0.0454545454545455
8664 3 5 0 8 0 0 0
8665 3 1 1 3 0.333333333333333 1 0.333333333333333
8676 3 2 0 5 0 0 0
8708 85 6 3 88 0.0352941176470588 0.5 0.0340909090909091
8737 23 7 2 28 0.0869565217391304 0.285714285714286 0.0714285714285714
8758 5 4 1 8 0.2 0.25 0.125
8763 13 3 2 14 0.153846153846154 0.666666666666667 0.142857142857143
8823 3 1 0 4 0 0 0
8903 37 5 1 41 0.027027027027027 0.2 0.024390243902439
8921 1 1 0 2 0 0 0
8925 1 1 0 2 0 0 0
8943 8 1 0 9 0 0 0
8954 18 29 4 43 0.222222222222222 0.137931034482759 0.0930232558139535
8966 20 2 0 22 0 0 0
8973 3 3 0 6 0 0 0
8975 9 2 2 9 0.222222222222222 1 0.222222222222222
9044 86 8 2 92 0.0232558139534884 0.25 0.0217391304347826
9080 6 3 2 7 0.333333333333333 0.666666666666667 0.285714285714286
9112 2 10 1 11 0.5 0.1 0.0909090909090909
9264 15 19 5 29 0.333333333333333 0.263157894736842 0.172413793103448
9270 29 7 3 33 0.103448275862069 0.428571428571429 0.0909090909090909
9407 2 3 2 3 1 0.666666666666667 0.666666666666667
9416 12 1 0 13 0 0 0
9595 6 4 3 7 0.5 0.75 0.428571428571429
9600 4 8 3 9 0.75 0.375 0.333333333333333
9612 1 8 0 9 0 0 0
9619 2 2 2 2 1 1 1
9621 2 1 1 2 0.5 1 0.5
9701 3 1 0 4 0 0 0
9821 5 1 1 5 0.2 1 0.2
9844 1 1 0 2 0 0 0
9924 10 1 0 11 0 0 0
