#ASN num_v4adj num_v6adj num_intersect(v4v6adj) num_union(adj) fr_v4(num_intersect/num_v4adj) fr_v6(num_intersect/num_v6adj) fr_intersect(num_intersect/num_union)
10013 2 2 1 3 0.5 0.5 0.333333333333333
10015 8 2 0 10 0 0 0
10021 17 3 2 18 0.117647058823529 0.666666666666667 0.111111111111111
10026 459 35 31 463 0.0675381263616558 0.885714285714286 0.0669546436285097
10030 3 1 1 3 0.333333333333333 1 0.333333333333333
10091 2 1 1 2 0.5 1 0.5
101 32 13 10 35 0.3125 0.769230769230769 0.285714285714286
10105 3 1 0 4 0 0 0
102 3 1 1 3 0.333333333333333 1 0.333333333333333
10204 5 2 1 6 0.2 0.5 0.166666666666667
10217 18 4 4 18 0.222222222222222 1 0.222222222222222
10248 1 1 1 1 1 1 1
10269 2 1 0 3 0 0 0
10297 5 1 1 5 0.2 1 0.2
10310 139 11 9 141 0.0647482014388489 0.818181818181818 0.0638297872340425
10318 6 1 0 7 0 0 0
10326 7 2 1 8 0.142857142857143 0.5 0.125
10343 2 1 1 2 0.5 1 0.5
10405 3 1 0 4 0 0 0
10430 10 1 1 10 0.1 1 0.1
10439 6 1 1 6 0.166666666666667 1 0.166666666666667
10466 28 3 3 28 0.107142857142857 1 0.107142857142857
10490 34 7 6 35 0.176470588235294 0.857142857142857 0.171428571428571
10533 3 3 1 5 0.333333333333333 0.333333333333333 0.2
10546 1 1 1 1 1 1 1
10566 1 1 0 2 0 0 0
10569 1 1 1 1 1 1 1
10578 27 6 6 27 0.222222222222222 1 0.222222222222222
10586 6 2 0 8 0 0 0
10587 4 1 1 4 0.25 1 0.25
10596 1 1 1 1 1 1 1
10745 2 7 0 9 0 0 0
10753 7 1 1 7 0.142857142857143 1 0.142857142857143
10764 13 2 1 14 0.0769230769230769 0.5 0.0714285714285714
10835 25 1 1 25 0.04 1 0.04
10848 31 2 2 31 0.0645161290322581 1 0.0645161290322581
10881 6 1 1 6 0.166666666666667 1 0.166666666666667
10886 41 18 9 50 0.219512195121951 0.5 0.18
109 23 3 0 26 0 0 0
1101 1 1 1 1 1 1 1
1103 207 85 81 211 0.391304347826087 0.952941176470588 0.383886255924171
11051 12 2 2 12 0.166666666666667 1 0.166666666666667
11096 45 2 2 45 0.0444444444444444 1 0.0444444444444444
111 2 2 1 3 0.5 0.5 0.333333333333333
11164 91 12 11 92 0.120879120879121 0.916666666666667 0.119565217391304
11170 1 2 0 3 0 0 0
1120 16 3 2 17 0.125 0.666666666666667 0.117647058823529
1125 3 3 3 3 1 1 1
1126 40 12 6 46 0.15 0.5 0.130434782608696
11260 24 4 4 24 0.166666666666667 1 0.166666666666667
11274 11 4 3 12 0.272727272727273 0.75 0.25
11279 3 1 1 3 0.333333333333333 1 0.333333333333333
11317 7 2 2 7 0.285714285714286 1 0.285714285714286
1132 2 2 2 2 1 1 1
11340 9 1 1 9 0.111111111111111 1 0.111111111111111
11383 23 2 2 23 0.0869565217391304 1 0.0869565217391304
1140 31 11 7 35 0.225806451612903 0.636363636363636 0.2
11404 65 6 6 65 0.0923076923076923 1 0.0923076923076923
11457 7 1 0 8 0 0 0
11508 4 1 1 4 0.25 1 0.25
11522 7 3 2 8 0.285714285714286 0.666666666666667 0.25
11537 135 63 58 140 0.42962962962963 0.920634920634921 0.414285714285714
11556 36 2 1 37 0.0277777777777778 0.5 0.027027027027027
11588 5 1 1 5 0.2 1 0.2
11590 8 2 1 9 0.125 0.5 0.111111111111111
11666 458 13 11 460 0.0240174672489083 0.846153846153846 0.0239130434782609
11686 50 4 4 50 0.08 1 0.08
11694 3 1 1 3 0.333333333333333 1 0.333333333333333
11706 8 2 0 10 0 0 0
11711 1 1 0 2 0 0 0
11734 4 1 0 5 0 0 0
11758 15 1 1 15 0.0666666666666667 1 0.0666666666666667
11796 9 1 1 9 0.111111111111111 1 0.111111111111111
11815 3 1 0 4 0 0 0
11847 6 1 0 7 0 0 0
11960 5 4 4 5 0.8 1 0.8
12 4 1 1 4 0.25 1 0.25
1200 42 17 11 48 0.261904761904762 0.647058823529412 0.229166666666667
12008 37 3 3 37 0.0810810810810811 1 0.0810810810810811
12036 3 2 1 4 0.333333333333333 0.5 0.25
12041 45 19 14 50 0.311111111111111 0.736842105263158 0.28
12046 3 1 1 3 0.333333333333333 1 0.333333333333333
12111 21 1 1 21 0.0476190476190476 1 0.0476190476190476
12129 32 2 2 32 0.0625 1 0.0625
1213 8 4 3 9 0.375 0.75 0.333333333333333
12148 2 1 1 2 0.5 1 0.5
12188 18 3 3 18 0.166666666666667 1 0.166666666666667
1221 146 1 0 147 0 0 0
1224 3 1 1 3 0.333333333333333 1 0.333333333333333
12251 5 1 1 5 0.2 1 0.2
12287 2 1 1 2 0.5 1 0.5
12301 113 16 10 119 0.0884955752212389 0.625 0.0840336134453782
12303 4 2 2 4 0.5 1 0.5
12306 82 19 15 86 0.182926829268293 0.789473684210526 0.174418604651163
12312 56 18 14 60 0.25 0.777777777777778 0.233333333333333
12316 3 1 1 3 0.333333333333333 1 0.333333333333333
12322 63 14 11 66 0.174603174603175 0.785714285714286 0.166666666666667
12329 21 14 8 27 0.380952380952381 0.571428571428571 0.296296296296296
12335 10 1 1 10 0.1 1 0.1
12337 58 22 18 62 0.310344827586207 0.818181818181818 0.290322580645161
12347 9 4 4 9 0.444444444444444 1 0.444444444444444
12348 20 1 1 20 0.05 1 0.05
12350 213 5 5 213 0.0234741784037559 1 0.0234741784037559
12353 2 2 1 3 0.5 0.5 0.333333333333333
12355 37 13 10 40 0.27027027027027 0.769230769230769 0.25
1237 32 4 2 34 0.0625 0.5 0.0588235294117647
12371 2 1 0 3 0 0 0
12374 4 1 1 4 0.25 1 0.25
12381 5 1 1 5 0.2 1 0.2
12386 14 3 3 14 0.214285714285714 1 0.214285714285714
12389 510 15 10 515 0.0196078431372549 0.666666666666667 0.0194174757281553
1239 1380 10 9 1381 0.00652173913043478 0.9 0.00651701665459812
12399 56 1 1 56 0.0178571428571429 1 0.0178571428571429
12401 14 3 2 15 0.142857142857143 0.666666666666667 0.133333333333333
12414 42 19 12 49 0.285714285714286 0.631578947368421 0.244897959183673
12466 3 2 2 3 0.666666666666667 1 0.666666666666667
12470 3 1 1 3 0.333333333333333 1 0.333333333333333
12476 11 1 0 12 0 0 0
1248 43 24 14 53 0.325581395348837 0.583333333333333 0.264150943396226
12496 47 1 0 48 0 0 0
12502 3 2 1 4 0.333333333333333 0.5 0.25
1251 10 3 3 10 0.3 1 0.3
12533 2 1 0 3 0 0 0
12552 84 10 9 85 0.107142857142857 0.9 0.105882352941176
12566 13 4 3 14 0.230769230769231 0.75 0.214285714285714
1257 97 70 32 135 0.329896907216495 0.457142857142857 0.237037037037037
12573 37 19 16 40 0.432432432432432 0.842105263157895 0.4
12579 2 1 1 2 0.5 1 0.5
12586 32 3 3 32 0.09375 1 0.09375
12594 2 2 2 2 1 1 1
12597 4 1 1 4 0.25 1 0.25
12605 19 3 2 20 0.105263157894737 0.666666666666667 0.1
12611 44 22 14 52 0.318181818181818 0.636363636363636 0.269230769230769
12614 3 1 1 3 0.333333333333333 1 0.333333333333333
12617 1 1 0 2 0 0 0
12634 39 19 11 47 0.282051282051282 0.578947368421053 0.234042553191489
12637 68 33 27 74 0.397058823529412 0.818181818181818 0.364864864864865
12638 2 3 0 5 0 0 0
12654 46 20 14 52 0.304347826086957 0.7 0.269230769230769
12657 3 1 1 3 0.333333333333333 1 0.333333333333333
12684 4 2 1 5 0.25 0.5 0.2
12709 4 1 0 5 0 0 0
12714 40 16 10 46 0.25 0.625 0.217391304347826
1273 302 81 55 328 0.182119205298013 0.679012345679012 0.167682926829268
12731 39 19 14 44 0.358974358974359 0.736842105263158 0.318181818181818
12732 19 13 10 22 0.526315789473684 0.769230769230769 0.454545454545455
12759 27 11 9 29 0.333333333333333 0.818181818181818 0.310344827586207
12767 13 4 3 14 0.230769230769231 0.75 0.214285714285714
12769 4 1 1 4 0.25 1 0.25
12778 13 3 1 15 0.0769230769230769 0.333333333333333 0.0666666666666667
12779 95 25 19 101 0.2 0.76 0.188118811881188
12782 2 1 1 2 0.5 1 0.5
1280 40 28 19 49 0.475 0.678571428571429 0.387755102040816
12816 1 1 1 1 1 1 1
12817 2 2 2 2 1 1 1
12822 3 1 1 3 0.333333333333333 1 0.333333333333333
12835 10 4 3 11 0.3 0.75 0.272727272727273
12850 20 5 5 20 0.25 1 0.25
12853 2 3 1 4 0.5 0.333333333333333 0.25
12859 626 247 235 638 0.375399361022364 0.951417004048583 0.36833855799373
12871 42 16 11 47 0.261904761904762 0.6875 0.234042553191489
12874 221 2 2 221 0.00904977375565611 1 0.00904977375565611
12895 9 1 1 9 0.111111111111111 1 0.111111111111111
12902 38 10 7 41 0.184210526315789 0.7 0.170731707317073
12931 4 2 2 4 0.5 1 0.5
12956 121 16 14 123 0.115702479338843 0.875 0.113821138211382
12964 2 1 1 2 0.5 1 0.5
12968 135 16 11 140 0.0814814814814815 0.6875 0.0785714285714286
12969 20 1 0 21 0 0 0
12989 207 36 23 220 0.111111111111111 0.638888888888889 0.104545454545455
1299 568 101 96 573 0.169014084507042 0.95049504950495 0.167539267015707
13000 8 3 3 8 0.375 1 0.375
13030 1120 352 338 1134 0.301785714285714 0.960227272727273 0.298059964726631
13039 4 3 2 5 0.5 0.666666666666667 0.4
13041 8 2 2 8 0.25 1 0.25
13045 4 2 2 4 0.5 1 0.5
13049 11 1 1 11 0.0909090909090909 1 0.0909090909090909
13062 16 2 1 17 0.0625 0.5 0.0588235294117647
13092 4 1 1 4 0.25 1 0.25
131 2 1 1 2 0.5 1 0.5
13105 23 4 3 24 0.130434782608696 0.75 0.125
131075 1 1 1 1 1 1 1
13110 8 2 2 8 0.25 1 0.25
13115 4 2 2 4 0.5 1 0.5
1312 3 1 1 3 0.333333333333333 1 0.333333333333333
13127 49 9 6 52 0.122448979591837 0.666666666666667 0.115384615384615
13132 19 12 8 23 0.421052631578947 0.666666666666667 0.347826086956522
13184 46 18 11 53 0.239130434782609 0.611111111111111 0.207547169811321
13189 31 8 8 31 0.258064516129032 1 0.258064516129032
13193 56 20 15 61 0.267857142857143 0.75 0.245901639344262
13210 2 1 1 2 0.5 1 0.5
13214 10 2 2 10 0.2 1 0.2
13237 491 105 89 507 0.181262729124236 0.847619047619048 0.175542406311637
13238 25 1 1 25 0.04 1 0.04
13243 4 1 1 4 0.25 1 0.25
13272 1 1 1 1 1 1 1
13284 18 9 6 21 0.333333333333333 0.666666666666667 0.285714285714286
13293 21 3 3 21 0.142857142857143 1 0.142857142857143
13319 8 6 4 10 0.5 0.666666666666667 0.4
13448 8 3 3 8 0.375 1 0.375
13536 17 4 4 17 0.235294117647059 1 0.235294117647059
13576 21 1 0 22 0 0 0
13645 14 2 1 15 0.0714285714285714 0.5 0.0666666666666667
13657 8 2 2 8 0.25 1 0.25
13680 56 17 12 61 0.214285714285714 0.705882352941177 0.19672131147541
137 25 10 10 25 0.4 1 0.4
13714 2 1 1 2 0.5 1 0.5
13768 162 5 5 162 0.0308641975308642 1 0.0308641975308642
13810 2 1 1 2 0.5 1 0.5
13855 4 1 0 5 0 0 0
13867 3 2 1 4 0.333333333333333 0.5 0.25
13868 6 1 0 7 0 0 0
13901 2 1 1 2 0.5 1 0.5
13910 5 1 0 6 0 0 0
13911 3 1 0 4 0 0 0
13945 2 1 0 3 0 0 0
14 5 2 2 5 0.4 1 0.4
14026 7 1 0 8 0 0 0
1406 1 1 1 1 1 1 1
14080 13 2 2 13 0.153846153846154 1 0.153846153846154
14085 5 2 2 5 0.4 1 0.4
14103 6 1 0 7 0 0 0
1424 1 1 1 1 1 1 1
14259 36 4 3 37 0.0833333333333333 0.75 0.0810810810810811
1426 1 1 1 1 1 1 1
14262 3 2 2 3 0.666666666666667 1 0.666666666666667
14277 4 5 1 8 0.25 0.2 0.125
14325 11 2 2 11 0.181818181818182 1 0.181818181818182
14383 5 1 1 5 0.2 1 0.2
14492 47 1 1 47 0.0212765957446809 1 0.0212765957446809
14511 1 2 0 3 0 0 0
14589 22 7 6 23 0.272727272727273 0.857142857142857 0.260869565217391
14595 6 2 1 7 0.166666666666667 0.5 0.142857142857143
14609 14 1 1 14 0.0714285714285714 1 0.0714285714285714
14650 1 2 1 2 1 0.5 0.5
14717 97 1 1 97 0.0103092783505155 1 0.0103092783505155
14907 3 2 2 3 0.666666666666667 1 0.666666666666667
15003 7 1 1 7 0.142857142857143 1 0.142857142857143
15022 1 1 1 1 1 1 1
15088 2 1 0 3 0 0 0
15169 115 49 27 137 0.234782608695652 0.551020408163265 0.197080291970803
15189 7 3 2 8 0.285714285714286 0.666666666666667 0.25
15216 2 1 0 3 0 0 0
15226 4 2 0 6 0 0 0
15296 8 1 1 8 0.125 1 0.125
15318 2 1 0 3 0 0 0
15373 2 1 1 2 0.5 1 0.5
15412 230 13 9 234 0.0391304347826087 0.692307692307692 0.0384615384615385
15436 10 3 3 10 0.3 1 0.3
15444 299 21 13 307 0.0434782608695652 0.619047619047619 0.0423452768729642
15451 2 1 0 3 0 0 0
15456 3 2 2 3 0.666666666666667 1 0.666666666666667
15469 11 8 7 12 0.636363636363636 0.875 0.583333333333333
15474 1 1 1 1 1 1 1
15479 12 2 2 12 0.166666666666667 1 0.166666666666667
15498 11 4 4 11 0.363636363636364 1 0.363636363636364
15518 2 1 1 2 0.5 1 0.5
15525 16 1 0 17 0 0 0
15533 36 5 4 37 0.111111111111111 0.8 0.108108108108108
15557 134 2 2 134 0.0149253731343284 1 0.0149253731343284
15576 32 5 4 33 0.125 0.8 0.121212121212121
15589 38 7 4 41 0.105263157894737 0.571428571428571 0.0975609756097561
15598 125 30 22 133 0.176 0.733333333333333 0.165413533834586
15600 45 11 10 46 0.222222222222222 0.909090909090909 0.217391304347826
15606 22 14 6 30 0.272727272727273 0.428571428571429 0.2
15623 37 7 6 38 0.162162162162162 0.857142857142857 0.157894736842105
15653 3 1 1 3 0.333333333333333 1 0.333333333333333
15657 2 1 1 2 0.5 1 0.5
15685 34 18 14 38 0.411764705882353 0.777777777777778 0.368421052631579
15694 95 2 2 95 0.0210526315789474 1 0.0210526315789474
15696 3 1 0 4 0 0 0
15703 79 1 1 79 0.0126582278481013 1 0.0126582278481013
15716 5 2 2 5 0.4 1 0.4
15725 4 4 3 5 0.75 0.75 0.6
15726 2 1 1 2 0.5 1 0.5
15744 13 1 1 13 0.0769230769230769 1 0.0769230769230769
15756 22 1 1 22 0.0454545454545455 1 0.0454545454545455
15772 56 1 1 56 0.0178571428571429 1 0.0178571428571429
15782 13 3 3 13 0.230769230769231 1 0.230769230769231
15798 2 1 0 3 0 0 0
15805 20 6 4 22 0.2 0.666666666666667 0.181818181818182
15825 1 1 0 2 0 0 0
15826 3 2 2 3 0.666666666666667 1 0.666666666666667
15830 112 1 0 113 0 0 0
15835 33 6 6 33 0.181818181818182 1 0.181818181818182
15879 41 21 15 47 0.365853658536585 0.714285714285714 0.319148936170213
15894 2 1 1 2 0.5 1 0.5
159 2 1 1 2 0.5 1 0.5
15919 7 1 1 7 0.142857142857143 1 0.142857142857143
15965 4 1 1 4 0.25 1 0.25
16004 13 6 5 14 0.384615384615385 0.833333333333333 0.357142857142857
16016 23 5 5 23 0.217391304347826 1 0.217391304347826
16030 8 12 1 19 0.125 0.0833333333333333 0.0526315789473684
16073 7 2 2 7 0.285714285714286 1 0.285714285714286
16080 18 1 1 18 0.0555555555555556 1 0.0555555555555556
16082 32 1 1 32 0.03125 1 0.03125
16086 27 28 12 43 0.444444444444444 0.428571428571429 0.27906976744186
16097 49 17 12 54 0.244897959183673 0.705882352941177 0.222222222222222
16117 2 1 1 2 0.5 1 0.5
16128 17 4 3 18 0.176470588235294 0.75 0.166666666666667
16131 34 20 11 43 0.323529411764706 0.55 0.255813953488372
16150 270 16 14 272 0.0518518518518519 0.875 0.0514705882352941
16171 4 1 0 5 0 0 0
16178 8 1 0 9 0 0 0
16186 5 3 2 6 0.4 0.666666666666667 0.333333333333333
16206 16 2 0 18 0 0 0
16210 8 3 3 8 0.375 1 0.375
16215 19 7 7 19 0.368421052631579 1 0.368421052631579
16237 33 9 7 35 0.212121212121212 0.777777777777778 0.2
16242 9 1 1 9 0.111111111111111 1 0.111111111111111
16243 46 21 14 53 0.304347826086957 0.666666666666667 0.264150943396226
16245 20 6 4 22 0.2 0.666666666666667 0.181818181818182
16246 7 1 1 7 0.142857142857143 1 0.142857142857143
16265 74 26 21 79 0.283783783783784 0.807692307692308 0.265822784810127
16276 72 17 10 79 0.138888888888889 0.588235294117647 0.126582278481013
16316 5 2 2 5 0.4 1 0.4
16326 1 2 1 2 1 0.5 0.5
16347 9 3 3 9 0.333333333333333 1 0.333333333333333
16397 30 4 2 32 0.0666666666666667 0.5 0.0625
1653 30 6 5 31 0.166666666666667 0.833333333333333 0.161290322580645
16531 4 2 1 5 0.25 0.5 0.2
1659 10 3 2 11 0.2 0.666666666666667 0.181818181818182
16668 7 4 2 9 0.285714285714286 0.5 0.222222222222222
16724 4 2 2 4 0.5 1 0.5
16735 91 27 18 100 0.197802197802198 0.666666666666667 0.18
16807 3 2 0 5 0 0 0
16838 10 1 0 11 0 0 0
16866 2 3 2 3 1 0.666666666666667 0.666666666666667
16876 2 3 2 3 1 0.666666666666667 0.666666666666667
16942 5 1 1 5 0.2 1 0.2
17048 3 1 1 3 0.333333333333333 1 0.333333333333333
17054 61 1 1 61 0.0163934426229508 1 0.0163934426229508
17055 1 1 1 1 1 1 1
1706 5 1 1 5 0.2 1 0.2
17061 2 1 0 3 0 0 0
17204 2 1 0 3 0 0 0
1734 1 2 1 2 1 0.5 0.5
174 2625 71 70 2626 0.0266666666666667 0.985915492957746 0.0266565118050267
1741 10 5 4 11 0.4 0.8 0.363636363636364
17412 3 1 0 4 0 0 0
17435 1 1 1 1 1 1 1
17439 5 1 0 6 0 0 0
17451 71 4 3 72 0.0422535211267606 0.75 0.0416666666666667
17464 2 1 1 2 0.5 1 0.5
17498 4 3 2 5 0.5 0.666666666666667 0.4
17511 14 2 2 14 0.142857142857143 1 0.142857142857143
17529 7 3 2 8 0.285714285714286 0.666666666666667 0.25
17554 9 3 2 10 0.222222222222222 0.666666666666667 0.2
17557 56 9 5 60 0.0892857142857143 0.555555555555556 0.0833333333333333
17579 14 8 6 16 0.428571428571429 0.75 0.375
1759 33 4 3 34 0.0909090909090909 0.75 0.0882352941176471
1764 70 20 15 75 0.214285714285714 0.75 0.2
17645 7 1 1 7 0.142857142857143 1 0.142857142857143
17660 29 8 6 31 0.206896551724138 0.75 0.193548387096774
17671 4 1 1 4 0.25 1 0.25
17673 3 2 2 3 0.666666666666667 1 0.666666666666667
17676 41 1 1 41 0.024390243902439 1 0.024390243902439
17705 4 1 1 4 0.25 1 0.25
17707 8 1 0 9 0 0 0
17709 15 1 0 16 0 0 0
17721 3 2 2 3 0.666666666666667 1 0.666666666666667
17727 7 1 1 7 0.142857142857143 1 0.142857142857143
17741 3 1 1 3 0.333333333333333 1 0.333333333333333
17746 19 1 1 19 0.0526315789473684 1 0.0526315789473684
17819 88 4 3 89 0.0340909090909091 0.75 0.0337078651685393
17885 1 1 0 2 0 0 0
17886 1 1 1 1 1 1 1
17888 21 2 2 21 0.0952380952380952 1 0.0952380952380952
17893 2 1 0 3 0 0 0
17920 8 1 1 8 0.125 1 0.125
17934 3 3 3 3 1 1 1
17940 3 1 1 3 0.333333333333333 1 0.333333333333333
17955 4 4 2 6 0.5 0.5 0.333333333333333
1797 3 4 3 4 1 0.75 0.75
17977 2 1 1 2 0.5 1 0.5
1798 3 4 0 7 0 0 0
17990 5 1 1 5 0.2 1 0.2
18001 9 2 0 11 0 0 0
18007 2 2 2 2 1 1 1
18011 1 1 0 2 0 0 0
18070 2 2 1 3 0.5 0.5 0.333333333333333
18097 3 1 0 4 0 0 0
18119 3 2 2 3 0.666666666666667 1 0.666666666666667
18126 3 1 1 3 0.333333333333333 1 0.333333333333333
18146 2 3 0 5 0 0 0
18149 4 4 3 5 0.75 0.75 0.6
18182 2 1 0 3 0 0 0
18185 5 3 2 6 0.4 0.666666666666667 0.333333333333333
18203 2 3 2 3 1 0.666666666666667 0.666666666666667
18206 2 1 1 2 0.5 1 0.5
18218 2 1 1 2 0.5 1 0.5
18259 2 2 1 3 0.5 0.5 0.333333333333333
18266 4 1 1 4 0.25 1 0.25
18344 1 2 0 3 0 0 0
1835 7 1 1 7 0.142857142857143 1 0.142857142857143
1836 60 1 1 60 0.0166666666666667 1 0.0166666666666667
18366 2 3 0 5 0 0 0
18369 1 1 0 2 0 0 0
1837 2 2 2 2 1 1 1
18398 54 2 1 55 0.0185185185185185 0.5 0.0181818181818182
18407 1 1 1 1 1 1 1
18422 5 1 1 5 0.2 1 0.2
18450 6 1 1 6 0.166666666666667 1 0.166666666666667
1850 2 1 1 2 0.5 1 0.5
18508 5 5 2 8 0.4 0.4 0.25
1853 124 38 37 125 0.298387096774194 0.973684210526316 0.296
18547 3 1 1 3 0.333333333333333 1 0.333333333333333
18592 22 11 8 25 0.363636363636364 0.727272727272727 0.32
18666 1 1 1 1 1 1 1
18750 2 1 1 2 0.5 1 0.5
18779 12 3 3 12 0.25 1 0.25
18786 2 1 0 3 0 0 0
1880 18 7 4 21 0.222222222222222 0.571428571428571 0.19047619047619
1881 2 1 1 2 0.5 1 0.5
19021 3 2 1 4 0.333333333333333 0.5 0.25
19073 2 1 0 3 0 0 0
19080 105 3 3 105 0.0285714285714286 1 0.0285714285714286
19089 95 2 2 95 0.0210526315789474 1 0.0210526315789474
19151 780 237 206 811 0.264102564102564 0.869198312236287 0.254007398273736
1916 149 7 6 150 0.0402684563758389 0.857142857142857 0.04
19192 2 1 1 2 0.5 1 0.5
19255 4 5 1 8 0.25 0.2 0.125
1930 6 1 1 6 0.166666666666667 1 0.166666666666667
19384 8 1 0 9 0 0 0
19401 53 13 13 53 0.245283018867925 1 0.245283018867925
19429 25 1 0 26 0 0 0
195 8 2 1 9 0.125 0.5 0.111111111111111
19506 4 1 1 4 0.25 1 0.25
19517 1 1 0 2 0 0 0
1955 12 3 3 12 0.25 1 0.25
19557 5 2 1 6 0.2 0.5 0.166666666666667
19624 4 1 1 4 0.25 1 0.25
196613 2 2 2 2 1 1 1
196621 5 3 3 5 0.6 1 0.6
196878 6 2 2 6 0.333333333333333 1 0.333333333333333
19740 16 3 3 16 0.1875 1 0.1875
19750 3 1 1 3 0.333333333333333 1 0.333333333333333
19782 22 1 1 22 0.0454545454545455 1 0.0454545454545455
19783 2 1 0 3 0 0 0
19855 51 2 1 52 0.0196078431372549 0.5 0.0192307692307692
19866 2 1 1 2 0.5 1 0.5
19872 1 1 1 1 1 1 1
1998 5 1 1 5 0.2 1 0.2
20080 19 3 3 19 0.157894736842105 1 0.157894736842105
20130 2 1 1 2 0.5 1 0.5
20144 45 11 9 47 0.2 0.818181818181818 0.191489361702128
2018 4 1 1 4 0.25 1 0.25
20205 3 1 0 4 0 0 0
20225 11 2 1 12 0.0909090909090909 0.5 0.0833333333333333
20308 1 1 1 1 1 1 1
20312 9 6 5 10 0.555555555555556 0.833333333333333 0.5
20341 1 1 0 2 0 0 0
20381 2 2 1 3 0.5 0.5 0.333333333333333
2042 15 5 4 16 0.266666666666667 0.8 0.25
20436 2 1 0 3 0 0 0
2044 16 2 2 16 0.125 1 0.125
20473 23 4 3 24 0.130434782608696 0.75 0.125
20495 49 13 9 53 0.183673469387755 0.692307692307692 0.169811320754717
20507 38 10 8 40 0.210526315789474 0.8 0.2
20535 7 1 1 7 0.142857142857143 1 0.142857142857143
20547 44 8 6 46 0.136363636363636 0.75 0.130434782608696
2055 2 1 1 2 0.5 1 0.5
20552 9 1 0 10 0 0 0
20555 5 3 3 5 0.6 1 0.6
20562 351 11 11 351 0.0313390313390313 1 0.0313390313390313
20569 11 5 5 11 0.454545454545455 1 0.454545454545455
20570 3 1 1 3 0.333333333333333 1 0.333333333333333
20597 2 1 1 2 0.5 1 0.5
20608 3 2 0 5 0 0 0
20612 5 2 1 6 0.2 0.5 0.166666666666667
20621 6 6 4 8 0.666666666666667 0.666666666666667 0.5
20626 1 1 1 1 1 1 1
20633 20 14 8 26 0.4 0.571428571428571 0.307692307692308
20634 37 1 1 37 0.027027027027027 1 0.027027027027027
20640 205 105 74 236 0.360975609756098 0.704761904761905 0.313559322033898
20650 5 1 1 5 0.2 1 0.2
20676 100 1 1 100 0.01 1 0.01
20704 24 5 5 24 0.208333333333333 1 0.208333333333333
20707 2 2 2 2 1 1 1
20712 24 7 5 26 0.208333333333333 0.714285714285714 0.192307692307692
20718 29 14 2 41 0.0689655172413793 0.142857142857143 0.0487804878048781
20766 7 1 1 7 0.142857142857143 1 0.142857142857143
20773 27 17 13 31 0.481481481481481 0.764705882352941 0.419354838709677
20783 6 3 1 8 0.166666666666667 0.333333333333333 0.125
20836 16 1 0 17 0 0 0
20845 3 2 2 3 0.666666666666667 1 0.666666666666667
20847 30 24 11 43 0.366666666666667 0.458333333333333 0.255813953488372
20857 27 3 2 28 0.0740740740740741 0.666666666666667 0.0714285714285714
209 1455 28 26 1457 0.0178694158075601 0.928571428571429 0.0178448867536033
20904 2 1 1 2 0.5 1 0.5
20912 11 5 4 12 0.363636363636364 0.8 0.333333333333333
20932 298 17 12 303 0.0402684563758389 0.705882352941177 0.0396039603960396
20940 118 3 2 119 0.0169491525423729 0.666666666666667 0.0168067226890756
20953 29 9 7 31 0.241379310344828 0.777777777777778 0.225806451612903
20965 54 42 42 54 0.777777777777778 1 0.777777777777778
20968 1 1 1 1 1 1 1
210 13 3 3 13 0.230769230769231 1 0.230769230769231
21011 118 20 14 124 0.11864406779661 0.7 0.112903225806452
21013 38 17 11 44 0.289473684210526 0.647058823529412 0.25
21017 1 1 1 1 1 1 1
21055 41 9 7 43 0.170731707317073 0.777777777777778 0.162790697674419
2107 1 2 1 2 1 0.5 0.5
2108 1 1 1 1 1 1 1
2110 47 3 2 48 0.0425531914893617 0.666666666666667 0.0416666666666667
21107 2 1 0 3 0 0 0
21142 7 2 2 7 0.285714285714286 1 0.285714285714286
21155 37 16 12 41 0.324324324324324 0.75 0.292682926829268
21159 3 2 2 3 0.666666666666667 1 0.666666666666667
2116 32 7 7 32 0.21875 1 0.21875
21174 3 1 0 4 0 0 0
2119 453 1 1 453 0.0022075055187638 1 0.0022075055187638
21195 22 4 4 22 0.181818181818182 1 0.181818181818182
21213 13 5 5 13 0.384615384615385 1 0.384615384615385
21219 229 12 7 234 0.0305676855895196 0.583333333333333 0.0299145299145299
21221 30 15 10 35 0.333333333333333 0.666666666666667 0.285714285714286
21263 33 17 12 38 0.363636363636364 0.705882352941177 0.315789473684211
2128 4 1 1 4 0.25 1 0.25
21320 6 1 1 6 0.166666666666667 1 0.166666666666667
21371 47 17 12 52 0.25531914893617 0.705882352941177 0.230769230769231
21385 120 27 18 129 0.15 0.666666666666667 0.13953488372093
21392 34 12 8 38 0.235294117647059 0.666666666666667 0.210526315789474
21396 34 12 9 37 0.264705882352941 0.75 0.243243243243243
21399 2 2 0 4 0 0 0
21409 35 1 0 36 0 0 0
21414 67 13 8 72 0.119402985074627 0.615384615384615 0.111111111111111
21497 12 1 1 12 0.0833333333333333 1 0.0833333333333333
21499 3 1 1 3 0.333333333333333 1 0.333333333333333
21513 15 3 3 15 0.2 1 0.2
2152 92 5 5 92 0.0543478260869565 1 0.0543478260869565
21527 7 1 1 7 0.142857142857143 1 0.142857142857143
2153 43 18 17 44 0.395348837209302 0.944444444444444 0.386363636363636
21548 25 1 1 25 0.04 1 0.04
21719 5 1 0 6 0 0 0
21737 10 1 0 11 0 0 0
21788 14 5 5 14 0.357142857142857 1 0.357142857142857
21816 2 1 1 2 0.5 1 0.5
21844 25 4 4 25 0.16 1 0.16
21856 1 1 1 1 1 1 1
21911 8 2 2 8 0.25 1 0.25
21928 4 3 1 6 0.25 0.333333333333333 0.166666666666667
21947 29 3 3 29 0.103448275862069 1 0.103448275862069
21968 2 1 0 3 0 0 0
21976 19 2 2 19 0.105263157894737 1 0.105263157894737
2200 52 5 4 53 0.0769230769230769 0.8 0.0754716981132075
22047 2 1 1 2 0.5 1 0.5
22070 4 1 0 5 0 0 0
22095 4 1 1 4 0.25 1 0.25
22192 3 1 1 3 0.333333333333333 1 0.333333333333333
22212 228 13 9 232 0.0394736842105263 0.692307692307692 0.0387931034482759
22284 8 1 0 9 0 0 0
22298 18 3 3 18 0.166666666666667 1 0.166666666666667
22302 8 2 2 8 0.25 1 0.25
22335 23 4 4 23 0.173913043478261 1 0.173913043478261
22351 37 2 2 37 0.0540540540540541 1 0.0540540540540541
22356 44 1 1 44 0.0227272727272727 1 0.0227272727272727
22388 9 8 8 9 0.888888888888889 1 0.888888888888889
224 6 2 2 6 0.333333333333333 1 0.333333333333333
22404 2 1 0 3 0 0 0
22431 9 2 0 11 0 0 0
22438 3 2 1 4 0.333333333333333 0.5 0.25
22439 3 1 1 3 0.333333333333333 1 0.333333333333333
225 2 1 1 2 0.5 1 0.5
22548 85 6 6 85 0.0705882352941176 1 0.0705882352941176
22577 11 3 3 11 0.272727272727273 1 0.272727272727273
22581 2 1 1 2 0.5 1 0.5
226 32 6 5 33 0.15625 0.833333333333333 0.151515151515152
22645 9 1 1 9 0.111111111111111 1 0.111111111111111
22652 10 1 1 10 0.1 1 0.1
22734 2 1 0 3 0 0 0
22742 9 1 1 9 0.111111111111111 1 0.111111111111111
22767 1 1 1 1 1 1 1
22773 285 1 1 285 0.00350877192982456 1 0.00350877192982456
22822 714 10 10 714 0.0140056022408964 1 0.0140056022408964
22829 21 3 3 21 0.142857142857143 1 0.142857142857143
22911 11 2 1 12 0.0909090909090909 0.5 0.0833333333333333
22937 2 1 0 3 0 0 0
22958 6 2 2 6 0.333333333333333 1 0.333333333333333
23007 3 1 1 3 0.333333333333333 1 0.333333333333333
23028 5 2 1 6 0.2 0.5 0.166666666666667
23033 8 1 1 8 0.125 1 0.125
23127 2 1 0 3 0 0 0
23148 350 2 2 350 0.00571428571428571 1 0.00571428571428571
23171 10 1 1 10 0.1 1 0.1
23308 15 4 4 15 0.266666666666667 1 0.266666666666667
23316 2 1 1 2 0.5 1 0.5
23342 52 9 7 54 0.134615384615385 0.777777777777778 0.12962962962963
23352 38 3 2 39 0.0526315789473684 0.666666666666667 0.0512820512820513
23393 57 11 8 60 0.140350877192982 0.727272727272727 0.133333333333333
23431 2 1 0 3 0 0 0
23456 234 14 9 239 0.0384615384615385 0.642857142857143 0.0376569037656904
23504 26 7 3 30 0.115384615384615 0.428571428571429 0.1
23518 4 2 1 5 0.25 0.5 0.2
23541 10 1 0 11 0 0 0
23577 7 1 0 8 0 0 0
23596 3 2 2 3 0.666666666666667 1 0.666666666666667
236 1 1 1 1 1 1 1
23600 3 2 2 3 0.666666666666667 1 0.666666666666667
23624 2 2 2 2 1 1 1
23634 5 4 4 5 0.8 1 0.8
23637 3 1 0 4 0 0 0
23655 22 2 2 22 0.0909090909090909 1 0.0909090909090909
23661 3 2 1 4 0.333333333333333 0.5 0.25
237 35 4 4 35 0.114285714285714 1 0.114285714285714
23754 4 1 0 5 0 0 0
23774 4 3 2 5 0.5 0.666666666666667 0.4
2381 26 5 5 26 0.192307692307692 1 0.192307692307692
23836 1 1 1 1 1 1 1
23838 3 1 0 4 0 0 0
23862 1 1 1 1 1 1 1
23869 3 1 0 4 0 0 0
23889 3 1 1 3 0.333333333333333 1 0.333333333333333
23899 2 4 1 5 0.5 0.25 0.2
23902 3 2 1 4 0.333333333333333 0.5 0.25
23905 3 1 0 4 0 0 0
23910 3 4 1 6 0.333333333333333 0.25 0.166666666666667
23911 8 17 4 21 0.5 0.235294117647059 0.19047619047619
23912 1 1 0 2 0 0 0
23930 32 4 3 33 0.09375 0.75 0.0909090909090909
23936 3 1 1 3 0.333333333333333 1 0.333333333333333
23947 34 1 1 34 0.0294117647058824 1 0.0294117647058824
23966 7 1 0 8 0 0 0
24 10 7 4 13 0.4 0.571428571428571 0.307692307692308
24005 3 1 1 3 0.333333333333333 1 0.333333333333333
24006 1 1 1 1 1 1 1
24047 4 2 2 4 0.5 1 0.5
24129 4 2 1 5 0.25 0.5 0.2
24130 29 4 3 30 0.103448275862069 0.75 0.1
24151 13 3 1 15 0.0769230769230769 0.333333333333333 0.0666666666666667
24175 3 2 2 3 0.666666666666667 1 0.666666666666667
24203 29 1 1 29 0.0344827586206897 1 0.0344827586206897
24211 1 1 0 2 0 0 0
24212 4 1 0 5 0 0 0
24218 23 10 8 25 0.347826086956522 0.8 0.32
24220 4 1 1 4 0.25 1 0.25
24226 2 2 0 4 0 0 0
24229 5 1 1 5 0.2 1 0.2
24238 9 2 1 10 0.111111111111111 0.5 0.1
24287 4 3 3 4 0.75 1 0.75
24299 1 2 0 3 0 0 0
24311 1 1 0 2 0 0 0
24321 3 1 1 3 0.333333333333333 1 0.333333333333333
24334 2 1 1 2 0.5 1 0.5
24390 2 1 1 2 0.5 1 0.5
24424 2 1 0 3 0 0 0
24437 1 1 1 1 1 1 1
24475 4 4 4 4 1 1 1
24489 11 11 11 11 1 1 1
24490 10 9 9 10 0.9 1 0.9
24514 6 2 2 6 0.333333333333333 1 0.333333333333333
24530 4 1 0 5 0 0 0
24541 3 3 0 6 0 0 0
24555 1 1 1 1 1 1 1
24557 4 3 3 4 0.75 1 0.75
24586 29 13 8 34 0.275862068965517 0.615384615384615 0.235294117647059
24594 27 7 4 30 0.148148148148148 0.571428571428571 0.133333333333333
24629 2 1 1 2 0.5 1 0.5
24638 20 2 2 20 0.1 1 0.1
24642 32 10 7 35 0.21875 0.7 0.2
24679 25 14 10 29 0.4 0.714285714285714 0.344827586206897
24724 137 32 24 145 0.175182481751825 0.75 0.16551724137931
24730 48 1 1 48 0.0208333333333333 1 0.0208333333333333
24739 50 18 9 59 0.18 0.5 0.152542372881356
24776 5 1 0 6 0 0 0
24785 117 18 12 123 0.102564102564103 0.666666666666667 0.0975609756097561
24796 6 2 1 7 0.166666666666667 0.5 0.142857142857143
2484 3 1 1 3 0.333333333333333 1 0.333333333333333
24863 21 3 3 21 0.142857142857143 1 0.142857142857143
24875 39 19 10 48 0.256410256410256 0.526315789473684 0.208333333333333
24889 11 4 4 11 0.363636363636364 1 0.363636363636364
24900 1 1 1 1 1 1 1
24940 27 15 9 33 0.333333333333333 0.6 0.272727272727273
2495 12 1 1 12 0.0833333333333333 1 0.0833333333333333
24953 22 2 2 22 0.0909090909090909 1 0.0909090909090909
24963 51 14 11 54 0.215686274509804 0.785714285714286 0.203703703703704
2497 253 78 64 267 0.25296442687747 0.82051282051282 0.239700374531835
24971 20 6 5 21 0.25 0.833333333333333 0.238095238095238
24973 3 3 1 5 0.333333333333333 0.333333333333333 0.2
2499 1 2 1 2 1 0.5 0.5
25 2 1 1 2 0.5 1 0.5
2500 31 38 17 52 0.548387096774194 0.447368421052632 0.326923076923077
25058 2 1 1 2 0.5 1 0.5
2506 2 1 1 2 0.5 1 0.5
25061 37 5 5 37 0.135135135135135 1 0.135135135135135
25072 1 1 1 1 1 1 1
25074 83 25 18 90 0.216867469879518 0.72 0.2
25091 39 1 1 39 0.0256410256410256 1 0.0256410256410256
25098 15 2 2 15 0.133333333333333 1 0.133333333333333
2510 16 3 2 17 0.125 0.666666666666667 0.117647058823529
25137 19 5 4 20 0.210526315789474 0.8 0.2
2514 19 2 2 19 0.105263157894737 1 0.105263157894737
25148 6 1 1 6 0.166666666666667 1 0.166666666666667
2515 5 2 2 5 0.4 1 0.4
25151 18 1 0 19 0 0 0
25152 62 15 11 66 0.17741935483871 0.733333333333333 0.166666666666667
2516 322 46 43 325 0.133540372670807 0.934782608695652 0.132307692307692
25164 2 1 1 2 0.5 1 0.5
2518 11 5 4 12 0.363636363636364 0.8 0.333333333333333
25182 30 7 5 32 0.166666666666667 0.714285714285714 0.15625
2519 30 6 5 31 0.166666666666667 0.833333333333333 0.161290322580645
25192 26 17 12 31 0.461538461538462 0.705882352941177 0.387096774193548
2521 1 1 1 1 1 1 1
25234 3 3 1 5 0.333333333333333 0.333333333333333 0.2
2527 12 6 4 14 0.333333333333333 0.666666666666667 0.285714285714286
25279 28 14 11 31 0.392857142857143 0.785714285714286 0.354838709677419
25286 28 13 9 32 0.321428571428571 0.692307692307692 0.28125
25295 3 1 1 3 0.333333333333333 1 0.333333333333333
25358 15 10 5 20 0.333333333333333 0.5 0.25
25372 5 1 1 5 0.2 1 0.2
25384 9 2 1 10 0.111111111111111 0.5 0.1
25409 2 1 1 2 0.5 1 0.5
25415 5 2 2 5 0.4 1 0.4
25432 2 1 1 2 0.5 1 0.5
25441 14 3 3 14 0.214285714285714 1 0.214285714285714
25459 32 8 7 33 0.21875 0.875 0.212121212121212
25466 28 12 9 31 0.321428571428571 0.75 0.290322580645161
25473 6 3 3 6 0.5 1 0.5
25486 4 2 2 4 0.5 1 0.5
25489 9 2 2 9 0.222222222222222 1 0.222222222222222
2549 2 2 1 3 0.5 0.5 0.333333333333333
25512 22 4 4 22 0.181818181818182 1 0.181818181818182
25525 58 18 15 61 0.258620689655172 0.833333333333333 0.245901639344262
25532 5 1 1 5 0.2 1 0.2
25538 2 2 0 4 0 0 0
25560 32 123 21 134 0.65625 0.170731707317073 0.156716417910448
25563 4 1 1 4 0.25 1 0.25
25577 87 5 4 88 0.0459770114942529 0.8 0.0454545454545455
25588 23 1 0 24 0 0 0
25596 43 10 7 46 0.162790697674419 0.7 0.152173913043478
2561 3 2 2 3 0.666666666666667 1 0.666666666666667
25649 2 1 1 2 0.5 1 0.5
25689 12 2 1 13 0.0833333333333333 0.5 0.0769230769230769
2576 2 1 1 2 0.5 1 0.5
25795 10 3 3 10 0.3 1 0.3
25818 21 5 3 23 0.142857142857143 0.6 0.130434782608696
25829 2 1 1 2 0.5 1 0.5
2586 13 1 1 13 0.0769230769230769 1 0.0769230769230769
2588 29 2 2 29 0.0689655172413793 1 0.0689655172413793
25885 7 1 1 7 0.142857142857143 1 0.142857142857143
25899 26 1 1 26 0.0384615384615385 1 0.0384615384615385
2594 5 1 0 6 0 0 0
2595 3 1 0 4 0 0 0
2597 3 3 3 3 1 1 1
26 5 1 1 5 0.2 1 0.2
2602 4 3 3 4 0.75 1 0.75
2603 120 31 24 127 0.2 0.774193548387097 0.188976377952756
26046 1 1 1 1 1 1 1
2607 45 8 8 45 0.177777777777778 1 0.177777777777778
2609 3 1 0 4 0 0 0
26090 2 1 0 3 0 0 0
2611 54 15 12 57 0.222222222222222 0.8 0.210526315789474
2614 18 1 1 18 0.0555555555555556 1 0.0555555555555556
262684 1 1 1 1 1 1 1
262713 2 1 1 2 0.5 1 0.5
26299 9 3 3 9 0.333333333333333 1 0.333333333333333
26347 10 3 3 10 0.3 1 0.3
2637 5 1 1 5 0.2 1 0.2
26415 56 9 2 63 0.0357142857142857 0.222222222222222 0.0317460317460317
26462 2 2 1 3 0.5 0.5 0.333333333333333
26496 8 2 2 8 0.25 1 0.25
26592 25 3 1 27 0.04 0.333333333333333 0.037037037037037
26599 2 1 1 2 0.5 1 0.5
26610 2 1 1 2 0.5 1 0.5
26622 10 1 0 11 0 0 0
26677 43 1 1 43 0.0232558139534884 1 0.0232558139534884
26711 3 3 2 4 0.666666666666667 0.666666666666667 0.5
26773 14 3 3 14 0.214285714285714 1 0.214285714285714
26785 3 2 1 4 0.333333333333333 0.5 0.25
26788 18 1 1 18 0.0555555555555556 1 0.0555555555555556
26888 2 2 2 2 1 1 1
26935 12 2 2 12 0.166666666666667 1 0.166666666666667
26949 1 1 0 2 0 0 0
2697 6 2 1 7 0.166666666666667 0.5 0.142857142857143
26978 13 3 1 15 0.0769230769230769 0.333333333333333 0.0666666666666667
2698 6 3 3 6 0.5 1 0.5
27 2 1 1 2 0.5 1 0.5
271 15 1 1 15 0.0666666666666667 1 0.0666666666666667
2714 1 1 1 1 1 1 1
2716 5 1 1 5 0.2 1 0.2
2721 2 1 1 2 0.5 1 0.5
27319 78 27 24 81 0.307692307692308 0.888888888888889 0.296296296296296
27321 3 3 2 4 0.666666666666667 0.666666666666667 0.5
27325 8 3 1 10 0.125 0.333333333333333 0.1
27400 3 1 1 3 0.333333333333333 1 0.333333333333333
27446 4 1 0 5 0 0 0
27524 57 5 4 58 0.0701754385964912 0.8 0.0689655172413793
27552 10 1 1 10 0.1 1 0.1
27589 9 1 1 9 0.111111111111111 1 0.111111111111111
27630 3 1 1 3 0.333333333333333 1 0.333333333333333
27664 88 5 5 88 0.0568181818181818 1 0.0568181818181818
27678 9 2 2 9 0.222222222222222 1 0.222222222222222
27686 2 1 1 2 0.5 1 0.5
27693 3 1 1 3 0.333333333333333 1 0.333333333333333
27725 1 1 1 1 1 1 1
27750 19 13 12 20 0.631578947368421 0.923076923076923 0.6
27767 3 1 0 4 0 0 0
27770 1 1 0 2 0 0 0
27781 5 1 0 6 0 0 0
278 9 6 1 14 0.111111111111111 0.166666666666667 0.0714285714285714
27807 14 4 4 14 0.285714285714286 1 0.285714285714286
27814 5 1 0 6 0 0 0
27817 4 2 2 4 0.5 1 0.5
27820 3 1 0 4 0 0 0
27841 3 1 1 3 0.333333333333333 1 0.333333333333333
27859 2 1 1 2 0.5 1 0.5
27893 3 2 1 4 0.333333333333333 0.5 0.25
27912 2 1 0 3 0 0 0
27929 6 2 2 6 0.333333333333333 1 0.333333333333333
27933 2 1 1 2 0.5 1 0.5
27970 1 1 1 1 1 1 1
27986 12 2 2 12 0.166666666666667 1 0.166666666666667
28000 1 1 1 1 1 1 1
28001 5 1 1 5 0.2 1 0.2
28138 6 1 1 6 0.166666666666667 1 0.166666666666667
28142 1 1 0 2 0 0 0
2819 32 3 2 33 0.0625 0.666666666666667 0.0606060606060606
28220 75 1 1 75 0.0133333333333333 1 0.0133333333333333
28262 2 1 1 2 0.5 1 0.5
2828 861 16 15 862 0.0174216027874564 0.9375 0.0174013921113689
28296 3 1 1 3 0.333333333333333 1 0.333333333333333
28299 7 1 0 8 0 0 0
28360 5 1 1 5 0.2 1 0.2
28362 1 1 1 1 1 1 1
2847 4 3 3 4 0.75 1 0.75
2848 15 3 1 17 0.0666666666666667 0.333333333333333 0.0588235294117647
28497 5 2 2 5 0.4 1 0.4
28499 3 2 1 4 0.333333333333333 0.5 0.25
28511 4 2 1 5 0.25 0.5 0.2
2852 96 32 25 103 0.260416666666667 0.78125 0.242718446601942
2857 33 36 13 56 0.393939393939394 0.361111111111111 0.232142857142857
28571 6 2 1 7 0.166666666666667 0.5 0.142857142857143
286 351 179 85 445 0.242165242165242 0.474860335195531 0.191011235955056
28606 1 1 0 2 0 0 0
28618 5 2 0 7 0 0 0
28677 2 1 1 2 0.5 1 0.5
28678 2 1 1 2 0.5 1 0.5
28697 5 1 0 6 0 0 0
28716 51 1 1 51 0.0196078431372549 1 0.0196078431372549
28717 29 5 3 31 0.103448275862069 0.6 0.0967741935483871
28725 1 3 1 3 1 0.333333333333333 0.333333333333333
28747 2 2 2 2 1 1 1
28753 33 16 10 39 0.303030303030303 0.625 0.256410256410256
28762 9 2 1 10 0.111111111111111 0.5 0.1
28788 39 13 11 41 0.282051282051282 0.846153846153846 0.268292682926829
28792 8 1 1 8 0.125 1 0.125
28809 110 3 2 111 0.0181818181818182 0.666666666666667 0.018018018018018
28824 2 1 0 3 0 0 0
2884 5 2 2 5 0.4 1 0.4
28847 1 1 1 1 1 1 1
28855 10 5 5 10 0.5 1 0.5
28857 8 4 4 8 0.5 1 0.5
28859 4 1 1 4 0.25 1 0.25
28878 45 16 12 49 0.266666666666667 0.75 0.244897959183673
28929 93 11 10 94 0.10752688172043 0.909090909090909 0.106382978723404
2895 265 4 3 266 0.0113207547169811 0.75 0.0112781954887218
29009 31 8 4 35 0.129032258064516 0.5 0.114285714285714
29014 6 1 1 6 0.166666666666667 1 0.166666666666667
29017 53 8 6 55 0.113207547169811 0.75 0.109090909090909
2905 90 2 0 92 0 0 0
29056 24 5 4 25 0.166666666666667 0.8 0.16
2906 7 5 4 8 0.571428571428571 0.8 0.5
29066 37 18 12 43 0.324324324324324 0.666666666666667 0.27906976744186
2907 82 5 5 82 0.0609756097560976 1 0.0609756097560976
29073 82 9 6 85 0.0731707317073171 0.666666666666667 0.0705882352941176
29076 97 21 13 105 0.134020618556701 0.619047619047619 0.123809523809524
29113 65 13 12 66 0.184615384615385 0.923076923076923 0.181818181818182
29134 7 5 5 7 0.714285714285714 1 0.714285714285714
2914 639 215 160 694 0.250391236306729 0.744186046511628 0.230547550432277
29140 18 14 8 24 0.444444444444444 0.571428571428571 0.333333333333333
29147 1 1 1 1 1 1 1
29154 5 2 2 5 0.4 1 0.4
29169 10 3 3 10 0.3 1 0.3
29208 98 37 28 107 0.285714285714286 0.756756756756757 0.261682242990654
29216 1 1 1 1 1 1 1
29222 38 3 2 39 0.0526315789473684 0.666666666666667 0.0512820512820513
29240 1 1 1 1 1 1 1
29243 2 1 1 2 0.5 1 0.5
29246 8 2 2 8 0.25 1 0.25
29259 7 2 2 7 0.285714285714286 1 0.285714285714286
29276 1 1 0 2 0 0 0
29278 14 3 3 14 0.214285714285714 1 0.214285714285714
293 160 21 20 161 0.125 0.952380952380952 0.124223602484472
29311 4 1 1 4 0.25 1 0.25
29317 2 2 2 2 1 1 1
29321 6 2 1 7 0.166666666666667 0.5 0.142857142857143
29329 18 4 3 19 0.166666666666667 0.75 0.157894736842105
29396 32 11 10 33 0.3125 0.909090909090909 0.303030303030303
29405 13 2 2 13 0.153846153846154 1 0.153846153846154
29422 24 7 6 25 0.25 0.857142857142857 0.24
29430 3 1 1 3 0.333333333333333 1 0.333333333333333
29432 2 1 1 2 0.5 1 0.5
29449 52 23 19 56 0.365384615384615 0.826086956521739 0.339285714285714
29452 20 4 3 21 0.15 0.75 0.142857142857143
29488 3 2 2 3 0.666666666666667 1 0.666666666666667
29527 37 12 9 40 0.243243243243243 0.75 0.225
29542 5 3 1 7 0.2 0.333333333333333 0.142857142857143
29550 50 6 6 50 0.12 1 0.12
29608 14 3 3 14 0.214285714285714 1 0.214285714285714
29611 30 10 7 33 0.233333333333333 0.7 0.212121212121212
29632 47 12 7 52 0.148936170212766 0.583333333333333 0.134615384615385
29636 248 49 46 251 0.185483870967742 0.938775510204082 0.183266932270916
29651 12 2 2 12 0.166666666666667 1 0.166666666666667
29655 9 5 5 9 0.555555555555556 1 0.555555555555556
29659 3 1 1 3 0.333333333333333 1 0.333333333333333
29668 36 1 1 36 0.0277777777777778 1 0.0277777777777778
29670 8 4 3 9 0.375 0.75 0.333333333333333
29671 4 3 3 4 0.75 1 0.75
29680 6 2 2 6 0.333333333333333 1 0.333333333333333
29684 6 1 1 6 0.166666666666667 1 0.166666666666667
29686 320 154 121 353 0.378125 0.785714285714286 0.342776203966006
29744 1 1 0 2 0 0 0
29748 31 12 8 35 0.258064516129032 0.666666666666667 0.228571428571429
29763 1 1 1 1 1 1 1
29789 1 1 1 1 1 1 1
29791 235 12 9 238 0.0382978723404255 0.75 0.0378151260504202
29838 38 6 4 40 0.105263157894737 0.666666666666667 0.1
29904 1 1 1 1 1 1 1
29997 2 2 2 2 1 1 1
3 9 1 0 10 0 0 0
30008 3 1 1 3 0.333333333333333 1 0.333333333333333
30058 14 3 3 14 0.214285714285714 1 0.214285714285714
30059 3 3 2 4 0.666666666666667 0.666666666666667 0.5
30071 10 103 7 106 0.7 0.0679611650485437 0.0660377358490566
30075 2 1 0 3 0 0 0
30094 62 1 1 62 0.0161290322580645 1 0.0161290322580645
30124 7 1 1 7 0.142857142857143 1 0.142857142857143
30126 4 2 1 5 0.25 0.5 0.2
30128 3 2 1 4 0.333333333333333 0.5 0.25
30132 39 64 19 84 0.487179487179487 0.296875 0.226190476190476
30160 12 1 0 13 0 0 0
30176 14 2 1 15 0.0714285714285714 0.5 0.0666666666666667
30217 5 1 1 5 0.2 1 0.2
30221 2 1 0 3 0 0 0
30225 1 1 0 2 0 0 0
30259 3 1 1 3 0.333333333333333 1 0.333333333333333
30340 18 1 1 18 0.0555555555555556 1 0.0555555555555556
30362 2 1 0 3 0 0 0
3043 30 6 5 31 0.166666666666667 0.833333333333333 0.161290322580645
30496 15 2 2 15 0.133333333333333 1 0.133333333333333
30528 8 4 3 9 0.375 0.75 0.333333333333333
30653 30 10 7 33 0.233333333333333 0.7 0.212121212121212
30700 5 2 2 5 0.4 1 0.4
30708 1 1 1 1 1 1 1
30740 38 8 7 39 0.184210526315789 0.875 0.179487179487179
30781 157 24 17 164 0.10828025477707 0.708333333333333 0.103658536585366
30795 3 2 2 3 0.666666666666667 1 0.666666666666667
30798 4 1 1 4 0.25 1 0.25
30833 12 1 1 12 0.0833333333333333 1 0.0833333333333333
30844 323 8 8 323 0.0247678018575851 1 0.0247678018575851
30857 2 1 0 3 0 0 0
30880 10 3 2 11 0.2 0.666666666666667 0.181818181818182
30889 36 9 7 38 0.194444444444444 0.777777777777778 0.184210526315789
30890 157 25 18 164 0.114649681528662 0.72 0.109756097560976
30925 18 10 7 21 0.388888888888889 0.7 0.333333333333333
30961 4 1 1 4 0.25 1 0.25
30971 9 3 3 9 0.333333333333333 1 0.333333333333333
30975 8 6 2 12 0.25 0.333333333333333 0.166666666666667
31 2 1 1 2 0.5 1 0.5
31005 2 1 1 2 0.5 1 0.5
31027 50 2 1 51 0.02 0.5 0.0196078431372549
31078 3 6 3 6 1 0.5 0.5
31103 19 13 7 25 0.368421052631579 0.538461538461538 0.28
31117 11 4 3 12 0.272727272727273 0.75 0.25
31122 11 2 2 11 0.181818181818182 1 0.181818181818182
31127 3 3 2 4 0.666666666666667 0.666666666666667 0.5
31147 7 2 2 7 0.285714285714286 1 0.285714285714286
31229 6 3 1 8 0.166666666666667 0.333333333333333 0.125
31240 2 1 1 2 0.5 1 0.5
31252 64 18 14 68 0.21875 0.777777777777778 0.205882352941176
31261 25 1 1 25 0.04 1 0.04
31283 45 8 8 45 0.177777777777778 1 0.177777777777778
3130 21 1 1 21 0.0476190476190476 1 0.0476190476190476
31333 6 2 2 6 0.333333333333333 1 0.333333333333333
31334 54 11 6 59 0.111111111111111 0.545454545454545 0.101694915254237
31383 22 8 4 26 0.181818181818182 0.5 0.153846153846154
3140 1 1 1 1 1 1 1
31400 28 3 2 29 0.0714285714285714 0.666666666666667 0.0689655172413793
31424 21 5 5 21 0.238095238095238 1 0.238095238095238
31442 2 2 1 3 0.5 0.5 0.333333333333333
31458 57 8 7 58 0.12280701754386 0.875 0.120689655172414
31477 237 4 4 237 0.0168776371308017 1 0.0168776371308017
31479 4 1 1 4 0.25 1 0.25
31493 4 1 1 4 0.25 1 0.25
31500 701 29 25 705 0.0356633380884451 0.862068965517241 0.0354609929078014
31513 2 1 0 3 0 0 0
31529 54 21 11 64 0.203703703703704 0.523809523809524 0.171875
31530 6 1 1 6 0.166666666666667 1 0.166666666666667
31554 8 1 1 8 0.125 1 0.125
31615 5 1 0 6 0 0 0
31621 6 3 1 8 0.166666666666667 0.333333333333333 0.125
31649 8 2 2 8 0.25 1 0.25
31661 37 13 10 40 0.27027027027027 0.769230769230769 0.25
31677 5 3 1 7 0.2 0.333333333333333 0.142857142857143
31688 9 3 3 9 0.333333333333333 1 0.333333333333333
31708 34 11 9 36 0.264705882352941 0.818181818181818 0.25
31736 10 2 2 10 0.2 1 0.2
31859 2 2 0 4 0 0 0
31877 11 1 1 11 0.0909090909090909 1 0.0909090909090909
31939 4 1 1 4 0.25 1 0.25
32 6 1 1 6 0.166666666666667 1 0.166666666666667
32034 6 2 2 6 0.333333333333333 1 0.333333333333333
3209 144 3 3 144 0.0208333333333333 1 0.0208333333333333
3212 23 1 1 23 0.0434782608695652 1 0.0434782608695652
3213 42 11 9 44 0.214285714285714 0.818181818181818 0.204545454545455
3215 103 2 2 103 0.0194174757281553 1 0.0194174757281553
3221 1 1 1 1 1 1 1
3223 1 2 1 2 1 0.5 0.5
32244 4 1 1 4 0.25 1 0.25
32308 3 1 1 3 0.333333333333333 1 0.333333333333333
32329 3 1 1 3 0.333333333333333 1 0.333333333333333
32335 4 1 1 4 0.25 1 0.25
32346 2 2 2 2 1 1 1
32354 17 6 4 19 0.235294117647059 0.666666666666667 0.210526315789474
32360 3 2 1 4 0.333333333333333 0.5 0.25
32361 8 1 1 8 0.125 1 0.125
3243 16 3 1 18 0.0625 0.333333333333333 0.0555555555555556
32440 24 3 3 24 0.125 1 0.125
3248 58 24 19 63 0.327586206896552 0.791666666666667 0.301587301587302
3249 55 11 8 58 0.145454545454545 0.727272727272727 0.137931034482759
3257 654 328 187 795 0.285932721712538 0.570121951219512 0.235220125786164
32592 23 3 3 23 0.130434782608696 1 0.130434782608696
3261 35 2 2 35 0.0571428571428571 1 0.0571428571428571
32613 13 2 2 13 0.153846153846154 1 0.153846153846154
3265 35 14 10 39 0.285714285714286 0.714285714285714 0.256410256410256
3267 484 11 8 487 0.0165289256198347 0.727272727272727 0.0164271047227926
32678 3 3 2 4 0.666666666666667 0.666666666666667 0.5
3269 143 1 1 143 0.00699300699300699 1 0.00699300699300699
32748 32 9 7 34 0.21875 0.777777777777778 0.205882352941176
3277 90 1 1 90 0.0111111111111111 1 0.0111111111111111
32782 4 1 0 5 0 0 0
32809 1 1 0 2 0 0 0
32825 2 1 0 3 0 0 0
32890 4 1 1 4 0.25 1 0.25
32915 3 1 0 4 0 0 0
3292 434 26 25 435 0.0576036866359447 0.961538461538462 0.0574712643678161
32978 1 1 1 1 1 1 1
3301 65 5 3 67 0.0461538461538462 0.6 0.0447761194029851
3302 46 2 2 46 0.0434782608695652 1 0.0434782608695652
3303 539 24 21 542 0.038961038961039 0.875 0.0387453874538745
33071 9 3 3 9 0.333333333333333 1 0.333333333333333
33075 2 1 1 2 0.5 1 0.5
33079 2 1 1 2 0.5 1 0.5
3308 24 1 1 24 0.0416666666666667 1 0.0416666666666667
33080 4 1 1 4 0.25 1 0.25
33081 4 2 1 5 0.25 0.5 0.2
33082 1 1 1 1 1 1 1
33152 1 1 0 2 0 0 0
3316 19 3 3 19 0.157894736842105 1 0.157894736842105
33189 9 1 1 9 0.111111111111111 1 0.111111111111111
3320 541 21 17 545 0.0314232902033272 0.80952380952381 0.0311926605504587
3327 93 24 17 100 0.182795698924731 0.708333333333333 0.17
3330 27 1 1 27 0.037037037037037 1 0.037037037037037
33310 2 1 0 3 0 0 0
3333 41 4 2 43 0.0487804878048781 0.5 0.0465116279069767
33362 3 1 0 4 0 0 0
33419 22 1 1 22 0.0454545454545455 1 0.0454545454545455
33437 2 9 1 10 0.5 0.111111111111111 0.1
3344 8 4 2 10 0.25 0.5 0.2
33475 3 1 1 3 0.333333333333333 1 0.333333333333333
33517 8 2 2 8 0.25 1 0.25
3352 75 3 1 77 0.0133333333333333 0.333333333333333 0.012987012987013
33522 4 1 0 5 0 0 0
3356 2689 121 109 2701 0.0405355150613611 0.900826446280992 0.0403554239170677
33597 30 1 1 30 0.0333333333333333 1 0.0333333333333333
33606 6 1 1 6 0.166666666666667 1 0.166666666666667
3363 2 1 1 2 0.5 1 0.5
33631 2 1 1 2 0.5 1 0.5
33642 2 2 2 2 1 1 1
33764 1 2 0 3 0 0 0
33789 2 2 2 2 1 1 1
33808 13 1 1 13 0.0769230769230769 1 0.0769230769230769
33828 1 1 1 1 1 1 1
33843 36 19 11 44 0.305555555555556 0.578947368421053 0.25
33845 14 4 4 14 0.285714285714286 1 0.285714285714286
33868 7 1 1 7 0.142857142857143 1 0.142857142857143
33873 22 1 1 22 0.0454545454545455 1 0.0454545454545455
33876 1 1 1 1 1 1 1
33885 14 5 5 14 0.357142857142857 1 0.357142857142857
33891 42 19 13 48 0.30952380952381 0.684210526315789 0.270833333333333
33923 4 3 1 6 0.25 0.333333333333333 0.166666666666667
33926 45 11 8 48 0.177777777777778 0.727272727272727 0.166666666666667
33930 2 1 0 3 0 0 0
33965 13 2 2 13 0.153846153846154 1 0.153846153846154
33984 2 1 1 2 0.5 1 0.5
33988 2 1 0 3 0 0 0
34011 20 15 10 25 0.5 0.666666666666667 0.4
34019 9 7 4 12 0.444444444444444 0.571428571428571 0.333333333333333
34021 8 4 2 10 0.25 0.5 0.2
34080 5 1 1 5 0.2 1 0.2
34081 3 2 2 3 0.666666666666667 1 0.666666666666667
34087 6 1 1 6 0.166666666666667 1 0.166666666666667
34108 6 1 1 6 0.166666666666667 1 0.166666666666667
34109 8 2 1 9 0.125 0.5 0.111111111111111
34123 34 4 3 35 0.0882352941176471 0.75 0.0857142857142857
34139 2 1 1 2 0.5 1 0.5
34141 22 1 1 22 0.0454545454545455 1 0.0454545454545455
34146 17 5 5 17 0.294117647058824 1 0.294117647058824
34183 3 2 2 3 0.666666666666667 1 0.666666666666667
34225 5 4 3 6 0.6 0.75 0.5
34240 2 2 2 2 1 1 1
34244 4 2 2 4 0.5 1 0.5
34245 46 1 1 46 0.0217391304347826 1 0.0217391304347826
34270 36 5 5 36 0.138888888888889 1 0.138888888888889
34279 16 2 2 16 0.125 1 0.125
34288 12 6 6 12 0.5 1 0.5
34305 62 18 11 69 0.17741935483871 0.611111111111111 0.159420289855072
34309 57 218 31 244 0.543859649122807 0.142201834862385 0.127049180327869
34313 22 6 5 23 0.227272727272727 0.833333333333333 0.217391304347826
34372 3 1 1 3 0.333333333333333 1 0.333333333333333
34387 2 1 1 2 0.5 1 0.5
34419 23 7 1 29 0.0434782608695652 0.142857142857143 0.0344827586206897
34427 3 1 1 3 0.333333333333333 1 0.333333333333333
34442 4 1 1 4 0.25 1 0.25
34486 32 6 4 34 0.125 0.666666666666667 0.117647058823529
34505 3 2 2 3 0.666666666666667 1 0.666666666666667
34549 8 5 4 9 0.5 0.8 0.444444444444444
34554 14 5 5 14 0.357142857142857 1 0.357142857142857
34567 4 1 1 4 0.25 1 0.25
34574 3 1 0 4 0 0 0
34594 20 4 4 20 0.2 1 0.2
34602 11 4 2 13 0.181818181818182 0.5 0.153846153846154
34623 1 1 1 1 1 1 1
3464 7 1 1 7 0.142857142857143 1 0.142857142857143
34683 2 1 1 2 0.5 1 0.5
34695 898 208 189 917 0.210467706013363 0.908653846153846 0.206106870229008
34718 9 1 0 10 0 0 0
34752 3 1 1 3 0.333333333333333 1 0.333333333333333
34763 34 6 3 37 0.0882352941176471 0.5 0.0810810810810811
34781 14 1 1 14 0.0714285714285714 1 0.0714285714285714
34784 3 1 1 3 0.333333333333333 1 0.333333333333333
34863 2 2 2 2 1 1 1
34878 2 1 1 2 0.5 1 0.5
3491 410 5 5 410 0.0121951219512195 1 0.0121951219512195
34912 3 1 0 4 0 0 0
34953 2 1 1 2 0.5 1 0.5
34968 29 9 7 31 0.241379310344828 0.777777777777778 0.225806451612903
34997 8 5 4 9 0.5 0.8 0.444444444444444
35017 2 1 1 2 0.5 1 0.5
35028 37 6 5 38 0.135135135135135 0.833333333333333 0.131578947368421
35070 8 3 3 8 0.375 1 0.375
35087 8 2 2 8 0.25 1 0.25
35236 6 3 2 7 0.333333333333333 0.666666666666667 0.285714285714286
35244 24 20 12 32 0.5 0.6 0.375
35254 36 2 2 36 0.0555555555555556 1 0.0555555555555556
35272 1 1 1 1 1 1 1
35283 8 1 1 8 0.125 1 0.125
35310 2 1 0 3 0 0 0
35320 109 17 7 119 0.0642201834862385 0.411764705882353 0.0588235294117647
35339 6 2 2 6 0.333333333333333 1 0.333333333333333
35366 30 17 10 37 0.333333333333333 0.588235294117647 0.27027027027027
35369 14 2 2 14 0.142857142857143 1 0.142857142857143
35382 2 1 1 2 0.5 1 0.5
35383 2 2 0 4 0 0 0
35393 13 2 2 13 0.153846153846154 1 0.153846153846154
35425 14 3 3 14 0.214285714285714 1 0.214285714285714
35470 10 4 2 12 0.2 0.5 0.166666666666667
3549 1404 179 166 1417 0.118233618233618 0.927374301675978 0.117148906139732
35492 2 3 2 3 1 0.666666666666667 0.666666666666667
3551 1 2 1 2 1 0.5 0.5
35548 6 2 2 6 0.333333333333333 1 0.333333333333333
3557 20 9 8 21 0.4 0.888888888888889 0.380952380952381
35574 9 2 2 9 0.222222222222222 1 0.222222222222222
35592 4 3 2 5 0.5 0.666666666666667 0.4
35609 2 1 1 2 0.5 1 0.5
3561 434 9 8 435 0.0184331797235023 0.888888888888889 0.0183908045977011
35612 8 2 0 10 0 0 0
35627 7 3 2 8 0.285714285714286 0.666666666666667 0.25
35703 3 1 1 3 0.333333333333333 1 0.333333333333333
35705 4 1 1 4 0.25 1 0.25
35706 18 8 3 23 0.166666666666667 0.375 0.130434782608696
35745 7 4 2 9 0.285714285714286 0.5 0.222222222222222
35819 14 2 2 14 0.142857142857143 1 0.142857142857143
3582 3 2 2 3 0.666666666666667 1 0.666666666666667
35826 2 2 1 3 0.5 0.5 0.333333333333333
35908 22 1 1 22 0.0454545454545455 1 0.0454545454545455
3597 8 2 2 8 0.25 1 0.25
35974 2 1 1 2 0.5 1 0.5
3603 2 1 1 2 0.5 1 0.5
36086 7 3 3 7 0.428571428571429 1 0.428571428571429
36221 1 1 1 1 1 1 1
36229 1 1 1 1 1 1 1
36236 16 1 1 16 0.0625 1 0.0625
36252 2 2 2 2 1 1 1
3633 3 1 0 4 0 0 0
36351 23 5 5 23 0.217391304347826 1 0.217391304347826
36383 1 1 0 2 0 0 0
36384 1 1 1 1 1 1 1
3640 4 1 1 4 0.25 1 0.25
36412 4 2 2 4 0.5 1 0.5
36472 3 1 1 3 0.333333333333333 1 0.333333333333333
36483 4 2 2 4 0.5 1 0.5
36563 2 1 1 2 0.5 1 0.5
3661 7 4 2 9 0.285714285714286 0.5 0.222222222222222
3662 17 9 8 18 0.470588235294118 0.888888888888889 0.444444444444444
3663 7 2 1 8 0.142857142857143 0.5 0.125
36671 2 1 1 2 0.5 1 0.5
36692 41 4 4 41 0.0975609756097561 1 0.0975609756097561
36728 1 1 0 2 0 0 0
3676 6 2 2 6 0.333333333333333 1 0.333333333333333
36786 1 1 1 1 1 1 1
36797 1 1 1 1 1 1 1
3681 4 1 1 4 0.25 1 0.25
36856 12 4 2 14 0.166666666666667 0.5 0.142857142857143
36944 36 8 7 37 0.194444444444444 0.875 0.189189189189189
37074 1 1 0 2 0 0 0
37084 7 1 1 7 0.142857142857143 1 0.142857142857143
37105 2 1 0 3 0 0 0
3714 4 1 1 4 0.25 1 0.25
37174 2 1 0 3 0 0 0
3741 104 2 2 104 0.0192307692307692 1 0.0192307692307692
3742 16 2 2 16 0.125 1 0.125
3754 43 6 6 43 0.13953488372093 1 0.13953488372093
3758 54 1 1 54 0.0185185185185185 1 0.0185185185185185
376 24 4 4 24 0.166666666666667 1 0.166666666666667
378 2 1 1 2 0.5 1 0.5
37918 2 1 1 2 0.5 1 0.5
38 1 1 1 1 1 1 1
38005 2 2 2 2 1 1 1
38018 8 6 5 9 0.625 0.833333333333333 0.555555555555556
38022 35 9 9 35 0.257142857142857 1 0.257142857142857
38037 2 2 2 2 1 1 1
38044 2 1 1 2 0.5 1 0.5
38082 44 10 9 45 0.204545454545455 0.9 0.2
38128 1 1 0 2 0 0 0
38158 5 4 4 5 0.8 1 0.8
38182 10 1 1 10 0.1 1 0.1
38229 1 1 1 1 1 1 1
3825 1 1 0 2 0 0 0
38299 2 1 1 2 0.5 1 0.5
38321 2 1 1 2 0.5 1 0.5
38322 6 2 2 6 0.333333333333333 1 0.333333333333333
3836 8 4 1 11 0.125 0.25 0.0909090909090909
38457 1 1 1 1 1 1 1
38462 2 3 2 3 1 0.666666666666667 0.666666666666667
38477 4 1 1 4 0.25 1 0.25
3851 3 1 0 4 0 0 0
3856 84 13 11 86 0.130952380952381 0.846153846153846 0.127906976744186
38566 4 2 2 4 0.5 1 0.5
38567 2 1 1 2 0.5 1 0.5
38629 1 1 1 1 1 1 1
38639 2 2 2 2 1 1 1
38646 3 3 3 3 1 1 1
38652 2 1 1 2 0.5 1 0.5
38710 6 1 0 7 0 0 0
38711 1 1 1 1 1 1 1
38727 3 1 1 3 0.333333333333333 1 0.333333333333333
38759 4 11 3 12 0.75 0.272727272727273 0.25
38794 11 1 1 11 0.0909090909090909 1 0.0909090909090909
38796 2 1 0 3 0 0 0
38809 37 1 0 38 0 0 0
38826 4 1 1 4 0.25 1 0.25
38858 3 1 1 3 0.333333333333333 1 0.333333333333333
38861 32 4 3 33 0.09375 0.75 0.0909090909090909
38915 9 1 1 9 0.111111111111111 1 0.111111111111111
38922 13 1 1 13 0.0769230769230769 1 0.0769230769230769
38930 32 8 7 33 0.21875 0.875 0.212121212121212
3900 7 1 1 7 0.142857142857143 1 0.142857142857143
39029 3 2 2 3 0.666666666666667 1 0.666666666666667
39040 16 2 2 16 0.125 1 0.125
39091 5 1 1 5 0.2 1 0.2
39093 3 2 1 4 0.333333333333333 0.5 0.25
39102 17 1 1 17 0.0588235294117647 1 0.0588235294117647
39117 6 1 1 6 0.166666666666667 1 0.166666666666667
39122 6 3 3 6 0.5 1 0.5
39145 10 4 4 10 0.4 1 0.4
39211 4 2 1 5 0.25 0.5 0.2
39288 4 3 2 5 0.5 0.666666666666667 0.4
39301 6 2 2 6 0.333333333333333 1 0.333333333333333
39308 1 1 0 2 0 0 0
39309 31 11 8 34 0.258064516129032 0.727272727272727 0.235294117647059
3931 2 2 1 3 0.5 0.5 0.333333333333333
393220 2 2 2 2 1 1 1
39326 237 29 25 241 0.105485232067511 0.862068965517241 0.103734439834025
39342 2 1 1 2 0.5 1 0.5
39386 43 1 1 43 0.0232558139534884 1 0.0232558139534884
3943 4 3 3 4 0.75 1 0.75
39472 2 1 1 2 0.5 1 0.5
3949 2 1 1 2 0.5 1 0.5
39520 2 1 0 3 0 0 0
39537 1 1 0 2 0 0 0
39545 4 2 2 4 0.5 1 0.5
39554 4 2 2 4 0.5 1 0.5
39556 31 14 10 35 0.32258064516129 0.714285714285714 0.285714285714286
39560 2 1 1 2 0.5 1 0.5
39570 3 4 2 5 0.666666666666667 0.5 0.4
39572 3 1 1 3 0.333333333333333 1 0.333333333333333
39598 6 1 1 6 0.166666666666667 1 0.166666666666667
39602 4 1 1 4 0.25 1 0.25
39637 24 7 3 28 0.125 0.428571428571429 0.107142857142857
39662 3 1 1 3 0.333333333333333 1 0.333333333333333
39700 7 3 1 9 0.142857142857143 0.333333333333333 0.111111111111111
39737 81 15 10 86 0.123456790123457 0.666666666666667 0.116279069767442
39761 2 1 1 2 0.5 1 0.5
39787 4 2 1 5 0.25 0.5 0.2
39792 884 30 25 889 0.0282805429864253 0.833333333333333 0.0281214848143982
39837 2 1 1 2 0.5 1 0.5
39839 3 2 2 3 0.666666666666667 1 0.666666666666667
39854 1 1 1 1 1 1 1
39875 2 1 1 2 0.5 1 0.5
39905 7 3 3 7 0.428571428571429 1 0.428571428571429
39912 374 9 9 374 0.0240641711229947 1 0.0240641711229947
3999 2 1 1 2 0.5 1 0.5
40009 54 6 5 55 0.0925925925925926 0.833333333333333 0.0909090909090909
40068 12 2 2 12 0.166666666666667 1 0.166666666666667
40193 14 8 5 17 0.357142857142857 0.625 0.294117647058824
40220 14 5 5 14 0.357142857142857 1 0.357142857142857
40387 21 2 2 21 0.0952380952380952 1 0.0952380952380952
4043 2 1 0 3 0 0 0
40475 16 1 1 16 0.0625 1 0.0625
40490 2 1 1 2 0.5 1 0.5
40528 10 9 8 11 0.8 0.888888888888889 0.727272727272727
4058 12 2 2 12 0.166666666666667 1 0.166666666666667
40581 9 2 1 10 0.111111111111111 0.5 0.1
40589 2 1 1 2 0.5 1 0.5
40630 3 2 2 3 0.666666666666667 1 0.666666666666667
40679 1 1 1 1 1 1 1
40832 2 1 1 2 0.5 1 0.5
40911 3 1 1 3 0.333333333333333 1 0.333333333333333
40912 2 1 1 2 0.5 1 0.5
40943 2 1 0 3 0 0 0
41012 30 6 5 31 0.166666666666667 0.833333333333333 0.161290322580645
41045 30 13 11 32 0.366666666666667 0.846153846153846 0.34375
41075 2 2 1 3 0.5 0.5 0.333333333333333
41144 3 2 1 4 0.333333333333333 0.5 0.25
41145 12 3 2 13 0.166666666666667 0.666666666666667 0.153846153846154
41176 2 1 0 3 0 0 0
41323 4 1 1 4 0.25 1 0.25
4134 110 2 0 112 0 0 0
41391 8 3 3 8 0.375 1 0.375
41412 6 1 1 6 0.166666666666667 1 0.166666666666667
41458 5 1 1 5 0.2 1 0.2
41495 5 2 1 6 0.2 0.5 0.166666666666667
4150 9 4 2 11 0.222222222222222 0.5 0.181818181818182
41572 8 2 2 8 0.25 1 0.25
4158 2 1 1 2 0.5 1 0.5
41589 6 1 1 6 0.166666666666667 1 0.166666666666667
41670 1 1 1 1 1 1 1
41692 76 91 25 142 0.328947368421053 0.274725274725275 0.176056338028169
41693 6 1 0 7 0 0 0
41696 6 1 1 6 0.166666666666667 1 0.166666666666667
41698 2 1 1 2 0.5 1 0.5
41705 1 1 0 2 0 0 0
41711 6 4 2 8 0.333333333333333 0.5 0.25
41773 1 2 1 2 1 0.5 0.5
41824 10 5 3 12 0.3 0.6 0.25
41828 2 1 1 2 0.5 1 0.5
41833 2 1 0 3 0 0 0
41884 5 3 3 5 0.6 1 0.6
41887 12 7 5 14 0.416666666666667 0.714285714285714 0.357142857142857
41913 11 6 6 11 0.545454545454545 1 0.545454545454545
41960 8 1 0 9 0 0 0
42 111 17 14 114 0.126126126126126 0.823529411764706 0.12280701754386
42000 10 2 2 10 0.2 1 0.2
42017 3 1 0 4 0 0 0
42184 26 11 7 30 0.269230769230769 0.636363636363636 0.233333333333333
42189 2 1 1 2 0.5 1 0.5
42227 9 5 5 9 0.555555555555556 1 0.555555555555556
42346 13 1 1 13 0.0769230769230769 1 0.0769230769230769
42369 24 5 4 25 0.166666666666667 0.8 0.16
42385 5 2 2 5 0.4 1 0.4
42473 2 1 1 2 0.5 1 0.5
42476 1 2 1 2 1 0.5 0.5
42477 3 1 1 3 0.333333333333333 1 0.333333333333333
42525 35 3 3 35 0.0857142857142857 1 0.0857142857142857
42579 24 5 4 25 0.166666666666667 0.8 0.16
42585 8 1 1 8 0.125 1 0.125
42605 21 16 10 27 0.476190476190476 0.625 0.37037037037037
42613 2 1 0 3 0 0 0
42652 43 5 4 44 0.0930232558139535 0.8 0.0909090909090909
42678 2 1 1 2 0.5 1 0.5
42689 32 10 7 35 0.21875 0.7 0.2
42695 5 2 2 5 0.4 1 0.4
4270 7 4 2 9 0.285714285714286 0.5 0.222222222222222
42708 12 4 3 13 0.25 0.75 0.230769230769231
42732 1 1 1 1 1 1 1
42755 6 1 1 6 0.166666666666667 1 0.166666666666667
42841 7 3 3 7 0.428571428571429 1 0.428571428571429
42909 24 7 6 25 0.25 0.857142857142857 0.24
42965 6 1 1 6 0.166666666666667 1 0.166666666666667
42979 16 2 2 16 0.125 1 0.125
43037 5 1 1 5 0.2 1 0.2
43070 4 1 1 4 0.25 1 0.25
43118 5 4 1 8 0.2 0.25 0.125
43128 1 1 1 1 1 1 1
43148 3 1 0 4 0 0 0
43190 3 1 1 3 0.333333333333333 1 0.333333333333333
43226 3 1 1 3 0.333333333333333 1 0.333333333333333
4323 1310 20 20 1310 0.0152671755725191 1 0.0152671755725191
43289 4 1 1 4 0.25 1 0.25
43313 3 1 1 3 0.333333333333333 1 0.333333333333333
43333 9 3 3 9 0.333333333333333 1 0.333333333333333
43383 1 1 1 1 1 1 1
43447 1 1 1 1 1 1 1
43483 3 1 1 3 0.333333333333333 1 0.333333333333333
43615 2 1 1 2 0.5 1 0.5
43629 2 1 1 2 0.5 1 0.5
43646 4 3 2 5 0.5 0.666666666666667 0.4
43655 2 1 1 2 0.5 1 0.5
43692 2 2 2 2 1 1 1
43727 19 2 1 20 0.0526315789473684 0.5 0.05
43751 4 1 0 5 0 0 0
43782 3 3 0 6 0 0 0
43821 29 15 8 36 0.275862068965517 0.533333333333333 0.222222222222222
43832 11 1 1 11 0.0909090909090909 1 0.0909090909090909
43843 7 2 2 7 0.285714285714286 1 0.285714285714286
43892 3 1 0 4 0 0 0
43893 6 3 3 6 0.5 1 0.5
43911 3 4 0 7 0 0 0
43948 3 2 2 3 0.666666666666667 1 0.666666666666667
43950 3 2 1 4 0.333333333333333 0.5 0.25
43978 2 1 1 2 0.5 1 0.5
44034 12 5 5 12 0.416666666666667 1 0.416666666666667
44042 14 7 5 16 0.357142857142857 0.714285714285714 0.3125
44065 2 1 1 2 0.5 1 0.5
44066 26 13 9 30 0.346153846153846 0.692307692307692 0.3
44146 7 3 3 7 0.428571428571429 1 0.428571428571429
44160 10 1 1 10 0.1 1 0.1
44212 3 1 1 3 0.333333333333333 1 0.333333333333333
44227 4 1 1 4 0.25 1 0.25
44237 30 2 2 30 0.0666666666666667 1 0.0666666666666667
44285 7 1 0 8 0 0 0
44321 2 1 1 2 0.5 1 0.5
44329 1 1 0 2 0 0 0
44335 3 1 0 4 0 0 0
4434 6 1 0 7 0 0 0
44358 5 2 2 5 0.4 1 0.4
4436 165 49 43 171 0.260606060606061 0.877551020408163 0.251461988304094
44444 264 1 1 264 0.00378787878787879 1 0.00378787878787879
44513 8 3 3 8 0.375 1 0.375
44514 7 9 2 14 0.285714285714286 0.222222222222222 0.142857142857143
44515 1 1 0 2 0 0 0
44581 13 4 2 15 0.153846153846154 0.5 0.133333333333333
44654 44 15 9 50 0.204545454545455 0.6 0.18
44683 3 2 2 3 0.666666666666667 1 0.666666666666667
44706 8 6 5 9 0.625 0.833333333333333 0.555555555555556
44801 1 1 1 1 1 1 1
44806 2 2 2 2 1 1 1
44928 2 2 2 2 1 1 1
44953 17 3 3 17 0.176470588235294 1 0.176470588235294
44980 3 2 2 3 0.666666666666667 1 0.666666666666667
44993 2 2 2 2 1 1 1
45031 7 1 1 7 0.142857142857143 1 0.142857142857143
45131 1 1 1 1 1 1 1
45147 49 7 5 51 0.102040816326531 0.714285714285714 0.0980392156862745
4515 43 2 2 43 0.0465116279069767 1 0.0465116279069767
45170 4 1 0 5 0 0 0
45177 4 1 0 5 0 0 0
45192 1 3 1 3 1 0.333333333333333 0.333333333333333
45209 2 1 1 2 0.5 1 0.5
45214 2 1 1 2 0.5 1 0.5
4528 5 1 1 5 0.2 1 0.2
45344 2 1 1 2 0.5 1 0.5
4538 52 3 3 52 0.0576923076923077 1 0.0576923076923077
45411 4 1 1 4 0.25 1 0.25
45425 3 1 1 3 0.333333333333333 1 0.333333333333333
45437 2 1 1 2 0.5 1 0.5
45438 1 1 1 1 1 1 1
45444 2 2 0 4 0 0 0
45456 1 2 0 3 0 0 0
45459 2 1 0 3 0 0 0
45483 3 1 1 3 0.333333333333333 1 0.333333333333333
45506 2 1 1 2 0.5 1 0.5
45522 2 1 0 3 0 0 0
4555 1 3 0 4 0 0 0
4557 11 2 2 11 0.181818181818182 1 0.181818181818182
45570 1 1 1 1 1 1 1
45577 5 1 1 5 0.2 1 0.2
45600 1 1 1 1 1 1 1
45638 4 1 1 4 0.25 1 0.25
45682 1 1 1 1 1 1 1
45695 3 1 1 3 0.333333333333333 1 0.333333333333333
45721 2 1 0 3 0 0 0
45773 3 1 1 3 0.333333333333333 1 0.333333333333333
45809 1 1 1 1 1 1 1
4589 710 141 138 713 0.194366197183099 0.978723404255319 0.193548387096774
45929 1 1 1 1 1 1 1
46 2 1 1 2 0.5 1 0.5
4600 5 2 2 5 0.4 1 0.4
46018 1 1 0 2 0 0 0
46046 1 1 1 1 1 1 1
4605 2 1 1 2 0.5 1 0.5
4608 4 3 1 6 0.25 0.333333333333333 0.166666666666667
46176 2 1 0 3 0 0 0
46177 10 1 1 10 0.1 1 0.1
4618 16 2 1 17 0.0625 0.5 0.0588235294117647
46208 5 3 3 5 0.6 1 0.6
4621 36 3 2 37 0.0555555555555556 0.666666666666667 0.0540540540540541
4622 2 2 0 4 0 0 0
4635 120 36 32 124 0.266666666666667 0.888888888888889 0.258064516129032
46357 2 1 1 2 0.5 1 0.5
4637 170 8 7 171 0.0411764705882353 0.875 0.0409356725146199
4641 10 4 4 10 0.4 1 0.4
46475 4 1 1 4 0.25 1 0.25
4648 61 4 4 61 0.0655737704918033 1 0.0655737704918033
4651 46 7 6 47 0.130434782608696 0.857142857142857 0.127659574468085
4657 118 5 5 118 0.0423728813559322 1 0.0423728813559322
46609 5 2 2 5 0.4 1 0.4
46722 1 1 1 1 1 1 1
4673 8 2 2 8 0.25 1 0.25
4675 6 3 1 8 0.166666666666667 0.333333333333333 0.125
4677 5 1 1 5 0.2 1 0.2
46786 49 1 1 49 0.0204081632653061 1 0.0204081632653061
4680 9 5 2 12 0.222222222222222 0.4 0.166666666666667
4685 9 1 1 9 0.111111111111111 1 0.111111111111111
46907 2 1 1 2 0.5 1 0.5
4691 2 12 1 13 0.5 0.0833333333333333 0.0769230769230769
46925 9 1 1 9 0.111111111111111 1 0.111111111111111
4697 3 8 3 8 1 0.375 0.375
4704 6 3 1 8 0.166666666666667 0.333333333333333 0.125
4711 2 1 1 2 0.5 1 0.5
47116 3 1 1 3 0.333333333333333 1 0.333333333333333
4713 109 17 15 111 0.137614678899083 0.882352941176471 0.135135135135135
4716 17 8 2 23 0.117647058823529 0.25 0.0869565217391304
4717 1 2 1 2 1 0.5 0.5
4718 3 2 2 3 0.666666666666667 1 0.666666666666667
47201 1 1 0 2 0 0 0
47207 6 1 1 6 0.166666666666667 1 0.166666666666667
47227 2 1 1 2 0.5 1 0.5
4725 122 29 14 137 0.114754098360656 0.482758620689655 0.102189781021898
4739 82 19 14 87 0.170731707317073 0.736842105263158 0.160919540229885
4741 9 1 1 9 0.111111111111111 1 0.111111111111111
47443 7 1 1 7 0.142857142857143 1 0.142857142857143
47447 5 3 3 5 0.6 1 0.6
4747 1 1 0 2 0 0 0
47473 1 2 1 2 1 0.5 0.5
47490 1 1 1 1 1 1 1
4750 50 4 0 54 0 0 0
47506 5 1 1 5 0.2 1 0.2
47533 2 1 1 2 0.5 1 0.5
4755 214 1 1 214 0.00467289719626168 1 0.00467289719626168
4760 7 2 2 7 0.285714285714286 1 0.285714285714286
4761 57 6 4 59 0.0701754385964912 0.666666666666667 0.0677966101694915
47617 3 1 1 3 0.333333333333333 1 0.333333333333333
47640 3 1 1 3 0.333333333333333 1 0.333333333333333
4766 373 1 1 373 0.00268096514745308 1 0.00268096514745308
4768 30 2 2 30 0.0666666666666667 1 0.0666666666666667
4770 15 3 2 16 0.133333333333333 0.666666666666667 0.125
4777 35 3 3 35 0.0857142857142857 1 0.0857142857142857
4780 28 3 2 29 0.0714285714285714 0.666666666666667 0.0689655172413793
47841 2 1 1 2 0.5 1 0.5
4785 1 1 1 1 1 1 1
47862 1 1 1 1 1 1 1
47869 2 1 1 2 0.5 1 0.5
4787 5 3 1 7 0.2 0.333333333333333 0.142857142857143
4788 114 10 9 115 0.0789473684210526 0.9 0.0782608695652174
47880 1 2 1 2 1 0.5 0.5
47885 2 1 0 3 0 0 0
47886 5 2 2 5 0.4 1 0.4
47887 9 3 3 9 0.333333333333333 1 0.333333333333333
47908 4 2 2 4 0.5 1 0.5
47917 1 1 1 1 1 1 1
4795 23 4 2 25 0.0869565217391304 0.5 0.08
47956 3 1 0 4 0 0 0
4796 2 1 1 2 0.5 1 0.5
47973 2 1 0 3 0 0 0
47998 2 1 1 2 0.5 1 0.5
47999 24 6 5 25 0.208333333333333 0.833333333333333 0.2
4800 16 1 1 16 0.0625 1 0.0625
48039 9 5 5 9 0.555555555555556 1 0.555555555555556
48053 2 2 2 2 1 1 1
48118 2 1 1 2 0.5 1 0.5
48136 1 1 1 1 1 1 1
48173 18 10 7 21 0.388888888888889 0.7 0.333333333333333
4818 3 1 1 3 0.333333333333333 1 0.333333333333333
48185 2 1 1 2 0.5 1 0.5
48191 4 1 0 5 0 0 0
48200 2 7 0 9 0 0 0
48218 2 1 1 2 0.5 1 0.5
48259 2 2 1 3 0.5 0.5 0.333333333333333
4826 225 36 31 230 0.137777777777778 0.861111111111111 0.134782608695652
48284 2 1 0 3 0 0 0
48285 7 1 1 7 0.142857142857143 1 0.142857142857143
48288 1 1 1 1 1 1 1
48315 2 1 1 2 0.5 1 0.5
48344 6 1 1 6 0.166666666666667 1 0.166666666666667
48345 1 1 1 1 1 1 1
48417 3 1 1 3 0.333333333333333 1 0.333333333333333
4842 4 1 1 4 0.25 1 0.25
4844 2 2 1 3 0.5 0.5 0.333333333333333
4845 3 1 1 3 0.333333333333333 1 0.333333333333333
48451 2 1 1 2 0.5 1 0.5
48484 13 14 7 20 0.538461538461538 0.5 0.35
48514 3 4 1 6 0.333333333333333 0.25 0.166666666666667
48519 4 2 2 4 0.5 1 0.5
48528 2 1 1 2 0.5 1 0.5
48539 10 7 6 11 0.6 0.857142857142857 0.545454545454545
48564 2 1 1 2 0.5 1 0.5
48885 9 4 4 9 0.444444444444444 1 0.444444444444444
48961 9 1 1 9 0.111111111111111 1 0.111111111111111
48972 1 1 1 1 1 1 1
48994 2 1 1 2 0.5 1 0.5
49026 1 1 1 1 1 1 1
49102 15 3 1 17 0.0666666666666667 0.333333333333333 0.0588235294117647
49125 3 1 0 4 0 0 0
49237 6 1 1 6 0.166666666666667 1 0.166666666666667
4927 18 7 6 19 0.333333333333333 0.857142857142857 0.315789473684211
49272 3 1 1 3 0.333333333333333 1 0.333333333333333
49334 1 1 1 1 1 1 1
49352 1 1 0 2 0 0 0
49416 1 1 1 1 1 1 1
49463 2 2 1 3 0.5 0.5 0.333333333333333
49488 4 3 3 4 0.75 1 0.75
49497 2 1 1 2 0.5 1 0.5
49544 23 11 6 28 0.260869565217391 0.545454545454545 0.214285714285714
49573 2 1 1 2 0.5 1 0.5
49586 1 1 1 1 1 1 1
49624 2 1 1 2 0.5 1 0.5
49625 12 9 7 14 0.583333333333333 0.777777777777778 0.5
49627 2 2 2 2 1 1 1
49630 3 2 2 3 0.666666666666667 1 0.666666666666667
49866 2 2 2 2 1 1 1
49983 6 4 4 6 0.666666666666667 1 0.666666666666667
50273 2 1 1 2 0.5 1 0.5
50391 1 1 0 2 0 0 0
5050 19 4 4 19 0.210526315789474 1 0.210526315789474
5056 24 1 0 25 0 0 0
50588 2 1 1 2 0.5 1 0.5
50611 2 2 2 2 1 1 1
5078 17 1 1 17 0.0588235294117647 1 0.0588235294117647
513 47 10 10 47 0.212765957446809 1 0.212765957446809
52 2 2 2 2 1 1 1
53070 7 1 1 7 0.142857142857143 1 0.142857142857143
53280 2 1 1 2 0.5 1 0.5
53299 1 1 1 1 1 1 1
5379 2 1 1 2 0.5 1 0.5
5381 14 4 2 16 0.142857142857143 0.5 0.125
5385 54 3 3 54 0.0555555555555556 1 0.0555555555555556
5394 17 3 3 17 0.176470588235294 1 0.176470588235294
5400 204 19 14 209 0.0686274509803922 0.736842105263158 0.0669856459330144
5401 1 1 1 1 1 1 1
5403 19 8 7 20 0.368421052631579 0.875 0.35
5407 6 2 2 6 0.333333333333333 1 0.333333333333333
5408 32 5 3 34 0.09375 0.6 0.0882352941176471
5410 53 9 5 57 0.0943396226415094 0.555555555555556 0.087719298245614
5413 223 11 11 223 0.0493273542600897 1 0.0493273542600897
5418 9 2 2 9 0.222222222222222 1 0.222222222222222
5421 2 3 2 3 1 0.666666666666667 0.666666666666667
543 1 1 1 1 1 1 1
5430 60 22 15 67 0.25 0.681818181818182 0.223880597014925
5432 33 2 1 34 0.0303030303030303 0.5 0.0294117647058824
5459 51 17 9 59 0.176470588235294 0.529411764705882 0.152542372881356
5466 73 2 1 74 0.0136986301369863 0.5 0.0135135135135135
5483 76 3 2 77 0.0263157894736842 0.666666666666667 0.025974025974026
5486 24 2 0 26 0 0 0
5491 3 1 0 4 0 0 0
55 3 1 1 3 0.333333333333333 1 0.333333333333333
5507 39 8 8 39 0.205128205128205 1 0.205128205128205
5511 139 34 23 150 0.165467625899281 0.676470588235294 0.153333333333333
553 45 22 18 49 0.4 0.818181818181818 0.36734693877551
5537 26 2 2 26 0.0769230769230769 1 0.0769230769230769
5538 7 2 2 7 0.285714285714286 1 0.285714285714286
5539 37 60 21 76 0.567567567567568 0.35 0.276315789473684
5550 3 3 1 5 0.333333333333333 0.333333333333333 0.2
5560 10 2 2 10 0.2 1 0.2
5568 175 16 13 178 0.0742857142857143 0.8125 0.0730337078651685
557 6 2 1 7 0.166666666666667 0.5 0.142857142857143
5577 39 21 13 47 0.333333333333333 0.619047619047619 0.276595744680851
558 23 1 1 23 0.0434782608695652 1 0.0434782608695652
5580 352 26 23 355 0.0653409090909091 0.884615384615385 0.0647887323943662
559 277 128 121 284 0.436823104693141 0.9453125 0.426056338028169
5602 33 8 5 36 0.151515151515152 0.625 0.138888888888889
5603 82 1 1 82 0.0121951219512195 1 0.0121951219512195
5607 1 1 1 1 1 1 1
5609 2 8 1 9 0.5 0.125 0.111111111111111
5610 22 2 2 22 0.0909090909090909 1 0.0909090909090909
5617 216 3 3 216 0.0138888888888889 1 0.0138888888888889
5639 5 1 0 6 0 0 0
5645 18 6 4 20 0.222222222222222 0.666666666666667 0.2
5661 5 1 1 5 0.2 1 0.2
567 11 2 2 11 0.181818181818182 1 0.181818181818182
5692 1 1 0 2 0 0 0
57 26 7 6 27 0.230769230769231 0.857142857142857 0.222222222222222
5707 3 1 1 3 0.333333333333333 1 0.333333333333333
5713 64 3 2 65 0.03125 0.666666666666667 0.0307692307692308
5726 13 1 1 13 0.0769230769230769 1 0.0769230769230769
5752 2 1 0 3 0 0 0
5764 8 1 1 8 0.125 1 0.125
577 137 1 1 137 0.0072992700729927 1 0.0072992700729927
5786 2 1 1 2 0.5 1 0.5
59 6 3 3 6 0.5 1 0.5
600 46 3 3 46 0.0652173913043478 1 0.0652173913043478
6057 7 5 4 8 0.571428571428571 0.8 0.5
6062 10 2 0 12 0 0 0
6066 1 1 0 2 0 0 0
6067 223 1 1 223 0.00448430493273543 1 0.00448430493273543
6083 28 18 14 32 0.5 0.777777777777778 0.4375
6106 2 2 2 2 1 1 1
6122 10 1 1 10 0.1 1 0.1
6128 332 2 2 332 0.00602409638554217 1 0.00602409638554217
6147 3 8 1 10 0.333333333333333 0.125 0.1
6181 47 2 2 47 0.0425531914893617 1 0.0425531914893617
6182 1 1 1 1 1 1 1
6192 2 1 1 2 0.5 1 0.5
6245 2 1 0 3 0 0 0
6262 1 1 1 1 1 1 1
6263 3 1 1 3 0.333333333333333 1 0.333333333333333
6315 6 1 1 6 0.166666666666667 1 0.166666666666667
6325 41 1 1 41 0.024390243902439 1 0.024390243902439
6327 163 1 1 163 0.00613496932515337 1 0.00613496932515337
6337 3 1 0 4 0 0 0
6360 7 3 2 8 0.285714285714286 0.666666666666667 0.25
6366 4 1 1 4 0.25 1 0.25
64 2 1 0 3 0 0 0
6406 1 1 1 1 1 1 1
6431 1 1 1 1 1 1 1
6435 3 7 2 8 0.666666666666667 0.285714285714286 0.25
6453 537 120 105 552 0.195530726256983 0.875 0.190217391304348
6456 14 3 3 14 0.214285714285714 1 0.214285714285714
65001 4 1 0 5 0 0 0
65071 1 2 1 2 1 0.5 0.5
65075 1 1 0 2 0 0 0
6509 24 9 9 24 0.375 1 0.375
65104 1 1 1 1 1 1 1
6536 16 2 1 17 0.0625 0.5 0.0588235294117647
65530 4 1 0 5 0 0 0
6619 23 8 5 26 0.217391304347826 0.625 0.192307692307692
6629 3 1 1 3 0.333333333333333 1 0.333333333333333
6648 54 9 8 55 0.148148148148148 0.888888888888889 0.145454545454545
6656 41 8 6 43 0.146341463414634 0.75 0.13953488372093
6661 75 4 4 75 0.0533333333333333 1 0.0533333333333333
6667 512 151 145 518 0.283203125 0.960264900662252 0.27992277992278
6677 57 4 3 58 0.0526315789473684 0.75 0.0517241379310345
668 31 7 2 36 0.0645161290322581 0.285714285714286 0.0555555555555556
6690 27 2 2 27 0.0740740740740741 1 0.0740740740740741
6695 178 93 57 214 0.320224719101124 0.612903225806452 0.266355140186916
6702 18 1 1 18 0.0555555555555556 1 0.0555555555555556
6706 8 3 3 8 0.375 1 0.375
6724 32 19 15 36 0.46875 0.789473684210526 0.416666666666667
6730 558 8 6 560 0.010752688172043 0.75 0.0107142857142857
6734 13 4 3 14 0.230769230769231 0.75 0.214285714285714
6760 24 14 8 30 0.333333333333333 0.571428571428571 0.266666666666667
6762 200 66 58 208 0.29 0.878787878787879 0.278846153846154
6770 37 15 6 46 0.162162162162162 0.4 0.130434782608696
6772 20 6 6 20 0.3 1 0.3
6774 68 14 12 70 0.176470588235294 0.857142857142857 0.171428571428571
6775 6 4 4 6 0.666666666666667 1 0.666666666666667
6799 23 1 0 24 0 0 0
680 60 20 16 64 0.266666666666667 0.8 0.25
6802 7 2 2 7 0.285714285714286 1 0.285714285714286
681 2 1 1 2 0.5 1 0.5
6824 3 1 1 3 0.333333333333333 1 0.333333333333333
683 2 1 1 2 0.5 1 0.5
6830 377 30 20 387 0.0530503978779841 0.666666666666667 0.0516795865633075
6838 1 1 1 1 1 1 1
6855 19 2 2 19 0.105263157894737 1 0.105263157894737
6856 3 1 1 3 0.333333333333333 1 0.333333333333333
6881 11 7 6 12 0.545454545454545 0.857142857142857 0.5
6893 2 1 1 2 0.5 1 0.5
6895 5 1 1 5 0.2 1 0.2
6908 99 20 16 103 0.161616161616162 0.8 0.155339805825243
6911 19 3 3 19 0.157894736842105 1 0.157894736842105
6939 1379 743 503 1619 0.364757070340827 0.676985195154778 0.310685608400247
6966 3 1 1 3 0.333333333333333 1 0.333333333333333
6968 3 1 1 3 0.333333333333333 1 0.333333333333333
701 2067 25 20 2072 0.00967585873246251 0.8 0.00965250965250965
7012 16 3 2 17 0.125 0.666666666666667 0.117647058823529
7018 2305 21 17 2309 0.00737527114967462 0.80952380952381 0.00736249458640104
7019 1 1 1 1 1 1 1
7055 3 2 2 3 0.666666666666667 1 0.666666666666667
7065 18 2 1 19 0.0555555555555556 0.5 0.0526315789473684
7066 17 2 2 17 0.117647058823529 1 0.117647058823529
7078 3 2 2 3 0.666666666666667 1 0.666666666666667
7081 48 9 3 54 0.0625 0.333333333333333 0.0555555555555556
71 14 2 1 15 0.0714285714285714 0.5 0.0666666666666667
7106 9 1 0 10 0 0 0
714 12 2 2 12 0.166666666666667 1 0.166666666666667
719 26 3 3 26 0.115384615384615 1 0.115384615384615
7195 1 1 0 2 0 0 0
72 10 1 0 11 0 0 0
7303 75 2 2 75 0.0266666666666667 1 0.0266666666666667
7377 3 1 1 3 0.333333333333333 1 0.333333333333333
7385 185 8 6 187 0.0324324324324324 0.75 0.0320855614973262
7412 1 1 0 2 0 0 0
7470 35 1 1 35 0.0285714285714286 1 0.0285714285714286
7473 147 28 22 153 0.149659863945578 0.785714285714286 0.143790849673203
7477 1 1 1 1 1 1 1
7491 8 1 0 9 0 0 0
7500 52 9 7 54 0.134615384615385 0.777777777777778 0.12962962962963
7503 4 3 1 6 0.25 0.333333333333333 0.166666666666667
7511 3 1 0 4 0 0 0
7514 20 6 4 22 0.2 0.666666666666667 0.181818181818182
7516 5 1 0 6 0 0 0
7521 5 2 1 6 0.2 0.5 0.166666666666667
7522 6 4 1 9 0.166666666666667 0.25 0.111111111111111
7527 6 1 1 6 0.166666666666667 1 0.166666666666667
7529 20 3 2 21 0.1 0.666666666666667 0.0952380952380952
7530 2 2 1 3 0.5 0.5 0.333333333333333
7539 24 9 7 26 0.291666666666667 0.777777777777778 0.269230769230769
7543 16 2 1 17 0.0625 0.5 0.0588235294117647
7545 16 1 0 17 0 0 0
7552 19 2 2 19 0.105263157894737 1 0.105263157894737
7575 247 22 22 247 0.0890688259109312 1 0.0890688259109312
7587 1 2 1 2 1 0.5 0.5
7594 4 4 2 6 0.5 0.5 0.333333333333333
7599 1 1 0 2 0 0 0
760 3 2 2 3 0.666666666666667 1 0.666666666666667
7602 8 1 1 8 0.125 1 0.125
7606 49 3 1 51 0.0204081632653061 0.333333333333333 0.0196078431372549
7615 3 1 1 3 0.333333333333333 1 0.333333333333333
7617 5 2 2 5 0.4 1 0.4
7629 2 2 0 4 0 0 0
7657 10 1 1 10 0.1 1 0.1
766 16 5 4 17 0.25 0.8 0.235294117647059
7660 44 27 23 48 0.522727272727273 0.851851851851852 0.479166666666667
7665 1 1 1 1 1 1 1
7667 4 1 1 4 0.25 1 0.25
7668 11 2 1 12 0.0909090909090909 0.5 0.0833333333333333
7670 21 4 2 23 0.0952380952380952 0.5 0.0869565217391304
7671 3 1 1 3 0.333333333333333 1 0.333333333333333
7682 11 3 2 12 0.181818181818182 0.666666666666667 0.166666666666667
7687 4 1 1 4 0.25 1 0.25
7693 26 2 2 26 0.0769230769230769 1 0.0769230769230769
7718 16 2 2 16 0.125 1 0.125
7753 6 1 1 6 0.166666666666667 1 0.166666666666667
7774 3 1 1 3 0.333333333333333 1 0.333333333333333
7781 6 8 3 11 0.5 0.375 0.272727272727273
7784 35 4 4 35 0.114285714285714 1 0.114285714285714
7786 9 3 2 10 0.222222222222222 0.666666666666667 0.2
7843 51 2 1 52 0.0196078431372549 0.5 0.0192307692307692
7847 2 1 1 2 0.5 1 0.5
786 62 13 10 65 0.161290322580645 0.769230769230769 0.153846153846154
7860 2 1 1 2 0.5 1 0.5
7871 2 1 0 3 0 0 0
790 1 1 0 2 0 0 0
7908 35 5 3 37 0.0857142857142857 0.6 0.0810810810810811
7922 86 14 14 86 0.162790697674419 1 0.162790697674419
7941 3 1 1 3 0.333333333333333 1 0.333333333333333
7949 11 2 0 13 0 0 0
7992 21 1 1 21 0.0476190476190476 1 0.0476190476190476
8001 335 13 12 336 0.0358208955223881 0.923076923076923 0.0357142857142857
8002 49 4 3 50 0.0612244897959184 0.75 0.06
8015 8 2 1 9 0.125 0.5 0.111111111111111
8018 3 1 0 4 0 0 0
8025 6 1 0 7 0 0 0
803 22 2 2 22 0.0909090909090909 1 0.0909090909090909
8038 1 2 1 2 1 0.5 0.5
8047 25 4 4 25 0.16 1 0.16
8057 10 1 0 11 0 0 0
8075 76 11 10 77 0.131578947368421 0.909090909090909 0.12987012987013
8092 12 5 5 12 0.416666666666667 1 0.416666666666667
81 31 1 1 31 0.032258064516129 1 0.032258064516129
8111 5 2 2 5 0.4 1 0.4
812 124 1 1 124 0.00806451612903226 1 0.00806451612903226
8121 71 12 8 75 0.112676056338028 0.666666666666667 0.106666666666667
8134 2 1 1 2 0.5 1 0.5
8158 2 1 1 2 0.5 1 0.5
8190 58 1 1 58 0.0172413793103448 1 0.0172413793103448
8218 278 34 30 282 0.107913669064748 0.882352941176471 0.106382978723404
8220 543 12 10 545 0.0184162062615101 0.833333333333333 0.018348623853211
8224 11 7 5 13 0.454545454545455 0.714285714285714 0.384615384615385
8226 3 4 1 6 0.333333333333333 0.25 0.166666666666667
8237 10 6 5 11 0.5 0.833333333333333 0.454545454545455
8240 3 1 0 4 0 0 0
8246 210 4 0 214 0 0 0
8251 9 7 4 12 0.444444444444444 0.571428571428571 0.333333333333333
8256 2 1 1 2 0.5 1 0.5
8262 53 1 1 53 0.0188679245283019 1 0.0188679245283019
8267 2 1 1 2 0.5 1 0.5
8282 10 2 2 10 0.2 1 0.2
8283 5 4 3 6 0.6 0.75 0.5
8286 2 1 0 3 0 0 0
8299 12 1 0 13 0 0 0
8308 53 3 3 53 0.0566037735849057 1 0.0566037735849057
8312 12 1 1 12 0.0833333333333333 1 0.0833333333333333
8319 30 14 12 32 0.4 0.857142857142857 0.375
8330 10 2 2 10 0.2 1 0.2
8331 272 1 1 272 0.00367647058823529 1 0.00367647058823529
8346 6 2 2 6 0.333333333333333 1 0.333333333333333
8358 15 1 1 15 0.0666666666666667 1 0.0666666666666667
8359 726 43 33 736 0.0454545454545455 0.767441860465116 0.0448369565217391
8364 12 1 1 12 0.0833333333333333 1 0.0833333333333333
8365 54 114 31 137 0.574074074074074 0.271929824561404 0.226277372262774
8368 36 17 11 42 0.305555555555556 0.647058823529412 0.261904761904762
8374 8 4 4 8 0.5 1 0.5
8386 6 1 0 7 0 0 0
8387 16 4 3 17 0.1875 0.75 0.176470588235294
8391 18 15 8 25 0.444444444444444 0.533333333333333 0.32
8396 1 1 0 2 0 0 0
8402 79 1 0 80 0 0 0
8412 18 3 2 19 0.111111111111111 0.666666666666667 0.105263157894737
8419 286 3 3 286 0.0104895104895105 1 0.0104895104895105
8422 91 18 12 97 0.131868131868132 0.666666666666667 0.123711340206186
8426 504 20 18 506 0.0357142857142857 0.9 0.0355731225296443
8442 21 18 9 30 0.428571428571429 0.5 0.3
8447 625 108 90 643 0.144 0.833333333333333 0.139968895800933
8452 40 3 3 40 0.075 1 0.075
8455 8 5 2 11 0.25 0.4 0.181818181818182
8462 4 2 2 4 0.5 1 0.5
8468 666 14 13 667 0.0195195195195195 0.928571428571429 0.0194902548725637
8469 29 17 14 32 0.482758620689655 0.823529411764706 0.4375
8473 77 18 9 86 0.116883116883117 0.5 0.104651162790698
8481 2 1 1 2 0.5 1 0.5
8492 787 3 3 787 0.00381194409148666 1 0.00381194409148666
8495 23 4 4 23 0.173913043478261 1 0.173913043478261
8501 35 11 11 35 0.314285714285714 1 0.314285714285714
8508 1 1 1 1 1 1 1
8513 59 1 1 59 0.0169491525423729 1 0.0169491525423729
8517 17 2 1 18 0.0588235294117647 0.5 0.0555555555555556
8518 5 1 1 5 0.2 1 0.2
8522 2 2 2 2 1 1 1
8527 22 4 4 22 0.181818181818182 1 0.181818181818182
8529 8 1 1 8 0.125 1 0.125
8535 5 3 3 5 0.6 1 0.6
8545 4 14 2 16 0.5 0.142857142857143 0.125
855 36 1 1 36 0.0277777777777778 1 0.0277777777777778
8551 244 17 11 250 0.0450819672131148 0.647058823529412 0.044
8554 9 2 2 9 0.222222222222222 1 0.222222222222222
8560 75 29 22 82 0.293333333333333 0.758620689655172 0.268292682926829
8565 14 5 4 15 0.285714285714286 0.8 0.266666666666667
8567 2 1 1 2 0.5 1 0.5
8582 42 21 14 49 0.333333333333333 0.666666666666667 0.285714285714286
8586 54 11 7 58 0.12962962962963 0.636363636363636 0.120689655172414
8587 4 1 1 4 0.25 1 0.25
8591 53 14 12 55 0.226415094339623 0.857142857142857 0.218181818181818
8596 176 10 10 176 0.0568181818181818 1 0.0568181818181818
8607 42 7 6 43 0.142857142857143 0.857142857142857 0.13953488372093
8624 2 1 1 2 0.5 1 0.5
8648 28 17 9 36 0.321428571428571 0.529411764705882 0.25
8657 88 13 10 91 0.113636363636364 0.769230769230769 0.10989010989011
8664 13 5 4 14 0.307692307692308 0.8 0.285714285714286
8674 49 7 6 50 0.122448979591837 0.857142857142857 0.12
8676 6 3 3 6 0.5 1 0.5
8677 9 1 1 9 0.111111111111111 1 0.111111111111111
8681 38 7 3 42 0.0789473684210526 0.428571428571429 0.0714285714285714
8683 30 1 1 30 0.0333333333333333 1 0.0333333333333333
8697 17 1 1 17 0.0588235294117647 1 0.0588235294117647
8708 265 2 1 266 0.00377358490566038 0.5 0.0037593984962406
8717 95 15 10 100 0.105263157894737 0.666666666666667 0.1
8728 2 1 1 2 0.5 1 0.5
8737 25 5 2 28 0.08 0.4 0.0714285714285714
8758 13 8 8 13 0.615384615384615 1 0.615384615384615
8763 179 64 62 181 0.346368715083799 0.96875 0.342541436464088
8767 68 27 20 75 0.294117647058824 0.740740740740741 0.266666666666667
8771 9 1 0 10 0 0 0
8778 8 2 2 8 0.25 1 0.25
8781 53 16 11 58 0.207547169811321 0.6875 0.189655172413793
8784 9 1 0 10 0 0 0
8804 39 13 9 43 0.230769230769231 0.692307692307692 0.209302325581395
8816 17 1 1 17 0.0588235294117647 1 0.0588235294117647
8820 8 3 2 9 0.25 0.666666666666667 0.222222222222222
8832 1 1 1 1 1 1 1
8844 35 1 1 35 0.0285714285714286 1 0.0285714285714286
8866 109 15 11 113 0.100917431192661 0.733333333333333 0.0973451327433628
8878 4 3 3 4 0.75 1 0.75
8879 22 12 6 28 0.272727272727273 0.5 0.214285714285714
8881 175 31 26 180 0.148571428571429 0.838709677419355 0.144444444444444
8890 2 1 1 2 0.5 1 0.5
8895 11 1 1 11 0.0909090909090909 1 0.0909090909090909
8897 56 16 8 64 0.142857142857143 0.5 0.125
8903 15 3 1 17 0.0666666666666667 0.333333333333333 0.0588235294117647
8915 3 1 1 3 0.333333333333333 1 0.333333333333333
8928 636 26 26 636 0.0408805031446541 1 0.0408805031446541
8934 3 1 1 3 0.333333333333333 1 0.333333333333333
8943 19 5 5 19 0.263157894736842 1 0.263157894736842
8953 19 1 0 20 0 0 0
8954 31 16 8 39 0.258064516129032 0.5 0.205128205128205
8966 97 1 1 97 0.0103092783505155 1 0.0103092783505155
8970 2 1 1 2 0.5 1 0.5
8978 6 2 1 7 0.166666666666667 0.5 0.142857142857143
9 4 1 1 4 0.25 1 0.25
9002 1448 444 421 1471 0.290745856353591 0.948198198198198 0.286199864038069
9008 5 3 3 5 0.6 1 0.6
9009 156 19 15 160 0.0961538461538462 0.789473684210526 0.09375
9022 2 1 0 3 0 0 0
9026 13 6 5 14 0.384615384615385 0.833333333333333 0.357142857142857
9031 67 14 11 70 0.164179104477612 0.785714285714286 0.157142857142857
9044 52 20 15 57 0.288461538461538 0.75 0.263157894736842
9063 44 17 12 49 0.272727272727273 0.705882352941177 0.244897959183673
9080 6 6 3 9 0.5 0.5 0.333333333333333
9085 9 1 1 9 0.111111111111111 1 0.111111111111111
9112 8 1 1 8 0.125 1 0.125
9119 89 13 9 93 0.101123595505618 0.692307692307692 0.0967741935483871
9121 228 2 2 228 0.0087719298245614 1 0.0087719298245614
9129 3 1 0 4 0 0 0
9145 76 16 10 82 0.131578947368421 0.625 0.121951219512195
9150 27 11 7 31 0.259259259259259 0.636363636363636 0.225806451612903
9153 40 7 7 40 0.175 1 0.175
9162 1 1 1 1 1 1 1
9167 23 1 1 23 0.0434782608695652 1 0.0434782608695652
9188 3 2 1 4 0.333333333333333 0.5 0.25
9191 52 8 6 54 0.115384615384615 0.75 0.111111111111111
9211 40 15 10 45 0.25 0.666666666666667 0.222222222222222
9231 2 2 1 3 0.5 0.5 0.333333333333333
9264 31 16 7 40 0.225806451612903 0.4375 0.175
9268 10 2 1 11 0.1 0.5 0.0909090909090909
9270 25 5 3 27 0.12 0.6 0.111111111111111
9293 23 1 1 23 0.0434782608695652 1 0.0434782608695652
9299 53 2 1 54 0.0188679245283019 0.5 0.0185185185185185
9304 204 8 7 205 0.0343137254901961 0.875 0.0341463414634146
9329 13 2 2 13 0.153846153846154 1 0.153846153846154
9340 2 5 0 7 0 0 0
9354 14 1 1 14 0.0714285714285714 1 0.0714285714285714
9365 6 1 1 6 0.166666666666667 1 0.166666666666667
9367 3 1 1 3 0.333333333333333 1 0.333333333333333
9406 2 1 0 3 0 0 0
9431 2 2 2 2 1 1 1
9433 3 3 1 5 0.333333333333333 0.333333333333333 0.2
9445 1 1 1 1 1 1 1
9476 8 1 0 9 0 0 0
9482 23 4 4 23 0.173913043478261 1 0.173913043478261
9497 34 5 4 35 0.117647058823529 0.8 0.114285714285714
9498 232 5 5 232 0.021551724137931 1 0.021551724137931
9503 30 8 6 32 0.2 0.75 0.1875
9505 114 10 8 116 0.0701754385964912 0.8 0.0689655172413793
9534 10 2 2 10 0.2 1 0.2
9541 5 1 0 6 0 0 0
9549 2 1 1 2 0.5 1 0.5
9555 2 1 0 3 0 0 0
9583 36 3 2 37 0.0555555555555556 0.666666666666667 0.0540540540540541
9584 11 2 1 12 0.0909090909090909 0.5 0.0833333333333333
9595 6 4 3 7 0.5 0.75 0.428571428571429
9600 5 3 3 5 0.6 1 0.6
9601 10 1 1 10 0.1 1 0.1
9607 7 4 2 9 0.285714285714286 0.5 0.222222222222222
9612 1 1 0 2 0 0 0
9619 2 2 2 2 1 1 1
9621 3 1 1 3 0.333333333333333 1 0.333333333333333
9622 7 4 2 9 0.285714285714286 0.5 0.222222222222222
9700 7 3 2 8 0.285714285714286 0.666666666666667 0.25
9729 14 1 1 14 0.0714285714285714 1 0.0714285714285714
9732 2 2 1 3 0.5 0.5 0.333333333333333
9738 8 1 0 9 0 0 0
9794 5 1 1 5 0.2 1 0.2
9800 1 2 0 3 0 0 0
9821 9 5 5 9 0.555555555555556 1 0.555555555555556
9829 17 1 1 17 0.0588235294117647 1 0.0588235294117647
9892 3 1 1 3 0.333333333333333 1 0.333333333333333
9896 2 1 1 2 0.5 1 0.5
9901 25 7 4 28 0.16 0.571428571428571 0.142857142857143
9911 21 1 1 21 0.0476190476190476 1 0.0476190476190476
9919 15 1 0 16 0 0 0
9924 53 1 0 54 0 0 0
9930 13 3 3 13 0.230769230769231 1 0.230769230769231
9937 1 1 0 2 0 0 0
9989 14 3 2 15 0.142857142857143 0.666666666666667 0.133333333333333
9999 2 1 0 3 0 0 0
