#ASN num_v4adj num_v6adj num_intersect(v4v6adj) num_union(adj) fr_v4(num_intersect/num_v4adj) fr_v6(num_intersect/num_v6adj) fr_intersect(num_intersect/num_union)
10013 2 6 1 7 0.5 0.166666666666667 0.142857142857143
10015 10 1 0 11 0 0 0
101 35 5 5 35 0.142857142857143 1 0.142857142857143
102 3 1 1 3 0.333333333333333 1 0.333333333333333
10204 8 6 2 12 0.25 0.333333333333333 0.166666666666667
10217 18 1 1 18 0.0555555555555556 1 0.0555555555555556
10318 3 1 0 4 0 0 0
10343 2 1 1 2 0.5 1 0.5
10429 62 1 1 62 0.0161290322580645 1 0.0161290322580645
10480 5 1 1 5 0.2 1 0.2
10490 32 2 2 32 0.0625 1 0.0625
10533 1 1 1 1 1 1 1
10569 1 1 1 1 1 1 1
10578 26 3 3 26 0.115384615384615 1 0.115384615384615
10586 5 2 0 7 0 0 0
10745 2 6 0 8 0 0 0
10764 14 2 2 14 0.142857142857143 1 0.142857142857143
10778 5 2 2 5 0.4 1 0.4
10886 40 17 8 49 0.2 0.470588235294118 0.163265306122449
109 15 5 0 20 0 0 0
1101 1 1 1 1 1 1 1
1103 177 47 45 179 0.254237288135593 0.957446808510638 0.251396648044693
111 3 2 2 3 0.666666666666667 1 0.666666666666667
1125 3 2 2 3 0.666666666666667 1 0.666666666666667
1126 38 11 8 41 0.210526315789474 0.727272727272727 0.195121951219512
11274 9 3 3 9 0.333333333333333 1 0.333333333333333
11317 11 2 2 11 0.181818181818182 1 0.181818181818182
1133 3 1 1 3 0.333333333333333 1 0.333333333333333
11340 5 1 1 5 0.2 1 0.2
1140 22 5 1 26 0.0454545454545455 0.2 0.0384615384615385
11537 79 45 34 90 0.430379746835443 0.755555555555556 0.377777777777778
11588 13 1 1 13 0.0769230769230769 1 0.0769230769230769
11656 1 1 0 2 0 0 0
11815 2 1 0 3 0 0 0
11960 5 2 2 5 0.4 1 0.4
11990 4 1 0 5 0 0 0
1200 45 14 10 49 0.222222222222222 0.714285714285714 0.204081632653061
12008 29 1 1 29 0.0344827586206897 1 0.0344827586206897
12041 6 3 3 6 0.5 1 0.5
12046 2 1 1 2 0.5 1 0.5
12111 27 2 1 28 0.037037037037037 0.5 0.0357142857142857
1213 5 2 2 5 0.4 1 0.4
1221 102 4 1 105 0.00980392156862745 0.25 0.00952380952380952
12287 2 1 1 2 0.5 1 0.5
12312 46 1 1 46 0.0217391304347826 1 0.0217391304347826
12337 40 43 18 65 0.45 0.418604651162791 0.276923076923077
12353 5 4 1 8 0.2 0.25 0.125
12355 13 11 7 17 0.538461538461538 0.636363636363636 0.411764705882353
1237 37 2 1 38 0.027027027027027 0.5 0.0263157894736842
12371 2 1 0 3 0 0 0
12386 15 2 2 15 0.133333333333333 1 0.133333333333333
12399 230 1 1 230 0.00434782608695652 1 0.00434782608695652
12401 11 3 2 12 0.181818181818182 0.666666666666667 0.166666666666667
12414 39 12 9 42 0.230769230769231 0.75 0.214285714285714
12429 20 1 1 20 0.05 1 0.05
12533 2 2 0 4 0 0 0
1257 108 4 1 111 0.00925925925925926 0.25 0.00900900900900901
12600 14 1 1 14 0.0714285714285714 1 0.0714285714285714
12611 39 17 11 45 0.282051282051282 0.647058823529412 0.244444444444444
12634 38 13 10 41 0.263157894736842 0.769230769230769 0.24390243902439
12637 12 3 2 13 0.166666666666667 0.666666666666667 0.153846153846154
12638 1 3 0 4 0 0 0
12654 58 4 3 59 0.0517241379310345 0.75 0.0508474576271186
12657 2 2 2 2 1 1 1
12709 2 1 0 3 0 0 0
1273 326 74 43 357 0.131901840490798 0.581081081081081 0.120448179271709
12731 68 15 10 73 0.147058823529412 0.666666666666667 0.136986301369863
12732 20 2 1 21 0.05 0.5 0.0476190476190476
12741 93 1 0 94 0 0 0
12757 4 1 1 4 0.25 1 0.25
12767 10 1 0 11 0 0 0
12769 5 1 1 5 0.2 1 0.2
12779 67 18 9 76 0.134328358208955 0.5 0.118421052631579
1280 58 11 9 60 0.155172413793103 0.818181818181818 0.15
12816 1 1 1 1 1 1 1
12817 2 2 2 2 1 1 1
12853 1 4 0 5 0 0 0
12859 345 67 61 351 0.176811594202899 0.91044776119403 0.173789173789174
12871 36 14 9 41 0.25 0.642857142857143 0.219512195121951
12874 113 2 2 113 0.0176991150442478 1 0.0176991150442478
12895 10 1 1 10 0.1 1 0.1
12902 40 10 8 42 0.2 0.8 0.19047619047619
12931 4 3 2 5 0.5 0.666666666666667 0.4
12956 128 9 8 129 0.0625 0.888888888888889 0.062015503875969
12968 108 4 1 111 0.00925925925925926 0.25 0.00900900900900901
12989 376 4 4 376 0.0106382978723404 1 0.0106382978723404
1299 495 27 23 499 0.0464646464646465 0.851851851851852 0.0460921843687375
13030 125 7 7 125 0.056 1 0.056
13039 6 1 1 6 0.166666666666667 1 0.166666666666667
13041 7 1 1 7 0.142857142857143 1 0.142857142857143
13092 5 1 1 5 0.2 1 0.2
131075 1 1 1 1 1 1 1
13110 5 2 1 6 0.2 0.5 0.166666666666667
13115 4 1 1 4 0.25 1 0.25
1312 2 1 1 2 0.5 1 0.5
1316 2 1 0 3 0 0 0
13189 24 3 3 24 0.125 1 0.125
13193 43 13 9 47 0.209302325581395 0.692307692307692 0.191489361702128
13237 482 51 43 490 0.0892116182572614 0.843137254901961 0.0877551020408163
13272 1 1 1 1 1 1 1
13276 17 3 2 18 0.117647058823529 0.666666666666667 0.111111111111111
13293 22 3 3 22 0.136363636363636 1 0.136363636363636
13319 4 1 0 5 0 0 0
13448 3 1 1 3 0.333333333333333 1 0.333333333333333
13645 170 10 5 175 0.0294117647058824 0.5 0.0285714285714286
137 16 4 4 16 0.25 1 0.25
13714 2 1 1 2 0.5 1 0.5
13737 1 2 0 3 0 0 0
13802 7 1 0 8 0 0 0
13855 5 2 0 7 0 0 0
13901 2 1 1 2 0.5 1 0.5
13911 4 1 0 5 0 0 0
14277 9 7 1 15 0.111111111111111 0.142857142857143 0.0666666666666667
14595 3 1 0 4 0 0 0
15169 97 5 2 100 0.0206185567010309 0.4 0.02
15226 4 1 0 5 0 0 0
15412 279 3 2 280 0.00716845878136201 0.666666666666667 0.00714285714285714
15431 2 1 1 2 0.5 1 0.5
15440 6 2 1 7 0.166666666666667 0.5 0.142857142857143
15444 259 21 12 268 0.0463320463320463 0.571428571428571 0.0447761194029851
15456 1 2 0 3 0 0 0
15474 1 1 1 1 1 1 1
15480 2 1 1 2 0.5 1 0.5
15501 2 2 2 2 1 1 1
15589 32 13 2 43 0.0625 0.153846153846154 0.0465116279069767
15598 61 17 14 64 0.229508196721311 0.823529411764706 0.21875
15623 30 2 1 31 0.0333333333333333 0.5 0.032258064516129
15685 18 4 4 18 0.222222222222222 1 0.222222222222222
15694 48 1 1 48 0.0208333333333333 1 0.0208333333333333
15706 4 2 1 5 0.25 0.5 0.2
15725 2 2 1 3 0.5 0.5 0.333333333333333
15744 10 1 1 10 0.1 1 0.1
15782 12 2 1 13 0.0833333333333333 0.5 0.0769230769230769
15798 2 1 0 3 0 0 0
15919 7 1 1 7 0.142857142857143 1 0.142857142857143
16004 9 3 2 10 0.222222222222222 0.666666666666667 0.2
16023 3 1 0 4 0 0 0
16030 60 13 10 63 0.166666666666667 0.769230769230769 0.158730158730159
16034 251 34 31 254 0.123505976095618 0.911764705882353 0.122047244094488
16086 31 17 6 42 0.193548387096774 0.352941176470588 0.142857142857143
16128 13 3 2 14 0.153846153846154 0.666666666666667 0.142857142857143
16131 30 9 7 32 0.233333333333333 0.777777777777778 0.21875
16150 203 6 3 206 0.0147783251231527 0.5 0.0145631067961165
16186 42 5 2 45 0.0476190476190476 0.4 0.0444444444444444
16206 16 2 0 18 0 0 0
16215 13 3 3 13 0.230769230769231 1 0.230769230769231
16237 30 3 1 32 0.0333333333333333 0.333333333333333 0.03125
16245 23 3 1 25 0.0434782608695652 0.333333333333333 0.04
16265 68 1 1 68 0.0147058823529412 1 0.0147058823529412
16276 61 2 2 61 0.0327868852459016 1 0.0327868852459016
16316 4 3 0 7 0 0 0
16397 5 2 0 7 0 0 0
1653 23 3 3 23 0.130434782608696 1 0.130434782608696
16531 9 1 0 10 0 0 0
1659 10 3 2 11 0.2 0.666666666666667 0.181818181818182
16668 7 1 0 8 0 0 0
16713 28 1 0 29 0 0 0
16838 12 1 0 13 0 0 0
16942 2 3 0 5 0 0 0
16993 3 1 0 4 0 0 0
17106 5 1 0 6 0 0 0
17263 4 1 0 5 0 0 0
1741 10 3 2 11 0.2 0.666666666666667 0.181818181818182
17435 3 1 0 4 0 0 0
17511 7 2 0 9 0 0 0
17529 6 1 0 7 0 0 0
17554 8 3 3 8 0.375 1 0.375
17579 8 5 3 10 0.375 0.6 0.3
1764 25 6 5 26 0.2 0.833333333333333 0.192307692307692
17676 34 6 2 38 0.0588235294117647 0.333333333333333 0.0526315789473684
17709 9 1 0 10 0 0 0
17716 3 1 1 3 0.333333333333333 1 0.333333333333333
17832 4 11 1 14 0.25 0.0909090909090909 0.0714285714285714
17843 2 1 1 2 0.5 1 0.5
17853 1 1 0 2 0 0 0
17934 2 3 1 4 0.5 0.333333333333333 0.25
17955 3 1 1 3 0.333333333333333 1 0.333333333333333
1797 2 3 2 3 1 0.666666666666667 0.666666666666667
1798 3 2 0 5 0 0 0
18015 2 2 2 2 1 1 1
18119 3 1 0 4 0 0 0
18126 5 1 1 5 0.2 1 0.2
18182 3 1 0 4 0 0 0
18185 5 2 2 5 0.4 1 0.4
18206 2 2 0 4 0 0 0
18210 2 1 0 3 0 0 0
18266 4 1 1 4 0.25 1 0.25
18344 1 3 0 4 0 0 0
1835 6 2 2 6 0.333333333333333 1 0.333333333333333
1836 47 6 6 47 0.127659574468085 1 0.127659574468085
18366 2 2 1 3 0.5 0.5 0.333333333333333
18422 5 2 2 5 0.4 1 0.4
18508 1 3 0 4 0 0 0
1853 105 18 16 107 0.152380952380952 0.888888888888889 0.149532710280374
18592 27 9 8 28 0.296296296296296 0.888888888888889 0.285714285714286
18666 2 2 0 4 0 0 0
1880 16 2 2 16 0.125 1 0.125
1887 7 1 1 7 0.142857142857143 1 0.142857142857143
1888 1 1 1 1 1 1 1
18922 28 2 1 29 0.0357142857142857 0.5 0.0344827586206897
1901 108 2 2 108 0.0185185185185185 1 0.0185185185185185
19021 1 1 0 2 0 0 0
1916 77 7 4 80 0.051948051948052 0.571428571428571 0.05
19165 2 1 0 3 0 0 0
19166 4 1 1 4 0.25 1 0.25
19192 2 1 1 2 0.5 1 0.5
19255 1 1 0 2 0 0 0
1930 22 5 4 23 0.181818181818182 0.8 0.173913043478261
19318 47 4 2 49 0.0425531914893617 0.5 0.0408163265306122
19401 41 13 13 41 0.317073170731707 1 0.317073170731707
195 6 4 2 8 0.333333333333333 0.5 0.25
1955 11 2 2 11 0.181818181818182 1 0.181818181818182
196613 2 1 1 2 0.5 1 0.5
196615 2 1 1 2 0.5 1 0.5
19782 13 1 1 13 0.0769230769230769 1 0.0769230769230769
19783 2 1 0 3 0 0 0
19835 8 2 0 10 0 0 0
20080 19 3 3 19 0.157894736842105 1 0.157894736842105
2018 5 5 2 8 0.4 0.4 0.25
20312 7 1 1 7 0.142857142857143 1 0.142857142857143
2042 16 3 2 17 0.125 0.666666666666667 0.117647058823529
20495 52 9 7 54 0.134615384615385 0.777777777777778 0.12962962962963
20569 12 2 2 12 0.166666666666667 1 0.166666666666667
20597 2 1 0 3 0 0 0
20612 3 2 2 3 0.666666666666667 1 0.666666666666667
20621 2 1 1 2 0.5 1 0.5
20633 23 9 4 28 0.173913043478261 0.444444444444444 0.142857142857143
20640 203 63 48 218 0.236453201970443 0.761904761904762 0.220183486238532
20646 39 17 8 48 0.205128205128205 0.470588235294118 0.166666666666667
20650 6 1 1 6 0.166666666666667 1 0.166666666666667
20704 20 4 4 20 0.2 1 0.2
20712 7 2 0 9 0 0 0
20718 33 11 3 41 0.0909090909090909 0.272727272727273 0.0731707317073171
20745 1 4 0 5 0 0 0
20794 2 1 0 3 0 0 0
20834 27 3 2 28 0.0740740740740741 0.666666666666667 0.0714285714285714
20847 35 11 7 39 0.2 0.636363636363636 0.179487179487179
209 1296 4 3 1297 0.00231481481481481 0.75 0.0023130300693909
20900 2 1 0 3 0 0 0
20912 3 5 0 8 0 0 0
20965 48 39 39 48 0.8125 1 0.8125
210 9 1 1 9 0.111111111111111 1 0.111111111111111
21055 24 3 1 26 0.0416666666666667 0.333333333333333 0.0384615384615385
2107 1 1 1 1 1 1 1
2108 1 1 1 1 1 1 1
2110 56 6 1 61 0.0178571428571429 0.166666666666667 0.0163934426229508
21119 5 1 1 5 0.2 1 0.2
21155 39 14 10 43 0.256410256410256 0.714285714285714 0.232558139534884
2116 29 1 1 29 0.0344827586206897 1 0.0344827586206897
21221 27 8 6 29 0.222222222222222 0.75 0.206896551724138
2128 4 1 1 4 0.25 1 0.25
21280 10 1 0 11 0 0 0
21385 65 15 12 68 0.184615384615385 0.8 0.176470588235294
2153 41 7 7 41 0.170731707317073 1 0.170731707317073
21844 10 1 1 10 0.1 1 0.1
21947 23 3 3 23 0.130434782608696 1 0.130434782608696
2200 48 3 3 48 0.0625 1 0.0625
22166 2 1 0 3 0 0 0
22388 9 6 6 9 0.666666666666667 1 0.666666666666667
224 5 1 1 5 0.2 1 0.2
22548 29 2 1 30 0.0344827586206897 0.5 0.0333333333333333
226 24 1 1 24 0.0416666666666667 1 0.0416666666666667
22767 2 1 1 2 0.5 1 0.5
23265 19 1 1 19 0.0526315789473684 1 0.0526315789473684
23352 126 3 3 126 0.0238095238095238 1 0.0238095238095238
23393 58 3 2 59 0.0344827586206897 0.666666666666667 0.0338983050847458
23456 8 3 2 9 0.25 0.666666666666667 0.222222222222222
23504 28 8 3 33 0.107142857142857 0.375 0.0909090909090909
23541 5 2 1 6 0.2 0.5 0.166666666666667
23554 2 1 1 2 0.5 1 0.5
23600 3 1 1 3 0.333333333333333 1 0.333333333333333
23624 2 1 1 2 0.5 1 0.5
23634 4 3 2 5 0.5 0.666666666666667 0.4
23654 2 1 1 2 0.5 1 0.5
237 31 1 1 31 0.032258064516129 1 0.032258064516129
23754 1 1 0 2 0 0 0
23774 3 2 1 4 0.333333333333333 0.5 0.25
23787 2 2 1 3 0.5 0.5 0.333333333333333
2381 28 2 1 29 0.0357142857142857 0.5 0.0344827586206897
23836 1 1 1 1 1 1 1
23869 2 1 0 3 0 0 0
23889 4 1 1 4 0.25 1 0.25
23902 1 1 0 2 0 0 0
23910 3 7 2 8 0.666666666666667 0.285714285714286 0.25
23911 5 12 5 12 1 0.416666666666667 0.416666666666667
23912 1 1 0 2 0 0 0
23966 4 3 0 7 0 0 0
24 10 8 5 13 0.5 0.625 0.384615384615385
24218 32 1 1 32 0.03125 1 0.03125
24226 2 2 0 4 0 0 0
24229 3 1 1 3 0.333333333333333 1 0.333333333333333
24287 4 3 3 4 0.75 1 0.75
24311 1 2 0 3 0 0 0
24334 2 1 1 2 0.5 1 0.5
24390 2 1 1 2 0.5 1 0.5
24433 2 1 1 2 0.5 1 0.5
24435 2 1 0 3 0 0 0
24475 3 3 3 3 1 1 1
24489 7 5 5 7 0.714285714285714 1 0.714285714285714
24490 9 8 8 9 0.888888888888889 1 0.888888888888889
24514 3 2 2 3 0.666666666666667 1 0.666666666666667
24541 2 3 1 4 0.5 0.333333333333333 0.25
24586 25 3 2 26 0.08 0.666666666666667 0.0769230769230769
24587 36 8 5 39 0.138888888888889 0.625 0.128205128205128
24724 66 3 3 66 0.0454545454545455 1 0.0454545454545455
24730 45 1 1 45 0.0222222222222222 1 0.0222222222222222
24776 5 2 1 6 0.2 0.5 0.166666666666667
24875 205 45 39 211 0.190243902439024 0.866666666666667 0.184834123222749
2497 233 58 40 251 0.171673819742489 0.689655172413793 0.159362549800797
24973 5 1 0 6 0 0 0
250 4 1 0 5 0 0 0
2500 32 44 12 64 0.375 0.272727272727273 0.1875
2506 2 1 1 2 0.5 1 0.5
25061 39 3 2 40 0.0512820512820513 0.666666666666667 0.05
25098 17 1 1 17 0.0588235294117647 1 0.0588235294117647
2510 18 6 3 21 0.166666666666667 0.5 0.142857142857143
25108 14 5 4 15 0.285714285714286 0.8 0.266666666666667
25137 4 1 1 4 0.25 1 0.25
2514 18 3 2 19 0.111111111111111 0.666666666666667 0.105263157894737
2515 6 1 1 6 0.166666666666667 1 0.166666666666667
25152 38 6 3 41 0.0789473684210526 0.5 0.0731707317073171
2516 301 43 30 314 0.0996677740863787 0.697674418604651 0.0955414012738854
2518 57 8 3 62 0.0526315789473684 0.375 0.0483870967741935
2519 30 4 1 33 0.0333333333333333 0.25 0.0303030303030303
25192 22 2 2 22 0.0909090909090909 1 0.0909090909090909
25208 2 1 0 3 0 0 0
25220 14 3 2 15 0.142857142857143 0.666666666666667 0.133333333333333
25232 344 14 14 344 0.0406976744186047 1 0.0406976744186047
2527 10 5 3 12 0.3 0.6 0.25
25358 14 9 1 22 0.0714285714285714 0.111111111111111 0.0454545454545455
25384 7 2 0 9 0 0 0
25441 9 1 1 9 0.111111111111111 1 0.111111111111111
25466 8 2 2 8 0.25 1 0.25
25473 4 1 1 4 0.25 1 0.25
2549 3 2 1 4 0.333333333333333 0.5 0.25
25538 2 1 0 3 0 0 0
25560 75 18 15 78 0.2 0.833333333333333 0.192307692307692
25588 24 1 0 25 0 0 0
25689 7 2 1 8 0.142857142857143 0.5 0.125
2572 7 1 1 7 0.142857142857143 1 0.142857142857143
2586 8 1 1 8 0.125 1 0.125
2594 4 1 0 5 0 0 0
2595 1 1 0 2 0 0 0
2602 2 1 1 2 0.5 1 0.5
2603 31 12 9 34 0.290322580645161 0.75 0.264705882352941
2607 30 5 5 30 0.166666666666667 1 0.166666666666667
2611 50 12 11 51 0.22 0.916666666666667 0.215686274509804
2614 10 1 1 10 0.1 1 0.1
26415 28 3 0 31 0 0 0
26943 150 13 10 153 0.0666666666666667 0.769230769230769 0.065359477124183
2697 4 1 1 4 0.25 1 0.25
26978 14 2 0 16 0 0 0
27 2 1 1 2 0.5 1 0.5
2714 1 1 1 1 1 1 1
27319 25 3 3 25 0.12 1 0.12
27325 11 2 2 11 0.181818181818182 1 0.181818181818182
27446 5 1 0 6 0 0 0
27576 2 1 0 3 0 0 0
27678 6 1 1 6 0.166666666666667 1 0.166666666666667
27750 21 13 13 21 0.619047619047619 1 0.619047619047619
278 7 7 1 13 0.142857142857143 0.142857142857143 0.0769230769230769
27807 7 4 4 7 0.571428571428571 1 0.571428571428571
27841 2 1 1 2 0.5 1 0.5
2819 23 4 0 27 0 0 0
2847 2 1 1 2 0.5 1 0.5
28472 1 1 1 1 1 1 1
2852 46 3 3 46 0.0652173913043478 1 0.0652173913043478
2857 149 14 10 153 0.0671140939597315 0.714285714285714 0.065359477124183
286 333 28 23 338 0.0690690690690691 0.821428571428571 0.0680473372781065
28678 2 1 1 2 0.5 1 0.5
28716 47 1 1 47 0.0212765957446809 1 0.0212765957446809
28725 3 1 0 4 0 0 0
28747 1 1 1 1 1 1 1
28788 44 3 3 44 0.0681818181818182 1 0.0681818181818182
28792 9 2 1 10 0.111111111111111 0.5 0.1
28824 2 1 0 3 0 0 0
2884 6 2 2 6 0.333333333333333 1 0.333333333333333
28855 9 1 1 9 0.111111111111111 1 0.111111111111111
28857 7 4 2 9 0.285714285714286 0.5 0.222222222222222
2895 9 2 2 9 0.222222222222222 1 0.222222222222222
2905 25 1 0 26 0 0 0
2907 76 4 2 78 0.0263157894736842 0.5 0.0256410256410256
29134 4 1 0 5 0 0 0
2914 591 147 83 655 0.140439932318105 0.564625850340136 0.126717557251908
29147 1 1 0 2 0 0 0
2915 7 8 1 14 0.142857142857143 0.125 0.0714285714285714
29208 27 5 4 28 0.148148148148148 0.8 0.142857142857143
29216 1 2 1 2 1 0.5 0.5
29243 3 1 1 3 0.333333333333333 1 0.333333333333333
29259 2 2 2 2 1 1 1
293 127 19 15 131 0.118110236220472 0.789473684210526 0.114503816793893
29317 1 1 1 1 1 1 1
29402 8 1 0 9 0 0 0
29405 5 1 1 5 0.2 1 0.2
29422 20 3 2 21 0.1 0.666666666666667 0.0952380952380952
29449 30 16 7 39 0.233333333333333 0.4375 0.179487179487179
29452 2 1 0 3 0 0 0
29527 39 8 6 41 0.153846153846154 0.75 0.146341463414634
29632 11 3 0 14 0 0 0
29636 169 25 24 170 0.142011834319527 0.96 0.141176470588235
29668 33 1 1 33 0.0303030303030303 1 0.0303030303030303
29670 4 1 1 4 0.25 1 0.25
29686 297 73 69 301 0.232323232323232 0.945205479452055 0.229235880398671
29748 28 7 4 31 0.142857142857143 0.571428571428571 0.129032258064516
29791 43 3 1 45 0.0232558139534884 0.333333333333333 0.0222222222222222
29877 5 1 0 6 0 0 0
3 4 1 0 5 0 0 0
30071 27 97 12 112 0.444444444444444 0.123711340206186 0.107142857142857
30128 3 3 2 4 0.666666666666667 0.666666666666667 0.5
30129 2 2 2 2 1 1 1
30132 12 3 3 12 0.25 1 0.25
30374 2 1 0 3 0 0 0
30528 6 1 1 6 0.166666666666667 1 0.166666666666667
30653 19 3 1 21 0.0526315789473684 0.333333333333333 0.0476190476190476
30781 26 2 2 26 0.0769230769230769 1 0.0769230769230769
30834 7 2 2 7 0.285714285714286 1 0.285714285714286
30913 18 3 1 20 0.0555555555555556 0.333333333333333 0.05
31065 5 2 0 7 0 0 0
31117 13 1 1 13 0.0769230769230769 1 0.0769230769230769
31127 3 1 1 3 0.333333333333333 1 0.333333333333333
31246 5 1 1 5 0.2 1 0.2
31265 1 1 1 1 1 1 1
31333 6 2 2 6 0.333333333333333 1 0.333333333333333
31383 31 10 7 34 0.225806451612903 0.7 0.205882352941176
3140 1 1 1 1 1 1 1
31424 11 1 1 11 0.0909090909090909 1 0.0909090909090909
31458 47 2 1 48 0.0212765957446809 0.5 0.0208333333333333
31477 17 2 2 17 0.117647058823529 1 0.117647058823529
31479 6 1 1 6 0.166666666666667 1 0.166666666666667
31529 30 1 1 30 0.0333333333333333 1 0.0333333333333333
31530 8 4 3 9 0.375 0.75 0.333333333333333
31708 5 2 2 5 0.4 1 0.4
31985 5 1 0 6 0 0 0
32034 4 4 3 5 0.75 0.75 0.6
3212 48 1 1 48 0.0208333333333333 1 0.0208333333333333
3213 132 10 9 133 0.0681818181818182 0.9 0.0676691729323308
3221 2 1 1 2 0.5 1 0.5
3224 1 1 1 1 1 1 1
32361 7 2 2 7 0.285714285714286 1 0.285714285714286
3243 12 3 2 13 0.166666666666667 0.666666666666667 0.153846153846154
32459 3 1 1 3 0.333333333333333 1 0.333333333333333
3246 112 1 1 112 0.00892857142857143 1 0.00892857142857143
3248 41 5 3 43 0.0731707317073171 0.6 0.0697674418604651
3249 47 10 7 50 0.148936170212766 0.7 0.14
3257 405 163 80 488 0.197530864197531 0.49079754601227 0.163934426229508
3265 43 14 7 50 0.162790697674419 0.5 0.14
3277 110 1 0 111 0 0 0
3292 311 11 8 314 0.0257234726688103 0.727272727272727 0.0254777070063694
32978 3 1 1 3 0.333333333333333 1 0.333333333333333
3301 55 1 1 55 0.0181818181818182 1 0.0181818181818182
3303 397 21 16 402 0.0403022670025189 0.761904761904762 0.0398009950248756
3320 438 15 7 446 0.0159817351598174 0.466666666666667 0.015695067264574
3327 335 13 12 336 0.0358208955223881 0.923076923076923 0.0357142857142857
3333 144 5 3 146 0.0208333333333333 0.6 0.0205479452054795
3343 19 7 3 23 0.157894736842105 0.428571428571429 0.130434782608696
33437 1 11 1 11 1 0.0909090909090909 0.0909090909090909
3344 23 12 5 30 0.217391304347826 0.416666666666667 0.166666666666667
3352 61 3 1 63 0.0163934426229508 0.333333333333333 0.0158730158730159
3356 1476 41 34 1483 0.0230352303523035 0.829268292682927 0.0229265003371544
33843 31 9 6 34 0.193548387096774 0.666666666666667 0.176470588235294
34081 4 2 2 4 0.5 1 0.5
34159 4 1 1 4 0.25 1 0.25
34225 30 3 3 30 0.1 1 0.1
34243 1 1 1 1 1 1 1
34270 35 4 2 37 0.0571428571428571 0.5 0.0540540540540541
34288 5 3 1 7 0.2 0.333333333333333 0.142857142857143
34309 25 37 8 54 0.32 0.216216216216216 0.148148148148148
34419 9 4 2 11 0.222222222222222 0.5 0.181818181818182
34549 9 3 1 11 0.111111111111111 0.333333333333333 0.0909090909090909
34631 3 3 2 4 0.666666666666667 0.666666666666667 0.5
34763 63 12 5 70 0.0793650793650794 0.416666666666667 0.0714285714285714
34806 3 1 0 4 0 0 0
35003 2 1 1 2 0.5 1 0.5
35028 32 4 4 32 0.125 1 0.125
35244 23 12 8 27 0.347826086956522 0.666666666666667 0.296296296296296
35272 3 1 1 3 0.333333333333333 1 0.333333333333333
35292 8 1 0 9 0 0 0
35425 8 2 2 8 0.25 1 0.25
35485 4 1 1 4 0.25 1 0.25
3549 994 78 62 1010 0.062374245472837 0.794871794871795 0.0613861386138614
35492 3 1 1 3 0.333333333333333 1 0.333333333333333
3551 1 1 0 2 0 0 0
3557 81 18 9 90 0.111111111111111 0.5 0.1
35612 4 3 0 7 0 0 0
35627 3 2 2 3 0.666666666666667 1 0.666666666666667
35706 14 4 2 16 0.142857142857143 0.5 0.125
3597 8 1 1 8 0.125 1 0.125
3640 4 1 1 4 0.25 1 0.25
36472 8 1 0 9 0 0 0
3662 13 1 1 13 0.0769230769230769 1 0.0769230769230769
36856 2 2 0 4 0 0 0
36944 1 1 1 1 1 1 1
376 15 1 1 15 0.0666666666666667 1 0.0666666666666667
378 3 1 1 3 0.333333333333333 1 0.333333333333333
3790 3 1 1 3 0.333333333333333 1 0.333333333333333
38005 2 2 2 2 1 1 1
38018 8 3 3 8 0.375 1 0.375
38022 15 2 2 15 0.133333333333333 1 0.133333333333333
38083 2 1 1 2 0.5 1 0.5
38128 1 1 0 2 0 0 0
38140 2 1 1 2 0.5 1 0.5
3825 1 3 0 4 0 0 0
3836 6 8 1 13 0.166666666666667 0.125 0.0769230769230769
38462 2 1 1 2 0.5 1 0.5
38986 3 1 1 3 0.333333333333333 1 0.333333333333333
39122 5 1 1 5 0.2 1 0.2
39211 1 1 1 1 1 1 1
39301 2 2 2 2 1 1 1
39326 40 8 6 42 0.15 0.75 0.142857142857143
39854 1 1 1 1 1 1 1
3999 1 1 1 1 1 1 1
40009 32 4 2 34 0.0625 0.5 0.0588235294117647
40193 7 1 0 8 0 0 0
40220 11 2 2 11 0.181818181818182 1 0.181818181818182
40490 2 1 1 2 0.5 1 0.5
40528 3 2 2 3 0.666666666666667 1 0.666666666666667
41075 3 1 0 4 0 0 0
41102 2 7 1 8 0.5 0.142857142857143 0.125
4134 80 2 0 82 0 0 0
41670 1 1 0 2 0 0 0
41692 261 66 52 275 0.199233716475096 0.787878787878788 0.189090909090909
41773 1 1 1 1 1 1 1
42 83 2 2 83 0.0240963855421687 1 0.0240963855421687
42689 1 1 1 1 1 1 1
4436 86 10 9 87 0.104651162790698 0.9 0.103448275862069
4538 20 7 5 22 0.25 0.714285714285714 0.227272727272727
4555 1 5 0 6 0 0 0
4557 10 2 2 10 0.2 1 0.2
4589 678 54 49 683 0.0722713864306785 0.907407407407407 0.0717423133235725
4608 3 2 1 4 0.333333333333333 0.5 0.25
4618 17 4 1 20 0.0588235294117647 0.25 0.05
4621 31 3 2 32 0.0645161290322581 0.666666666666667 0.0625
4635 79 9 8 80 0.10126582278481 0.888888888888889 0.1
4645 16 1 1 16 0.0625 1 0.0625
4651 30 8 5 33 0.166666666666667 0.625 0.151515151515152
4673 8 1 1 8 0.125 1 0.125
4675 6 5 1 10 0.166666666666667 0.2 0.1
4677 6 1 1 6 0.166666666666667 1 0.166666666666667
4678 8 6 3 11 0.375 0.5 0.272727272727273
4680 10 5 2 13 0.2 0.4 0.153846153846154
4685 9 5 3 11 0.333333333333333 0.6 0.272727272727273
4688 11 6 3 14 0.272727272727273 0.5 0.214285714285714
4691 9 11 3 17 0.333333333333333 0.272727272727273 0.176470588235294
4697 3 11 3 11 1 0.272727272727273 0.272727272727273
4702 5 3 1 7 0.2 0.333333333333333 0.142857142857143
4713 87 4 4 87 0.0459770114942529 1 0.0459770114942529
4716 82 20 10 92 0.121951219512195 0.5 0.108695652173913
4717 3 2 2 3 0.666666666666667 1 0.666666666666667
4718 3 4 1 6 0.333333333333333 0.25 0.166666666666667
4721 11 6 1 16 0.0909090909090909 0.166666666666667 0.0625
4725 127 28 12 143 0.094488188976378 0.428571428571429 0.0839160839160839
4741 9 2 0 11 0 0 0
4747 9 2 0 11 0 0 0
4750 47 4 1 50 0.0212765957446809 0.25 0.02
4755 102 1 1 102 0.00980392156862745 1 0.00980392156862745
4761 50 3 2 51 0.04 0.666666666666667 0.0392156862745098
4768 20 1 1 20 0.05 1 0.05
4775 45 1 1 45 0.0222222222222222 1 0.0222222222222222
4777 26 7 4 29 0.153846153846154 0.571428571428571 0.137931034482759
4780 25 2 1 26 0.04 0.5 0.0384615384615385
4782 3 1 0 4 0 0 0
4787 8 5 0 13 0 0 0
4788 148 8 5 151 0.0337837837837838 0.625 0.033112582781457
4795 37 4 1 40 0.027027027027027 0.25 0.025
4796 3 1 1 3 0.333333333333333 1 0.333333333333333
4818 4 1 0 5 0 0 0
5050 17 2 2 17 0.117647058823529 1 0.117647058823529
513 42 9 6 45 0.142857142857143 0.666666666666667 0.133333333333333
5385 13 8 4 17 0.307692307692308 0.5 0.235294117647059
5408 29 2 1 30 0.0344827586206897 0.5 0.0333333333333333
5410 50 2 0 52 0 0 0
5413 199 2 1 200 0.0050251256281407 0.5 0.005
5421 3 1 1 3 0.333333333333333 1 0.333333333333333
5430 354 21 18 357 0.0508474576271186 0.857142857142857 0.0504201680672269
5459 237 10 10 237 0.0421940928270042 1 0.0421940928270042
5466 72 2 1 73 0.0138888888888889 0.5 0.0136986301369863
5486 38 2 0 40 0 0 0
5511 171 22 18 175 0.105263157894737 0.818181818181818 0.102857142857143
553 45 18 14 49 0.311111111111111 0.777777777777778 0.285714285714286
5537 23 2 1 24 0.0434782608695652 0.5 0.0416666666666667
5539 40 42 17 65 0.425 0.404761904761905 0.261538461538462
5550 4 2 1 5 0.25 0.5 0.2
5568 97 7 4 100 0.0412371134020619 0.571428571428571 0.04
557 6 1 1 6 0.166666666666667 1 0.166666666666667
559 57 18 17 58 0.298245614035088 0.944444444444444 0.293103448275862
5602 18 3 2 19 0.111111111111111 0.666666666666667 0.105263157894737
5609 2 8 0 10 0 0 0
5617 148 1 1 148 0.00675675675675676 1 0.00675675675675676
5623 1 4 0 5 0 0 0
5669 11 3 0 14 0 0 0
57 22 3 3 22 0.136363636363636 1 0.136363636363636
5707 3 1 1 3 0.333333333333333 1 0.333333333333333
5713 140 2 1 141 0.00714285714285714 0.5 0.00709219858156028
577 119 1 1 119 0.00840336134453781 1 0.00840336134453781
6057 5 3 2 6 0.4 0.666666666666667 0.333333333333333
6062 10 2 0 12 0 0 0
6066 3 1 0 4 0 0 0
6083 28 11 9 30 0.321428571428571 0.818181818181818 0.3
6140 104 1 0 105 0 0 0
6163 9 1 0 10 0 0 0
6182 1 1 1 1 1 1 1
6263 3 1 1 3 0.333333333333333 1 0.333333333333333
6320 318 1 0 319 0 0 0
6342 4 1 0 5 0 0 0
6360 11 2 2 11 0.181818181818182 1 0.181818181818182
6435 3 9 0 12 0 0 0
6453 443 55 46 452 0.103837471783296 0.836363636363636 0.101769911504425
6509 40 6 6 40 0.15 1 0.15
65100 1 1 1 1 1 1 1
6536 15 1 0 16 0 0 0
65500 4 1 0 5 0 0 0
6619 14 2 1 15 0.0714285714285714 0.5 0.0666666666666667
6629 2 1 1 2 0.5 1 0.5
6648 30 1 1 30 0.0333333333333333 1 0.0333333333333333
6666 36 17 10 43 0.277777777777778 0.588235294117647 0.232558139534884
6667 490 88 85 493 0.173469387755102 0.965909090909091 0.172413793103448
668 37 7 3 41 0.0810810810810811 0.428571428571429 0.0731707317073171
6695 153 18 16 155 0.104575163398693 0.888888888888889 0.103225806451613
6696 9 3 2 10 0.222222222222222 0.666666666666667 0.2
6706 7 4 3 8 0.428571428571429 0.75 0.375
6730 612 4 4 612 0.0065359477124183 1 0.0065359477124183
6762 141 30 21 150 0.148936170212766 0.7 0.14
6770 41 13 8 46 0.195121951219512 0.615384615384615 0.173913043478261
6772 12 4 4 12 0.333333333333333 1 0.333333333333333
6774 79 10 9 80 0.113924050632911 0.9 0.1125
6775 5 1 1 5 0.2 1 0.2
680 55 12 9 58 0.163636363636364 0.75 0.155172413793103
6802 7 2 2 7 0.285714285714286 1 0.285714285714286
6830 309 63 28 344 0.0906148867313916 0.444444444444444 0.0813953488372093
6881 69 1 1 69 0.0144927536231884 1 0.0144927536231884
6895 6 1 1 6 0.166666666666667 1 0.166666666666667
6939 699 95 72 722 0.103004291845494 0.757894736842105 0.0997229916897507
701 2776 15 9 2782 0.00324207492795389 0.6 0.00323508267433501
7018 2112 9 5 2116 0.00236742424242424 0.555555555555556 0.00236294896030246
7019 1 1 1 1 1 1 1
7065 17 3 1 19 0.0588235294117647 0.333333333333333 0.0526315789473684
7066 22 3 3 22 0.136363636363636 1 0.136363636363636
719 14 1 0 15 0 0 0
7377 3 1 0 4 0 0 0
7470 30 1 1 30 0.0333333333333333 1 0.0333333333333333
7500 64 6 2 68 0.03125 0.333333333333333 0.0294117647058824
7514 20 8 4 24 0.2 0.5 0.166666666666667
7516 3 1 0 4 0 0 0
7521 4 2 1 5 0.25 0.5 0.2
7522 7 7 2 12 0.285714285714286 0.285714285714286 0.166666666666667
7530 2 3 0 5 0 0 0
7539 25 10 9 26 0.36 0.9 0.346153846153846
7573 1 1 1 1 1 1 1
7575 430 79 76 433 0.176744186046512 0.962025316455696 0.175519630484988
7606 50 3 3 50 0.06 1 0.06
7610 13 2 0 15 0 0 0
766 17 5 4 18 0.235294117647059 0.8 0.222222222222222
7660 39 19 14 44 0.358974358974359 0.736842105263158 0.318181818181818
7665 2 1 1 2 0.5 1 0.5
7667 5 1 0 6 0 0 0
7668 10 1 0 11 0 0 0
7670 20 2 1 21 0.05 0.5 0.0476190476190476
7671 4 32 3 33 0.75 0.09375 0.0909090909090909
7682 11 3 2 12 0.181818181818182 0.666666666666667 0.166666666666667
7687 4 1 1 4 0.25 1 0.25
7753 5 1 1 5 0.2 1 0.2
7781 3 5 1 7 0.333333333333333 0.2 0.142857142857143
7784 35 3 2 36 0.0571428571428571 0.666666666666667 0.0555555555555556
7786 7 2 1 8 0.142857142857143 0.5 0.125
786 52 10 3 59 0.0576923076923077 0.3 0.0508474576271186
790 1 2 1 2 1 0.5 0.5
7902 15 1 1 15 0.0666666666666667 1 0.0666666666666667
7908 39 5 4 40 0.102564102564103 0.8 0.1
7949 9 2 0 11 0 0 0
8002 38 3 2 39 0.0526315789473684 0.666666666666667 0.0512820512820513
8018 2 1 1 2 0.5 1 0.5
81 16 1 1 16 0.0625 1 0.0625
8121 43 6 3 46 0.0697674418604651 0.5 0.0652173913043478
8195 51 7 5 53 0.0980392156862745 0.714285714285714 0.0943396226415094
8201 7 2 1 8 0.142857142857143 0.5 0.125
8220 509 13 9 513 0.0176817288801572 0.692307692307692 0.0175438596491228
8224 8 4 3 9 0.375 0.75 0.333333333333333
8226 3 2 0 5 0 0 0
8237 7 2 2 7 0.285714285714286 1 0.285714285714286
8246 174 1 0 175 0 0 0
8256 1 1 1 1 1 1 1
8267 2 1 1 2 0.5 1 0.5
8282 9 4 1 12 0.111111111111111 0.25 0.0833333333333333
8299 7 1 0 8 0 0 0
8312 8 1 1 8 0.125 1 0.125
8319 32 12 10 34 0.3125 0.833333333333333 0.294117647058824
8330 6 3 1 8 0.166666666666667 0.333333333333333 0.125
8346 3 1 1 3 0.333333333333333 1 0.333333333333333
8364 10 2 1 11 0.1 0.5 0.0909090909090909
8365 81 17 13 85 0.160493827160494 0.764705882352941 0.152941176470588
8368 14 3 2 15 0.142857142857143 0.666666666666667 0.133333333333333
8387 13 1 1 13 0.0769230769230769 1 0.0769230769230769
8396 2 1 0 3 0 0 0
8419 207 5 4 208 0.0193236714975845 0.8 0.0192307692307692
8422 95 9 3 101 0.0315789473684211 0.333333333333333 0.0297029702970297
8426 258 9 7 260 0.0271317829457364 0.777777777777778 0.0269230769230769
8442 23 8 3 28 0.130434782608696 0.375 0.107142857142857
8447 482 19 16 485 0.033195020746888 0.842105263157895 0.0329896907216495
8468 483 2 2 483 0.0041407867494824 1 0.0041407867494824
8469 33 11 9 35 0.272727272727273 0.818181818181818 0.257142857142857
8473 23 3 2 24 0.0869565217391304 0.666666666666667 0.0833333333333333
8481 5 1 0 6 0 0 0
8489 6 2 1 7 0.166666666666667 0.5 0.142857142857143
8495 12 1 1 12 0.0833333333333333 1 0.0833333333333333
8501 32 10 10 32 0.3125 1 0.3125
8508 5 1 1 5 0.2 1 0.2
8517 18 1 1 18 0.0555555555555556 1 0.0555555555555556
852 139 1 1 139 0.00719424460431655 1 0.00719424460431655
8527 16 2 2 16 0.125 1 0.125
855 23 1 1 23 0.0434782608695652 1 0.0434782608695652
8560 70 18 13 75 0.185714285714286 0.722222222222222 0.173333333333333
8565 13 1 0 14 0 0 0
8586 69 5 4 70 0.0579710144927536 0.8 0.0571428571428571
8591 27 5 3 29 0.111111111111111 0.6 0.103448275862069
8657 95 4 2 97 0.0210526315789474 0.5 0.0206185567010309
8664 16 2 1 17 0.0625 0.5 0.0588235294117647
8665 21 16 9 28 0.428571428571429 0.5625 0.321428571428571
8674 52 4 3 53 0.0576923076923077 0.75 0.0566037735849057
8717 54 1 1 54 0.0185185185185185 1 0.0185185185185185
8728 1 1 1 1 1 1 1
8737 38 8 5 41 0.131578947368421 0.625 0.121951219512195
8758 10 3 3 10 0.3 1 0.3
8763 145 37 35 147 0.241379310344828 0.945945945945946 0.238095238095238
8767 57 18 13 62 0.228070175438596 0.722222222222222 0.209677419354839
8781 6 2 0 8 0 0 0
8820 10 4 3 11 0.3 0.75 0.272727272727273
8823 6 2 1 7 0.166666666666667 0.5 0.142857142857143
8881 134 9 8 135 0.0597014925373134 0.888888888888889 0.0592592592592593
8897 56 12 7 61 0.125 0.583333333333333 0.114754098360656
8903 12 5 0 17 0 0 0
8943 17 3 2 18 0.117647058823529 0.666666666666667 0.111111111111111
8954 21 7 3 25 0.142857142857143 0.428571428571429 0.12
8966 78 1 1 78 0.0128205128205128 1 0.0128205128205128
8970 2 1 1 2 0.5 1 0.5
8975 74 2 2 74 0.027027027027027 1 0.027027027027027
8978 4 2 1 5 0.25 0.5 0.2
9009 233 49 34 248 0.145922746781116 0.693877551020408 0.137096774193548
9052 3 2 0 5 0 0 0
9080 10 3 2 11 0.2 0.666666666666667 0.181818181818182
9085 6 1 1 6 0.166666666666667 1 0.166666666666667
9112 9 1 1 9 0.111111111111111 1 0.111111111111111
9150 32 1 1 32 0.03125 1 0.03125
9153 37 4 4 37 0.108108108108108 1 0.108108108108108
9162 2 1 0 3 0 0 0
9264 65 39 9 95 0.138461538461538 0.230769230769231 0.0947368421052632
9270 29 8 6 31 0.206896551724138 0.75 0.193548387096774
9299 41 2 1 42 0.024390243902439 0.5 0.0238095238095238
9316 35 1 0 36 0 0 0
9327 2 1 0 3 0 0 0
9340 8 1 0 9 0 0 0
9367 3 1 1 3 0.333333333333333 1 0.333333333333333
9406 2 2 1 3 0.5 0.5 0.333333333333333
9464 1 1 0 2 0 0 0
9505 104 3 3 104 0.0288461538461538 1 0.0288461538461538
9534 4 1 1 4 0.25 1 0.25
9541 6 2 0 8 0 0 0
9543 3 1 1 3 0.333333333333333 1 0.333333333333333
9583 35 1 0 36 0 0 0
9584 9 1 1 9 0.111111111111111 1 0.111111111111111
9595 10 2 2 10 0.2 1 0.2
9600 6 7 3 10 0.5 0.428571428571429 0.3
9607 9 2 0 11 0 0 0
9612 1 1 0 2 0 0 0
9619 2 2 2 2 1 1 1
9621 3 6 1 8 0.333333333333333 0.166666666666667 0.125
9622 5 1 1 5 0.2 1 0.2
9687 2 1 1 2 0.5 1 0.5
9700 6 2 2 6 0.333333333333333 1 0.333333333333333
9758 1 1 0 2 0 0 0
9800 34 2 0 36 0 0 0
9821 3 2 2 3 0.666666666666667 1 0.666666666666667
9901 21 3 2 22 0.0952380952380952 0.666666666666667 0.0909090909090909
9919 17 1 0 18 0 0 0
9930 18 1 1 18 0.0555555555555556 1 0.0555555555555556
9931 22 1 1 22 0.0454545454545455 1 0.0454545454545455
9995 3 2 2 3 0.666666666666667 1 0.666666666666667
