#ASN num_v4adj num_v6adj num_intersect(v4v6adj) num_union(adj) fr_v4(num_intersect/num_v4adj) fr_v6(num_intersect/num_v6adj) fr_intersect(num_intersect/num_union)
10013 3 8 2 9 0.666666666666667 0.25 0.222222222222222
10015 11 1 0 12 0 0 0
10063 3 1 1 3 0.333333333333333 1 0.333333333333333
101 46 1 1 46 0.0217391304347826 1 0.0217391304347826
10204 8 3 1 10 0.125 0.333333333333333 0.1
10318 3 2 0 5 0 0 0
10343 2 1 1 2 0.5 1 0.5
10429 26 1 1 26 0.0384615384615385 1 0.0384615384615385
10480 4 1 1 4 0.25 1 0.25
10569 1 1 1 1 1 1 1
10586 3 2 0 5 0 0 0
10886 30 2 2 30 0.0666666666666667 1 0.0666666666666667
109 9 16 1 24 0.111111111111111 0.0625 0.0416666666666667
1103 153 37 33 157 0.215686274509804 0.891891891891892 0.210191082802548
1126 23 3 2 24 0.0869565217391304 0.666666666666667 0.0833333333333333
11340 3 2 1 4 0.333333333333333 0.5 0.25
1140 21 2 0 23 0 0 0
11537 76 40 29 87 0.381578947368421 0.725 0.333333333333333
11960 6 3 3 6 0.5 1 0.5
11990 4 1 0 5 0 0 0
1200 31 8 5 34 0.161290322580645 0.625 0.147058823529412
12008 25 1 1 25 0.04 1 0.04
12046 2 1 1 2 0.5 1 0.5
12111 25 1 1 25 0.04 1 0.04
1213 3 2 2 3 0.666666666666667 1 0.666666666666667
12199 1 4 0 5 0 0 0
1221 92 6 2 96 0.0217391304347826 0.333333333333333 0.0208333333333333
12312 26 1 1 26 0.0384615384615385 1 0.0384615384615385
12337 34 13 9 38 0.264705882352941 0.692307692307692 0.236842105263158
12353 5 3 0 8 0 0 0
12355 2 1 0 3 0 0 0
1237 27 3 2 28 0.0740740740740741 0.666666666666667 0.0714285714285714
12371 4 1 0 5 0 0 0
12386 9 3 2 10 0.222222222222222 0.666666666666667 0.2
12401 11 3 1 13 0.0909090909090909 0.333333333333333 0.0769230769230769
12414 33 12 7 38 0.212121212121212 0.583333333333333 0.184210526315789
1251 4 2 0 6 0 0 0
12533 2 1 0 3 0 0 0
12565 1 2 0 3 0 0 0
1257 176 5 1 180 0.00568181818181818 0.2 0.00555555555555556
12600 12 1 1 12 0.0833333333333333 1 0.0833333333333333
12611 32 10 5 37 0.15625 0.5 0.135135135135135
12634 34 12 8 38 0.235294117647059 0.666666666666667 0.210526315789474
12637 3 3 0 6 0 0 0
12638 2 3 0 5 0 0 0
12657 2 2 1 3 0.5 0.5 0.333333333333333
1273 301 62 37 326 0.122923588039867 0.596774193548387 0.113496932515337
12731 30 6 4 32 0.133333333333333 0.666666666666667 0.125
12732 13 2 1 14 0.0769230769230769 0.5 0.0714285714285714
12741 43 1 0 44 0 0 0
12767 5 1 0 6 0 0 0
12779 64 16 8 72 0.125 0.5 0.111111111111111
12793 244 1 0 245 0 0 0
12816 1 1 1 1 1 1 1
12817 2 1 1 2 0.5 1 0.5
12853 1 5 0 6 0 0 0
12859 264 61 53 272 0.200757575757576 0.868852459016393 0.194852941176471
12871 28 16 8 36 0.285714285714286 0.5 0.222222222222222
12895 4 1 1 4 0.25 1 0.25
12902 34 13 9 38 0.264705882352941 0.692307692307692 0.236842105263158
12931 2 1 0 3 0 0 0
12956 174 6 6 174 0.0344827586206897 1 0.0344827586206897
12968 74 6 2 78 0.027027027027027 0.333333333333333 0.0256410256410256
1299 361 21 18 364 0.0498614958448753 0.857142857142857 0.0494505494505494
13 1 1 1 1 1 1 1
13030 478 1 1 478 0.00209205020920502 1 0.00209205020920502
13039 2 1 0 3 0 0 0
13041 7 2 2 7 0.285714285714286 1 0.285714285714286
13046 15 1 1 15 0.0666666666666667 1 0.0666666666666667
13092 3 1 1 3 0.333333333333333 1 0.333333333333333
13110 4 4 2 6 0.5 0.5 0.333333333333333
13115 4 1 0 5 0 0 0
13189 20 1 1 20 0.05 1 0.05
13193 45 17 7 55 0.155555555555556 0.411764705882353 0.127272727272727
13272 1 1 1 1 1 1 1
13300 1 1 0 2 0 0 0
13645 108 5 3 110 0.0277777777777778 0.6 0.0272727272727273
13657 3 2 0 5 0 0 0
137 11 1 1 11 0.0909090909090909 1 0.0909090909090909
13944 2 8 0 10 0 0 0
14031 5 1 1 5 0.2 1 0.2
14277 10 11 2 19 0.2 0.181818181818182 0.105263157894737
145 4 6 0 10 0 0 0
14654 3 1 0 4 0 0 0
15169 74 4 1 77 0.0135135135135135 0.25 0.012987012987013
15440 7 2 0 9 0 0 0
15444 262 21 15 268 0.0572519083969466 0.714285714285714 0.0559701492537313
15469 1 1 0 2 0 0 0
15501 2 2 2 2 1 1 1
15589 34 11 1 44 0.0294117647058824 0.0909090909090909 0.0227272727272727
15600 38 9 7 40 0.184210526315789 0.777777777777778 0.175
15623 20 4 3 21 0.15 0.75 0.142857142857143
15685 13 3 3 13 0.230769230769231 1 0.230769230769231
15694 38 1 1 38 0.0263157894736842 1 0.0263157894736842
15725 2 1 1 2 0.5 1 0.5
15798 2 1 0 3 0 0 0
15837 152 4 3 153 0.0197368421052632 0.75 0.0196078431372549
15919 6 1 1 6 0.166666666666667 1 0.166666666666667
16004 11 3 2 12 0.181818181818182 0.666666666666667 0.166666666666667
16023 4 1 0 5 0 0 0
16034 214 27 22 219 0.102803738317757 0.814814814814815 0.100456621004566
16086 25 7 4 28 0.16 0.571428571428571 0.142857142857143
16091 1 1 0 2 0 0 0
16128 12 3 3 12 0.25 1 0.25
16131 30 8 4 34 0.133333333333333 0.5 0.117647058823529
16150 214 10 6 218 0.0280373831775701 0.6 0.0275229357798165
16186 6 9 1 14 0.166666666666667 0.111111111111111 0.0714285714285714
16215 160 30 26 164 0.1625 0.866666666666667 0.158536585365854
16237 25 4 2 27 0.08 0.5 0.0740740740740741
16245 12 3 2 13 0.166666666666667 0.666666666666667 0.153846153846154
16260 24 1 1 24 0.0416666666666667 1 0.0416666666666667
16265 36 1 1 36 0.0277777777777778 1 0.0277777777777778
16276 51 1 0 52 0 0 0
1653 27 2 1 28 0.037037037037037 0.5 0.0357142857142857
16531 12 1 0 13 0 0 0
16713 26 2 0 28 0 0 0
16838 9 2 0 11 0 0 0
16942 2 2 0 4 0 0 0
17197 2 1 0 3 0 0 0
17263 5 1 0 6 0 0 0
1741 9 2 2 9 0.222222222222222 1 0.222222222222222
17435 3 1 0 4 0 0 0
17511 8 3 1 10 0.125 0.333333333333333 0.1
17527 4 6 0 10 0 0 0
17529 6 1 0 7 0 0 0
17579 9 9 7 11 0.777777777777778 0.777777777777778 0.636363636363636
1759 24 1 1 24 0.0416666666666667 1 0.0416666666666667
17676 26 5 2 29 0.0769230769230769 0.4 0.0689655172413793
17709 9 1 0 10 0 0 0
17716 4 1 1 4 0.25 1 0.25
17828 2 1 0 3 0 0 0
17832 6 13 2 17 0.333333333333333 0.153846153846154 0.117647058823529
17843 2 1 1 2 0.5 1 0.5
17853 1 1 0 2 0 0 0
17934 2 5 1 6 0.5 0.2 0.166666666666667
17935 1 2 0 3 0 0 0
17956 3 1 0 4 0 0 0
1797 2 3 2 3 1 0.666666666666667 0.666666666666667
1798 4 2 0 6 0 0 0
18015 1 1 1 1 1 1 1
18119 2 1 0 3 0 0 0
18126 3 1 1 3 0.333333333333333 1 0.333333333333333
18185 4 1 0 5 0 0 0
18266 4 1 1 4 0.25 1 0.25
18288 3 1 1 3 0.333333333333333 1 0.333333333333333
1835 7 2 2 7 0.285714285714286 1 0.285714285714286
18422 5 1 1 5 0.2 1 0.2
1853 97 11 9 99 0.0927835051546392 0.818181818181818 0.0909090909090909
18592 22 6 6 22 0.272727272727273 1 0.272727272727273
18666 2 2 0 4 0 0 0
1880 11 3 2 12 0.181818181818182 0.666666666666667 0.166666666666667
1881 2 1 1 2 0.5 1 0.5
1887 4 1 1 4 0.25 1 0.25
1897 1 2 0 3 0 0 0
1916 16 5 2 19 0.125 0.4 0.105263157894737
1930 7 8 3 12 0.428571428571429 0.375 0.25
195 8 1 1 8 0.125 1 0.125
1955 9 1 1 9 0.111111111111111 1 0.111111111111111
19782 6 1 1 6 0.166666666666667 1 0.166666666666667
20080 9 3 2 10 0.222222222222222 0.666666666666667 0.2
20312 7 1 1 7 0.142857142857143 1 0.142857142857143
2042 12 10 1 21 0.0833333333333333 0.1 0.0476190476190476
20473 5 1 0 6 0 0 0
20495 104 8 5 107 0.0480769230769231 0.625 0.0467289719626168
20569 6 2 1 7 0.166666666666667 0.5 0.142857142857143
20612 3 2 1 4 0.333333333333333 0.5 0.25
20621 2 2 2 2 1 1 1
20640 184 54 42 196 0.228260869565217 0.777777777777778 0.214285714285714
20646 53 16 11 58 0.207547169811321 0.6875 0.189655172413793
20704 14 4 2 16 0.142857142857143 0.5 0.125
20712 7 1 0 8 0 0 0
20718 23 8 4 27 0.173913043478261 0.5 0.148148148148148
20745 2 4 0 6 0 0 0
20794 3 2 0 5 0 0 0
20834 36 5 3 38 0.0833333333333333 0.6 0.0789473684210526
20847 32 10 6 36 0.1875 0.6 0.166666666666667
209 1164 1 1 1164 0.000859106529209622 1 0.000859106529209622
20900 1 1 0 2 0 0 0
20912 2 4 0 6 0 0 0
20965 43 37 37 43 0.86046511627907 1 0.86046511627907
210 8 1 1 8 0.125 1 0.125
21055 16 2 1 17 0.0625 0.5 0.0588235294117647
2107 1 1 1 1 1 1 1
2108 1 1 1 1 1 1 1
2110 43 8 3 48 0.0697674418604651 0.375 0.0625
21119 6 1 0 7 0 0 0
21155 45 16 9 52 0.2 0.5625 0.173076923076923
2116 24 2 2 24 0.0833333333333333 1 0.0833333333333333
21193 2 2 1 3 0.5 0.5 0.333333333333333
21221 25 10 6 29 0.24 0.6 0.206896551724138
2128 2 1 1 2 0.5 1 0.5
21385 58 8 5 61 0.0862068965517241 0.625 0.0819672131147541
2153 31 8 7 32 0.225806451612903 0.875 0.21875
21548 12 1 1 12 0.0833333333333333 1 0.0833333333333333
21947 16 1 1 16 0.0625 1 0.0625
2200 44 8 4 48 0.0909090909090909 0.5 0.0833333333333333
22166 2 1 0 3 0 0 0
22335 27 2 1 28 0.037037037037037 0.5 0.0357142857142857
22388 3 3 3 3 1 1 1
224 5 4 1 8 0.2 0.25 0.125
22548 5 2 0 7 0 0 0
226 19 1 1 19 0.0526315789473684 1 0.0526315789473684
22767 2 1 1 2 0.5 1 0.5
23393 27 3 3 27 0.111111111111111 1 0.111111111111111
23554 2 1 1 2 0.5 1 0.5
236 7 2 0 9 0 0 0
23600 2 1 1 2 0.5 1 0.5
23624 2 1 1 2 0.5 1 0.5
23634 5 1 1 5 0.2 1 0.2
23774 3 2 1 4 0.333333333333333 0.5 0.25
23787 2 1 1 2 0.5 1 0.5
23789 1 1 0 2 0 0 0
2381 25 2 1 26 0.04 0.5 0.0384615384615385
23902 1 2 0 3 0 0 0
23910 1 3 1 3 1 0.333333333333333 0.333333333333333
23911 1 2 1 2 1 0.5 0.5
23912 1 2 0 3 0 0 0
24 8 2 2 8 0.25 1 0.25
24252 3 3 2 4 0.666666666666667 0.666666666666667 0.5
24586 14 5 3 16 0.214285714285714 0.6 0.1875
24587 52 15 8 59 0.153846153846154 0.533333333333333 0.135593220338983
24724 23 3 3 23 0.130434782608696 1 0.130434782608696
24730 34 6 4 36 0.117647058823529 0.666666666666667 0.111111111111111
24776 7 2 1 8 0.142857142857143 0.5 0.125
24875 28 11 5 34 0.178571428571429 0.454545454545455 0.147058823529412
2497 208 57 42 223 0.201923076923077 0.736842105263158 0.188340807174888
24973 2 1 1 2 0.5 1 0.5
250 3 2 0 5 0 0 0
2500 26 53 10 69 0.384615384615385 0.188679245283019 0.144927536231884
25058 2 2 2 2 1 1 1
2510 14 6 3 17 0.214285714285714 0.5 0.176470588235294
25108 14 5 2 17 0.142857142857143 0.4 0.117647058823529
25137 239 9 8 240 0.0334728033472803 0.888888888888889 0.0333333333333333
2514 14 4 3 15 0.214285714285714 0.75 0.2
25152 33 7 3 37 0.0909090909090909 0.428571428571429 0.0810810810810811
2516 301 44 32 313 0.106312292358804 0.727272727272727 0.10223642172524
2518 37 10 4 43 0.108108108108108 0.4 0.0930232558139535
2519 25 3 0 28 0 0 0
25208 5 1 0 6 0 0 0
25220 17 2 2 17 0.117647058823529 1 0.117647058823529
2523 4 2 1 5 0.25 0.5 0.2
25232 209 9 8 210 0.0382775119617225 0.888888888888889 0.0380952380952381
2527 10 7 2 15 0.2 0.285714285714286 0.133333333333333
25358 15 10 1 24 0.0666666666666667 0.1 0.0416666666666667
25384 7 3 1 9 0.142857142857143 0.333333333333333 0.111111111111111
2549 2 1 1 2 0.5 1 0.5
25492 2 3 1 4 0.5 0.333333333333333 0.25
25538 2 1 0 3 0 0 0
25560 129 12 10 131 0.0775193798449612 0.833333333333333 0.0763358778625954
2594 7 1 1 7 0.142857142857143 1 0.142857142857143
2595 4 1 1 4 0.25 1 0.25
2602 2 2 1 3 0.5 0.5 0.333333333333333
2603 36 10 8 38 0.222222222222222 0.8 0.210526315789474
2607 45 4 2 47 0.0444444444444444 0.5 0.0425531914893617
2609 2 1 0 3 0 0 0
2611 43 12 9 46 0.209302325581395 0.75 0.195652173913043
2614 12 2 1 13 0.0833333333333333 0.5 0.0769230769230769
26415 14 3 0 17 0 0 0
27133 1 1 0 2 0 0 0
27725 1 1 1 1 1 1 1
27750 10 7 7 10 0.7 1 0.7
278 7 7 1 13 0.142857142857143 0.142857142857143 0.0769230769230769
2819 23 3 0 26 0 0 0
2847 2 1 1 2 0.5 1 0.5
28472 1 1 1 1 1 1 1
2852 7 3 3 7 0.428571428571429 1 0.428571428571429
286 310 3 2 311 0.00645161290322581 0.666666666666667 0.00643086816720257
28716 29 3 2 30 0.0689655172413793 0.666666666666667 0.0666666666666667
28725 5 1 1 5 0.2 1 0.2
28788 38 3 3 38 0.0789473684210526 1 0.0789473684210526
28814 1 1 1 1 1 1 1
2895 10 2 2 10 0.2 1 0.2
29009 1 1 1 1 1 1 1
2905 27 2 1 28 0.037037037037037 0.5 0.0357142857142857
2907 68 6 3 71 0.0441176470588235 0.5 0.0422535211267606
2914 502 118 56 564 0.111553784860558 0.474576271186441 0.099290780141844
2915 32 7 3 36 0.09375 0.428571428571429 0.0833333333333333
29208 16 1 0 17 0 0 0
29216 1 3 1 3 1 0.333333333333333 0.333333333333333
29243 2 1 1 2 0.5 1 0.5
29259 5 4 2 7 0.4 0.5 0.285714285714286
293 116 19 14 121 0.120689655172414 0.736842105263158 0.115702479338843
29317 1 1 0 2 0 0 0
29422 3 1 1 3 0.333333333333333 1 0.333333333333333
29432 1 1 1 1 1 1 1
29449 3 5 1 7 0.333333333333333 0.2 0.142857142857143
29452 7 3 0 10 0 0 0
29527 17 3 2 18 0.117647058823529 0.666666666666667 0.111111111111111
29632 7 1 0 8 0 0 0
29636 16 4 3 17 0.1875 0.75 0.176470588235294
29686 304 62 57 309 0.1875 0.919354838709677 0.184466019417476
29748 24 2 2 24 0.0833333333333333 1 0.0833333333333333
29838 15 3 1 17 0.0666666666666667 0.333333333333333 0.0588235294117647
29877 4 1 0 5 0 0 0
30071 8 56 4 60 0.5 0.0714285714285714 0.0666666666666667
30128 4 2 2 4 0.5 1 0.5
30129 3 2 2 3 0.666666666666667 1 0.666666666666667
302 3 1 0 4 0 0 0
30653 13 1 0 14 0 0 0
3066 8 1 1 8 0.125 1 0.125
31064 1 1 0 2 0 0 0
31103 2 5 0 7 0 0 0
3111 1 1 0 2 0 0 0
31246 6 1 1 6 0.166666666666667 1 0.166666666666667
31265 1 1 1 1 1 1 1
31333 3 3 2 4 0.666666666666667 0.666666666666667 0.5
31383 16 7 4 19 0.25 0.571428571428571 0.210526315789474
31458 27 1 0 28 0 0 0
31479 4 1 1 4 0.25 1 0.25
31985 6 1 0 7 0 0 0
32034 5 2 1 6 0.2 0.5 0.166666666666667
3212 32 1 1 32 0.03125 1 0.03125
3213 21 4 3 22 0.142857142857143 0.75 0.136363636363636
3221 1 1 1 1 1 1 1
32361 4 1 0 5 0 0 0
3243 9 4 1 12 0.111111111111111 0.25 0.0833333333333333
32459 3 1 0 4 0 0 0
3246 126 15 12 129 0.0952380952380952 0.8 0.0930232558139535
3248 16 3 1 18 0.0625 0.333333333333333 0.0555555555555556
3249 35 7 1 41 0.0285714285714286 0.142857142857143 0.024390243902439
3257 253 127 50 330 0.197628458498024 0.393700787401575 0.151515151515152
3265 36 18 7 47 0.194444444444444 0.388888888888889 0.148936170212766
3268 2 1 1 2 0.5 1 0.5
3274 3 1 0 4 0 0 0
3292 308 13 11 310 0.0357142857142857 0.846153846153846 0.0354838709677419
32978 1 1 1 1 1 1 1
33 8 12 3 17 0.375 0.25 0.176470588235294
3301 38 2 1 39 0.0263157894736842 0.5 0.0256410256410256
3303 576 8 5 579 0.00868055555555556 0.625 0.00863557858376511
3320 372 18 6 384 0.0161290322580645 0.333333333333333 0.015625
3322 3 1 1 3 0.333333333333333 1 0.333333333333333
3327 18 4 3 19 0.166666666666667 0.75 0.157894736842105
3333 149 30 27 152 0.181208053691275 0.9 0.177631578947368
3343 18 3 3 18 0.166666666666667 1 0.166666666666667
33437 1 6 1 6 1 0.166666666666667 0.166666666666667
3344 34 12 7 39 0.205882352941176 0.583333333333333 0.179487179487179
3352 54 3 1 56 0.0185185185185185 0.333333333333333 0.0178571428571429
3356 1290 17 15 1292 0.0116279069767442 0.882352941176471 0.011609907120743
33956 3 1 1 3 0.333333333333333 1 0.333333333333333
34243 1 1 1 1 1 1 1
34288 2 4 0 6 0 0 0
34465 7 3 2 8 0.285714285714286 0.666666666666667 0.25
34623 1 1 1 1 1 1 1
34631 2 1 1 2 0.5 1 0.5
34695 2 1 0 3 0 0 0
34771 3 2 2 3 0.666666666666667 1 0.666666666666667
35244 11 3 1 13 0.0909090909090909 0.333333333333333 0.0769230769230769
3549 716 51 37 730 0.0516759776536313 0.725490196078431 0.0506849315068493
3551 1 1 0 2 0 0 0
3557 93 20 15 98 0.161290322580645 0.75 0.153061224489796
3582 4 2 0 6 0 0 0
3597 8 3 1 10 0.125 0.333333333333333 0.1
3661 3 1 0 4 0 0 0
3662 12 1 1 12 0.0833333333333333 1 0.0833333333333333
3741 164 1 0 165 0 0 0
3748 2 4 1 5 0.5 0.25 0.2
3758 36 5 0 41 0 0 0
376 11 1 1 11 0.0909090909090909 1 0.0909090909090909
378 3 1 1 3 0.333333333333333 1 0.333333333333333
3786 307 3 1 309 0.00325732899022801 0.333333333333333 0.00323624595469256
3825 1 1 0 2 0 0 0
3836 7 4 0 11 0 0 0
4134 59 1 0 60 0 0 0
42 64 2 2 64 0.03125 1 0.03125
4436 75 8 7 76 0.0933333333333333 0.875 0.0921052631578947
4538 15 11 4 22 0.266666666666667 0.363636363636364 0.181818181818182
4555 1 7 0 8 0 0 0
4589 129 32 13 148 0.10077519379845 0.40625 0.0878378378378378
4608 2 1 1 2 0.5 1 0.5
4618 16 6 1 21 0.0625 0.166666666666667 0.0476190476190476
4621 24 2 1 25 0.0416666666666667 0.5 0.04
4645 15 1 1 15 0.0666666666666667 1 0.0666666666666667
4651 24 3 1 26 0.0416666666666667 0.333333333333333 0.0384615384615385
4673 8 1 1 8 0.125 1 0.125
4675 7 5 2 10 0.285714285714286 0.4 0.2
4677 4 8 2 10 0.5 0.25 0.2
4678 7 8 2 13 0.285714285714286 0.25 0.153846153846154
4680 9 5 2 12 0.222222222222222 0.4 0.166666666666667
4685 8 5 3 10 0.375 0.6 0.3
4688 11 7 3 15 0.272727272727273 0.428571428571429 0.2
4691 8 14 5 17 0.625 0.357142857142857 0.294117647058824
4694 65 2 2 65 0.0307692307692308 1 0.0307692307692308
4697 1 24 1 24 1 0.0416666666666667 0.0416666666666667
4702 6 4 2 8 0.333333333333333 0.5 0.25
4713 90 4 4 90 0.0444444444444444 1 0.0444444444444444
4716 102 26 14 114 0.137254901960784 0.538461538461538 0.12280701754386
4717 5 3 2 6 0.4 0.666666666666667 0.333333333333333
4718 3 4 1 6 0.333333333333333 0.25 0.166666666666667
4721 10 6 0 16 0 0 0
4725 93 38 9 122 0.0967741935483871 0.236842105263158 0.0737704918032787
4741 7 1 0 8 0 0 0
4747 9 2 0 11 0 0 0
4750 31 3 0 34 0 0 0
4774 2 2 2 2 1 1 1
4777 28 7 5 30 0.178571428571429 0.714285714285714 0.166666666666667
4780 24 2 1 25 0.0416666666666667 0.5 0.04
4787 7 5 0 12 0 0 0
4788 87 7 3 91 0.0344827586206897 0.428571428571429 0.032967032967033
4795 25 2 0 27 0 0 0
4802 3 1 1 3 0.333333333333333 1 0.333333333333333
5050 10 2 2 10 0.2 1 0.2
513 36 11 6 41 0.166666666666667 0.545454545454545 0.146341463414634
5381 11 5 1 15 0.0909090909090909 0.2 0.0666666666666667
5385 12 10 4 18 0.333333333333333 0.4 0.222222222222222
5408 29 2 2 29 0.0689655172413793 1 0.0689655172413793
5410 48 6 1 53 0.0208333333333333 0.166666666666667 0.0188679245283019
5417 170 34 28 176 0.164705882352941 0.823529411764706 0.159090909090909
5418 47 2 2 47 0.0425531914893617 1 0.0425531914893617
5424 9 3 1 11 0.111111111111111 0.333333333333333 0.0909090909090909
5430 65 16 12 69 0.184615384615385 0.75 0.173913043478261
5459 191 8 8 191 0.0418848167539267 1 0.0418848167539267
5466 57 1 0 58 0 0 0
5486 30 2 0 32 0 0 0
5511 155 37 17 175 0.109677419354839 0.459459459459459 0.0971428571428571
553 39 12 8 43 0.205128205128205 0.666666666666667 0.186046511627907
5533 8 2 0 10 0 0 0
5537 22 2 1 23 0.0454545454545455 0.5 0.0434782608695652
5539 36 37 12 61 0.333333333333333 0.324324324324324 0.19672131147541
5550 4 3 1 6 0.25 0.333333333333333 0.166666666666667
5568 91 5 4 92 0.043956043956044 0.8 0.0434782608695652
559 55 18 16 57 0.290909090909091 0.888888888888889 0.280701754385965
5602 16 4 2 18 0.125 0.5 0.111111111111111
5609 2 12 0 14 0 0 0
5617 97 2 0 99 0 0 0
5623 1 3 0 4 0 0 0
5669 65 5 1 69 0.0153846153846154 0.2 0.0144927536231884
5693 7 2 1 8 0.142857142857143 0.5 0.125
5713 30 2 1 31 0.0333333333333333 0.5 0.032258064516129
6057 4 3 1 6 0.25 0.333333333333333 0.166666666666667
6062 8 3 0 11 0 0 0
6066 3 1 0 4 0 0 0
6140 95 1 0 96 0 0 0
6163 8 2 0 10 0 0 0
6320 301 2 1 302 0.00332225913621262 0.5 0.0033112582781457
6342 3 1 0 4 0 0 0
6360 9 1 1 9 0.111111111111111 1 0.111111111111111
6435 3 17 0 20 0 0 0
6453 326 28 22 332 0.0674846625766871 0.785714285714286 0.0662650602409639
6461 676 4 4 676 0.00591715976331361 1 0.00591715976331361
6509 37 3 3 37 0.0810810810810811 1 0.0810810810810811
6596 23 1 1 23 0.0434782608695652 1 0.0434782608695652
6619 14 1 1 14 0.0714285714285714 1 0.0714285714285714
6666 28 9 4 33 0.142857142857143 0.444444444444444 0.121212121212121
6667 418 60 57 421 0.136363636363636 0.95 0.135391923990499
6677 10 1 1 10 0.1 1 0.1
668 39 8 2 45 0.0512820512820513 0.25 0.0444444444444444
6695 103 3 3 103 0.029126213592233 1 0.029126213592233
6696 8 4 3 9 0.375 0.75 0.333333333333333
6706 4 3 2 5 0.5 0.666666666666667 0.4
6730 561 8 7 562 0.0124777183600713 0.875 0.0124555160142349
6762 137 17 14 140 0.102189781021898 0.823529411764706 0.1
6770 23 3 3 23 0.130434782608696 1 0.130434782608696
6772 10 4 3 11 0.3 0.75 0.272727272727273
6774 67 1 0 68 0 0 0
6775 4 2 2 4 0.5 1 0.5
680 46 11 9 48 0.195652173913043 0.818181818181818 0.1875
6802 6 1 1 6 0.166666666666667 1 0.166666666666667
6830 67 72 17 122 0.253731343283582 0.236111111111111 0.139344262295082
6881 7 1 0 8 0 0 0
6895 7 1 1 7 0.142857142857143 1 0.142857142857143
6939 494 45 17 522 0.034412955465587 0.377777777777778 0.0325670498084291
7018 2026 6 4 2028 0.00197433366238894 0.666666666666667 0.0019723865877712
7019 1 1 1 1 1 1 1
7065 9 2 1 10 0.111111111111111 0.5 0.1
719 11 1 1 11 0.0909090909090909 1 0.0909090909090909
7500 68 5 3 70 0.0441176470588235 0.6 0.0428571428571429
7514 20 9 4 25 0.2 0.444444444444444 0.16
7516 6 1 0 7 0 0 0
7521 3 3 1 5 0.333333333333333 0.333333333333333 0.2
7522 5 6 2 9 0.4 0.333333333333333 0.222222222222222
7530 2 5 0 7 0 0 0
7539 22 7 4 25 0.181818181818182 0.571428571428571 0.16
7570 5 1 1 5 0.2 1 0.2
7575 124 13 9 128 0.0725806451612903 0.692307692307692 0.0703125
7610 23 3 2 24 0.0869565217391304 0.666666666666667 0.0833333333333333
766 17 5 3 19 0.176470588235294 0.6 0.157894736842105
7660 32 32 17 47 0.53125 0.53125 0.361702127659574
7665 2 1 1 2 0.5 1 0.5
7667 3 4 3 4 1 0.75 0.75
7668 10 1 1 10 0.1 1 0.1
7670 15 2 2 15 0.133333333333333 1 0.133333333333333
7671 3 37 3 37 1 0.0810810810810811 0.0810810810810811
7682 11 3 1 13 0.0909090909090909 0.333333333333333 0.0769230769230769
7687 4 2 1 5 0.25 0.5 0.2
7786 5 1 0 6 0 0 0
786 42 8 2 48 0.0476190476190476 0.25 0.0416666666666667
790 2 1 1 2 0.5 1 0.5
8002 28 3 0 31 0 0 0
8070 1 1 0 2 0 0 0
81 10 2 0 12 0 0 0
8121 27 3 1 29 0.037037037037037 0.333333333333333 0.0344827586206897
8175 3 2 0 5 0 0 0
8195 57 8 5 60 0.087719298245614 0.625 0.0833333333333333
8220 759 13 13 759 0.0171277997364954 1 0.0171277997364954
8226 2 1 0 3 0 0 0
8237 9 5 1 13 0.111111111111111 0.2 0.0769230769230769
8246 126 3 2 127 0.0158730158730159 0.666666666666667 0.015748031496063
8256 2 1 1 2 0.5 1 0.5
8267 2 1 1 2 0.5 1 0.5
8286 2 1 0 3 0 0 0
8319 27 8 5 30 0.185185185185185 0.625 0.166666666666667
8323 14 1 1 14 0.0714285714285714 1 0.0714285714285714
8364 9 1 1 9 0.111111111111111 1 0.111111111111111
8365 32 11 7 36 0.21875 0.636363636363636 0.194444444444444
8419 27 4 2 29 0.0740740740740741 0.5 0.0689655172413793
8426 235 7 4 238 0.0170212765957447 0.571428571428571 0.0168067226890756
8447 294 15 13 296 0.0442176870748299 0.866666666666667 0.0439189189189189
8469 34 7 5 36 0.147058823529412 0.714285714285714 0.138888888888889
8472 30 8 1 37 0.0333333333333333 0.125 0.027027027027027
8501 33 7 7 33 0.212121212121212 1 0.212121212121212
8517 14 1 1 14 0.0714285714285714 1 0.0714285714285714
8527 15 2 2 15 0.133333333333333 1 0.133333333333333
8554 9 1 1 9 0.111111111111111 1 0.111111111111111
8560 56 15 10 61 0.178571428571429 0.666666666666667 0.163934426229508
8565 8 1 0 9 0 0 0
8586 51 2 2 51 0.0392156862745098 1 0.0392156862745098
8591 27 6 4 29 0.148148148148148 0.666666666666667 0.137931034482759
8657 65 3 2 66 0.0307692307692308 0.666666666666667 0.0303030303030303
8664 5 2 0 7 0 0 0
8665 20 9 4 25 0.2 0.444444444444444 0.16
8674 42 3 3 42 0.0714285714285714 1 0.0714285714285714
8676 6 1 0 7 0 0 0
8708 172 7 5 174 0.0290697674418605 0.714285714285714 0.028735632183908
8728 1 1 1 1 1 1 1
8737 33 8 4 37 0.121212121212121 0.5 0.108108108108108
8758 9 7 3 13 0.333333333333333 0.428571428571429 0.230769230769231
8763 124 27 25 126 0.201612903225806 0.925925925925926 0.198412698412698
8767 22 4 3 23 0.136363636363636 0.75 0.130434782608696
8781 3 1 1 3 0.333333333333333 1 0.333333333333333
8823 5 1 1 5 0.2 1 0.2
8881 98 1 1 98 0.0102040816326531 1 0.0102040816326531
8903 3 5 0 8 0 0 0
8921 1 2 0 3 0 0 0
8925 3 1 0 4 0 0 0
8943 14 2 1 15 0.0714285714285714 0.5 0.0666666666666667
8954 25 7 3 29 0.12 0.428571428571429 0.103448275862069
8966 28 1 1 28 0.0357142857142857 1 0.0357142857142857
8970 2 1 1 2 0.5 1 0.5
8975 58 3 2 59 0.0344827586206897 0.666666666666667 0.0338983050847458
9009 160 12 8 164 0.05 0.666666666666667 0.0487804878048781
9044 90 2 2 90 0.0222222222222222 1 0.0222222222222222
9052 3 2 1 4 0.333333333333333 0.5 0.25
9080 8 2 1 9 0.125 0.5 0.111111111111111
9085 6 1 0 7 0 0 0
9112 5 4 1 8 0.2 0.25 0.125
9150 25 3 2 26 0.08 0.666666666666667 0.0769230769230769
9153 40 2 2 40 0.05 1 0.05
9264 54 76 15 115 0.277777777777778 0.197368421052632 0.130434782608696
9270 34 8 6 36 0.176470588235294 0.75 0.166666666666667
9316 29 1 0 30 0 0 0
9406 1 1 0 2 0 0 0
9416 17 1 0 18 0 0 0
9583 21 1 0 22 0 0 0
9595 8 3 2 9 0.25 0.666666666666667 0.222222222222222
9600 6 9 2 13 0.333333333333333 0.222222222222222 0.153846153846154
9607 8 1 0 9 0 0 0
9612 2 3 0 5 0 0 0
9619 2 2 2 2 1 1 1
9621 3 7 1 9 0.333333333333333 0.142857142857143 0.111111111111111
9622 5 1 1 5 0.2 1 0.2
9687 2 1 1 2 0.5 1 0.5
9758 2 1 0 3 0 0 0
9821 4 1 1 4 0.25 1 0.25
9844 2 1 0 3 0 0 0
9901 24 2 0 26 0 0 0
9995 3 2 2 3 0.666666666666667 1 0.666666666666667
