#ASN num_v4adj num_v6adj num_intersect(v4v6adj) num_union(adj) fr_v4(num_intersect/num_v4adj) fr_v6(num_intersect/num_v6adj) fr_intersect(num_intersect/num_union)
10013 4 6 1 9 0.25 0.166666666666667 0.111111111111111
10015 13 1 0 14 0 0 0
10204 5 2 1 6 0.2 0.5 0.166666666666667
10318 3 5 0 8 0 0 0
109 8 32 1 39 0.125 0.03125 0.0256410256410256
1103 140 19 14 145 0.1 0.736842105263158 0.096551724137931
11085 1 1 0 2 0 0 0
11340 5 2 2 5 0.4 1 0.4
11537 78 26 23 81 0.294871794871795 0.884615384615385 0.283950617283951
1200 27 6 4 29 0.148148148148148 0.666666666666667 0.137931034482759
1213 6 5 4 7 0.666666666666667 0.8 0.571428571428571
12199 1 3 0 4 0 0 0
1221 82 4 1 85 0.0121951219512195 0.25 0.0117647058823529
12337 17 7 2 22 0.117647058823529 0.285714285714286 0.0909090909090909
12353 3 4 1 6 0.333333333333333 0.25 0.166666666666667
1237 23 2 2 23 0.0869565217391304 1 0.0869565217391304
12371 3 1 0 4 0 0 0
12414 24 6 4 26 0.166666666666667 0.666666666666667 0.153846153846154
1251 4 4 1 7 0.25 0.25 0.142857142857143
12533 3 5 1 7 0.333333333333333 0.2 0.142857142857143
12558 11 3 1 13 0.0909090909090909 0.333333333333333 0.0769230769230769
12565 3 6 0 9 0 0 0
1257 80 4 0 84 0 0 0
12573 4 1 0 5 0 0 0
12600 7 1 1 7 0.142857142857143 1 0.142857142857143
12634 26 7 4 29 0.153846153846154 0.571428571428571 0.137931034482759
12657 2 1 0 3 0 0 0
12731 23 5 1 27 0.0434782608695652 0.2 0.037037037037037
12732 10 2 1 11 0.1 0.5 0.0909090909090909
12767 3 1 0 4 0 0 0
12779 55 11 5 61 0.0909090909090909 0.454545454545455 0.0819672131147541
12793 163 5 4 164 0.0245398773006135 0.8 0.024390243902439
12817 2 2 1 3 0.5 0.5 0.333333333333333
12853 1 3 0 4 0 0 0
12859 203 43 40 206 0.197044334975369 0.930232558139535 0.194174757281553
12871 25 12 4 33 0.16 0.333333333333333 0.121212121212121
12895 4 1 1 4 0.25 1 0.25
12902 25 7 3 29 0.12 0.428571428571429 0.103448275862069
12931 2 1 1 2 0.5 1 0.5
12956 226 1 1 226 0.00442477876106195 1 0.00442477876106195
12968 31 7 1 37 0.032258064516129 0.142857142857143 0.027027027027027
1299 264 14 12 266 0.0454545454545455 0.857142857142857 0.0451127819548872
13 3 1 1 3 0.333333333333333 1 0.333333333333333
13058 3 2 0 5 0 0 0
13110 3 5 0 8 0 0 0
13129 253 3 3 253 0.0118577075098814 1 0.0118577075098814
13189 18 1 1 18 0.0555555555555556 1 0.0555555555555556
13193 18 5 1 22 0.0555555555555556 0.2 0.0454545454545455
137 10 5 1 14 0.1 0.2 0.0714285714285714
13944 3 14 0 17 0 0 0
14277 7 10 2 15 0.285714285714286 0.2 0.133333333333333
145 13 13 0 26 0 0 0
14654 2 1 0 3 0 0 0
15180 8 3 0 11 0 0 0
15440 5 1 0 6 0 0 0
15444 30 1 0 31 0 0 0
15450 3 3 0 6 0 0 0
15469 1 1 0 2 0 0 0
15474 1 1 1 1 1 1 1
15498 9 3 1 11 0.111111111111111 0.333333333333333 0.0909090909090909
15516 4 4 0 8 0 0 0
15557 35 1 0 36 0 0 0
15589 32 28 2 58 0.0625 0.0714285714285714 0.0344827586206897
15600 29 8 2 35 0.0689655172413793 0.25 0.0571428571428571
15623 147 7 4 150 0.0272108843537415 0.571428571428571 0.0266666666666667
15685 10 1 1 10 0.1 1 0.1
15694 22 7 0 29 0 0 0
15703 135 9 6 138 0.0444444444444444 0.666666666666667 0.0434782608695652
15709 2 1 0 3 0 0 0
15717 43 8 3 48 0.0697674418604651 0.375 0.0625
15861 7 1 0 8 0 0 0
15897 1 2 0 3 0 0 0
15982 6 12 1 17 0.166666666666667 0.0833333333333333 0.0588235294117647
16004 11 6 3 14 0.272727272727273 0.5 0.214285714285714
16023 4 1 0 5 0 0 0
16086 17 4 1 20 0.0588235294117647 0.25 0.05
16091 2 2 0 4 0 0 0
16128 8 1 1 8 0.125 1 0.125
16186 5 7 0 12 0 0 0
16237 16 3 1 18 0.0625 0.333333333333333 0.0555555555555556
16245 7 3 2 8 0.285714285714286 0.666666666666667 0.25
16260 16 3 1 18 0.0625 0.333333333333333 0.0555555555555556
16363 2 1 0 3 0 0 0
1653 27 1 1 27 0.037037037037037 1 0.037037037037037
16531 6 1 0 7 0 0 0
16713 25 2 1 26 0.04 0.5 0.0384615384615385
16838 5 1 0 6 0 0 0
17263 5 1 0 6 0 0 0
1741 10 1 1 10 0.1 1 0.1
17511 7 2 1 8 0.142857142857143 0.5 0.125
17527 5 7 3 9 0.6 0.428571428571429 0.333333333333333
17529 6 1 1 6 0.166666666666667 1 0.166666666666667
17579 4 2 1 5 0.25 0.5 0.2
1759 55 1 1 55 0.0181818181818182 1 0.0181818181818182
17832 5 10 0 15 0 0 0
17935 1 1 0 2 0 0 0
1797 1 1 0 2 0 0 0
1798 3 2 0 5 0 0 0
18084 1 1 1 1 1 1 1
18098 1 1 0 2 0 0 0
18181 3 1 1 3 0.333333333333333 1 0.333333333333333
1835 7 3 2 8 0.285714285714286 0.666666666666667 0.25
1853 86 14 11 89 0.127906976744186 0.785714285714286 0.123595505617978
18592 20 3 3 20 0.15 1 0.15
1897 8 1 1 8 0.125 1 0.125
1916 15 7 3 19 0.2 0.428571428571429 0.157894736842105
1930 3 4 1 6 0.333333333333333 0.25 0.166666666666667
195 8 1 1 8 0.125 1 0.125
1955 10 3 1 12 0.1 0.333333333333333 0.0833333333333333
20080 13 2 2 13 0.153846153846154 1 0.153846153846154
2042 9 11 1 19 0.111111111111111 0.0909090909090909 0.0526315789473684
20495 67 5 3 69 0.0447761194029851 0.6 0.0434782608695652
20569 7 2 1 8 0.142857142857143 0.5 0.125
20621 2 1 1 2 0.5 1 0.5
20646 41 8 5 44 0.121951219512195 0.625 0.113636363636364
20704 10 2 1 11 0.1 0.5 0.0909090909090909
20712 4 1 0 5 0 0 0
20718 16 4 1 19 0.0625 0.25 0.0526315789473684
20745 2 7 0 9 0 0 0
20794 3 3 1 5 0.333333333333333 0.333333333333333 0.2
20834 15 7 1 21 0.0666666666666667 0.142857142857143 0.0476190476190476
20847 35 5 2 38 0.0571428571428571 0.4 0.0526315789473684
209 1070 1 1 1070 0.000934579439252336 1 0.000934579439252336
20965 37 30 30 37 0.810810810810811 1 0.810810810810811
2107 1 1 1 1 1 1 1
2110 33 9 2 40 0.0606060606060606 0.222222222222222 0.05
21119 5 2 0 7 0 0 0
21155 28 8 4 32 0.142857142857143 0.5 0.125
21193 2 1 1 2 0.5 1 0.5
21202 30 1 0 31 0 0 0
21221 25 6 2 29 0.08 0.333333333333333 0.0689655172413793
21238 8 1 1 8 0.125 1 0.125
2128 1 2 1 2 1 0.5 0.5
21392 25 6 3 28 0.12 0.5 0.107142857142857
21398 19 8 1 26 0.0526315789473684 0.125 0.0384615384615385
2153 11 3 3 11 0.272727272727273 1 0.272727272727273
2200 38 8 3 43 0.0789473684210526 0.375 0.0697674418604651
22166 2 1 0 3 0 0 0
22335 28 1 0 29 0 0 0
224 5 4 2 7 0.4 0.5 0.285714285714286
22548 3 1 0 4 0 0 0
23609 1 2 0 3 0 0 0
237 23 7 0 30 0 0 0
23774 3 2 1 4 0.333333333333333 0.5 0.25
23787 3 2 1 4 0.333333333333333 0.5 0.25
2381 26 1 1 26 0.0384615384615385 1 0.0384615384615385
23910 1 1 1 1 1 1 1
23911 1 2 1 2 1 0.5 0.5
23912 1 1 0 2 0 0 0
24587 40 6 4 42 0.1 0.666666666666667 0.0952380952380952
24730 43 6 2 47 0.0465116279069767 0.333333333333333 0.0425531914893617
24776 3 1 0 4 0 0 0
2486 10 1 1 10 0.1 1 0.1
24875 40 7 3 44 0.075 0.428571428571429 0.0681818181818182
2497 189 49 33 205 0.174603174603175 0.673469387755102 0.160975609756098
24973 2 2 1 3 0.5 0.5 0.333333333333333
2500 29 22 7 44 0.241379310344828 0.318181818181818 0.159090909090909
2510 13 5 2 16 0.153846153846154 0.4 0.125
25137 16 6 1 21 0.0625 0.166666666666667 0.0476190476190476
2514 14 2 2 14 0.142857142857143 1 0.142857142857143
2516 306 31 26 311 0.0849673202614379 0.838709677419355 0.0836012861736334
2518 58 8 5 61 0.0862068965517241 0.625 0.0819672131147541
25208 4 2 0 6 0 0 0
25232 103 3 2 104 0.0194174757281553 0.666666666666667 0.0192307692307692
2527 9 8 5 12 0.555555555555556 0.625 0.416666666666667
25358 5 10 1 14 0.2 0.1 0.0714285714285714
25384 5 2 0 7 0 0 0
25396 31 15 5 41 0.161290322580645 0.333333333333333 0.121951219512195
2547 1 1 0 2 0 0 0
2549 1 2 0 3 0 0 0
25538 2 1 0 3 0 0 0
2595 4 2 1 5 0.25 0.5 0.2
2602 2 2 1 3 0.5 0.5 0.333333333333333
2603 32 10 7 35 0.21875 0.7 0.2
2609 3 2 0 5 0 0 0
2611 33 4 3 34 0.0909090909090909 0.75 0.0882352941176471
2614 9 3 1 11 0.111111111111111 0.333333333333333 0.0909090909090909
27464 2 3 1 4 0.5 0.333333333333333 0.25
27552 4 4 2 6 0.5 0.5 0.333333333333333
278 8 8 1 15 0.125 0.125 0.0666666666666667
2819 16 3 0 19 0 0 0
2847 2 4 1 5 0.5 0.25 0.2
2852 6 4 3 7 0.5 0.75 0.428571428571429
28747 161 3 3 161 0.0186335403726708 1 0.0186335403726708
2895 5 1 1 5 0.2 1 0.2
2905 28 2 1 29 0.0357142857142857 0.5 0.0344827586206897
2907 54 3 2 55 0.037037037037037 0.666666666666667 0.0363636363636364
2914 646 104 39 711 0.0603715170278638 0.375 0.0548523206751055
2915 30 9 3 36 0.1 0.333333333333333 0.0833333333333333
29243 2 1 1 2 0.5 1 0.5
29259 8 1 0 9 0 0 0
293 109 23 10 122 0.0917431192660551 0.434782608695652 0.0819672131147541
29317 1 2 1 2 1 0.5 0.5
29449 2 4 1 5 0.5 0.25 0.2
29623 2 1 1 2 0.5 1 0.5
29629 2 1 1 2 0.5 1 0.5
29789 3 1 1 3 0.333333333333333 1 0.333333333333333
30071 2 11 2 11 1 0.181818181818182 0.181818181818182
3066 7 1 1 7 0.142857142857143 1 0.142857142857143
3221 1 1 1 1 1 1 1
3243 11 4 1 14 0.0909090909090909 0.25 0.0714285714285714
3246 330 2 2 330 0.00606060606060606 1 0.00606060606060606
3249 7 3 1 9 0.142857142857143 0.333333333333333 0.111111111111111
3257 293 106 45 354 0.15358361774744 0.424528301886792 0.127118644067797
3265 32 15 7 40 0.21875 0.466666666666667 0.175
3274 3 1 0 4 0 0 0
3292 312 7 4 315 0.0128205128205128 0.571428571428571 0.0126984126984127
33 9 14 3 20 0.333333333333333 0.214285714285714 0.15
3301 25 2 2 25 0.08 1 0.08
3303 471 19 14 476 0.029723991507431 0.736842105263158 0.0294117647058824
3320 247 21 9 259 0.0364372469635627 0.428571428571429 0.0347490347490347
3322 1 1 1 1 1 1 1
3327 6 4 0 10 0 0 0
3333 126 21 17 130 0.134920634920635 0.80952380952381 0.130769230769231
3344 3 3 1 5 0.333333333333333 0.333333333333333 0.2
3352 47 5 1 51 0.0212765957446809 0.2 0.0196078431372549
3549 698 51 31 718 0.0444126074498567 0.607843137254902 0.0431754874651811
3557 78 13 10 81 0.128205128205128 0.769230769230769 0.123456790123457
3561 622 5 1 626 0.00160771704180064 0.2 0.00159744408945687
3582 4 3 0 7 0 0 0
3597 7 1 0 8 0 0 0
3662 10 1 1 10 0.1 1 0.1
3741 41 2 1 42 0.024390243902439 0.5 0.0238095238095238
3748 2 9 1 10 0.5 0.111111111111111 0.1
3758 31 5 0 36 0 0 0
376 11 1 1 11 0.0909090909090909 1 0.0909090909090909
378 2 1 1 2 0.5 1 0.5
3786 299 3 1 301 0.00334448160535117 0.333333333333333 0.00332225913621262
3825 1 2 0 3 0 0 0
3836 4 6 0 10 0 0 0
3856 19 1 0 20 0 0 0
4474 81 2 1 82 0.0123456790123457 0.5 0.0121951219512195
4538 11 14 3 22 0.272727272727273 0.214285714285714 0.136363636363636
4555 1 11 0 12 0 0 0
4589 414 17 14 417 0.0338164251207729 0.823529411764706 0.0335731414868106
4608 2 1 1 2 0.5 1 0.5
4618 13 8 0 21 0 0 0
4621 19 1 1 19 0.0526315789473684 1 0.0526315789473684
4645 12 1 1 12 0.0833333333333333 1 0.0833333333333333
4651 21 2 0 23 0 0 0
4673 7 1 1 7 0.142857142857143 1 0.142857142857143
4675 4 7 3 8 0.75 0.428571428571429 0.375
4677 4 7 2 9 0.5 0.285714285714286 0.222222222222222
4678 7 8 3 12 0.428571428571429 0.375 0.25
4680 9 7 2 14 0.222222222222222 0.285714285714286 0.142857142857143
4685 7 7 3 11 0.428571428571429 0.428571428571429 0.272727272727273
4688 11 5 2 14 0.181818181818182 0.4 0.142857142857143
4691 8 14 4 18 0.5 0.285714285714286 0.222222222222222
4694 84 3 2 85 0.0238095238095238 0.666666666666667 0.0235294117647059
4702 5 5 2 8 0.4 0.4 0.25
4713 75 2 2 75 0.0266666666666667 1 0.0266666666666667
4716 91 43 12 122 0.131868131868132 0.27906976744186 0.0983606557377049
4717 4 1 1 4 0.25 1 0.25
4721 6 7 2 11 0.333333333333333 0.285714285714286 0.181818181818182
4725 94 43 8 129 0.0851063829787234 0.186046511627907 0.062015503875969
4741 4 2 0 6 0 0 0
4747 6 2 0 8 0 0 0
4750 34 3 0 37 0 0 0
4774 6 2 2 6 0.333333333333333 1 0.333333333333333
4777 27 8 4 31 0.148148148148148 0.5 0.129032258064516
4780 25 2 1 26 0.04 0.5 0.0384615384615385
4787 6 3 0 9 0 0 0
4814 1 1 0 2 0 0 0
5050 10 1 1 10 0.1 1 0.1
513 32 12 4 40 0.125 0.333333333333333 0.1
5381 11 2 0 13 0 0 0
5385 8 5 2 11 0.25 0.4 0.181818181818182
5397 4 1 0 5 0 0 0
5408 31 2 1 32 0.032258064516129 0.5 0.03125
5410 25 2 1 26 0.04 0.5 0.0384615384615385
5417 139 25 23 141 0.165467625899281 0.92 0.163120567375887
5418 4 1 1 4 0.25 1 0.25
5424 16 13 1 28 0.0625 0.0769230769230769 0.0357142857142857
5430 45 9 6 48 0.133333333333333 0.666666666666667 0.125
5459 138 3 3 138 0.0217391304347826 1 0.0217391304347826
5466 45 2 0 47 0 0 0
5511 188 28 9 207 0.0478723404255319 0.321428571428571 0.0434782608695652
553 28 6 3 31 0.107142857142857 0.5 0.0967741935483871
5539 24 20 6 38 0.25 0.3 0.157894736842105
5568 63 4 3 64 0.0476190476190476 0.75 0.046875
559 35 17 9 43 0.257142857142857 0.529411764705882 0.209302325581395
5602 17 6 3 20 0.176470588235294 0.5 0.15
5609 2 26 0 28 0 0 0
5617 60 3 0 63 0 0 0
5623 1 7 0 8 0 0 0
5669 72 2 1 73 0.0138888888888889 0.5 0.0136986301369863
6062 8 3 0 11 0 0 0
6066 7 1 1 7 0.142857142857143 1 0.142857142857143
6342 4 3 0 7 0 0 0
6389 23 1 0 24 0 0 0
6435 3 23 0 26 0 0 0
6453 211 1 0 212 0 0 0
6461 577 11 10 578 0.0173310225303293 0.909090909090909 0.0173010380622837
6509 23 6 3 26 0.130434782608696 0.5 0.115384615384615
6619 10 1 0 11 0 0 0
6661 17 1 1 17 0.0588235294117647 1 0.0588235294117647
6667 83 12 6 89 0.072289156626506 0.5 0.0674157303370786
668 48 8 3 53 0.0625 0.375 0.0566037735849057
6696 18 4 2 20 0.111111111111111 0.5 0.1
6706 4 2 1 5 0.25 0.5 0.2
6730 181 4 4 181 0.0220994475138122 1 0.0220994475138122
680 37 8 4 41 0.108108108108108 0.5 0.0975609756097561
6830 67 79 16 130 0.238805970149254 0.20253164556962 0.123076923076923
6939 242 51 16 277 0.0661157024793388 0.313725490196078 0.0577617328519856
7018 1739 3 2 1740 0.00115008625646924 0.666666666666667 0.00114942528735632
7065 11 1 1 11 0.0909090909090909 1 0.0909090909090909
71 10 2 0 12 0 0 0
7500 61 3 3 61 0.0491803278688525 1 0.0491803278688525
7514 9 7 3 13 0.333333333333333 0.428571428571429 0.230769230769231
7516 6 1 0 7 0 0 0
7521 3 3 1 5 0.333333333333333 0.333333333333333 0.2
7522 4 6 3 7 0.75 0.5 0.428571428571429
7539 10 2 2 10 0.2 1 0.2
7570 11 2 1 12 0.0909090909090909 0.5 0.0833333333333333
7580 1 4 0 5 0 0 0
7610 21 3 1 23 0.0476190476190476 0.333333333333333 0.0434782608695652
7623 12 2 1 13 0.0833333333333333 0.5 0.0769230769230769
766 13 7 3 17 0.230769230769231 0.428571428571429 0.176470588235294
7660 31 28 12 47 0.387096774193548 0.428571428571429 0.25531914893617
7667 3 3 1 5 0.333333333333333 0.333333333333333 0.2
7668 6 1 1 6 0.166666666666667 1 0.166666666666667
7670 12 2 1 13 0.0833333333333333 0.5 0.0769230769230769
7671 6 9 2 13 0.333333333333333 0.222222222222222 0.153846153846154
7682 9 2 0 11 0 0 0
7687 4 2 1 5 0.25 0.5 0.2
786 31 11 2 40 0.0645161290322581 0.181818181818182 0.05
790 6 9 2 13 0.333333333333333 0.222222222222222 0.153846153846154
8002 21 25 2 44 0.0952380952380952 0.08 0.0454545454545455
8015 10 1 0 11 0 0 0
8070 1 5 0 6 0 0 0
81 8 2 0 10 0 0 0
8121 36 1 1 36 0.0277777777777778 1 0.0277777777777778
8175 5 2 0 7 0 0 0
8220 632 5 5 632 0.00791139240506329 1 0.00791139240506329
8228 23 1 0 24 0 0 0
8237 5 3 0 8 0 0 0
8251 114 1 1 114 0.0087719298245614 1 0.0087719298245614
8256 2 1 1 2 0.5 1 0.5
8267 2 3 1 4 0.5 0.333333333333333 0.25
8277 5 3 0 8 0 0 0
8319 20 1 1 20 0.05 1 0.05
8447 54 11 5 60 0.0925925925925926 0.454545454545455 0.0833333333333333
8469 17 3 1 19 0.0588235294117647 0.333333333333333 0.0526315789473684
8472 48 5 1 52 0.0208333333333333 0.2 0.0192307692307692
8473 14 2 0 16 0 0 0
8501 25 4 4 25 0.16 1 0.16
8514 26 4 1 29 0.0384615384615385 0.25 0.0344827586206897
8517 15 1 1 15 0.0666666666666667 1 0.0666666666666667
8560 33 8 4 37 0.121212121212121 0.5 0.108108108108108
8591 15 2 1 16 0.0666666666666667 0.5 0.0625
8657 44 3 2 45 0.0454545454545455 0.666666666666667 0.0444444444444444
8664 15 7 0 22 0 0 0
8665 4 1 1 4 0.25 1 0.25
8676 3 2 0 5 0 0 0
8708 102 5 3 104 0.0294117647058824 0.6 0.0288461538461538
8737 31 6 2 35 0.0645161290322581 0.333333333333333 0.0571428571428571
8758 5 4 1 8 0.2 0.25 0.125
8763 17 3 2 18 0.117647058823529 0.666666666666667 0.111111111111111
8823 3 1 1 3 0.333333333333333 1 0.333333333333333
8903 38 6 1 43 0.0263157894736842 0.166666666666667 0.0232558139534884
8921 1 2 0 3 0 0 0
8925 3 1 0 4 0 0 0
8943 9 1 0 10 0 0 0
8954 25 26 3 48 0.12 0.115384615384615 0.0625
8966 23 1 0 24 0 0 0
8973 4 2 0 6 0 0 0
8975 10 2 2 10 0.2 1 0.2
9044 81 8 2 87 0.0246913580246914 0.25 0.0229885057471264
9080 6 3 1 8 0.166666666666667 0.333333333333333 0.125
9112 2 10 1 11 0.5 0.1 0.0909090909090909
9264 29 22 8 43 0.275862068965517 0.363636363636364 0.186046511627907
9270 30 6 2 34 0.0666666666666667 0.333333333333333 0.0588235294117647
9407 2 3 2 3 1 0.666666666666667 0.666666666666667
9595 7 5 3 9 0.428571428571429 0.6 0.333333333333333
9600 6 9 4 11 0.666666666666667 0.444444444444444 0.363636363636364
9612 1 9 0 10 0 0 0
9619 2 1 1 2 0.5 1 0.5
9621 2 1 1 2 0.5 1 0.5
9701 4 1 0 5 0 0 0
9821 5 1 1 5 0.2 1 0.2
9844 1 1 0 2 0 0 0
