#ASN num_v4adj num_v6adj num_intersect(v4v6adj) num_union(adj) fr_v4(num_intersect/num_v4adj) fr_v6(num_intersect/num_v6adj) fr_intersect(num_intersect/num_union)
10006 3 1 1 3 0.333333333333333 1 0.333333333333333
10010 25 1 1 25 0.04 1 0.04
10013 2 1 1 2 0.5 1 0.5
10015 8 1 0 9 0 0 0
10019 5 1 1 5 0.2 1 0.2
10021 17 2 1 18 0.0588235294117647 0.5 0.0555555555555556
10026 469 39 36 472 0.0767590618336887 0.923076923076923 0.076271186440678
10030 3 1 1 3 0.333333333333333 1 0.333333333333333
10077 4 1 1 4 0.25 1 0.25
10081 1 1 1 1 1 1 1
10084 9 2 2 9 0.222222222222222 1 0.222222222222222
10091 2 1 1 2 0.5 1 0.5
101 32 14 11 35 0.34375 0.785714285714286 0.314285714285714
10105 3 1 0 4 0 0 0
10143 14 1 0 15 0 0 0
102 3 1 1 3 0.333333333333333 1 0.333333333333333
10204 6 2 1 7 0.166666666666667 0.5 0.142857142857143
10217 19 6 6 19 0.315789473684211 1 0.315789473684211
10248 1 1 1 1 1 1 1
10297 5 2 2 5 0.4 1 0.4
10310 147 10 9 148 0.0612244897959184 0.9 0.0608108108108108
10318 10 1 0 11 0 0 0
10326 7 2 1 8 0.142857142857143 0.5 0.125
10343 2 1 1 2 0.5 1 0.5
10405 3 1 0 4 0 0 0
10430 10 1 1 10 0.1 1 0.1
10439 4 1 1 4 0.25 1 0.25
10466 28 4 4 28 0.142857142857143 1 0.142857142857143
10490 35 8 8 35 0.228571428571429 1 0.228571428571429
10533 2 3 2 3 1 0.666666666666667 0.666666666666667
10546 3 2 2 3 0.666666666666667 1 0.666666666666667
10566 1 2 1 2 1 0.5 0.5
10569 1 1 1 1 1 1 1
10578 27 8 8 27 0.296296296296296 1 0.296296296296296
10586 6 2 0 8 0 0 0
10587 4 1 1 4 0.25 1 0.25
10745 3 7 0 10 0 0 0
10753 9 1 1 9 0.111111111111111 1 0.111111111111111
10764 10 2 1 11 0.1 0.5 0.0909090909090909
10835 24 1 1 24 0.0416666666666667 1 0.0416666666666667
10848 32 4 3 33 0.09375 0.75 0.0909090909090909
10881 6 1 1 6 0.166666666666667 1 0.166666666666667
10886 40 17 8 49 0.2 0.470588235294118 0.163265306122449
109 24 4 1 27 0.0416666666666667 0.25 0.037037037037037
10929 17 3 3 17 0.176470588235294 1 0.176470588235294
1101 1 1 1 1 1 1 1
1103 216 92 89 219 0.412037037037037 0.967391304347826 0.406392694063927
11051 13 2 2 13 0.153846153846154 1 0.153846153846154
11090 3 1 1 3 0.333333333333333 1 0.333333333333333
11096 46 2 2 46 0.0434782608695652 1 0.0434782608695652
111 2 2 1 3 0.5 0.5 0.333333333333333
11164 87 15 14 88 0.160919540229885 0.933333333333333 0.159090909090909
11170 1 2 0 3 0 0 0
1120 18 6 5 19 0.277777777777778 0.833333333333333 0.263157894736842
11215 3 1 1 3 0.333333333333333 1 0.333333333333333
11242 3 1 1 3 0.333333333333333 1 0.333333333333333
1125 3 3 3 3 1 1 1
1126 40 14 8 46 0.2 0.571428571428571 0.173913043478261
11260 26 4 4 26 0.153846153846154 1 0.153846153846154
11274 12 7 6 13 0.5 0.857142857142857 0.461538461538462
11279 3 1 1 3 0.333333333333333 1 0.333333333333333
11290 4 2 2 4 0.5 1 0.5
11317 7 2 2 7 0.285714285714286 1 0.285714285714286
1132 2 2 2 2 1 1 1
11340 8 1 1 8 0.125 1 0.125
11383 25 2 2 25 0.08 1 0.08
1140 31 10 6 35 0.193548387096774 0.6 0.171428571428571
11403 25 1 1 25 0.04 1 0.04
11404 66 13 12 67 0.181818181818182 0.923076923076923 0.17910447761194
11432 11 1 1 11 0.0909090909090909 1 0.0909090909090909
11457 7 1 0 8 0 0 0
11508 4 1 1 4 0.25 1 0.25
11522 8 2 2 8 0.25 1 0.25
11537 137 66 61 142 0.445255474452555 0.924242424242424 0.429577464788732
11556 37 1 0 38 0 0 0
11588 8 1 1 8 0.125 1 0.125
11590 6 2 1 7 0.166666666666667 0.5 0.142857142857143
11598 3 1 1 3 0.333333333333333 1 0.333333333333333
11666 506 11 9 508 0.0177865612648221 0.818181818181818 0.0177165354330709
11686 51 5 5 51 0.0980392156862745 1 0.0980392156862745
11694 3 1 1 3 0.333333333333333 1 0.333333333333333
11706 8 2 1 9 0.125 0.5 0.111111111111111
11711 1 1 0 2 0 0 0
11734 3 2 1 4 0.333333333333333 0.5 0.25
11745 5 1 1 5 0.2 1 0.2
11758 15 1 1 15 0.0666666666666667 1 0.0666666666666667
11796 9 3 3 9 0.333333333333333 1 0.333333333333333
11815 3 1 0 4 0 0 0
11830 6 1 0 7 0 0 0
11847 6 1 0 7 0 0 0
11960 5 4 4 5 0.8 1 0.8
12 4 1 1 4 0.25 1 0.25
1200 42 20 10 52 0.238095238095238 0.5 0.192307692307692
12008 36 5 4 37 0.111111111111111 0.8 0.108108108108108
12036 3 2 1 4 0.333333333333333 0.5 0.25
12041 51 20 15 56 0.294117647058824 0.75 0.267857142857143
12046 3 1 1 3 0.333333333333333 1 0.333333333333333
12066 6 1 0 7 0 0 0
12111 21 2 2 21 0.0952380952380952 1 0.0952380952380952
12129 31 2 2 31 0.0645161290322581 1 0.0645161290322581
1213 7 4 3 8 0.428571428571429 0.75 0.375
12136 1 1 1 1 1 1 1
12188 16 4 4 16 0.25 1 0.25
1221 153 1 0 154 0 0 0
1224 3 1 1 3 0.333333333333333 1 0.333333333333333
12251 4 1 1 4 0.25 1 0.25
12287 2 1 1 2 0.5 1 0.5
12301 123 18 12 129 0.0975609756097561 0.666666666666667 0.0930232558139535
12303 4 2 2 4 0.5 1 0.5
12306 82 21 15 88 0.182926829268293 0.714285714285714 0.170454545454545
12312 57 17 14 60 0.245614035087719 0.823529411764706 0.233333333333333
12316 3 1 1 3 0.333333333333333 1 0.333333333333333
12322 67 15 11 71 0.164179104477612 0.733333333333333 0.154929577464789
12329 23 14 8 29 0.347826086956522 0.571428571428571 0.275862068965517
12335 10 1 1 10 0.1 1 0.1
12337 62 23 18 67 0.290322580645161 0.782608695652174 0.26865671641791
12347 9 4 3 10 0.333333333333333 0.75 0.3
12348 21 1 1 21 0.0476190476190476 1 0.0476190476190476
12350 263 5 5 263 0.0190114068441065 1 0.0190114068441065
12353 3 3 2 4 0.666666666666667 0.666666666666667 0.5
12355 40 14 10 44 0.25 0.714285714285714 0.227272727272727
12360 15 15 6 24 0.4 0.4 0.25
1237 33 4 2 35 0.0606060606060606 0.5 0.0571428571428571
12371 2 1 0 3 0 0 0
12374 4 2 2 4 0.5 1 0.5
12381 4 1 1 4 0.25 1 0.25
12386 16 3 3 16 0.1875 1 0.1875
12389 534 16 9 541 0.0168539325842697 0.5625 0.0166358595194085
1239 1292 12 11 1293 0.00851393188854489 0.916666666666667 0.00850734725444702
12399 58 1 1 58 0.0172413793103448 1 0.0172413793103448
12401 14 3 2 15 0.142857142857143 0.666666666666667 0.133333333333333
12414 55 19 13 61 0.236363636363636 0.684210526315789 0.213114754098361
12452 41 13 7 47 0.170731707317073 0.538461538461538 0.148936170212766
12466 3 2 2 3 0.666666666666667 1 0.666666666666667
12469 2 1 1 2 0.5 1 0.5
12470 3 1 1 3 0.333333333333333 1 0.333333333333333
12476 16 1 1 16 0.0625 1 0.0625
1248 51 27 14 64 0.274509803921569 0.518518518518518 0.21875
12493 6 1 1 6 0.166666666666667 1 0.166666666666667
12496 49 1 0 50 0 0 0
12502 4 2 2 4 0.5 1 0.5
1251 9 1 1 9 0.111111111111111 1 0.111111111111111
12552 99 14 12 101 0.121212121212121 0.857142857142857 0.118811881188119
12566 14 2 2 14 0.142857142857143 1 0.142857142857143
1257 124 57 31 150 0.25 0.543859649122807 0.206666666666667
12573 38 19 15 42 0.394736842105263 0.789473684210526 0.357142857142857
12579 2 1 1 2 0.5 1 0.5
12586 31 3 2 32 0.0645161290322581 0.666666666666667 0.0625
12594 2 2 2 2 1 1 1
12597 6 2 2 6 0.333333333333333 1 0.333333333333333
12605 19 3 2 20 0.105263157894737 0.666666666666667 0.1
12611 43 25 15 53 0.348837209302326 0.6 0.283018867924528
12614 3 1 1 3 0.333333333333333 1 0.333333333333333
12617 2 1 1 2 0.5 1 0.5
12634 47 21 13 55 0.276595744680851 0.619047619047619 0.236363636363636
12637 83 35 33 85 0.397590361445783 0.942857142857143 0.388235294117647
12638 2 3 0 5 0 0 0
12643 2 2 2 2 1 1 1
12654 50 23 17 56 0.34 0.739130434782609 0.303571428571429
12657 3 1 1 3 0.333333333333333 1 0.333333333333333
12684 3 2 1 4 0.333333333333333 0.5 0.25
12695 80 7 6 81 0.075 0.857142857142857 0.0740740740740741
12709 4 1 0 5 0 0 0
12713 85 18 11 92 0.129411764705882 0.611111111111111 0.119565217391304
12714 49 13 8 54 0.163265306122449 0.615384615384615 0.148148148148148
1273 302 88 58 332 0.19205298013245 0.659090909090909 0.174698795180723
12731 41 20 15 46 0.365853658536585 0.75 0.326086956521739
12732 22 11 10 23 0.454545454545455 0.909090909090909 0.434782608695652
12759 28 12 7 33 0.25 0.583333333333333 0.212121212121212
12767 14 5 4 15 0.285714285714286 0.8 0.266666666666667
12769 4 1 1 4 0.25 1 0.25
12778 12 5 4 13 0.333333333333333 0.8 0.307692307692308
12779 100 25 19 106 0.19 0.76 0.179245283018868
12782 2 1 1 2 0.5 1 0.5
1280 137 57 50 144 0.364963503649635 0.87719298245614 0.347222222222222
12816 1 1 1 1 1 1 1
12817 2 2 2 2 1 1 1
12822 3 1 1 3 0.333333333333333 1 0.333333333333333
12831 28 3 3 28 0.107142857142857 1 0.107142857142857
12835 12 3 3 12 0.25 1 0.25
12850 18 4 4 18 0.222222222222222 1 0.222222222222222
12853 2 3 1 4 0.5 0.333333333333333 0.25
12859 662 310 295 677 0.445619335347432 0.951612903225806 0.435745937961595
12867 2 1 1 2 0.5 1 0.5
12871 44 18 12 50 0.272727272727273 0.666666666666667 0.24
12874 236 4 4 236 0.0169491525423729 1 0.0169491525423729
12895 9 1 1 9 0.111111111111111 1 0.111111111111111
12902 41 11 7 45 0.170731707317073 0.636363636363636 0.155555555555556
12912 6 1 1 6 0.166666666666667 1 0.166666666666667
12931 4 2 2 4 0.5 1 0.5
12956 128 17 15 130 0.1171875 0.882352941176471 0.115384615384615
12964 2 1 1 2 0.5 1 0.5
12968 145 6 5 146 0.0344827586206897 0.833333333333333 0.0342465753424658
12989 204 37 26 215 0.127450980392157 0.702702702702703 0.12093023255814
1299 592 127 125 594 0.211148648648649 0.984251968503937 0.21043771043771
13000 7 3 3 7 0.428571428571429 1 0.428571428571429
13030 927 314 292 949 0.314994606256742 0.929936305732484 0.307692307692308
13039 4 3 2 5 0.5 0.666666666666667 0.4
13041 9 2 2 9 0.222222222222222 1 0.222222222222222
13045 4 2 2 4 0.5 1 0.5
13049 6 1 1 6 0.166666666666667 1 0.166666666666667
13062 17 2 1 18 0.0588235294117647 0.5 0.0555555555555556
13092 4 1 1 4 0.25 1 0.25
131 2 1 1 2 0.5 1 0.5
13103 1 1 1 1 1 1 1
13105 21 4 3 22 0.142857142857143 0.75 0.136363636363636
131075 1 1 1 1 1 1 1
13110 9 2 2 9 0.222222222222222 1 0.222222222222222
13115 4 2 2 4 0.5 1 0.5
1312 2 1 1 2 0.5 1 0.5
13127 46 9 6 49 0.130434782608696 0.666666666666667 0.122448979591837
13132 20 16 9 27 0.45 0.5625 0.333333333333333
13184 46 18 12 52 0.260869565217391 0.666666666666667 0.230769230769231
13189 33 8 8 33 0.242424242424242 1 0.242424242424242
13193 69 23 17 75 0.246376811594203 0.739130434782609 0.226666666666667
13210 2 1 1 2 0.5 1 0.5
13214 8 2 1 9 0.125 0.5 0.111111111111111
13237 458 117 103 472 0.224890829694323 0.88034188034188 0.218220338983051
13238 28 1 1 28 0.0357142857142857 1 0.0357142857142857
13243 5 1 1 5 0.2 1 0.2
13249 100 2 2 100 0.02 1 0.02
13272 1 1 1 1 1 1 1
13284 16 7 5 18 0.3125 0.714285714285714 0.277777777777778
13293 21 4 4 21 0.19047619047619 1 0.19047619047619
13302 1 1 1 1 1 1 1
13319 9 5 5 9 0.555555555555556 1 0.555555555555556
13326 3 1 1 3 0.333333333333333 1 0.333333333333333
13429 4 1 1 4 0.25 1 0.25
13448 7 4 3 8 0.428571428571429 0.75 0.375
13501 2 1 1 2 0.5 1 0.5
13536 20 7 6 21 0.3 0.857142857142857 0.285714285714286
13576 22 1 0 23 0 0 0
13645 14 2 1 15 0.0714285714285714 0.5 0.0666666666666667
13657 7 2 2 7 0.285714285714286 1 0.285714285714286
13680 66 18 15 69 0.227272727272727 0.833333333333333 0.217391304347826
13683 2 1 1 2 0.5 1 0.5
137 21 9 9 21 0.428571428571429 1 0.428571428571429
13714 2 1 1 2 0.5 1 0.5
13722 3 2 1 4 0.333333333333333 0.5 0.25
13768 164 12 12 164 0.0731707317073171 1 0.0731707317073171
13810 2 1 1 2 0.5 1 0.5
13867 3 2 1 4 0.333333333333333 0.5 0.25
13868 7 1 1 7 0.142857142857143 1 0.142857142857143
13901 2 1 1 2 0.5 1 0.5
13910 4 1 0 5 0 0 0
13911 2 2 0 4 0 0 0
13945 2 1 0 3 0 0 0
14 5 2 2 5 0.4 1 0.4
14026 8 2 1 9 0.125 0.5 0.111111111111111
14041 28 1 1 28 0.0357142857142857 1 0.0357142857142857
14048 7 1 1 7 0.142857142857143 1 0.142857142857143
1406 1 1 1 1 1 1 1
14085 5 2 2 5 0.4 1 0.4
14103 5 1 0 6 0 0 0
14183 2 1 1 2 0.5 1 0.5
14203 5 1 1 5 0.2 1 0.2
14234 4 1 1 4 0.25 1 0.25
1424 1 1 1 1 1 1 1
14259 39 4 3 40 0.0769230769230769 0.75 0.075
1426 1 1 1 1 1 1 1
14262 4 3 3 4 0.75 1 0.75
14277 5 5 2 8 0.4 0.4 0.25
14325 11 2 2 11 0.181818181818182 1 0.181818181818182
14371 3 2 1 4 0.333333333333333 0.5 0.25
14383 5 1 1 5 0.2 1 0.2
14492 50 1 1 50 0.02 1 0.02
14589 22 9 8 23 0.363636363636364 0.888888888888889 0.347826086956522
14595 7 2 1 8 0.142857142857143 0.5 0.125
14607 2 1 0 3 0 0 0
14609 13 2 2 13 0.153846153846154 1 0.153846153846154
14717 94 3 3 94 0.0319148936170213 1 0.0319148936170213
14840 9 1 1 9 0.111111111111111 1 0.111111111111111
14868 20 1 0 21 0 0 0
14907 3 2 2 3 0.666666666666667 1 0.666666666666667
15003 6 1 1 6 0.166666666666667 1 0.166666666666667
15022 1 1 1 1 1 1 1
15088 2 1 0 3 0 0 0
15169 125 39 29 135 0.232 0.743589743589744 0.214814814814815
15176 3 1 0 4 0 0 0
15180 22 1 1 22 0.0454545454545455 1 0.0454545454545455
15189 7 3 3 7 0.428571428571429 1 0.428571428571429
15216 2 1 0 3 0 0 0
15226 5 2 1 6 0.2 0.5 0.166666666666667
15296 8 1 1 8 0.125 1 0.125
15301 4 2 2 4 0.5 1 0.5
15318 2 1 0 3 0 0 0
15324 1 1 1 1 1 1 1
15348 9 3 3 9 0.333333333333333 1 0.333333333333333
15373 2 1 1 2 0.5 1 0.5
15395 41 1 1 41 0.024390243902439 1 0.024390243902439
15412 445 15 11 449 0.0247191011235955 0.733333333333333 0.0244988864142539
15427 11 2 2 11 0.181818181818182 1 0.181818181818182
15436 10 3 3 10 0.3 1 0.3
15444 305 20 12 313 0.039344262295082 0.6 0.0383386581469649
15451 2 1 0 3 0 0 0
15456 3 2 2 3 0.666666666666667 1 0.666666666666667
15469 12 7 5 14 0.416666666666667 0.714285714285714 0.357142857142857
15474 2 1 1 2 0.5 1 0.5
15479 12 2 2 12 0.166666666666667 1 0.166666666666667
15498 12 5 5 12 0.416666666666667 1 0.416666666666667
15518 2 1 1 2 0.5 1 0.5
15525 18 1 1 18 0.0555555555555556 1 0.0555555555555556
15533 40 5 4 41 0.1 0.8 0.0975609756097561
15557 137 2 2 137 0.0145985401459854 1 0.0145985401459854
15576 31 6 4 33 0.129032258064516 0.666666666666667 0.121212121212121
15589 35 6 4 37 0.114285714285714 0.666666666666667 0.108108108108108
15598 130 29 21 138 0.161538461538462 0.724137931034483 0.152173913043478
15600 47 12 9 50 0.191489361702128 0.75 0.18
15605 2 2 0 4 0 0 0
15606 23 15 7 31 0.304347826086957 0.466666666666667 0.225806451612903
15614 6 4 4 6 0.666666666666667 1 0.666666666666667
15623 31 7 5 33 0.161290322580645 0.714285714285714 0.151515151515152
15653 3 1 1 3 0.333333333333333 1 0.333333333333333
15657 2 1 1 2 0.5 1 0.5
15658 15 1 1 15 0.0666666666666667 1 0.0666666666666667
15685 39 22 16 45 0.41025641025641 0.727272727272727 0.355555555555556
15694 104 3 2 105 0.0192307692307692 0.666666666666667 0.019047619047619
15695 8 2 0 10 0 0 0
15696 2 1 0 3 0 0 0
15703 42 1 1 42 0.0238095238095238 1 0.0238095238095238
15716 7 2 2 7 0.285714285714286 1 0.285714285714286
15725 3 3 2 4 0.666666666666667 0.666666666666667 0.5
15726 2 1 1 2 0.5 1 0.5
15744 15 1 1 15 0.0666666666666667 1 0.0666666666666667
15756 22 1 1 22 0.0454545454545455 1 0.0454545454545455
15772 60 1 1 60 0.0166666666666667 1 0.0166666666666667
15782 14 2 2 14 0.142857142857143 1 0.142857142857143
15798 2 1 0 3 0 0 0
15805 21 6 5 22 0.238095238095238 0.833333333333333 0.227272727272727
15806 11 1 0 12 0 0 0
15825 1 1 0 2 0 0 0
15826 3 3 3 3 1 1 1
15835 39 5 5 39 0.128205128205128 1 0.128205128205128
15857 49 12 7 54 0.142857142857143 0.583333333333333 0.12962962962963
15879 44 18 14 48 0.318181818181818 0.777777777777778 0.291666666666667
15894 2 1 1 2 0.5 1 0.5
159 2 1 1 2 0.5 1 0.5
15919 8 1 1 8 0.125 1 0.125
15965 4 1 1 4 0.25 1 0.25
15982 16 1 0 17 0 0 0
16004 11 6 4 13 0.363636363636364 0.666666666666667 0.307692307692308
16016 26 5 5 26 0.192307692307692 1 0.192307692307692
16019 7 4 3 8 0.428571428571429 0.75 0.375
16024 15 16 6 25 0.4 0.375 0.24
16073 6 2 2 6 0.333333333333333 1 0.333333333333333
16080 16 1 1 16 0.0625 1 0.0625
16082 31 1 1 31 0.032258064516129 1 0.032258064516129
16086 28 33 13 48 0.464285714285714 0.393939393939394 0.270833333333333
16097 40 16 9 47 0.225 0.5625 0.191489361702128
16117 2 1 1 2 0.5 1 0.5
16128 17 3 2 18 0.117647058823529 0.666666666666667 0.111111111111111
16131 37 21 12 46 0.324324324324324 0.571428571428571 0.260869565217391
16138 5 2 1 6 0.2 0.5 0.166666666666667
16150 358 16 14 360 0.0391061452513966 0.875 0.0388888888888889
16160 8 3 2 9 0.25 0.666666666666667 0.222222222222222
16171 6 1 1 6 0.166666666666667 1 0.166666666666667
16186 65 4 3 66 0.0461538461538462 0.75 0.0454545454545455
16206 15 2 0 17 0 0 0
16210 7 3 3 7 0.428571428571429 1 0.428571428571429
16215 19 8 7 20 0.368421052631579 0.875 0.35
16237 33 10 6 37 0.181818181818182 0.6 0.162162162162162
16242 11 1 1 11 0.0909090909090909 1 0.0909090909090909
16243 44 21 12 53 0.272727272727273 0.571428571428571 0.226415094339623
16245 22 6 5 23 0.227272727272727 0.833333333333333 0.217391304347826
16246 8 5 4 9 0.5 0.8 0.444444444444444
16265 81 25 20 86 0.246913580246914 0.8 0.232558139534884
16276 73 10 7 76 0.0958904109589041 0.7 0.0921052631578947
16316 6 4 3 7 0.5 0.75 0.428571428571429
16326 1 1 1 1 1 1 1
16347 11 3 3 11 0.272727272727273 1 0.272727272727273
16397 32 3 3 32 0.09375 1 0.09375
16471 4 2 1 5 0.25 0.5 0.2
1653 32 4 4 32 0.125 1 0.125
16531 4 2 1 5 0.25 0.5 0.2
16552 9 2 2 9 0.222222222222222 1 0.222222222222222
1659 9 3 2 10 0.222222222222222 0.666666666666667 0.2
16617 8 1 0 9 0 0 0
16668 8 4 2 10 0.25 0.5 0.2
16724 6 2 2 6 0.333333333333333 1 0.333333333333333
16735 119 18 16 121 0.134453781512605 0.888888888888889 0.132231404958678
16796 2 1 0 3 0 0 0
16807 5 2 0 7 0 0 0
16838 9 1 0 10 0 0 0
16842 4 1 1 4 0.25 1 0.25
16866 3 3 2 4 0.666666666666667 0.666666666666667 0.5
16876 19 10 9 20 0.473684210526316 0.9 0.45
16942 6 2 2 6 0.333333333333333 1 0.333333333333333
16970 2 2 2 2 1 1 1
17019 1 1 1 1 1 1 1
17048 3 1 1 3 0.333333333333333 1 0.333333333333333
17054 62 1 1 62 0.0161290322580645 1 0.0161290322580645
1706 5 1 1 5 0.2 1 0.2
17061 2 1 0 3 0 0 0
17204 2 1 0 3 0 0 0
1734 1 2 1 2 1 0.5 0.5
17356 8 1 1 8 0.125 1 0.125
174 2829 142 142 2829 0.0501944149876281 1 0.0501944149876281
1741 10 5 4 11 0.4 0.8 0.363636363636364
17412 2 2 1 3 0.5 0.5 0.333333333333333
17435 4 2 2 4 0.5 1 0.5
17451 70 12 10 72 0.142857142857143 0.833333333333333 0.138888888888889
17464 2 1 1 2 0.5 1 0.5
17498 2 2 2 2 1 1 1
17511 14 3 2 15 0.142857142857143 0.666666666666667 0.133333333333333
17529 7 3 3 7 0.428571428571429 1 0.428571428571429
17554 9 3 2 10 0.222222222222222 0.666666666666667 0.2
17564 2 2 2 2 1 1 1
17579 16 8 6 18 0.375 0.75 0.333333333333333
1759 35 6 5 36 0.142857142857143 0.833333333333333 0.138888888888889
1764 64 27 19 72 0.296875 0.703703703703704 0.263888888888889
17645 8 1 1 8 0.125 1 0.125
17660 31 8 6 33 0.193548387096774 0.75 0.181818181818182
17671 4 1 1 4 0.25 1 0.25
17673 3 2 2 3 0.666666666666667 1 0.666666666666667
17676 40 2 2 40 0.05 1 0.05
17678 2 1 1 2 0.5 1 0.5
17689 3 1 0 4 0 0 0
17705 3 1 1 3 0.333333333333333 1 0.333333333333333
17707 7 1 0 8 0 0 0
17709 16 1 0 17 0 0 0
17721 3 2 2 3 0.666666666666667 1 0.666666666666667
17727 10 1 1 10 0.1 1 0.1
17741 2 2 1 3 0.5 0.5 0.333333333333333
17746 19 1 1 19 0.0526315789473684 1 0.0526315789473684
17819 99 5 4 100 0.0404040404040404 0.8 0.04
17820 12 1 1 12 0.0833333333333333 1 0.0833333333333333
17832 1 4 0 5 0 0 0
17886 1 1 1 1 1 1 1
17888 19 3 3 19 0.157894736842105 1 0.157894736842105
17920 6 1 1 6 0.166666666666667 1 0.166666666666667
17934 7 5 4 8 0.571428571428571 0.8 0.5
17940 3 2 1 4 0.333333333333333 0.5 0.25
17951 4 1 1 4 0.25 1 0.25
17955 4 4 2 6 0.5 0.5 0.333333333333333
1797 2 2 1 3 0.5 0.5 0.333333333333333
17974 2 1 1 2 0.5 1 0.5
17977 2 1 1 2 0.5 1 0.5
1798 8 5 4 9 0.5 0.8 0.444444444444444
17990 5 1 1 5 0.2 1 0.2
18007 2 2 2 2 1 1 1
18011 1 1 0 2 0 0 0
18037 11 1 1 11 0.0909090909090909 1 0.0909090909090909
18059 19 1 1 19 0.0526315789473684 1 0.0526315789473684
18070 2 2 1 3 0.5 0.5 0.333333333333333
18097 3 1 0 4 0 0 0
18119 3 2 2 3 0.666666666666667 1 0.666666666666667
18126 3 1 1 3 0.333333333333333 1 0.333333333333333
18146 2 3 0 5 0 0 0
18149 3 3 2 4 0.666666666666667 0.666666666666667 0.5
18182 2 1 0 3 0 0 0
18185 6 3 2 7 0.333333333333333 0.666666666666667 0.285714285714286
18203 3 1 1 3 0.333333333333333 1 0.333333333333333
18206 2 1 1 2 0.5 1 0.5
18218 1 1 0 2 0 0 0
18259 2 2 1 3 0.5 0.5 0.333333333333333
18266 4 1 1 4 0.25 1 0.25
18344 1 2 0 3 0 0 0
1835 7 1 1 7 0.142857142857143 1 0.142857142857143
1836 60 15 10 65 0.166666666666667 0.666666666666667 0.153846153846154
18366 3 3 0 6 0 0 0
18368 2 1 0 3 0 0 0
18369 1 1 0 2 0 0 0
1837 2 2 2 2 1 1 1
18422 5 1 1 5 0.2 1 0.2
18450 5 1 1 5 0.2 1 0.2
1850 3 1 1 3 0.333333333333333 1 0.333333333333333
18508 6 3 2 7 0.333333333333333 0.666666666666667 0.285714285714286
1853 127 45 44 128 0.346456692913386 0.977777777777778 0.34375
18592 25 11 8 28 0.32 0.727272727272727 0.285714285714286
18666 2 1 1 2 0.5 1 0.5
18747 34 1 1 34 0.0294117647058824 1 0.0294117647058824
18750 2 2 1 3 0.5 0.5 0.333333333333333
18779 18 6 5 19 0.277777777777778 0.833333333333333 0.263157894736842
18786 2 1 0 3 0 0 0
1880 19 7 4 22 0.210526315789474 0.571428571428571 0.181818181818182
1881 1 1 1 1 1 1 1
1887 9 1 1 9 0.111111111111111 1 0.111111111111111
19021 3 1 1 3 0.333333333333333 1 0.333333333333333
19073 2 1 1 2 0.5 1 0.5
19080 104 4 3 105 0.0288461538461538 0.75 0.0285714285714286
19089 122 2 2 122 0.0163934426229508 1 0.0163934426229508
19149 1 1 1 1 1 1 1
19151 805 279 242 842 0.300621118012422 0.867383512544803 0.287410926365796
1916 173 8 8 173 0.046242774566474 1 0.046242774566474
19182 7 1 1 7 0.142857142857143 1 0.142857142857143
19192 2 1 1 2 0.5 1 0.5
19237 1 1 1 1 1 1 1
19255 7 5 3 9 0.428571428571429 0.6 0.333333333333333
19262 30 1 1 30 0.0333333333333333 1 0.0333333333333333
1930 24 8 7 25 0.291666666666667 0.875 0.28
19384 6 1 0 7 0 0 0
19401 52 16 15 53 0.288461538461538 0.9375 0.283018867924528
19429 24 2 1 25 0.0416666666666667 0.5 0.04
195 8 2 1 9 0.125 0.5 0.111111111111111
19506 4 1 1 4 0.25 1 0.25
19517 1 1 0 2 0 0 0
1955 13 3 3 13 0.230769230769231 1 0.230769230769231
19557 5 2 1 6 0.2 0.5 0.166666666666667
19624 4 1 1 4 0.25 1 0.25
196613 2 2 2 2 1 1 1
19662 3 2 2 3 0.666666666666667 1 0.666666666666667
196621 6 3 2 7 0.333333333333333 0.666666666666667 0.285714285714286
1967 3 1 1 3 0.333333333333333 1 0.333333333333333
196724 2 2 2 2 1 1 1
196878 6 2 2 6 0.333333333333333 1 0.333333333333333
196997 2 2 2 2 1 1 1
197000 15 10 7 18 0.466666666666667 0.7 0.388888888888889
19740 17 5 4 18 0.235294117647059 0.8 0.222222222222222
19750 12 6 4 14 0.333333333333333 0.666666666666667 0.285714285714286
19782 23 2 2 23 0.0869565217391304 1 0.0869565217391304
19783 2 2 1 3 0.5 0.5 0.333333333333333
19804 2 1 1 2 0.5 1 0.5
19836 3 1 1 3 0.333333333333333 1 0.333333333333333
19855 51 2 2 51 0.0392156862745098 1 0.0392156862745098
19872 1 1 1 1 1 1 1
19940 1 3 0 4 0 0 0
19969 3 1 1 3 0.333333333333333 1 0.333333333333333
1998 5 2 2 5 0.4 1 0.4
19994 4 1 1 4 0.25 1 0.25
20080 19 5 5 19 0.263157894736842 1 0.263157894736842
20125 2 1 1 2 0.5 1 0.5
20130 2 1 1 2 0.5 1 0.5
20144 52 15 15 52 0.288461538461538 1 0.288461538461538
2018 6 1 1 6 0.166666666666667 1 0.166666666666667
20205 3 1 0 4 0 0 0
20225 11 1 1 11 0.0909090909090909 1 0.0909090909090909
20308 1 1 1 1 1 1 1
20312 9 6 4 11 0.444444444444444 0.666666666666667 0.363636363636364
2033 3 1 1 3 0.333333333333333 1 0.333333333333333
20341 1 1 0 2 0 0 0
20381 2 2 1 3 0.5 0.5 0.333333333333333
2042 16 6 5 17 0.3125 0.833333333333333 0.294117647058824
20436 2 1 0 3 0 0 0
2044 15 2 2 15 0.133333333333333 1 0.133333333333333
20473 25 4 3 26 0.12 0.75 0.115384615384615
20485 466 5 5 466 0.0107296137339056 1 0.0107296137339056
20495 54 13 10 57 0.185185185185185 0.769230769230769 0.175438596491228
20507 39 7 6 40 0.153846153846154 0.857142857142857 0.15
20535 7 1 1 7 0.142857142857143 1 0.142857142857143
20547 48 9 7 50 0.145833333333333 0.777777777777778 0.14
2055 2 1 1 2 0.5 1 0.5
20555 4 3 3 4 0.75 1 0.75
20562 373 13 13 373 0.0348525469168901 1 0.0348525469168901
20569 8 5 4 9 0.5 0.8 0.444444444444444
20570 2 1 1 2 0.5 1 0.5
20597 3 1 1 3 0.333333333333333 1 0.333333333333333
20608 3 2 0 5 0 0 0
20612 6 3 2 7 0.333333333333333 0.666666666666667 0.285714285714286
20621 4 5 3 6 0.75 0.6 0.5
20626 1 1 1 1 1 1 1
20633 22 12 6 28 0.272727272727273 0.5 0.214285714285714
20634 39 1 1 39 0.0256410256410256 1 0.0256410256410256
20640 225 103 78 250 0.346666666666667 0.757281553398058 0.312
20650 5 1 1 5 0.2 1 0.2
20676 103 19 12 110 0.116504854368932 0.631578947368421 0.109090909090909
20704 25 5 5 25 0.2 1 0.2
20707 2 2 2 2 1 1 1
20712 30 6 4 32 0.133333333333333 0.666666666666667 0.125
20718 31 14 3 42 0.0967741935483871 0.214285714285714 0.0714285714285714
20742 1 1 1 1 1 1 1
20766 13 1 1 13 0.0769230769230769 1 0.0769230769230769
20773 31 18 13 36 0.419354838709677 0.722222222222222 0.361111111111111
20783 7 4 2 9 0.285714285714286 0.5 0.222222222222222
20836 16 1 0 17 0 0 0
20845 4 1 1 4 0.25 1 0.25
20847 41 20 13 48 0.317073170731707 0.65 0.270833333333333
20850 22 4 4 22 0.181818181818182 1 0.181818181818182
20857 27 5 4 28 0.148148148148148 0.8 0.142857142857143
209 1423 36 34 1425 0.0238931834153197 0.944444444444444 0.023859649122807
20904 2 1 1 2 0.5 1 0.5
20912 10 5 5 10 0.5 1 0.5
20914 2 1 0 3 0 0 0
20932 389 16 15 390 0.038560411311054 0.9375 0.0384615384615385
20940 124 4 2 126 0.0161290322580645 0.5 0.0158730158730159
20953 35 10 5 40 0.142857142857143 0.5 0.125
20960 73 7 6 74 0.0821917808219178 0.857142857142857 0.0810810810810811
20965 55 43 43 55 0.781818181818182 1 0.781818181818182
20968 1 1 1 1 1 1 1
210 12 1 1 12 0.0833333333333333 1 0.0833333333333333
21011 118 20 13 125 0.110169491525424 0.65 0.104
21013 40 17 11 46 0.275 0.647058823529412 0.239130434782609
21055 42 9 7 44 0.166666666666667 0.777777777777778 0.159090909090909
21069 12 3 1 14 0.0833333333333333 0.333333333333333 0.0714285714285714
2107 1 3 1 3 1 0.333333333333333 0.333333333333333
2108 1 1 1 1 1 1 1
2110 45 3 2 46 0.0444444444444444 0.666666666666667 0.0434782608695652
21104 3 1 0 4 0 0 0
21107 3 1 0 4 0 0 0
21142 7 2 2 7 0.285714285714286 1 0.285714285714286
21155 43 18 11 50 0.255813953488372 0.611111111111111 0.22
21159 2 2 2 2 1 1 1
2116 34 9 8 35 0.235294117647059 0.888888888888889 0.228571428571429
21162 2 2 2 2 1 1 1
21174 3 1 0 4 0 0 0
2119 472 10 10 472 0.0211864406779661 1 0.0211864406779661
21191 2 1 1 2 0.5 1 0.5
21195 25 6 6 25 0.24 1 0.24
21213 13 3 3 13 0.230769230769231 1 0.230769230769231
21219 247 13 8 252 0.0323886639676113 0.615384615384615 0.0317460317460317
21221 33 11 8 36 0.242424242424242 0.727272727272727 0.222222222222222
21263 41 23 15 49 0.365853658536585 0.652173913043478 0.306122448979592
2128 4 1 1 4 0.25 1 0.25
21320 5 1 1 5 0.2 1 0.2
21360 13 1 0 14 0 0 0
21366 2 1 1 2 0.5 1 0.5
21371 52 17 11 58 0.211538461538462 0.647058823529412 0.189655172413793
21385 123 26 18 131 0.146341463414634 0.692307692307692 0.137404580152672
21392 38 12 8 42 0.210526315789474 0.666666666666667 0.19047619047619
21396 37 15 11 41 0.297297297297297 0.733333333333333 0.268292682926829
21399 2 2 0 4 0 0 0
21409 37 1 0 38 0 0 0
21414 66 14 8 72 0.121212121212121 0.571428571428571 0.111111111111111
21497 16 2 2 16 0.125 1 0.125
21499 3 1 1 3 0.333333333333333 1 0.333333333333333
21513 15 4 4 15 0.266666666666667 1 0.266666666666667
2152 94 5 5 94 0.0531914893617021 1 0.0531914893617021
2153 43 19 18 44 0.418604651162791 0.947368421052632 0.409090909090909
21548 23 1 1 23 0.0434782608695652 1 0.0434782608695652
21634 2 1 1 2 0.5 1 0.5
21719 2 1 0 3 0 0 0
21737 8 1 0 9 0 0 0
21788 16 5 5 16 0.3125 1 0.3125
21816 2 1 1 2 0.5 1 0.5
21844 24 5 4 25 0.166666666666667 0.8 0.16
21856 1 1 1 1 1 1 1
21864 10 2 2 10 0.2 1 0.2
21911 7 2 1 8 0.142857142857143 0.5 0.125
21928 6 2 2 6 0.333333333333333 1 0.333333333333333
21947 31 5 4 32 0.129032258064516 0.8 0.125
21968 2 1 0 3 0 0 0
21976 19 3 3 19 0.157894736842105 1 0.157894736842105
2200 53 6 5 54 0.0943396226415094 0.833333333333333 0.0925925925925926
22047 2 1 1 2 0.5 1 0.5
22070 4 1 1 4 0.25 1 0.25
22095 4 1 1 4 0.25 1 0.25
22192 3 1 1 3 0.333333333333333 1 0.333333333333333
22198 3 1 1 3 0.333333333333333 1 0.333333333333333
22212 429 19 14 434 0.0326340326340326 0.736842105263158 0.032258064516129
22284 8 1 0 9 0 0 0
22302 9 3 3 9 0.333333333333333 1 0.333333333333333
22335 23 5 5 23 0.217391304347826 1 0.217391304347826
22351 40 2 2 40 0.05 1 0.05
22356 49 1 1 49 0.0204081632653061 1 0.0204081632653061
22388 9 9 8 10 0.888888888888889 0.888888888888889 0.8
22394 1 1 1 1 1 1 1
224 7 2 2 7 0.285714285714286 1 0.285714285714286
22404 2 1 0 3 0 0 0
22431 9 2 1 10 0.111111111111111 0.5 0.1
22438 3 3 2 4 0.666666666666667 0.666666666666667 0.5
22439 3 1 1 3 0.333333333333333 1 0.333333333333333
225 4 1 1 4 0.25 1 0.25
22548 113 24 24 113 0.212389380530973 1 0.212389380530973
22577 11 3 3 11 0.272727272727273 1 0.272727272727273
22581 2 1 1 2 0.5 1 0.5
226 34 8 7 35 0.205882352941176 0.875 0.2
22645 10 1 1 10 0.1 1 0.1
22652 11 1 1 11 0.0909090909090909 1 0.0909090909090909
22734 2 1 0 3 0 0 0
22742 9 1 1 9 0.111111111111111 1 0.111111111111111
22773 289 3 3 289 0.0103806228373702 1 0.0103806228373702
22822 328 12 11 329 0.0335365853658537 0.916666666666667 0.033434650455927
22829 20 3 3 20 0.15 1 0.15
22847 2 1 1 2 0.5 1 0.5
22911 11 2 1 12 0.0909090909090909 0.5 0.0833333333333333
22925 30 1 1 30 0.0333333333333333 1 0.0333333333333333
22937 2 2 1 3 0.5 0.5 0.333333333333333
22958 8 2 2 8 0.25 1 0.25
23028 4 1 1 4 0.25 1 0.25
23033 8 1 0 9 0 0 0
23127 3 1 0 4 0 0 0
23148 420 7 7 420 0.0166666666666667 1 0.0166666666666667
23171 9 1 1 9 0.111111111111111 1 0.111111111111111
23308 16 8 7 17 0.4375 0.875 0.411764705882353
23316 2 1 1 2 0.5 1 0.5
23342 56 10 10 56 0.178571428571429 1 0.178571428571429
23352 38 3 2 39 0.0526315789473684 0.666666666666667 0.0512820512820513
23393 57 9 6 60 0.105263157894737 0.666666666666667 0.1
23431 2 1 0 3 0 0 0
23456 372 20 18 374 0.0483870967741935 0.9 0.0481283422459893
23504 31 8 5 34 0.161290322580645 0.625 0.147058823529412
23518 5 3 2 6 0.4 0.666666666666667 0.333333333333333
23541 9 1 0 10 0 0 0
23577 3 1 0 4 0 0 0
23596 4 2 2 4 0.5 1 0.5
23600 5 2 2 5 0.4 1 0.4
23624 2 2 2 2 1 1 1
23634 5 4 4 5 0.8 1 0.8
23637 3 1 0 4 0 0 0
23654 1 1 1 1 1 1 1
23655 19 2 1 20 0.0526315789473684 0.5 0.05
23657 3 1 0 4 0 0 0
23661 6 2 2 6 0.333333333333333 1 0.333333333333333
237 33 3 3 33 0.0909090909090909 1 0.0909090909090909
23709 2 2 1 3 0.5 0.5 0.333333333333333
23754 4 1 0 5 0 0 0
23774 5 3 2 6 0.4 0.666666666666667 0.333333333333333
2381 27 7 6 28 0.222222222222222 0.857142857142857 0.214285714285714
23816 6 2 2 6 0.333333333333333 1 0.333333333333333
23836 1 1 1 1 1 1 1
23838 3 1 0 4 0 0 0
23869 3 3 3 3 1 1 1
23889 3 1 1 3 0.333333333333333 1 0.333333333333333
23899 3 2 1 4 0.333333333333333 0.5 0.25
23902 2 1 1 2 0.5 1 0.5
23910 3 5 1 7 0.333333333333333 0.2 0.142857142857143
23911 7 16 4 19 0.571428571428571 0.25 0.210526315789474
23912 1 1 0 2 0 0 0
23930 26 3 2 27 0.0769230769230769 0.666666666666667 0.0740740740740741
23947 53 1 1 53 0.0188679245283019 1 0.0188679245283019
23951 4 2 2 4 0.5 1 0.5
23966 6 1 0 7 0 0 0
24 12 7 4 15 0.333333333333333 0.571428571428571 0.266666666666667
24005 3 1 1 3 0.333333333333333 1 0.333333333333333
24006 1 1 1 1 1 1 1
24029 11 2 1 12 0.0909090909090909 0.5 0.0833333333333333
24047 4 2 2 4 0.5 1 0.5
24066 2 1 0 3 0 0 0
24129 4 3 2 5 0.5 0.666666666666667 0.4
24130 46 6 6 46 0.130434782608696 1 0.130434782608696
24151 12 3 1 14 0.0833333333333333 0.333333333333333 0.0714285714285714
24173 3 1 0 4 0 0 0
24175 3 2 2 3 0.666666666666667 1 0.666666666666667
24176 1 1 0 2 0 0 0
24203 42 3 3 42 0.0714285714285714 1 0.0714285714285714
24211 2 1 0 3 0 0 0
24212 4 1 0 5 0 0 0
24218 22 7 6 23 0.272727272727273 0.857142857142857 0.260869565217391
24220 4 1 1 4 0.25 1 0.25
24226 2 2 2 2 1 1 1
24229 5 1 1 5 0.2 1 0.2
24238 7 3 2 8 0.285714285714286 0.666666666666667 0.25
24287 4 3 3 4 0.75 1 0.75
24299 1 3 0 4 0 0 0
24311 1 1 0 2 0 0 0
24321 3 1 1 3 0.333333333333333 1 0.333333333333333
24334 2 1 1 2 0.5 1 0.5
24390 2 1 1 2 0.5 1 0.5
24424 1 1 0 2 0 0 0
24433 1 1 1 1 1 1 1
24435 1 1 0 2 0 0 0
24437 1 1 1 1 1 1 1
24475 4 4 4 4 1 1 1
24489 12 10 10 12 0.833333333333333 1 0.833333333333333
24490 13 12 12 13 0.923076923076923 1 0.923076923076923
24514 6 2 2 6 0.333333333333333 1 0.333333333333333
24530 1 1 0 2 0 0 0
24541 4 5 2 7 0.5 0.4 0.285714285714286
24557 4 3 3 4 0.75 1 0.75
24586 29 14 7 36 0.241379310344828 0.5 0.194444444444444
24594 32 6 4 34 0.125 0.666666666666667 0.117647058823529
24629 2 2 2 2 1 1 1
24638 19 2 2 19 0.105263157894737 1 0.105263157894737
24641 5 1 1 5 0.2 1 0.2
24642 31 11 6 36 0.193548387096774 0.545454545454545 0.166666666666667
24679 28 13 9 32 0.321428571428571 0.692307692307692 0.28125
24724 140 37 29 148 0.207142857142857 0.783783783783784 0.195945945945946
24730 50 1 1 50 0.02 1 0.02
24739 54 22 12 64 0.222222222222222 0.545454545454545 0.1875
24776 4 1 0 5 0 0 0
24785 124 16 10 130 0.0806451612903226 0.625 0.0769230769230769
24796 5 2 2 5 0.4 1 0.4
2484 3 1 1 3 0.333333333333333 1 0.333333333333333
24863 24 3 3 24 0.125 1 0.125
24875 40 19 8 51 0.2 0.421052631578947 0.156862745098039
24889 11 4 3 12 0.272727272727273 0.75 0.25
24900 1 1 1 1 1 1 1
24940 28 14 9 33 0.321428571428571 0.642857142857143 0.272727272727273
2495 12 1 1 12 0.0833333333333333 1 0.0833333333333333
24953 21 2 2 21 0.0952380952380952 1 0.0952380952380952
24956 3 1 0 4 0 0 0
24963 56 12 9 59 0.160714285714286 0.75 0.152542372881356
2497 254 86 72 268 0.283464566929134 0.837209302325581 0.26865671641791
24971 18 7 6 19 0.333333333333333 0.857142857142857 0.315789473684211
24973 3 1 0 4 0 0 0
2499 1 2 1 2 1 0.5 0.5
24990 13 2 1 14 0.0769230769230769 0.5 0.0714285714285714
25 2 1 1 2 0.5 1 0.5
250 3 1 0 4 0 0 0
2500 29 26 16 39 0.551724137931034 0.615384615384615 0.41025641025641
25058 2 1 1 2 0.5 1 0.5
2506 2 1 1 2 0.5 1 0.5
25061 45 6 5 46 0.111111111111111 0.833333333333333 0.108695652173913
25074 102 26 16 112 0.156862745098039 0.615384615384615 0.142857142857143
25091 102 1 1 102 0.00980392156862745 1 0.00980392156862745
25098 12 2 2 12 0.166666666666667 1 0.166666666666667
2510 16 2 2 16 0.125 1 0.125
25111 3 1 1 3 0.333333333333333 1 0.333333333333333
25137 43 14 11 46 0.255813953488372 0.785714285714286 0.239130434782609
2514 16 2 2 16 0.125 1 0.125
25146 3 2 2 3 0.666666666666667 1 0.666666666666667
25148 30 10 8 32 0.266666666666667 0.8 0.25
2515 5 3 3 5 0.6 1 0.6
25151 19 1 0 20 0 0 0
25152 65 16 11 70 0.169230769230769 0.6875 0.157142857142857
2516 323 30 27 326 0.0835913312693498 0.9 0.0828220858895705
25164 2 1 1 2 0.5 1 0.5
2518 11 5 5 11 0.454545454545455 1 0.454545454545455
25182 31 8 5 34 0.161290322580645 0.625 0.147058823529412
2519 28 6 6 28 0.214285714285714 1 0.214285714285714
25192 30 19 15 34 0.5 0.789473684210526 0.441176470588235
2521 1 1 1 1 1 1 1
25234 5 4 3 6 0.6 0.75 0.5
2527 11 6 5 12 0.454545454545455 0.833333333333333 0.416666666666667
25279 28 14 10 32 0.357142857142857 0.714285714285714 0.3125
25286 41 16 9 48 0.219512195121951 0.5625 0.1875
25295 3 1 1 3 0.333333333333333 1 0.333333333333333
25358 17 9 5 21 0.294117647058824 0.555555555555556 0.238095238095238
25372 5 1 1 5 0.2 1 0.2
25376 4 3 1 6 0.25 0.333333333333333 0.166666666666667
25384 9 2 1 10 0.111111111111111 0.5 0.1
25409 2 2 1 3 0.5 0.5 0.333333333333333
25415 5 4 3 6 0.6 0.75 0.5
25432 2 1 1 2 0.5 1 0.5
25441 15 3 3 15 0.2 1 0.2
25459 32 9 8 33 0.25 0.888888888888889 0.242424242424242
25466 36 18 12 42 0.333333333333333 0.666666666666667 0.285714285714286
25473 7 3 3 7 0.428571428571429 1 0.428571428571429
25478 67 11 8 70 0.119402985074627 0.727272727272727 0.114285714285714
25486 4 2 2 4 0.5 1 0.5
25489 10 3 2 11 0.2 0.666666666666667 0.181818181818182
2549 3 2 1 4 0.333333333333333 0.5 0.25
25512 24 5 4 25 0.166666666666667 0.8 0.16
25525 75 20 16 79 0.213333333333333 0.8 0.20253164556962
25532 9 1 1 9 0.111111111111111 1 0.111111111111111
25538 2 2 0 4 0 0 0
25560 34 141 24 151 0.705882352941177 0.170212765957447 0.158940397350993
25563 5 1 1 5 0.2 1 0.2
25577 91 10 9 92 0.0989010989010989 0.9 0.0978260869565217
25588 26 1 0 27 0 0 0
25593 9 1 1 9 0.111111111111111 1 0.111111111111111
25596 48 13 9 52 0.1875 0.692307692307692 0.173076923076923
25605 4 1 0 5 0 0 0
2561 3 2 2 3 0.666666666666667 1 0.666666666666667
25615 11 2 2 11 0.181818181818182 1 0.181818181818182
25649 2 2 2 2 1 1 1
25689 14 4 4 14 0.285714285714286 1 0.285714285714286
2576 3 1 1 3 0.333333333333333 1 0.333333333333333
25795 12 2 2 12 0.166666666666667 1 0.166666666666667
25818 22 6 4 24 0.181818181818182 0.666666666666667 0.166666666666667
25829 3 1 1 3 0.333333333333333 1 0.333333333333333
2586 12 1 1 12 0.0833333333333333 1 0.0833333333333333
2588 28 2 2 28 0.0714285714285714 1 0.0714285714285714
25885 9 3 3 9 0.333333333333333 1 0.333333333333333
25899 28 5 4 29 0.142857142857143 0.8 0.137931034482759
25933 10 1 1 10 0.1 1 0.1
2594 4 1 0 5 0 0 0
2595 2 1 0 3 0 0 0
2597 6 4 4 6 0.666666666666667 1 0.666666666666667
26 5 2 2 5 0.4 1 0.4
2602 4 3 3 4 0.75 1 0.75
2603 143 34 26 151 0.181818181818182 0.764705882352941 0.172185430463576
2607 37 12 11 38 0.297297297297297 0.916666666666667 0.289473684210526
2609 3 1 0 4 0 0 0
26090 2 1 0 3 0 0 0
2611 54 13 11 56 0.203703703703704 0.846153846153846 0.196428571428571
2614 21 1 1 21 0.0476190476190476 1 0.0476190476190476
262659 2 1 0 3 0 0 0
262684 1 1 1 1 1 1 1
262721 1 1 1 1 1 1 1
26299 10 4 4 10 0.4 1 0.4
26347 11 3 3 11 0.272727272727273 1 0.272727272727273
2637 5 1 1 5 0.2 1 0.2
26415 47 10 1 56 0.0212765957446809 0.1 0.0178571428571429
26462 2 2 1 3 0.5 0.5 0.333333333333333
26473 8 3 3 8 0.375 1 0.375
26482 4 1 1 4 0.25 1 0.25
26496 9 3 3 9 0.333333333333333 1 0.333333333333333
26531 6 4 3 7 0.5 0.75 0.428571428571429
26592 27 3 2 28 0.0740740740740741 0.666666666666667 0.0714285714285714
26599 2 1 1 2 0.5 1 0.5
26610 2 1 1 2 0.5 1 0.5
26622 9 2 1 10 0.111111111111111 0.5 0.1
26677 44 1 1 44 0.0227272727272727 1 0.0227272727272727
26711 4 3 3 4 0.75 1 0.75
26773 14 4 4 14 0.285714285714286 1 0.285714285714286
26785 3 2 1 4 0.333333333333333 0.5 0.25
26788 21 1 1 21 0.0476190476190476 1 0.0476190476190476
2686 111 1 1 111 0.00900900900900901 1 0.00900900900900901
26888 2 2 2 2 1 1 1
26935 11 2 2 11 0.181818181818182 1 0.181818181818182
26949 2 1 0 3 0 0 0
2697 7 2 1 8 0.142857142857143 0.5 0.125
26978 13 3 1 15 0.0769230769230769 0.333333333333333 0.0666666666666667
2698 6 2 2 6 0.333333333333333 1 0.333333333333333
27 2 1 1 2 0.5 1 0.5
271 18 2 2 18 0.111111111111111 1 0.111111111111111
2716 5 2 1 6 0.2 0.5 0.166666666666667
2721 3 2 2 3 0.666666666666667 1 0.666666666666667
2722 6 2 2 6 0.333333333333333 1 0.333333333333333
27318 1 2 0 3 0 0 0
27319 79 28 27 80 0.341772151898734 0.964285714285714 0.3375
27321 3 3 2 4 0.666666666666667 0.666666666666667 0.5
27325 11 5 3 13 0.272727272727273 0.6 0.230769230769231
27357 7 1 1 7 0.142857142857143 1 0.142857142857143
27400 3 2 2 3 0.666666666666667 1 0.666666666666667
27446 4 1 0 5 0 0 0
27524 63 5 4 64 0.0634920634920635 0.8 0.0625
27552 10 1 1 10 0.1 1 0.1
27589 7 2 2 7 0.285714285714286 1 0.285714285714286
27678 9 4 3 10 0.333333333333333 0.75 0.3
27693 4 1 1 4 0.25 1 0.25
27725 1 1 1 1 1 1 1
27750 17 9 9 17 0.529411764705882 1 0.529411764705882
27767 3 1 0 4 0 0 0
27770 2 1 1 2 0.5 1 0.5
27781 6 1 0 7 0 0 0
278 9 4 1 12 0.111111111111111 0.25 0.0833333333333333
27814 4 1 0 5 0 0 0
27817 4 1 1 4 0.25 1 0.25
27820 3 1 0 4 0 0 0
27841 3 1 1 3 0.333333333333333 1 0.333333333333333
27859 2 1 1 2 0.5 1 0.5
27882 3 1 1 3 0.333333333333333 1 0.333333333333333
27893 3 2 0 5 0 0 0
27912 2 1 0 3 0 0 0
27924 3 1 1 3 0.333333333333333 1 0.333333333333333
27970 2 1 1 2 0.5 1 0.5
27986 14 2 2 14 0.142857142857143 1 0.142857142857143
27991 2 1 1 2 0.5 1 0.5
27992 4 1 1 4 0.25 1 0.25
28000 1 1 1 1 1 1 1
28001 5 1 1 5 0.2 1 0.2
28138 7 3 3 7 0.428571428571429 1 0.428571428571429
28142 1 1 0 2 0 0 0
28155 3 6 2 7 0.666666666666667 0.333333333333333 0.285714285714286
28169 1 1 0 2 0 0 0
28182 1 1 1 1 1 1 1
2819 37 4 3 38 0.0810810810810811 0.75 0.0789473684210526
28220 106 1 1 106 0.00943396226415094 1 0.00943396226415094
28262 2 1 1 2 0.5 1 0.5
28264 1 1 0 2 0 0 0
2828 891 27 21 897 0.0235690235690236 0.777777777777778 0.0234113712374582
28296 2 1 1 2 0.5 1 0.5
28299 8 2 1 9 0.125 0.5 0.111111111111111
28346 7 1 1 7 0.142857142857143 1 0.142857142857143
28360 12 1 1 12 0.0833333333333333 1 0.0833333333333333
28362 1 1 1 1 1 1 1
2847 5 4 4 5 0.8 1 0.8
2848 17 3 2 18 0.117647058823529 0.666666666666667 0.111111111111111
28497 5 2 2 5 0.4 1 0.4
28499 3 2 1 4 0.333333333333333 0.5 0.25
28511 4 2 1 5 0.25 0.5 0.2
2852 99 41 32 108 0.323232323232323 0.780487804878049 0.296296296296296
2854 132 3 2 133 0.0151515151515152 0.666666666666667 0.0150375939849624
2857 35 40 11 64 0.314285714285714 0.275 0.171875
28571 6 1 1 6 0.166666666666667 1 0.166666666666667
286 330 201 82 449 0.248484848484848 0.407960199004975 0.182628062360802
28606 1 1 0 2 0 0 0
2861 4 1 1 4 0.25 1 0.25
28618 4 2 0 6 0 0 0
28625 18 1 1 18 0.0555555555555556 1 0.0555555555555556
28677 2 1 1 2 0.5 1 0.5
28678 2 1 1 2 0.5 1 0.5
28697 6 1 0 7 0 0 0
28716 52 1 1 52 0.0192307692307692 1 0.0192307692307692
28717 34 4 3 35 0.0882352941176471 0.75 0.0857142857142857
28725 1 3 1 3 1 0.333333333333333 0.333333333333333
28747 2 2 2 2 1 1 1
28748 1 1 1 1 1 1 1
28753 27 15 9 33 0.333333333333333 0.6 0.272727272727273
28762 12 2 2 12 0.166666666666667 1 0.166666666666667
28768 4 1 0 5 0 0 0
28788 43 14 9 48 0.209302325581395 0.642857142857143 0.1875
28792 7 1 0 8 0 0 0
28809 123 13 7 129 0.0569105691056911 0.538461538461538 0.0542635658914729
28824 2 1 0 3 0 0 0
2884 4 2 2 4 0.5 1 0.5
28847 1 1 1 1 1 1 1
28855 9 4 4 9 0.444444444444444 1 0.444444444444444
28857 8 4 4 8 0.5 1 0.5
28859 6 2 1 7 0.166666666666667 0.5 0.142857142857143
28878 41 16 11 46 0.268292682926829 0.6875 0.239130434782609
28929 102 7 6 103 0.0588235294117647 0.857142857142857 0.058252427184466
28933 1 1 0 2 0 0 0
2895 277 4 3 278 0.0108303249097473 0.75 0.0107913669064748
28990 1 1 1 1 1 1 1
29003 6 1 1 6 0.166666666666667 1 0.166666666666667
29009 35 7 4 38 0.114285714285714 0.571428571428571 0.105263157894737
29014 7 1 1 7 0.142857142857143 1 0.142857142857143
29017 60 8 5 63 0.0833333333333333 0.625 0.0793650793650794
2905 403 2 0 405 0 0 0
29056 26 5 5 26 0.192307692307692 1 0.192307692307692
2906 8 6 4 10 0.5 0.666666666666667 0.4
29066 36 18 12 42 0.333333333333333 0.666666666666667 0.285714285714286
2907 84 6 6 84 0.0714285714285714 1 0.0714285714285714
29073 33 9 3 39 0.0909090909090909 0.333333333333333 0.0769230769230769
29076 88 22 12 98 0.136363636363636 0.545454545454545 0.122448979591837
29113 69 17 13 73 0.188405797101449 0.764705882352941 0.178082191780822
29134 8 6 6 8 0.75 1 0.75
2914 646 233 182 697 0.281733746130031 0.781115879828326 0.261119081779053
29140 18 16 8 26 0.444444444444444 0.5 0.307692307692308
29147 1 1 1 1 1 1 1
29154 5 3 3 5 0.6 1 0.6
29169 29 6 5 30 0.172413793103448 0.833333333333333 0.166666666666667
29182 15 2 2 15 0.133333333333333 1 0.133333333333333
29208 348 216 119 445 0.341954022988506 0.550925925925926 0.267415730337079
29216 1 1 1 1 1 1 1
29217 3 1 1 3 0.333333333333333 1 0.333333333333333
29222 40 4 3 41 0.075 0.75 0.0731707317073171
29240 2 1 1 2 0.5 1 0.5
29243 1 2 1 2 1 0.5 0.5
29246 8 1 1 8 0.125 1 0.125
29259 4 2 2 4 0.5 1 0.5
29276 1 1 0 2 0 0 0
29278 15 4 4 15 0.266666666666667 1 0.266666666666667
293 162 24 23 163 0.141975308641975 0.958333333333333 0.141104294478528
29311 6 1 1 6 0.166666666666667 1 0.166666666666667
29317 2 2 2 2 1 1 1
29321 7 3 3 7 0.428571428571429 1 0.428571428571429
29329 17 3 2 18 0.117647058823529 0.666666666666667 0.111111111111111
29396 36 12 9 39 0.25 0.75 0.230769230769231
29405 11 2 2 11 0.181818181818182 1 0.181818181818182
29422 20 11 9 22 0.45 0.818181818181818 0.409090909090909
29430 3 1 1 3 0.333333333333333 1 0.333333333333333
29432 2 1 1 2 0.5 1 0.5
29433 10 2 0 12 0 0 0
29449 12 7 6 13 0.5 0.857142857142857 0.461538461538462
29452 26 4 3 27 0.115384615384615 0.75 0.111111111111111
29488 3 2 2 3 0.666666666666667 1 0.666666666666667
29492 1 1 0 2 0 0 0
29527 278 11 11 278 0.039568345323741 1 0.039568345323741
29542 5 2 1 6 0.2 0.5 0.166666666666667
29550 57 7 6 58 0.105263157894737 0.857142857142857 0.103448275862069
29562 40 1 1 40 0.025 1 0.025
29608 15 4 4 15 0.266666666666667 1 0.266666666666667
29611 38 11 9 40 0.236842105263158 0.818181818181818 0.225
29632 49 2 2 49 0.0408163265306122 1 0.0408163265306122
29636 250 53 50 253 0.2 0.943396226415094 0.197628458498024
29651 12 2 2 12 0.166666666666667 1 0.166666666666667
29655 10 5 4 11 0.4 0.8 0.363636363636364
29659 3 1 1 3 0.333333333333333 1 0.333333333333333
29668 42 1 1 42 0.0238095238095238 1 0.0238095238095238
29670 8 7 3 12 0.375 0.428571428571429 0.25
29671 4 3 3 4 0.75 1 0.75
29680 5 3 3 5 0.6 1 0.6
29684 6 1 1 6 0.166666666666667 1 0.166666666666667
29686 319 171 123 367 0.385579937304075 0.719298245614035 0.335149863760218
29691 20 3 2 21 0.1 0.666666666666667 0.0952380952380952
29748 33 15 11 37 0.333333333333333 0.733333333333333 0.297297297297297
29761 12 2 2 12 0.166666666666667 1 0.166666666666667
29763 1 1 1 1 1 1 1
29789 1 1 1 1 1 1 1
29791 268 13 10 271 0.0373134328358209 0.769230769230769 0.03690036900369
29825 2 1 1 2 0.5 1 0.5
29838 44 6 5 45 0.113636363636364 0.833333333333333 0.111111111111111
29904 1 1 1 1 1 1 1
3 8 1 0 9 0 0 0
30008 3 1 1 3 0.333333333333333 1 0.333333333333333
30029 2 1 1 2 0.5 1 0.5
30058 12 1 1 12 0.0833333333333333 1 0.0833333333333333
30059 3 2 2 3 0.666666666666667 1 0.666666666666667
30071 11 83 7 87 0.636363636363636 0.0843373493975904 0.0804597701149425
30075 1 1 0 2 0 0 0
30094 59 2 2 59 0.0338983050847458 1 0.0338983050847458
30121 4 2 1 5 0.25 0.5 0.2
30124 7 1 1 7 0.142857142857143 1 0.142857142857143
30130 4 2 2 4 0.5 1 0.5
30132 37 63 19 81 0.513513513513513 0.301587301587302 0.234567901234568
30142 2 1 0 3 0 0 0
30160 12 3 1 14 0.0833333333333333 0.333333333333333 0.0714285714285714
30176 18 3 3 18 0.166666666666667 1 0.166666666666667
302 9 1 1 9 0.111111111111111 1 0.111111111111111
30217 5 1 1 5 0.2 1 0.2
30221 2 1 0 3 0 0 0
30263 2 1 0 3 0 0 0
30295 5 1 1 5 0.2 1 0.2
30340 15 3 2 16 0.133333333333333 0.666666666666667 0.125
30362 3 1 0 4 0 0 0
3043 26 7 6 27 0.230769230769231 0.857142857142857 0.222222222222222
30496 17 3 3 17 0.176470588235294 1 0.176470588235294
30528 6 3 2 7 0.333333333333333 0.666666666666667 0.285714285714286
30653 33 9 6 36 0.181818181818182 0.666666666666667 0.166666666666667
30700 5 2 2 5 0.4 1 0.4
30708 1 1 1 1 1 1 1
30726 12 2 1 13 0.0833333333333333 0.5 0.0769230769230769
30737 4 2 2 4 0.5 1 0.5
30740 41 8 7 42 0.170731707317073 0.875 0.166666666666667
30764 6 4 4 6 0.666666666666667 1 0.666666666666667
30781 79 27 18 88 0.227848101265823 0.666666666666667 0.204545454545455
30795 3 2 2 3 0.666666666666667 1 0.666666666666667
30798 5 2 2 5 0.4 1 0.4
30811 4 4 4 4 1 1 1
30833 11 1 1 11 0.0909090909090909 1 0.0909090909090909
30844 320 8 8 320 0.025 1 0.025
30851 19 17 6 30 0.315789473684211 0.352941176470588 0.2
30857 2 2 1 3 0.5 0.5 0.333333333333333
30880 7 1 1 7 0.142857142857143 1 0.142857142857143
30889 41 9 5 45 0.121951219512195 0.555555555555556 0.111111111111111
30890 146 19 12 153 0.0821917808219178 0.631578947368421 0.0784313725490196
30925 21 11 5 27 0.238095238095238 0.454545454545455 0.185185185185185
30961 3 1 1 3 0.333333333333333 1 0.333333333333333
30962 9 4 4 9 0.444444444444444 1 0.444444444444444
30971 10 3 3 10 0.3 1 0.3
30975 9 6 2 13 0.222222222222222 0.333333333333333 0.153846153846154
31 2 1 1 2 0.5 1 0.5
31005 3 1 1 3 0.333333333333333 1 0.333333333333333
31018 1 1 1 1 1 1 1
31027 60 13 10 63 0.166666666666667 0.769230769230769 0.158730158730159
31042 23 1 1 23 0.0434782608695652 1 0.0434782608695652
31059 12 1 1 12 0.0833333333333333 1 0.0833333333333333
31078 4 4 3 5 0.75 0.75 0.6
31103 18 13 6 25 0.333333333333333 0.461538461538462 0.24
31117 12 5 4 13 0.333333333333333 0.8 0.307692307692308
31122 11 2 2 11 0.181818181818182 1 0.181818181818182
31127 2 4 2 4 1 0.5 0.5
31147 9 1 1 9 0.111111111111111 1 0.111111111111111
31167 14 1 1 14 0.0714285714285714 1 0.0714285714285714
31172 7 3 1 9 0.142857142857143 0.333333333333333 0.111111111111111
31229 4 2 1 5 0.25 0.5 0.2
31252 68 18 14 72 0.205882352941176 0.777777777777778 0.194444444444444
31255 5 3 2 6 0.4 0.666666666666667 0.333333333333333
31261 29 1 1 29 0.0344827586206897 1 0.0344827586206897
31263 4 1 0 5 0 0 0
31283 75 7 7 75 0.0933333333333333 1 0.0933333333333333
3130 21 2 2 21 0.0952380952380952 1 0.0952380952380952
31333 5 2 2 5 0.4 1 0.4
31334 57 18 12 63 0.210526315789474 0.666666666666667 0.19047619047619
31383 24 8 4 28 0.166666666666667 0.5 0.142857142857143
3140 1 1 1 1 1 1 1
31400 26 2 1 27 0.0384615384615385 0.5 0.037037037037037
31416 4 1 0 5 0 0 0
31424 26 5 5 26 0.192307692307692 1 0.192307692307692
31442 2 2 1 3 0.5 0.5 0.333333333333333
31458 58 8 7 59 0.120689655172414 0.875 0.11864406779661
31477 249 4 4 249 0.0160642570281124 1 0.0160642570281124
31479 4 2 1 5 0.25 0.5 0.2
31493 4 1 1 4 0.25 1 0.25
31500 745 13 13 745 0.0174496644295302 1 0.0174496644295302
31513 2 1 0 3 0 0 0
31529 51 29 17 63 0.333333333333333 0.586206896551724 0.26984126984127
31530 6 1 1 6 0.166666666666667 1 0.166666666666667
31554 14 3 2 15 0.142857142857143 0.666666666666667 0.133333333333333
31572 9 1 1 9 0.111111111111111 1 0.111111111111111
31615 4 1 0 5 0 0 0
31621 5 3 1 7 0.2 0.333333333333333 0.142857142857143
31649 8 2 2 8 0.25 1 0.25
31661 39 17 12 44 0.307692307692308 0.705882352941177 0.272727272727273
31677 5 3 1 7 0.2 0.333333333333333 0.142857142857143
31688 12 3 3 12 0.25 1 0.25
31708 39 11 9 41 0.230769230769231 0.818181818181818 0.219512195121951
31736 11 2 2 11 0.181818181818182 1 0.181818181818182
31859 2 2 0 4 0 0 0
31877 12 1 1 12 0.0833333333333333 1 0.0833333333333333
31939 5 2 2 5 0.4 1 0.4
32 6 1 1 6 0.166666666666667 1 0.166666666666667
32016 7 2 1 8 0.142857142857143 0.5 0.125
32034 5 2 2 5 0.4 1 0.4
3209 149 4 4 149 0.0268456375838926 1 0.0268456375838926
32097 4 1 1 4 0.25 1 0.25
3212 25 1 1 25 0.04 1 0.04
3213 44 14 11 47 0.25 0.785714285714286 0.234042553191489
3215 98 2 2 98 0.0204081632653061 1 0.0204081632653061
3221 1 1 1 1 1 1 1
3223 1 2 1 2 1 0.5 0.5
32244 3 1 1 3 0.333333333333333 1 0.333333333333333
32308 3 1 1 3 0.333333333333333 1 0.333333333333333
32329 3 1 1 3 0.333333333333333 1 0.333333333333333
32335 3 1 1 3 0.333333333333333 1 0.333333333333333
32346 2 2 2 2 1 1 1
32354 17 6 4 19 0.235294117647059 0.666666666666667 0.210526315789474
32360 2 2 1 3 0.5 0.5 0.333333333333333
32361 9 1 1 9 0.111111111111111 1 0.111111111111111
3243 17 3 2 18 0.117647058823529 0.666666666666667 0.111111111111111
32440 24 3 3 24 0.125 1 0.125
3248 61 25 21 65 0.344262295081967 0.84 0.323076923076923
3249 55 14 10 59 0.181818181818182 0.714285714285714 0.169491525423729
3257 701 345 205 841 0.29243937232525 0.594202898550725 0.243757431629013
32592 14 1 1 14 0.0714285714285714 1 0.0714285714285714
3261 38 2 2 38 0.0526315789473684 1 0.0526315789473684
32613 12 2 2 12 0.166666666666667 1 0.166666666666667
3265 38 14 10 42 0.263157894736842 0.714285714285714 0.238095238095238
3267 387 11 7 391 0.0180878552971576 0.636363636363636 0.0179028132992327
3269 124 1 1 124 0.00806451612903226 1 0.00806451612903226
32748 38 13 10 41 0.263157894736842 0.769230769230769 0.24390243902439
3277 5 1 1 5 0.2 1 0.2
32809 1 1 0 2 0 0 0
32825 2 2 1 3 0.5 0.5 0.333333333333333
32890 4 1 1 4 0.25 1 0.25
32915 4 1 0 5 0 0 0
3292 431 29 29 431 0.0672853828306264 1 0.0672853828306264
32934 64 1 1 64 0.015625 1 0.015625
32978 1 1 1 1 1 1 1
33003 2 1 0 3 0 0 0
3301 63 5 5 63 0.0793650793650794 1 0.0793650793650794
3302 44 3 3 44 0.0681818181818182 1 0.0681818181818182
3303 574 29 26 577 0.0452961672473868 0.896551724137931 0.0450606585788562
33070 7 2 2 7 0.285714285714286 1 0.285714285714286
33075 2 1 1 2 0.5 1 0.5
33079 2 2 2 2 1 1 1
3308 25 4 4 25 0.16 1 0.16
33082 1 3 1 3 1 0.333333333333333 0.333333333333333
33152 1 1 0 2 0 0 0
3316 20 2 2 20 0.1 1 0.1
33189 9 1 1 9 0.111111111111111 1 0.111111111111111
3320 531 22 17 536 0.032015065913371 0.772727272727273 0.0317164179104478
3327 88 23 17 94 0.193181818181818 0.739130434782609 0.180851063829787
3330 26 7 7 26 0.269230769230769 1 0.269230769230769
33310 2 2 1 3 0.5 0.5 0.333333333333333
3333 167 5 4 168 0.0239520958083832 0.8 0.0238095238095238
33362 3 1 0 4 0 0 0
33419 19 1 1 19 0.0526315789473684 1 0.0526315789473684
33437 2 9 1 10 0.5 0.111111111111111 0.1
3344 8 4 3 9 0.375 0.75 0.333333333333333
33517 8 3 3 8 0.375 1 0.375
3352 80 2 1 81 0.0125 0.5 0.0123456790123457
33522 3 1 0 4 0 0 0
33541 7 2 2 7 0.285714285714286 1 0.285714285714286
3356 2741 144 133 2752 0.048522437066764 0.923611111111111 0.048328488372093
33597 36 3 3 36 0.0833333333333333 1 0.0833333333333333
33606 6 1 1 6 0.166666666666667 1 0.166666666666667
3363 2 1 1 2 0.5 1 0.5
33631 2 1 1 2 0.5 1 0.5
33764 2 3 1 4 0.5 0.333333333333333 0.25
33789 2 2 2 2 1 1 1
33808 15 14 7 22 0.466666666666667 0.5 0.318181818181818
3382 2 1 1 2 0.5 1 0.5
33828 1 1 1 1 1 1 1
33837 4 1 1 4 0.25 1 0.25
33843 38 19 13 44 0.342105263157895 0.684210526315789 0.295454545454545
33845 12 4 3 13 0.25 0.75 0.230769230769231
33868 6 1 1 6 0.166666666666667 1 0.166666666666667
33873 23 1 1 23 0.0434782608695652 1 0.0434782608695652
33876 1 1 1 1 1 1 1
33885 13 5 5 13 0.384615384615385 1 0.384615384615385
33890 12 1 1 12 0.0833333333333333 1 0.0833333333333333
33891 43 20 13 50 0.302325581395349 0.65 0.26
33923 5 3 2 6 0.4 0.666666666666667 0.333333333333333
33926 60 11 9 62 0.15 0.818181818181818 0.145161290322581
33930 2 1 0 3 0 0 0
33965 15 3 3 15 0.2 1 0.2
33984 2 1 1 2 0.5 1 0.5
33988 2 2 1 3 0.5 0.5 0.333333333333333
34011 22 15 10 27 0.454545454545455 0.666666666666667 0.37037037037037
34019 10 5 4 11 0.4 0.8 0.363636363636364
34021 11 1 1 11 0.0909090909090909 1 0.0909090909090909
34080 6 2 2 6 0.333333333333333 1 0.333333333333333
34081 3 2 2 3 0.666666666666667 1 0.666666666666667
34087 7 2 2 7 0.285714285714286 1 0.285714285714286
34108 5 4 3 6 0.6 0.75 0.5
34109 10 2 1 11 0.1 0.5 0.0909090909090909
34123 34 4 3 35 0.0882352941176471 0.75 0.0857142857142857
34139 2 1 1 2 0.5 1 0.5
34141 23 1 1 23 0.0434782608695652 1 0.0434782608695652
34146 17 5 4 18 0.235294117647059 0.8 0.222222222222222
34171 6 4 2 8 0.333333333333333 0.5 0.25
34183 3 3 3 3 1 1 1
34225 6 7 4 9 0.666666666666667 0.571428571428571 0.444444444444444
34240 2 2 2 2 1 1 1
34244 4 2 2 4 0.5 1 0.5
34245 50 5 4 51 0.08 0.8 0.0784313725490196
34270 40 4 4 40 0.1 1 0.1
34279 19 2 2 19 0.105263157894737 1 0.105263157894737
34288 12 6 5 13 0.416666666666667 0.833333333333333 0.384615384615385
34305 59 18 10 67 0.169491525423729 0.555555555555556 0.149253731343284
34309 63 253 35 281 0.555555555555556 0.138339920948617 0.124555160142349
34313 2 1 1 2 0.5 1 0.5
34352 11 2 1 12 0.0909090909090909 0.5 0.0833333333333333
34372 3 1 1 3 0.333333333333333 1 0.333333333333333
34387 2 2 2 2 1 1 1
34409 5 3 2 6 0.4 0.666666666666667 0.333333333333333
34419 24 8 2 30 0.0833333333333333 0.25 0.0666666666666667
34427 3 1 1 3 0.333333333333333 1 0.333333333333333
34442 26 7 5 28 0.192307692307692 0.714285714285714 0.178571428571429
34486 32 8 6 34 0.1875 0.75 0.176470588235294
34505 3 2 2 3 0.666666666666667 1 0.666666666666667
34536 1 1 0 2 0 0 0
34549 7 5 4 8 0.571428571428571 0.8 0.5
34554 15 5 4 16 0.266666666666667 0.8 0.25
34567 2 1 1 2 0.5 1 0.5
34568 4 4 3 5 0.75 0.75 0.6
34574 3 1 0 4 0 0 0
34594 19 4 4 19 0.210526315789474 1 0.210526315789474
34602 16 4 2 18 0.125 0.5 0.111111111111111
3462 24 2 1 25 0.0416666666666667 0.5 0.04
34623 1 1 1 1 1 1 1
3464 8 1 1 8 0.125 1 0.125
34660 5 1 1 5 0.2 1 0.2
34683 2 1 1 2 0.5 1 0.5
34695 1088 253 225 1116 0.206801470588235 0.889328063241107 0.201612903225806
34700 2 2 2 2 1 1 1
34735 2 1 1 2 0.5 1 0.5
34752 3 1 1 3 0.333333333333333 1 0.333333333333333
34779 36 1 1 36 0.0277777777777778 1 0.0277777777777778
34781 15 1 1 15 0.0666666666666667 1 0.0666666666666667
34784 3 1 1 3 0.333333333333333 1 0.333333333333333
34863 2 2 2 2 1 1 1
34878 2 1 1 2 0.5 1 0.5
3491 421 7 7 421 0.0166270783847981 1 0.0166270783847981
34912 1 1 0 2 0 0 0
34913 6 1 1 6 0.166666666666667 1 0.166666666666667
34928 14 15 5 24 0.357142857142857 0.333333333333333 0.208333333333333
3495 2 1 1 2 0.5 1 0.5
34953 24 14 7 31 0.291666666666667 0.5 0.225806451612903
34968 31 12 8 35 0.258064516129032 0.666666666666667 0.228571428571429
34984 53 1 1 53 0.0188679245283019 1 0.0188679245283019
34997 10 4 4 10 0.4 1 0.4
35 3 1 1 3 0.333333333333333 1 0.333333333333333
35007 17 1 1 17 0.0588235294117647 1 0.0588235294117647
35017 4 1 1 4 0.25 1 0.25
35028 43 9 7 45 0.162790697674419 0.777777777777778 0.155555555555556
35062 2 1 1 2 0.5 1 0.5
35070 8 3 3 8 0.375 1 0.375
35087 10 2 2 10 0.2 1 0.2
35210 2 2 1 3 0.5 0.5 0.333333333333333
35236 12 6 6 12 0.5 1 0.5
35244 22 23 14 31 0.636363636363636 0.608695652173913 0.451612903225806
35254 46 6 5 47 0.108695652173913 0.833333333333333 0.106382978723404
35260 28 11 7 32 0.25 0.636363636363636 0.21875
35272 1 1 1 1 1 1 1
35310 1 1 0 2 0 0 0
35320 104 22 10 116 0.0961538461538462 0.454545454545455 0.0862068965517241
35339 5 2 2 5 0.4 1 0.4
35366 33 16 9 40 0.272727272727273 0.5625 0.225
35369 16 6 6 16 0.375 1 0.375
35382 2 2 2 2 1 1 1
35383 2 2 0 4 0 0 0
35393 15 3 2 16 0.133333333333333 0.666666666666667 0.125
35425 18 3 3 18 0.166666666666667 1 0.166666666666667
35470 11 5 4 12 0.363636363636364 0.8 0.333333333333333
35471 1 1 1 1 1 1 1
3549 1442 205 190 1457 0.131761442441054 0.926829268292683 0.130404941660947
35492 2 2 2 2 1 1 1
3551 1 1 0 2 0 0 0
35548 7 2 2 7 0.285714285714286 1 0.285714285714286
35567 3 1 0 4 0 0 0
35569 1 1 0 2 0 0 0
3557 13 8 5 16 0.384615384615385 0.625 0.3125
35574 8 2 2 8 0.25 1 0.25
35584 4 1 1 4 0.25 1 0.25
35592 5 4 3 6 0.6 0.75 0.5
35609 2 1 1 2 0.5 1 0.5
3561 413 9 9 413 0.0217917675544794 1 0.0217917675544794
35612 7 2 0 9 0 0 0
35627 6 3 1 8 0.166666666666667 0.333333333333333 0.125
35703 3 1 1 3 0.333333333333333 1 0.333333333333333
35706 17 9 4 22 0.235294117647059 0.444444444444444 0.181818181818182
35745 6 4 3 7 0.5 0.75 0.428571428571429
35788 15 4 3 16 0.2 0.75 0.1875
35819 19 2 2 19 0.105263157894737 1 0.105263157894737
35826 2 1 1 2 0.5 1 0.5
35908 26 1 1 26 0.0384615384615385 1 0.0384615384615385
3597 8 2 2 8 0.25 1 0.25
35974 7 1 1 7 0.142857142857143 1 0.142857142857143
3598 2 1 1 2 0.5 1 0.5
36086 9 5 5 9 0.555555555555556 1 0.555555555555556
36221 2 1 1 2 0.5 1 0.5
36229 1 1 1 1 1 1 1
36236 17 1 1 17 0.0588235294117647 1 0.0588235294117647
36242 9 1 1 9 0.111111111111111 1 0.111111111111111
36252 2 2 2 2 1 1 1
36351 33 6 5 34 0.151515151515152 0.833333333333333 0.147058823529412
36383 1 1 0 2 0 0 0
36384 1 1 1 1 1 1 1
3640 4 1 1 4 0.25 1 0.25
36412 4 2 2 4 0.5 1 0.5
36472 3 1 1 3 0.333333333333333 1 0.333333333333333
36483 4 2 2 4 0.5 1 0.5
36563 4 1 1 4 0.25 1 0.25
3661 6 5 3 8 0.5 0.6 0.375
3662 14 10 9 15 0.642857142857143 0.9 0.6
3663 6 2 1 7 0.166666666666667 0.5 0.142857142857143
36671 2 1 1 2 0.5 1 0.5
36692 44 4 4 44 0.0909090909090909 1 0.0909090909090909
36728 2 1 0 3 0 0 0
3676 6 1 1 6 0.166666666666667 1 0.166666666666667
36786 1 1 1 1 1 1 1
36811 1 1 0 2 0 0 0
36856 13 4 2 15 0.153846153846154 0.5 0.133333333333333
36944 38 11 9 40 0.236842105263158 0.818181818181818 0.225
37045 1 1 0 2 0 0 0
37084 6 1 1 6 0.166666666666667 1 0.166666666666667
37105 4 1 1 4 0.25 1 0.25
3714 4 2 2 4 0.5 1 0.5
37179 34 2 2 34 0.0588235294117647 1 0.0588235294117647
3727 2 1 1 2 0.5 1 0.5
3741 108 9 7 110 0.0648148148148148 0.777777777777778 0.0636363636363636
3742 22 5 4 23 0.181818181818182 0.8 0.173913043478261
3754 44 6 6 44 0.136363636363636 1 0.136363636363636
3758 52 1 1 52 0.0192307692307692 1 0.0192307692307692
376 24 5 4 25 0.166666666666667 0.8 0.16
378 2 1 1 2 0.5 1 0.5
37918 2 1 1 2 0.5 1 0.5
37986 6 1 1 6 0.166666666666667 1 0.166666666666667
38 1 1 1 1 1 1 1
38005 2 2 2 2 1 1 1
38018 7 4 4 7 0.571428571428571 1 0.571428571428571
38022 37 8 8 37 0.216216216216216 1 0.216216216216216
38037 2 2 2 2 1 1 1
38044 2 1 1 2 0.5 1 0.5
38082 59 14 13 60 0.220338983050847 0.928571428571429 0.216666666666667
38083 1 1 1 1 1 1 1
38128 1 1 0 2 0 0 0
38158 7 5 5 7 0.714285714285714 1 0.714285714285714
38182 11 1 1 11 0.0909090909090909 1 0.0909090909090909
38220 12 1 1 12 0.0833333333333333 1 0.0833333333333333
38229 2 1 1 2 0.5 1 0.5
3825 1 1 0 2 0 0 0
38299 2 1 1 2 0.5 1 0.5
38321 2 3 2 3 1 0.666666666666667 0.666666666666667
38322 5 2 2 5 0.4 1 0.4
3836 8 4 1 11 0.125 0.25 0.0909090909090909
38457 2 1 1 2 0.5 1 0.5
38462 2 2 2 2 1 1 1
38466 2 1 1 2 0.5 1 0.5
38477 5 1 1 5 0.2 1 0.2
3851 3 1 0 4 0 0 0
3856 87 17 12 92 0.137931034482759 0.705882352941177 0.130434782608696
38566 4 2 2 4 0.5 1 0.5
38567 2 1 1 2 0.5 1 0.5
38620 1 1 1 1 1 1 1
38629 3 1 1 3 0.333333333333333 1 0.333333333333333
38639 2 1 1 2 0.5 1 0.5
38646 4 1 1 4 0.25 1 0.25
38652 2 1 1 2 0.5 1 0.5
38701 1 1 0 2 0 0 0
38710 5 1 0 6 0 0 0
38727 3 1 1 3 0.333333333333333 1 0.333333333333333
38759 4 11 3 12 0.75 0.272727272727273 0.25
38794 11 1 1 11 0.0909090909090909 1 0.0909090909090909
38796 1 1 0 2 0 0 0
38809 42 1 0 43 0 0 0
38826 4 2 2 4 0.5 1 0.5
38858 4 2 2 4 0.5 1 0.5
38861 32 5 5 32 0.15625 1 0.15625
38883 3 1 1 3 0.333333333333333 1 0.333333333333333
38915 20 7 5 22 0.25 0.714285714285714 0.227272727272727
38922 16 1 1 16 0.0625 1 0.0625
38930 35 10 9 36 0.257142857142857 0.9 0.25
3900 10 2 2 10 0.2 1 0.2
39020 6 1 1 6 0.166666666666667 1 0.166666666666667
39029 4 2 2 4 0.5 1 0.5
39040 16 1 1 16 0.0625 1 0.0625
39091 5 1 1 5 0.2 1 0.2
39093 3 3 1 5 0.333333333333333 0.333333333333333 0.2
39102 19 1 1 19 0.0526315789473684 1 0.0526315789473684
39117 5 1 1 5 0.2 1 0.2
39122 5 4 3 6 0.6 0.75 0.5
39138 1 1 1 1 1 1 1
39145 11 5 4 12 0.363636363636364 0.8 0.333333333333333
39211 4 2 1 5 0.25 0.5 0.2
39242 2 1 1 2 0.5 1 0.5
39250 2 1 0 3 0 0 0
39264 6 2 1 7 0.166666666666667 0.5 0.142857142857143
3927 2 2 1 3 0.5 0.5 0.333333333333333
39288 3 3 2 4 0.666666666666667 0.666666666666667 0.5
39301 5 2 2 5 0.4 1 0.4
39308 1 1 0 2 0 0 0
39309 27 9 3 33 0.111111111111111 0.333333333333333 0.0909090909090909
3931 2 2 1 3 0.5 0.5 0.333333333333333
393220 3 3 3 3 1 1 1
39326 233 26 23 236 0.0987124463519313 0.884615384615385 0.0974576271186441
39342 2 2 2 2 1 1 1
39386 52 1 1 52 0.0192307692307692 1 0.0192307692307692
3943 3 4 3 4 1 0.75 0.75
39472 3 1 1 3 0.333333333333333 1 0.333333333333333
3949 1 1 1 1 1 1 1
39520 2 1 0 3 0 0 0
39537 1 2 0 3 0 0 0
39545 6 2 2 6 0.333333333333333 1 0.333333333333333
39554 3 2 2 3 0.666666666666667 1 0.666666666666667
39556 34 14 9 39 0.264705882352941 0.642857142857143 0.230769230769231
39560 2 2 2 2 1 1 1
39570 3 3 2 4 0.666666666666667 0.666666666666667 0.5
39598 5 2 2 5 0.4 1 0.4
39602 3 1 1 3 0.333333333333333 1 0.333333333333333
39637 28 9 4 33 0.142857142857143 0.444444444444444 0.121212121212121
39662 3 1 1 3 0.333333333333333 1 0.333333333333333
39700 9 4 1 12 0.111111111111111 0.25 0.0833333333333333
39704 22 7 5 24 0.227272727272727 0.714285714285714 0.208333333333333
39737 93 16 11 98 0.118279569892473 0.6875 0.112244897959184
39757 32 2 2 32 0.0625 1 0.0625
39761 2 2 2 2 1 1 1
39775 4 2 0 6 0 0 0
39780 3 1 0 4 0 0 0
39787 6 2 1 7 0.166666666666667 0.5 0.142857142857143
39790 6 4 4 6 0.666666666666667 1 0.666666666666667
39792 957 30 24 963 0.0250783699059561 0.8 0.0249221183800623
39837 2 1 1 2 0.5 1 0.5
39839 3 2 2 3 0.666666666666667 1 0.666666666666667
39854 1 1 1 1 1 1 1
39875 2 1 1 2 0.5 1 0.5
39905 9 3 3 9 0.333333333333333 1 0.333333333333333
39912 551 16 16 551 0.029038112522686 1 0.029038112522686
3999 2 1 1 2 0.5 1 0.5
40009 64 6 5 65 0.078125 0.833333333333333 0.0769230769230769
40015 7 3 2 8 0.285714285714286 0.666666666666667 0.25
40068 12 2 2 12 0.166666666666667 1 0.166666666666667
40076 6 1 1 6 0.166666666666667 1 0.166666666666667
40185 8 2 2 8 0.25 1 0.25
40193 13 7 6 14 0.461538461538462 0.857142857142857 0.428571428571429
40220 14 5 5 14 0.357142857142857 1 0.357142857142857
40335 2 1 1 2 0.5 1 0.5
40387 21 2 2 21 0.0952380952380952 1 0.0952380952380952
4043 2 1 0 3 0 0 0
40431 3 1 1 3 0.333333333333333 1 0.333333333333333
40475 17 2 1 18 0.0588235294117647 0.5 0.0555555555555556
40490 2 1 1 2 0.5 1 0.5
4050 2 1 1 2 0.5 1 0.5
40528 18 10 9 19 0.5 0.9 0.473684210526316
4058 11 2 2 11 0.181818181818182 1 0.181818181818182
40581 10 4 3 11 0.3 0.75 0.272727272727273
40589 1 1 1 1 1 1 1
40630 2 1 1 2 0.5 1 0.5
40679 1 1 1 1 1 1 1
40832 2 1 1 2 0.5 1 0.5
40911 3 1 1 3 0.333333333333333 1 0.333333333333333
40912 2 1 1 2 0.5 1 0.5
40942 1 1 1 1 1 1 1
40943 2 1 0 3 0 0 0
41012 35 6 5 36 0.142857142857143 0.833333333333333 0.138888888888889
41045 37 14 10 41 0.27027027027027 0.714285714285714 0.24390243902439
41075 1 2 1 2 1 0.5 0.5
41144 1 2 1 2 1 0.5 0.5
41145 12 2 1 13 0.0833333333333333 0.5 0.0769230769230769
41176 3 1 0 4 0 0 0
41323 8 1 1 8 0.125 1 0.125
4134 100 2 0 102 0 0 0
41391 5 5 4 6 0.8 0.8 0.666666666666667
41412 6 1 1 6 0.166666666666667 1 0.166666666666667
41420 36 1 1 36 0.0277777777777778 1 0.0277777777777778
41458 6 2 2 6 0.333333333333333 1 0.333333333333333
41495 5 2 1 6 0.2 0.5 0.166666666666667
4150 8 4 2 10 0.25 0.5 0.2
41572 9 3 3 9 0.333333333333333 1 0.333333333333333
4158 2 1 1 2 0.5 1 0.5
41589 6 1 1 6 0.166666666666667 1 0.166666666666667
41670 1 1 1 1 1 1 1
41692 76 91 25 142 0.328947368421053 0.274725274725275 0.176056338028169
41693 6 1 0 7 0 0 0
41696 7 1 1 7 0.142857142857143 1 0.142857142857143
41698 2 1 1 2 0.5 1 0.5
41705 1 1 0 2 0 0 0
41711 8 5 3 10 0.375 0.6 0.3
41773 1 2 1 2 1 0.5 0.5
41824 11 5 4 12 0.363636363636364 0.8 0.333333333333333
41828 2 1 1 2 0.5 1 0.5
41833 2 1 0 3 0 0 0
41884 5 3 3 5 0.6 1 0.6
41887 14 8 6 16 0.428571428571429 0.75 0.375
41913 12 5 4 13 0.333333333333333 0.8 0.307692307692308
41960 7 1 0 8 0 0 0
42 123 19 15 127 0.121951219512195 0.789473684210526 0.118110236220472
42000 10 3 3 10 0.3 1 0.3
42017 4 1 0 5 0 0 0
42061 2 2 2 2 1 1 1
42184 32 13 8 37 0.25 0.615384615384615 0.216216216216216
42189 2 1 1 2 0.5 1 0.5
42227 7 5 5 7 0.714285714285714 1 0.714285714285714
42303 3 2 2 3 0.666666666666667 1 0.666666666666667
42346 16 3 2 17 0.125 0.666666666666667 0.117647058823529
42369 30 4 3 31 0.1 0.75 0.0967741935483871
42385 6 4 4 6 0.666666666666667 1 0.666666666666667
42465 3 1 1 3 0.333333333333333 1 0.333333333333333
42476 2 2 0 4 0 0 0
42477 3 1 1 3 0.333333333333333 1 0.333333333333333
42525 40 6 6 40 0.15 1 0.15
42560 2 1 0 3 0 0 0
42579 33 6 5 34 0.151515151515152 0.833333333333333 0.147058823529412
42585 9 1 1 9 0.111111111111111 1 0.111111111111111
42605 22 16 9 29 0.409090909090909 0.5625 0.310344827586207
42612 4 3 3 4 0.75 1 0.75
42613 2 1 1 2 0.5 1 0.5
42652 48 5 4 49 0.0833333333333333 0.8 0.0816326530612245
42678 2 1 1 2 0.5 1 0.5
42689 37 11 8 40 0.216216216216216 0.727272727272727 0.2
42695 4 2 2 4 0.5 1 0.5
4270 8 4 3 9 0.375 0.75 0.333333333333333
42708 19 5 4 20 0.210526315789474 0.8 0.2
42755 5 1 1 5 0.2 1 0.2
42841 7 4 4 7 0.571428571428571 1 0.571428571428571
42863 2 1 1 2 0.5 1 0.5
42864 2 2 2 2 1 1 1
42909 31 7 6 32 0.193548387096774 0.857142857142857 0.1875
42965 6 1 1 6 0.166666666666667 1 0.166666666666667
42973 8 2 2 8 0.25 1 0.25
42979 40 12 8 44 0.2 0.666666666666667 0.181818181818182
43037 6 5 4 7 0.666666666666667 0.8 0.571428571428571
43070 8 1 1 8 0.125 1 0.125
43100 7 1 0 8 0 0 0
43118 5 3 1 7 0.2 0.333333333333333 0.142857142857143
43128 1 1 1 1 1 1 1
43148 3 1 0 4 0 0 0
43190 3 1 1 3 0.333333333333333 1 0.333333333333333
43226 4 1 1 4 0.25 1 0.25
4323 1344 28 26 1346 0.0193452380952381 0.928571428571429 0.0193164933135215
43289 7 2 2 7 0.285714285714286 1 0.285714285714286
43313 3 1 1 3 0.333333333333333 1 0.333333333333333
43333 11 3 2 12 0.181818181818182 0.666666666666667 0.166666666666667
43383 1 2 1 2 1 0.5 0.5
43408 1 1 0 2 0 0 0
43447 1 1 1 1 1 1 1
43483 3 1 1 3 0.333333333333333 1 0.333333333333333
43541 7 1 1 7 0.142857142857143 1 0.142857142857143
43561 16 1 1 16 0.0625 1 0.0625
43615 1 1 1 1 1 1 1
43629 2 1 1 2 0.5 1 0.5
43646 4 4 3 5 0.75 0.75 0.6
43655 2 1 1 2 0.5 1 0.5
43692 2 1 1 2 0.5 1 0.5
43727 20 2 1 21 0.05 0.5 0.0476190476190476
43751 4 2 1 5 0.25 0.5 0.2
43782 3 4 1 6 0.333333333333333 0.25 0.166666666666667
43821 2 15 1 16 0.5 0.0666666666666667 0.0625
43832 11 1 1 11 0.0909090909090909 1 0.0909090909090909
43843 6 1 1 6 0.166666666666667 1 0.166666666666667
43892 4 1 0 5 0 0 0
43893 7 3 3 7 0.428571428571429 1 0.428571428571429
43911 3 8 1 10 0.333333333333333 0.125 0.1
43948 6 5 5 6 0.833333333333333 1 0.833333333333333
43950 3 4 3 4 1 0.75 0.75
43978 2 1 1 2 0.5 1 0.5
44034 12 5 5 12 0.416666666666667 1 0.416666666666667
44042 12 5 4 13 0.333333333333333 0.8 0.307692307692308
44065 2 1 1 2 0.5 1 0.5
44066 26 13 8 31 0.307692307692308 0.615384615384615 0.258064516129032
44146 10 3 3 10 0.3 1 0.3
44160 10 2 2 10 0.2 1 0.2
44176 4 2 2 4 0.5 1 0.5
44212 3 2 1 4 0.333333333333333 0.5 0.25
44227 4 1 1 4 0.25 1 0.25
44237 34 1 1 34 0.0294117647058824 1 0.0294117647058824
44285 10 1 0 11 0 0 0
44321 2 1 1 2 0.5 1 0.5
44329 2 1 1 2 0.5 1 0.5
44335 3 1 1 3 0.333333333333333 1 0.333333333333333
4434 5 2 1 6 0.2 0.5 0.166666666666667
44358 5 2 2 5 0.4 1 0.4
4436 181 55 48 188 0.265193370165746 0.872727272727273 0.25531914893617
44381 3 1 1 3 0.333333333333333 1 0.333333333333333
44444 304 7 7 304 0.0230263157894737 1 0.0230263157894737
44513 8 3 3 8 0.375 1 0.375
44514 8 5 4 9 0.5 0.8 0.444444444444444
44515 3 1 1 3 0.333333333333333 1 0.333333333333333
44522 6 3 3 6 0.5 1 0.5
44581 15 6 3 18 0.2 0.5 0.166666666666667
44654 55 17 10 62 0.181818181818182 0.588235294117647 0.161290322580645
44683 3 2 2 3 0.666666666666667 1 0.666666666666667
44706 9 6 4 11 0.444444444444444 0.666666666666667 0.363636363636364
44806 3 1 1 3 0.333333333333333 1 0.333333333333333
44928 2 2 2 2 1 1 1
44953 24 2 2 24 0.0833333333333333 1 0.0833333333333333
44980 4 3 3 4 0.75 1 0.75
44993 2 2 2 2 1 1 1
45029 7 2 2 7 0.285714285714286 1 0.285714285714286
45131 1 1 1 1 1 1 1
45147 43 8 7 44 0.162790697674419 0.875 0.159090909090909
4515 39 2 2 39 0.0512820512820513 1 0.0512820512820513
45170 3 2 1 4 0.333333333333333 0.5 0.25
45177 6 1 1 6 0.166666666666667 1 0.166666666666667
45187 4 1 1 4 0.25 1 0.25
45192 1 2 1 2 1 0.5 0.5
45209 2 1 1 2 0.5 1 0.5
4528 6 1 1 6 0.166666666666667 1 0.166666666666667
45304 2 1 0 3 0 0 0
45352 5 2 1 6 0.2 0.5 0.166666666666667
4538 20 2 2 20 0.1 1 0.1
45411 4 2 2 4 0.5 1 0.5
45425 3 1 1 3 0.333333333333333 1 0.333333333333333
45437 2 1 1 2 0.5 1 0.5
45438 1 1 1 1 1 1 1
45444 2 2 0 4 0 0 0
45459 2 1 1 2 0.5 1 0.5
45483 3 1 1 3 0.333333333333333 1 0.333333333333333
45506 2 1 1 2 0.5 1 0.5
45515 1 1 0 2 0 0 0
45522 2 1 0 3 0 0 0
4555 1 3 0 4 0 0 0
4557 12 3 3 12 0.25 1 0.25
45570 1 1 1 1 1 1 1
45577 4 1 1 4 0.25 1 0.25
45633 1 1 0 2 0 0 0
45638 1 1 1 1 1 1 1
45682 1 1 1 1 1 1 1
45695 4 1 1 4 0.25 1 0.25
45702 1 1 0 2 0 0 0
45721 1 1 0 2 0 0 0
45758 22 1 1 22 0.0454545454545455 1 0.0454545454545455
45772 1 1 1 1 1 1 1
45773 3 1 1 3 0.333333333333333 1 0.333333333333333
45809 1 1 1 1 1 1 1
45887 1 1 0 2 0 0 0
4589 714 149 145 718 0.203081232492997 0.973154362416107 0.201949860724234
45926 1 1 1 1 1 1 1
45929 1 1 1 1 1 1 1
46 2 1 1 2 0.5 1 0.5
4600 5 1 1 5 0.2 1 0.2
46018 2 1 0 3 0 0 0
46046 1 1 1 1 1 1 1
4605 2 1 1 2 0.5 1 0.5
4608 6 6 3 9 0.5 0.5 0.333333333333333
46176 2 1 0 3 0 0 0
4618 15 2 1 16 0.0666666666666667 0.5 0.0625
46208 6 3 3 6 0.5 1 0.5
4621 38 3 1 40 0.0263157894736842 0.333333333333333 0.025
4622 2 2 0 4 0 0 0
4635 124 44 40 128 0.32258064516129 0.909090909090909 0.3125
46357 2 1 1 2 0.5 1 0.5
4637 169 8 8 169 0.0473372781065089 1 0.0473372781065089
46385 4 4 3 5 0.75 0.75 0.6
4641 9 4 4 9 0.444444444444444 1 0.444444444444444
46440 2 2 2 2 1 1 1
46475 3 2 2 3 0.666666666666667 1 0.666666666666667
4648 65 5 4 66 0.0615384615384615 0.8 0.0606060606060606
4651 48 9 6 51 0.125 0.666666666666667 0.117647058823529
46562 16 2 2 16 0.125 1 0.125
4657 124 6 6 124 0.0483870967741935 1 0.0483870967741935
46609 9 3 3 9 0.333333333333333 1 0.333333333333333
46722 1 1 1 1 1 1 1
4673 5 2 2 5 0.4 1 0.4
4675 5 2 2 5 0.4 1 0.4
46797 8 1 1 8 0.125 1 0.125
4680 8 2 1 9 0.125 0.5 0.111111111111111
4685 9 1 1 9 0.111111111111111 1 0.111111111111111
46907 2 1 1 2 0.5 1 0.5
4691 3 6 1 8 0.333333333333333 0.166666666666667 0.125
46925 11 1 1 11 0.0909090909090909 1 0.0909090909090909
4697 3 5 2 6 0.666666666666667 0.4 0.333333333333333
4704 5 2 1 6 0.2 0.5 0.166666666666667
4711 2 1 1 2 0.5 1 0.5
47116 4 1 1 4 0.25 1 0.25
4713 110 16 15 111 0.136363636363636 0.9375 0.135135135135135
4716 4 3 1 6 0.25 0.333333333333333 0.166666666666667
4717 1 2 1 2 1 0.5 0.5
4718 2 2 2 2 1 1 1
47201 1 1 0 2 0 0 0
47202 2 1 1 2 0.5 1 0.5
47207 8 1 1 8 0.125 1 0.125
47215 24 13 6 31 0.25 0.461538461538462 0.193548387096774
47227 2 1 1 2 0.5 1 0.5
47232 7 3 3 7 0.428571428571429 1 0.428571428571429
4725 114 21 11 124 0.0964912280701754 0.523809523809524 0.0887096774193548
47264 7 2 2 7 0.285714285714286 1 0.285714285714286
47302 7 4 3 8 0.428571428571429 0.75 0.375
4739 87 24 19 92 0.218390804597701 0.791666666666667 0.206521739130435
4741 10 1 1 10 0.1 1 0.1
47443 8 1 1 8 0.125 1 0.125
47447 2 2 2 2 1 1 1
4747 2 1 0 3 0 0 0
47473 1 2 1 2 1 0.5 0.5
47490 1 1 1 1 1 1 1
4750 49 4 1 52 0.0204081632653061 0.25 0.0192307692307692
47527 2 2 2 2 1 1 1
4755 228 5 5 228 0.0219298245614035 1 0.0219298245614035
4760 7 2 2 7 0.285714285714286 1 0.285714285714286
4761 59 6 5 60 0.0847457627118644 0.833333333333333 0.0833333333333333
47617 3 1 1 3 0.333333333333333 1 0.333333333333333
47640 3 1 1 3 0.333333333333333 1 0.333333333333333
4766 387 1 1 387 0.00258397932816537 1 0.00258397932816537
4768 28 3 3 28 0.107142857142857 1 0.107142857142857
47682 1 2 0 3 0 0 0
4770 14 1 1 14 0.0714285714285714 1 0.0714285714285714
4773 7 1 0 8 0 0 0
4777 34 2 2 34 0.0588235294117647 1 0.0588235294117647
47777 5 2 2 5 0.4 1 0.4
4780 31 3 2 32 0.0645161290322581 0.666666666666667 0.0625
4782 2 1 0 3 0 0 0
47841 3 1 1 3 0.333333333333333 1 0.333333333333333
4785 1 1 1 1 1 1 1
47862 1 1 1 1 1 1 1
47869 27 1 1 27 0.037037037037037 1 0.037037037037037
4787 5 3 1 7 0.2 0.333333333333333 0.142857142857143
4788 118 9 8 119 0.0677966101694915 0.888888888888889 0.0672268907563025
47880 5 1 1 5 0.2 1 0.2
47885 2 1 0 3 0 0 0
47886 5 2 2 5 0.4 1 0.4
47887 11 3 3 11 0.272727272727273 1 0.272727272727273
47908 6 3 2 7 0.333333333333333 0.666666666666667 0.285714285714286
47917 1 1 1 1 1 1 1
4795 24 4 4 24 0.166666666666667 1 0.166666666666667
47956 2 1 0 3 0 0 0
4796 2 2 1 3 0.5 0.5 0.333333333333333
47973 2 1 0 3 0 0 0
47998 2 1 1 2 0.5 1 0.5
47999 28 7 5 30 0.178571428571429 0.714285714285714 0.166666666666667
4800 16 2 2 16 0.125 1 0.125
48039 10 6 4 12 0.4 0.666666666666667 0.333333333333333
48053 2 2 2 2 1 1 1
48072 2 1 1 2 0.5 1 0.5
48136 1 1 1 1 1 1 1
48173 24 12 7 29 0.291666666666667 0.583333333333333 0.241379310344828
4818 4 2 2 4 0.5 1 0.5
48185 2 1 1 2 0.5 1 0.5
48191 3 1 0 4 0 0 0
48200 4 10 2 12 0.5 0.2 0.166666666666667
48218 2 1 1 2 0.5 1 0.5
48220 2 1 1 2 0.5 1 0.5
48259 2 2 2 2 1 1 1
4826 239 39 35 243 0.146443514644351 0.897435897435897 0.1440329218107
48284 2 1 0 3 0 0 0
48285 6 1 0 7 0 0 0
48288 1 1 1 1 1 1 1
4829 4 1 1 4 0.25 1 0.25
48315 3 1 1 3 0.333333333333333 1 0.333333333333333
48344 6 1 1 6 0.166666666666667 1 0.166666666666667
48345 1 1 1 1 1 1 1
48417 3 1 1 3 0.333333333333333 1 0.333333333333333
4844 4 2 2 4 0.5 1 0.5
4845 3 1 1 3 0.333333333333333 1 0.333333333333333
48451 2 1 1 2 0.5 1 0.5
48484 15 14 6 23 0.4 0.428571428571429 0.260869565217391
48514 2 4 1 5 0.5 0.25 0.2
48519 4 3 3 4 0.75 1 0.75
48528 2 1 1 2 0.5 1 0.5
48539 12 8 7 13 0.583333333333333 0.875 0.538461538461538
48564 2 1 1 2 0.5 1 0.5
48885 11 5 4 12 0.363636363636364 0.8 0.333333333333333
48961 32 5 4 33 0.125 0.8 0.121212121212121
48972 2 2 2 2 1 1 1
48994 2 1 1 2 0.5 1 0.5
49026 1 1 1 1 1 1 1
49102 15 3 2 16 0.133333333333333 0.666666666666667 0.125
49125 4 2 1 5 0.25 0.5 0.2
49190 2 2 1 3 0.5 0.5 0.333333333333333
49237 8 2 2 8 0.25 1 0.25
4927 19 6 5 20 0.263157894736842 0.833333333333333 0.25
49272 4 1 1 4 0.25 1 0.25
49352 2 1 0 3 0 0 0
49375 26 4 3 27 0.115384615384615 0.75 0.111111111111111
49409 2 1 0 3 0 0 0
49416 1 1 1 1 1 1 1
49420 2 1 1 2 0.5 1 0.5
49463 2 2 1 3 0.5 0.5 0.333333333333333
49488 5 3 3 5 0.6 1 0.6
49497 2 1 1 2 0.5 1 0.5
49503 2 1 1 2 0.5 1 0.5
49544 30 11 6 35 0.2 0.545454545454545 0.171428571428571
49550 6 1 1 6 0.166666666666667 1 0.166666666666667
49552 1 1 1 1 1 1 1
49573 2 1 1 2 0.5 1 0.5
49586 1 1 1 1 1 1 1
49624 2 1 1 2 0.5 1 0.5
49625 15 10 5 20 0.333333333333333 0.5 0.25
49627 5 3 3 5 0.6 1 0.6
49630 9 4 4 9 0.444444444444444 1 0.444444444444444
49725 2 1 1 2 0.5 1 0.5
49835 1 1 0 2 0 0 0
49866 2 2 2 2 1 1 1
49983 7 5 4 8 0.571428571428571 0.8 0.5
50 3 1 1 3 0.333333333333333 1 0.333333333333333
50032 2 2 2 2 1 1 1
50139 7 1 1 7 0.142857142857143 1 0.142857142857143
50146 2 1 1 2 0.5 1 0.5
50188 2 1 1 2 0.5 1 0.5
50273 2 1 1 2 0.5 1 0.5
50292 1 1 0 2 0 0 0
50295 4 2 1 5 0.25 0.5 0.2
50300 2 2 1 3 0.5 0.5 0.333333333333333
50381 1 1 1 1 1 1 1
50384 55 12 7 60 0.127272727272727 0.583333333333333 0.116666666666667
50391 1 1 0 2 0 0 0
50393 1 1 0 2 0 0 0
50419 1 1 1 1 1 1 1
5050 19 4 4 19 0.210526315789474 1 0.210526315789474
50530 2 1 0 3 0 0 0
5056 23 2 1 24 0.0434782608695652 0.5 0.0416666666666667
50572 2 1 1 2 0.5 1 0.5
50588 2 1 1 2 0.5 1 0.5
50611 3 3 3 3 1 1 1
50655 1 1 1 1 1 1 1
50702 1 1 1 1 1 1 1
5078 19 1 1 19 0.0526315789473684 1 0.0526315789473684
50858 2 1 1 2 0.5 1 0.5
50989 4 1 1 4 0.25 1 0.25
50997 5 1 0 6 0 0 0
51025 1 1 0 2 0 0 0
51090 1 2 1 2 1 0.5 0.5
51172 2 1 1 2 0.5 1 0.5
513 44 9 9 44 0.204545454545455 1 0.204545454545455
52 2 2 2 2 1 1 1
53070 100 2 2 100 0.02 1 0.02
53093 1 1 0 2 0 0 0
53147 2 1 1 2 0.5 1 0.5
53280 3 1 1 3 0.333333333333333 1 0.333333333333333
53299 1 1 1 1 1 1 1
5379 2 1 1 2 0.5 1 0.5
5381 14 5 3 16 0.214285714285714 0.6 0.1875
5385 56 4 4 56 0.0714285714285714 1 0.0714285714285714
5394 15 3 3 15 0.2 1 0.2
5400 202 19 14 207 0.0693069306930693 0.736842105263158 0.0676328502415459
5401 1 1 1 1 1 1 1
5403 18 8 6 20 0.333333333333333 0.75 0.3
5407 7 5 5 7 0.714285714285714 1 0.714285714285714
5408 56 5 3 58 0.0535714285714286 0.6 0.0517241379310345
5410 58 11 6 63 0.103448275862069 0.545454545454545 0.0952380952380952
5413 216 12 11 217 0.0509259259259259 0.916666666666667 0.0506912442396313
5418 11 1 1 11 0.0909090909090909 1 0.0909090909090909
5421 3 3 3 3 1 1 1
543 1 1 1 1 1 1 1
5430 50 20 13 57 0.26 0.65 0.228070175438596
5432 34 1 0 35 0 0 0
5459 53 22 15 60 0.283018867924528 0.681818181818182 0.25
5466 79 2 1 80 0.0126582278481013 0.5 0.0125
5483 99 3 2 100 0.0202020202020202 0.666666666666667 0.02
5486 20 2 0 22 0 0 0
5491 2 2 1 3 0.5 0.5 0.333333333333333
55 3 1 1 3 0.333333333333333 1 0.333333333333333
5507 41 9 9 41 0.219512195121951 1 0.219512195121951
5511 146 33 25 154 0.171232876712329 0.757575757575758 0.162337662337662
553 46 23 17 52 0.369565217391304 0.739130434782609 0.326923076923077
55327 1 1 0 2 0 0 0
5537 27 4 1 30 0.037037037037037 0.25 0.0333333333333333
5538 7 2 2 7 0.285714285714286 1 0.285714285714286
5539 36 61 19 78 0.527777777777778 0.311475409836066 0.243589743589744
5541 48 12 8 52 0.166666666666667 0.666666666666667 0.153846153846154
5550 3 3 1 5 0.333333333333333 0.333333333333333 0.2
5560 10 2 2 10 0.2 1 0.2
5568 154 17 11 160 0.0714285714285714 0.647058823529412 0.06875
557 6 3 3 6 0.5 1 0.5
5577 50 23 13 60 0.26 0.565217391304348 0.216666666666667
558 23 2 2 23 0.0869565217391304 1 0.0869565217391304
5580 95 35 22 108 0.231578947368421 0.628571428571429 0.203703703703704
559 41 143 23 161 0.560975609756098 0.160839160839161 0.142857142857143
5602 34 6 5 35 0.147058823529412 0.833333333333333 0.142857142857143
5603 85 1 1 85 0.0117647058823529 1 0.0117647058823529
5605 36 12 8 40 0.222222222222222 0.666666666666667 0.2
5607 1 1 1 1 1 1 1
5609 2 4 1 5 0.5 0.25 0.2
5610 25 6 6 25 0.24 1 0.24
5617 226 5 5 226 0.0221238938053097 1 0.0221238938053097
5639 5 1 0 6 0 0 0
5645 18 7 6 19 0.333333333333333 0.857142857142857 0.315789473684211
5661 5 1 1 5 0.2 1 0.2
567 11 2 2 11 0.181818181818182 1 0.181818181818182
5692 1 1 0 2 0 0 0
57 28 7 6 29 0.214285714285714 0.857142857142857 0.206896551724138
5707 4 1 1 4 0.25 1 0.25
5713 63 3 2 64 0.0317460317460317 0.666666666666667 0.03125
5726 14 1 1 14 0.0714285714285714 1 0.0714285714285714
5752 3 2 1 4 0.333333333333333 0.5 0.25
5764 9 1 1 9 0.111111111111111 1 0.111111111111111
5769 68 1 1 68 0.0147058823529412 1 0.0147058823529412
577 142 1 1 142 0.00704225352112676 1 0.00704225352112676
5786 2 1 1 2 0.5 1 0.5
59 6 3 3 6 0.5 1 0.5
600 50 4 4 50 0.08 1 0.08
6057 6 5 5 6 0.833333333333333 1 0.833333333333333
6062 9 2 0 11 0 0 0
6066 1 2 1 2 1 0.5 0.5
6067 206 3 3 206 0.0145631067961165 1 0.0145631067961165
6083 27 19 13 33 0.481481481481481 0.684210526315789 0.393939393939394
6106 2 2 2 2 1 1 1
6122 10 1 1 10 0.1 1 0.1
6128 345 2 2 345 0.00579710144927536 1 0.00579710144927536
6147 3 1 1 3 0.333333333333333 1 0.333333333333333
6167 7 3 3 7 0.428571428571429 1 0.428571428571429
6181 56 6 6 56 0.107142857142857 1 0.107142857142857
6192 2 1 1 2 0.5 1 0.5
6245 2 1 0 3 0 0 0
6262 1 1 1 1 1 1 1
6263 4 1 1 4 0.25 1 0.25
6295 15 1 1 15 0.0666666666666667 1 0.0666666666666667
6315 6 1 1 6 0.166666666666667 1 0.166666666666667
6325 42 1 1 42 0.0238095238095238 1 0.0238095238095238
6327 164 2 2 164 0.0121951219512195 1 0.0121951219512195
6337 3 1 0 4 0 0 0
6360 7 3 2 8 0.285714285714286 0.666666666666667 0.25
6366 4 2 2 4 0.5 1 0.5
6406 1 1 1 1 1 1 1
6431 1 1 1 1 1 1 1
6435 3 4 2 5 0.666666666666667 0.5 0.4
6453 561 125 116 570 0.206773618538324 0.928 0.203508771929825
6456 15 5 4 16 0.266666666666667 0.8 0.25
6461 832 12 12 832 0.0144230769230769 1 0.0144230769230769
6479 2 1 0 3 0 0 0
65010 2 1 0 3 0 0 0
6509 26 10 9 27 0.346153846153846 0.9 0.333333333333333
6536 14 2 1 15 0.0714285714285714 0.5 0.0666666666666667
65530 3 1 0 4 0 0 0
6582 12 1 1 12 0.0833333333333333 1 0.0833333333333333
6619 27 8 5 30 0.185185185185185 0.625 0.166666666666667
6629 3 1 1 3 0.333333333333333 1 0.333333333333333
6648 61 9 8 62 0.131147540983607 0.888888888888889 0.129032258064516
6656 42 9 6 45 0.142857142857143 0.666666666666667 0.133333333333333
6660 3 2 2 3 0.666666666666667 1 0.666666666666667
6661 80 4 4 80 0.05 1 0.05
6667 508 152 147 513 0.289370078740157 0.967105263157895 0.286549707602339
6677 66 5 5 66 0.0757575757575758 1 0.0757575757575758
668 30 7 1 36 0.0333333333333333 0.142857142857143 0.0277777777777778
6690 26 2 2 26 0.0769230769230769 1 0.0769230769230769
6695 196 124 83 237 0.423469387755102 0.669354838709677 0.350210970464135
6706 9 3 3 9 0.333333333333333 1 0.333333333333333
6716 2 1 1 2 0.5 1 0.5
6724 34 20 15 39 0.441176470588235 0.75 0.384615384615385
6730 584 25 18 591 0.0308219178082192 0.72 0.0304568527918782
6734 13 2 2 13 0.153846153846154 1 0.153846153846154
6760 27 5 3 29 0.111111111111111 0.6 0.103448275862069
6762 202 78 69 211 0.341584158415842 0.884615384615385 0.327014218009479
6770 39 11 4 46 0.102564102564103 0.363636363636364 0.0869565217391304
6772 20 6 5 21 0.25 0.833333333333333 0.238095238095238
6774 78 14 12 80 0.153846153846154 0.857142857142857 0.15
6775 9 5 4 10 0.444444444444444 0.8 0.4
6799 22 2 1 23 0.0454545454545455 0.5 0.0434782608695652
680 61 23 19 65 0.311475409836066 0.826086956521739 0.292307692307692
6802 7 2 2 7 0.285714285714286 1 0.285714285714286
681 2 1 1 2 0.5 1 0.5
683 2 1 1 2 0.5 1 0.5
6830 351 29 20 360 0.056980056980057 0.689655172413793 0.0555555555555556
6855 16 2 2 16 0.125 1 0.125
6856 3 1 1 3 0.333333333333333 1 0.333333333333333
6881 93 44 43 94 0.462365591397849 0.977272727272727 0.457446808510638
6893 2 1 1 2 0.5 1 0.5
6894 47 7 6 48 0.127659574468085 0.857142857142857 0.125
6908 107 19 16 110 0.149532710280374 0.842105263157895 0.145454545454545
6911 23 2 2 23 0.0869565217391304 1 0.0869565217391304
6939 1467 857 584 1740 0.398091342876619 0.68144690781797 0.335632183908046
6966 3 1 1 3 0.333333333333333 1 0.333333333333333
6968 4 1 1 4 0.25 1 0.25
701 2011 27 21 2017 0.0104425658876181 0.777777777777778 0.0104115022310362
7012 17 4 3 18 0.176470588235294 0.75 0.166666666666667
7018 2356 25 23 2358 0.00976230899830221 0.92 0.0097540288379983
7019 1 1 1 1 1 1 1
7055 3 2 2 3 0.666666666666667 1 0.666666666666667
7065 19 2 1 20 0.0526315789473684 0.5 0.05
7066 17 2 2 17 0.117647058823529 1 0.117647058823529
7078 2 3 2 3 1 0.666666666666667 0.666666666666667
7081 74 15 12 77 0.162162162162162 0.8 0.155844155844156
71 13 2 1 14 0.0769230769230769 0.5 0.0714285714285714
714 11 2 2 11 0.181818181818182 1 0.181818181818182
719 26 3 3 26 0.115384615384615 1 0.115384615384615
7195 1 1 0 2 0 0 0
73 1 1 1 1 1 1 1
7303 76 2 2 76 0.0263157894736842 1 0.0263157894736842
7377 3 1 1 3 0.333333333333333 1 0.333333333333333
7385 181 10 7 184 0.0386740331491713 0.7 0.0380434782608696
7393 6 1 1 6 0.166666666666667 1 0.166666666666667
7397 4 2 2 4 0.5 1 0.5
7412 1 1 0 2 0 0 0
7469 3 1 1 3 0.333333333333333 1 0.333333333333333
7470 40 1 1 40 0.025 1 0.025
7472 1 1 1 1 1 1 1
7473 156 28 25 159 0.16025641025641 0.892857142857143 0.157232704402516
7477 1 1 1 1 1 1 1
7491 8 1 0 9 0 0 0
7499 4 1 0 5 0 0 0
7500 19 9 7 21 0.368421052631579 0.777777777777778 0.333333333333333
7503 3 2 1 4 0.333333333333333 0.5 0.25
7511 4 1 0 5 0 0 0
7514 13 2 2 13 0.153846153846154 1 0.153846153846154
7521 5 1 1 5 0.2 1 0.2
7522 5 4 2 7 0.4 0.5 0.285714285714286
7527 5 1 1 5 0.2 1 0.2
7529 20 4 3 21 0.15 0.75 0.142857142857143
7530 2 2 1 3 0.5 0.5 0.333333333333333
7539 26 10 7 29 0.269230769230769 0.7 0.241379310344828
7543 20 1 1 20 0.05 1 0.05
7545 20 2 2 20 0.1 1 0.1
7552 21 3 2 22 0.0952380952380952 0.666666666666667 0.0909090909090909
7568 10 7 6 11 0.6 0.857142857142857 0.545454545454545
7573 1 1 1 1 1 1 1
7575 256 67 65 258 0.25390625 0.970149253731343 0.251937984496124
7587 1 2 1 2 1 0.5 0.5
7594 4 4 2 6 0.5 0.5 0.333333333333333
7598 6 2 1 7 0.166666666666667 0.5 0.142857142857143
7599 1 1 0 2 0 0 0
760 3 3 2 4 0.666666666666667 0.666666666666667 0.5
7602 9 1 1 9 0.111111111111111 1 0.111111111111111
7604 8 1 1 8 0.125 1 0.125
7606 54 5 5 54 0.0925925925925926 1 0.0925925925925926
7610 20 2 1 21 0.05 0.5 0.0476190476190476
7615 4 2 2 4 0.5 1 0.5
7617 6 3 2 7 0.333333333333333 0.666666666666667 0.285714285714286
7629 2 2 0 4 0 0 0
7642 3 1 1 3 0.333333333333333 1 0.333333333333333
7651 3 1 1 3 0.333333333333333 1 0.333333333333333
7657 10 1 1 10 0.1 1 0.1
766 20 5 5 20 0.25 1 0.25
7660 43 25 22 46 0.511627906976744 0.88 0.478260869565217
7665 1 1 1 1 1 1 1
7667 9 2 2 9 0.222222222222222 1 0.222222222222222
7668 11 2 1 12 0.0909090909090909 0.5 0.0833333333333333
7670 21 4 2 23 0.0952380952380952 0.5 0.0869565217391304
7671 3 1 1 3 0.333333333333333 1 0.333333333333333
7682 10 4 2 12 0.2 0.5 0.166666666666667
7687 4 1 1 4 0.25 1 0.25
7693 28 2 2 28 0.0714285714285714 1 0.0714285714285714
7713 66 2 2 66 0.0303030303030303 1 0.0303030303030303
7718 10 2 2 10 0.2 1 0.2
7752 9 6 5 10 0.555555555555556 0.833333333333333 0.5
7753 6 1 1 6 0.166666666666667 1 0.166666666666667
7774 4 1 1 4 0.25 1 0.25
7781 7 8 5 10 0.714285714285714 0.625 0.5
7784 39 5 5 39 0.128205128205128 1 0.128205128205128
7786 8 3 2 9 0.25 0.666666666666667 0.222222222222222
7843 50 5 4 51 0.08 0.8 0.0784313725490196
7847 2 1 1 2 0.5 1 0.5
786 63 13 10 66 0.158730158730159 0.769230769230769 0.151515151515152
7860 1 1 1 1 1 1 1
7871 2 1 0 3 0 0 0
790 1 1 0 2 0 0 0
7908 32 5 3 34 0.09375 0.6 0.0882352941176471
7922 94 15 15 94 0.159574468085106 1 0.159574468085106
7941 3 1 1 3 0.333333333333333 1 0.333333333333333
7949 11 2 0 13 0 0 0
7961 2 1 0 3 0 0 0
7992 20 5 5 20 0.25 1 0.25
8001 351 13 13 351 0.037037037037037 1 0.037037037037037
8002 58 3 2 59 0.0344827586206897 0.666666666666667 0.0338983050847458
8015 8 3 1 10 0.125 0.333333333333333 0.1
8018 3 1 0 4 0 0 0
8025 7 1 0 8 0 0 0
803 20 1 1 20 0.05 1 0.05
8038 1 2 1 2 1 0.5 0.5
8047 25 6 6 25 0.24 1 0.24
8057 11 5 4 12 0.363636363636364 0.8 0.333333333333333
8069 15 4 2 17 0.133333333333333 0.5 0.117647058823529
8075 74 118 24 168 0.324324324324324 0.203389830508475 0.142857142857143
8092 13 7 6 14 0.461538461538462 0.857142857142857 0.428571428571429
81 31 1 1 31 0.032258064516129 1 0.032258064516129
8111 5 2 2 5 0.4 1 0.4
812 128 1 1 128 0.0078125 1 0.0078125
8121 74 15 11 78 0.148648648648649 0.733333333333333 0.141025641025641
8134 2 1 1 2 0.5 1 0.5
8158 2 1 1 2 0.5 1 0.5
8190 68 7 6 69 0.0882352941176471 0.857142857142857 0.0869565217391304
8218 265 39 34 270 0.128301886792453 0.871794871794872 0.125925925925926
8220 553 13 9 557 0.0162748643761302 0.692307692307692 0.0161579892280072
8224 11 5 4 12 0.363636363636364 0.8 0.333333333333333
8226 4 5 2 7 0.5 0.4 0.285714285714286
8237 11 5 3 13 0.272727272727273 0.6 0.230769230769231
8240 3 1 0 4 0 0 0
8246 225 3 0 228 0 0 0
8251 11 8 6 13 0.545454545454545 0.75 0.461538461538462
8256 2 1 1 2 0.5 1 0.5
8262 62 14 9 67 0.145161290322581 0.642857142857143 0.134328358208955
8267 2 1 1 2 0.5 1 0.5
8280 7 1 1 7 0.142857142857143 1 0.142857142857143
8282 11 2 2 11 0.181818181818182 1 0.181818181818182
8283 6 4 3 7 0.5 0.75 0.428571428571429
8286 2 1 0 3 0 0 0
8299 12 1 0 13 0 0 0
8308 61 3 3 61 0.0491803278688525 1 0.0491803278688525
8312 16 1 1 16 0.0625 1 0.0625
8319 29 14 11 32 0.379310344827586 0.785714285714286 0.34375
8328 3 1 1 3 0.333333333333333 1 0.333333333333333
8330 12 2 2 12 0.166666666666667 1 0.166666666666667
8331 289 1 1 289 0.00346020761245675 1 0.00346020761245675
8343 13 1 1 13 0.0769230769230769 1 0.0769230769230769
8346 6 2 2 6 0.333333333333333 1 0.333333333333333
8358 15 1 1 15 0.0666666666666667 1 0.0666666666666667
8359 846 48 36 858 0.0425531914893617 0.75 0.041958041958042
8364 12 1 1 12 0.0833333333333333 1 0.0833333333333333
8365 55 122 31 146 0.563636363636364 0.254098360655738 0.212328767123288
8368 34 17 9 42 0.264705882352941 0.529411764705882 0.214285714285714
8374 15 4 4 15 0.266666666666667 1 0.266666666666667
8386 5 1 0 6 0 0 0
8387 18 5 4 19 0.222222222222222 0.8 0.210526315789474
8391 23 16 8 31 0.347826086956522 0.5 0.258064516129032
8396 1 1 0 2 0 0 0
8402 76 2 1 77 0.0131578947368421 0.5 0.012987012987013
8412 19 5 4 20 0.210526315789474 0.8 0.2
8419 293 2 2 293 0.0068259385665529 1 0.0068259385665529
8422 99 19 12 106 0.121212121212121 0.631578947368421 0.113207547169811
8426 510 29 26 513 0.0509803921568627 0.896551724137931 0.050682261208577
8437 57 5 5 57 0.087719298245614 1 0.087719298245614
8442 24 19 10 33 0.416666666666667 0.526315789473684 0.303030303030303
8447 616 123 96 643 0.155844155844156 0.780487804878049 0.149300155520995
8452 38 3 3 38 0.0789473684210526 1 0.0789473684210526
8455 45 12 9 48 0.2 0.75 0.1875
8462 4 2 2 4 0.5 1 0.5
8468 699 17 15 701 0.0214592274678112 0.882352941176471 0.021398002853067
8469 29 17 13 33 0.448275862068966 0.764705882352941 0.393939393939394
8473 218 20 14 224 0.0642201834862385 0.7 0.0625
8481 2 2 2 2 1 1 1
8487 15 2 2 15 0.133333333333333 1 0.133333333333333
8492 836 3 3 836 0.00358851674641148 1 0.00358851674641148
8495 22 5 5 22 0.227272727272727 1 0.227272727272727
8501 37 13 13 37 0.351351351351351 1 0.351351351351351
8508 2 1 1 2 0.5 1 0.5
8517 18 4 3 19 0.166666666666667 0.75 0.157894736842105
8518 5 1 1 5 0.2 1 0.2
852 165 1 1 165 0.00606060606060606 1 0.00606060606060606
8522 4 3 3 4 0.75 1 0.75
8527 21 4 4 21 0.19047619047619 1 0.19047619047619
8535 4 3 2 5 0.5 0.666666666666667 0.4
8545 4 17 1 20 0.25 0.0588235294117647 0.05
855 40 1 1 40 0.025 1 0.025
8551 259 14 11 262 0.0424710424710425 0.785714285714286 0.0419847328244275
8554 10 4 4 10 0.4 1 0.4
8560 80 29 21 88 0.2625 0.724137931034483 0.238636363636364
8561 3 1 1 3 0.333333333333333 1 0.333333333333333
8565 14 5 3 16 0.214285714285714 0.6 0.1875
8567 2 1 1 2 0.5 1 0.5
8582 48 20 13 55 0.270833333333333 0.65 0.236363636363636
8586 58 12 7 63 0.120689655172414 0.583333333333333 0.111111111111111
8587 21 10 5 26 0.238095238095238 0.5 0.192307692307692
8591 52 15 11 56 0.211538461538462 0.733333333333333 0.196428571428571
8596 346 18 15 349 0.0433526011560694 0.833333333333333 0.0429799426934097
8607 295 8 8 295 0.0271186440677966 1 0.0271186440677966
8608 31 8 4 35 0.129032258064516 0.5 0.114285714285714
8648 28 17 7 38 0.25 0.411764705882353 0.184210526315789
8657 91 15 12 94 0.131868131868132 0.8 0.127659574468085
8664 10 5 4 11 0.4 0.8 0.363636363636364
8674 56 9 8 57 0.142857142857143 0.888888888888889 0.140350877192982
8676 8 3 3 8 0.375 1 0.375
8677 9 1 1 9 0.111111111111111 1 0.111111111111111
8681 47 6 3 50 0.0638297872340425 0.5 0.06
8683 30 1 1 30 0.0333333333333333 1 0.0333333333333333
8697 18 1 1 18 0.0555555555555556 1 0.0555555555555556
8717 111 16 11 116 0.0990990990990991 0.6875 0.0948275862068965
8728 3 1 1 3 0.333333333333333 1 0.333333333333333
8737 29 6 5 30 0.172413793103448 0.833333333333333 0.166666666666667
8758 14 9 7 16 0.5 0.777777777777778 0.4375
8763 178 67 63 182 0.353932584269663 0.940298507462687 0.346153846153846
8764 79 1 1 79 0.0126582278481013 1 0.0126582278481013
8767 72 27 20 79 0.277777777777778 0.740740740740741 0.253164556962025
8771 8 1 0 9 0 0 0
8778 9 2 1 10 0.111111111111111 0.5 0.1
8781 63 19 14 68 0.222222222222222 0.736842105263158 0.205882352941176
8804 40 14 10 44 0.25 0.714285714285714 0.227272727272727
8808 1 2 1 2 1 0.5 0.5
8816 16 1 1 16 0.0625 1 0.0625
8820 8 4 2 10 0.25 0.5 0.2
8823 5 1 1 5 0.2 1 0.2
8832 1 1 1 1 1 1 1
8844 38 1 1 38 0.0263157894736842 1 0.0263157894736842
8866 120 14 10 124 0.0833333333333333 0.714285714285714 0.0806451612903226
8878 4 3 3 4 0.75 1 0.75
8879 24 13 6 31 0.25 0.461538461538462 0.193548387096774
8881 179 32 26 185 0.145251396648045 0.8125 0.140540540540541
8890 2 1 1 2 0.5 1 0.5
8895 10 3 3 10 0.3 1 0.3
8897 64 16 11 69 0.171875 0.6875 0.159420289855072
8903 12 3 1 14 0.0833333333333333 0.333333333333333 0.0714285714285714
8915 3 1 1 3 0.333333333333333 1 0.333333333333333
8916 2 2 2 2 1 1 1
8928 625 36 34 627 0.0544 0.944444444444444 0.0542264752791069
8934 3 1 1 3 0.333333333333333 1 0.333333333333333
8935 1 1 1 1 1 1 1
8943 24 7 7 24 0.291666666666667 1 0.291666666666667
8953 23 3 2 24 0.0869565217391304 0.666666666666667 0.0833333333333333
8954 36 15 10 41 0.277777777777778 0.666666666666667 0.24390243902439
8970 2 1 1 2 0.5 1 0.5
8978 5 3 3 5 0.6 1 0.6
9 5 1 1 5 0.2 1 0.2
9002 1625 512 497 1640 0.305846153846154 0.970703125 0.303048780487805
9008 5 3 3 5 0.6 1 0.6
9009 91 19 14 96 0.153846153846154 0.736842105263158 0.145833333333333
9022 2 1 0 3 0 0 0
9026 12 5 4 13 0.333333333333333 0.8 0.307692307692308
9031 73 14 12 75 0.164383561643836 0.857142857142857 0.16
9044 53 20 13 60 0.245283018867925 0.65 0.216666666666667
9063 45 18 13 50 0.288888888888889 0.722222222222222 0.26
9070 100 15 9 106 0.09 0.6 0.0849056603773585
9080 7 8 4 11 0.571428571428571 0.5 0.363636363636364
9085 10 1 1 10 0.1 1 0.1
9112 6 1 1 6 0.166666666666667 1 0.166666666666667
9119 92 15 11 96 0.119565217391304 0.733333333333333 0.114583333333333
9121 245 2 2 245 0.00816326530612245 1 0.00816326530612245
9129 5 2 1 6 0.2 0.5 0.166666666666667
9145 82 15 9 88 0.109756097560976 0.6 0.102272727272727
9150 27 14 9 32 0.333333333333333 0.642857142857143 0.28125
9153 42 7 7 42 0.166666666666667 1 0.166666666666667
9162 1 1 1 1 1 1 1
9167 22 1 1 22 0.0454545454545455 1 0.0454545454545455
9188 4 3 2 5 0.5 0.666666666666667 0.4
9191 54 8 6 56 0.111111111111111 0.75 0.107142857142857
9211 41 15 10 46 0.24390243902439 0.666666666666667 0.217391304347826
9231 2 2 1 3 0.5 0.5 0.333333333333333
9264 30 19 8 41 0.266666666666667 0.421052631578947 0.195121951219512
9268 16 3 2 17 0.125 0.666666666666667 0.117647058823529
9269 17 1 1 17 0.0588235294117647 1 0.0588235294117647
9270 28 5 3 30 0.107142857142857 0.6 0.1
9293 23 3 2 24 0.0869565217391304 0.666666666666667 0.0833333333333333
9299 53 1 1 53 0.0188679245283019 1 0.0188679245283019
9304 201 9 9 201 0.0447761194029851 1 0.0447761194029851
9329 13 1 1 13 0.0769230769230769 1 0.0769230769230769
9340 2 4 0 6 0 0 0
9354 14 1 1 14 0.0714285714285714 1 0.0714285714285714
9365 6 4 3 7 0.5 0.75 0.428571428571429
9367 3 1 1 3 0.333333333333333 1 0.333333333333333
9406 2 1 0 3 0 0 0
9431 2 2 2 2 1 1 1
9433 3 3 1 5 0.333333333333333 0.333333333333333 0.2
9445 1 1 1 1 1 1 1
9476 7 2 1 8 0.142857142857143 0.5 0.125
9482 25 4 4 25 0.16 1 0.16
9498 244 6 6 244 0.0245901639344262 1 0.0245901639344262
9503 32 10 8 34 0.25 0.8 0.235294117647059
9505 117 10 7 120 0.0598290598290598 0.7 0.0583333333333333
9506 4 1 1 4 0.25 1 0.25
9534 13 2 2 13 0.153846153846154 1 0.153846153846154
9541 5 1 0 6 0 0 0
9549 2 1 1 2 0.5 1 0.5
9555 2 1 0 3 0 0 0
9583 37 3 3 37 0.0810810810810811 1 0.0810810810810811
9584 11 2 1 12 0.0909090909090909 0.5 0.0833333333333333
9595 5 3 3 5 0.6 1 0.6
9600 4 2 2 4 0.5 1 0.5
9601 10 1 1 10 0.1 1 0.1
9607 6 4 1 9 0.166666666666667 0.25 0.111111111111111
9617 2 2 2 2 1 1 1
9619 2 2 2 2 1 1 1
9621 3 1 1 3 0.333333333333333 1 0.333333333333333
9622 6 3 2 7 0.333333333333333 0.666666666666667 0.285714285714286
9680 29 2 2 29 0.0689655172413793 1 0.0689655172413793
9700 6 2 1 7 0.166666666666667 0.5 0.142857142857143
9722 34 10 9 35 0.264705882352941 0.9 0.257142857142857
9723 15 1 1 15 0.0666666666666667 1 0.0666666666666667
9729 15 1 1 15 0.0666666666666667 1 0.0666666666666667
9732 3 2 1 4 0.333333333333333 0.5 0.25
9738 8 1 0 9 0 0 0
9794 5 1 1 5 0.2 1 0.2
9800 1 2 0 3 0 0 0
9821 5 2 2 5 0.4 1 0.4
9824 12 1 1 12 0.0833333333333333 1 0.0833333333333333
9829 14 1 1 14 0.0714285714285714 1 0.0714285714285714
9896 2 1 1 2 0.5 1 0.5
9901 26 4 3 27 0.115384615384615 0.75 0.111111111111111
9911 22 1 1 22 0.0454545454545455 1 0.0454545454545455
9919 15 1 0 16 0 0 0
9924 57 1 0 58 0 0 0
9930 11 1 1 11 0.0909090909090909 1 0.0909090909090909
9931 31 1 1 31 0.032258064516129 1 0.032258064516129
9942 37 1 1 37 0.027027027027027 1 0.027027027027027
9989 33 2 1 34 0.0303030303030303 0.5 0.0294117647058824
9993 7 1 1 7 0.142857142857143 1 0.142857142857143
9999 3 1 0 4 0 0 0
