#ASN num_v4adj num_v6adj num_intersect(v4v6adj) num_union(adj) fr_v4(num_intersect/num_v4adj) fr_v6(num_intersect/num_v6adj) fr_intersect(num_intersect/num_union)
10013 3 8 2 9 0.666666666666667 0.25 0.222222222222222
10015 11 1 0 12 0 0 0
101 46 1 1 46 0.0217391304347826 1 0.0217391304347826
10204 9 4 1 12 0.111111111111111 0.25 0.0833333333333333
10318 2 1 0 3 0 0 0
10343 2 1 1 2 0.5 1 0.5
10480 7 1 1 7 0.142857142857143 1 0.142857142857143
10569 1 1 1 1 1 1 1
10586 6 2 0 8 0 0 0
10778 4 1 1 4 0.25 1 0.25
10886 31 2 2 31 0.0645161290322581 1 0.0645161290322581
109 9 10 1 18 0.111111111111111 0.1 0.0555555555555556
1103 57 41 17 81 0.298245614035088 0.414634146341463 0.209876543209877
1126 24 8 5 27 0.208333333333333 0.625 0.185185185185185
1133 1 1 1 1 1 1 1
11340 3 1 1 3 0.333333333333333 1 0.333333333333333
1140 22 3 1 24 0.0454545454545455 0.333333333333333 0.0416666666666667
11537 75 40 27 88 0.36 0.675 0.306818181818182
11588 13 1 1 13 0.0769230769230769 1 0.0769230769230769
11815 2 1 0 3 0 0 0
11960 4 3 3 4 0.75 1 0.75
11990 4 1 0 5 0 0 0
1200 32 10 6 36 0.1875 0.6 0.166666666666667
12008 27 1 1 27 0.037037037037037 1 0.037037037037037
12046 2 1 1 2 0.5 1 0.5
1207 1 1 1 1 1 1 1
12111 26 1 1 26 0.0384615384615385 1 0.0384615384615385
1213 3 2 2 3 0.666666666666667 1 0.666666666666667
12199 1 2 0 3 0 0 0
1221 89 6 2 93 0.0224719101123595 0.333333333333333 0.021505376344086
12312 26 1 1 26 0.0384615384615385 1 0.0384615384615385
12337 32 13 9 36 0.28125 0.692307692307692 0.25
12353 5 5 2 8 0.4 0.4 0.25
12355 12 4 3 13 0.25 0.75 0.230769230769231
1237 27 2 1 28 0.037037037037037 0.5 0.0357142857142857
12371 2 1 0 3 0 0 0
12386 10 2 2 10 0.2 1 0.2
12401 9 4 2 11 0.222222222222222 0.5 0.181818181818182
12414 31 10 6 35 0.193548387096774 0.6 0.171428571428571
12429 21 1 1 21 0.0476190476190476 1 0.0476190476190476
1251 6 1 1 6 0.166666666666667 1 0.166666666666667
12533 2 2 0 4 0 0 0
1257 160 5 1 164 0.00625 0.2 0.00609756097560976
12600 12 1 1 12 0.0833333333333333 1 0.0833333333333333
12611 32 11 7 36 0.21875 0.636363636363636 0.194444444444444
12634 26 10 6 30 0.230769230769231 0.6 0.2
12635 8 1 0 9 0 0 0
12637 3 4 0 7 0 0 0
12638 2 3 0 5 0 0 0
12657 2 2 1 3 0.5 0.5 0.333333333333333
1273 304 66 38 332 0.125 0.575757575757576 0.114457831325301
12731 31 8 5 34 0.161290322580645 0.625 0.147058823529412
12732 16 3 1 18 0.0625 0.333333333333333 0.0555555555555556
12741 42 1 0 43 0 0 0
12767 6 1 0 7 0 0 0
12779 63 17 9 71 0.142857142857143 0.529411764705882 0.126760563380282
12793 256 1 0 257 0 0 0
12816 1 1 1 1 1 1 1
12817 2 2 2 2 1 1 1
12853 1 4 0 5 0 0 0
12859 288 65 58 295 0.201388888888889 0.892307692307692 0.196610169491525
12871 27 15 8 34 0.296296296296296 0.533333333333333 0.235294117647059
12895 5 1 1 5 0.2 1 0.2
12902 29 10 7 32 0.241379310344828 0.7 0.21875
12931 3 3 0 6 0 0 0
12956 154 9 8 155 0.051948051948052 0.888888888888889 0.0516129032258065
12968 79 7 2 84 0.0253164556962025 0.285714285714286 0.0238095238095238
1299 389 22 19 392 0.0488431876606684 0.863636363636364 0.048469387755102
13 2 1 1 2 0.5 1 0.5
13030 490 1 1 490 0.00204081632653061 1 0.00204081632653061
13041 6 1 1 6 0.166666666666667 1 0.166666666666667
13046 16 1 1 16 0.0625 1 0.0625
13092 3 1 1 3 0.333333333333333 1 0.333333333333333
13110 5 2 1 6 0.2 0.5 0.166666666666667
13115 4 1 0 5 0 0 0
1316 2 1 0 3 0 0 0
13189 18 1 1 18 0.0555555555555556 1 0.0555555555555556
13193 45 14 7 52 0.155555555555556 0.5 0.134615384615385
13237 450 7 7 450 0.0155555555555556 1 0.0155555555555556
13272 1 1 1 1 1 1 1
13645 117 5 4 118 0.0341880341880342 0.8 0.0338983050847458
13657 4 2 0 6 0 0 0
137 11 2 2 11 0.181818181818182 1 0.181818181818182
13944 2 9 0 11 0 0 0
14277 10 10 2 18 0.2 0.2 0.111111111111111
145 4 5 0 9 0 0 0
14595 2 1 0 3 0 0 0
14654 3 1 0 4 0 0 0
15169 74 4 1 77 0.0135135135135135 0.25 0.012987012987013
15440 5 1 0 6 0 0 0
15444 256 18 12 262 0.046875 0.666666666666667 0.0458015267175573
15469 2 1 0 3 0 0 0
15501 2 2 2 2 1 1 1
15589 33 7 1 39 0.0303030303030303 0.142857142857143 0.0256410256410256
15600 35 8 5 38 0.142857142857143 0.625 0.131578947368421
15623 20 3 2 21 0.1 0.666666666666667 0.0952380952380952
15685 10 3 3 10 0.3 1 0.3
15725 2 2 1 3 0.5 0.5 0.333333333333333
15782 9 1 1 9 0.111111111111111 1 0.111111111111111
15798 2 1 0 3 0 0 0
15837 159 4 3 160 0.0188679245283019 0.75 0.01875
15982 8 3 0 11 0 0 0
16004 10 3 1 12 0.1 0.333333333333333 0.0833333333333333
16030 35 5 4 36 0.114285714285714 0.8 0.111111111111111
16034 223 6 4 225 0.0179372197309417 0.666666666666667 0.0177777777777778
16086 28 7 4 31 0.142857142857143 0.571428571428571 0.129032258064516
16091 1 1 0 2 0 0 0
16128 12 3 3 12 0.25 1 0.25
16131 26 8 3 31 0.115384615384615 0.375 0.0967741935483871
16150 274 10 7 277 0.0255474452554745 0.7 0.0252707581227437
16186 42 8 4 46 0.0952380952380952 0.5 0.0869565217391304
16215 172 27 25 174 0.145348837209302 0.925925925925926 0.14367816091954
16237 20 4 2 22 0.1 0.5 0.0909090909090909
16245 16 2 2 16 0.125 1 0.125
16260 22 1 1 22 0.0454545454545455 1 0.0454545454545455
16265 43 1 0 44 0 0 0
16276 55 2 2 55 0.0363636363636364 1 0.0363636363636364
16316 4 1 1 4 0.25 1 0.25
16397 8 1 0 9 0 0 0
1653 27 1 1 27 0.037037037037037 1 0.037037037037037
16531 13 1 0 14 0 0 0
16713 27 2 0 29 0 0 0
16838 9 2 0 11 0 0 0
16942 2 2 0 4 0 0 0
16993 1 1 0 2 0 0 0
17263 4 1 0 5 0 0 0
1741 9 2 2 9 0.222222222222222 1 0.222222222222222
17435 2 1 0 3 0 0 0
17511 9 2 0 11 0 0 0
17527 5 6 2 9 0.4 0.333333333333333 0.222222222222222
17529 7 1 0 8 0 0 0
17579 6 3 2 7 0.333333333333333 0.666666666666667 0.285714285714286
17676 29 5 2 32 0.0689655172413793 0.4 0.0625
17716 3 1 1 3 0.333333333333333 1 0.333333333333333
17828 4 1 0 5 0 0 0
17832 6 14 2 18 0.333333333333333 0.142857142857143 0.111111111111111
17843 2 1 1 2 0.5 1 0.5
17853 1 1 0 2 0 0 0
17934 2 5 1 6 0.5 0.2 0.166666666666667
17935 1 2 0 3 0 0 0
17956 3 1 0 4 0 0 0
1797 2 3 2 3 1 0.666666666666667 0.666666666666667
1798 4 2 0 6 0 0 0
18015 2 2 2 2 1 1 1
18062 4 2 2 4 0.5 1 0.5
18119 2 1 0 3 0 0 0
18126 3 1 1 3 0.333333333333333 1 0.333333333333333
18185 4 1 1 4 0.25 1 0.25
18266 4 1 1 4 0.25 1 0.25
18288 3 1 1 3 0.333333333333333 1 0.333333333333333
1835 7 2 2 7 0.285714285714286 1 0.285714285714286
18422 5 1 1 5 0.2 1 0.2
1853 95 12 10 97 0.105263157894737 0.833333333333333 0.103092783505155
18592 24 7 7 24 0.291666666666667 1 0.291666666666667
18666 2 2 0 4 0 0 0
1880 11 3 2 12 0.181818181818182 0.666666666666667 0.166666666666667
1881 2 1 1 2 0.5 1 0.5
1887 5 1 1 5 0.2 1 0.2
1888 1 1 1 1 1 1 1
1897 1 1 0 2 0 0 0
1901 78 2 1 79 0.0128205128205128 0.5 0.0126582278481013
1916 18 6 4 20 0.222222222222222 0.666666666666667 0.2
1930 7 5 2 10 0.285714285714286 0.4 0.2
19401 8 2 1 9 0.125 0.5 0.111111111111111
195 7 1 1 7 0.142857142857143 1 0.142857142857143
1955 10 1 1 10 0.1 1 0.1
19782 7 1 1 7 0.142857142857143 1 0.142857142857143
20080 9 3 2 10 0.222222222222222 0.666666666666667 0.2
20312 4 1 1 4 0.25 1 0.25
2042 12 10 1 21 0.0833333333333333 0.1 0.0476190476190476
20473 6 1 0 7 0 0 0
20495 50 7 4 53 0.08 0.571428571428571 0.0754716981132075
20569 5 2 1 6 0.2 0.5 0.166666666666667
20597 1 1 0 2 0 0 0
20612 4 1 1 4 0.25 1 0.25
20621 2 1 1 2 0.5 1 0.5
20640 195 59 50 204 0.256410256410256 0.847457627118644 0.245098039215686
20646 47 19 12 54 0.25531914893617 0.631578947368421 0.222222222222222
20704 16 5 3 18 0.1875 0.6 0.166666666666667
20712 8 1 0 9 0 0 0
20718 27 8 5 30 0.185185185185185 0.625 0.166666666666667
20745 1 3 0 4 0 0 0
20794 3 2 0 5 0 0 0
20834 35 5 2 38 0.0571428571428571 0.4 0.0526315789473684
20847 30 9 6 33 0.2 0.666666666666667 0.181818181818182
209 1181 8 5 1184 0.00423370025402202 0.625 0.00422297297297297
20900 1 1 0 2 0 0 0
20912 4 3 0 7 0 0 0
20965 45 37 36 46 0.8 0.972972972972973 0.782608695652174
210 8 1 1 8 0.125 1 0.125
2107 1 1 1 1 1 1 1
2108 1 1 1 1 1 1 1
2110 43 8 1 50 0.0232558139534884 0.125 0.02
21119 6 1 1 6 0.166666666666667 1 0.166666666666667
21155 43 15 8 50 0.186046511627907 0.533333333333333 0.16
2116 29 2 2 29 0.0689655172413793 1 0.0689655172413793
21221 22 11 5 28 0.227272727272727 0.454545454545455 0.178571428571429
2128 2 1 1 2 0.5 1 0.5
21385 36 9 7 38 0.194444444444444 0.777777777777778 0.184210526315789
2153 36 8 8 36 0.222222222222222 1 0.222222222222222
21947 18 1 1 18 0.0555555555555556 1 0.0555555555555556
2200 44 3 3 44 0.0681818181818182 1 0.0681818181818182
22166 2 1 0 3 0 0 0
22335 27 2 1 28 0.037037037037037 0.5 0.0357142857142857
22388 4 3 3 4 0.75 1 0.75
224 7 3 2 8 0.285714285714286 0.666666666666667 0.25
22548 21 2 1 22 0.0476190476190476 0.5 0.0454545454545455
226 19 1 1 19 0.0526315789473684 1 0.0526315789473684
22767 2 1 1 2 0.5 1 0.5
23393 30 3 2 31 0.0666666666666667 0.666666666666667 0.0645161290322581
23504 22 2 0 24 0 0 0
23554 3 2 2 3 0.666666666666667 1 0.666666666666667
23600 3 1 1 3 0.333333333333333 1 0.333333333333333
23624 2 1 1 2 0.5 1 0.5
23634 5 1 1 5 0.2 1 0.2
23754 1 1 0 2 0 0 0
23774 4 2 1 5 0.25 0.5 0.2
23787 2 2 1 3 0.5 0.5 0.333333333333333
23789 1 1 0 2 0 0 0
2381 25 3 2 26 0.08 0.666666666666667 0.0769230769230769
23902 1 2 0 3 0 0 0
23910 1 1 1 1 1 1 1
24 7 3 2 8 0.285714285714286 0.666666666666667 0.25
24218 8 1 0 9 0 0 0
24252 2 3 2 3 1 0.666666666666667 0.666666666666667
24433 3 1 1 3 0.333333333333333 1 0.333333333333333
24489 3 2 2 3 0.666666666666667 1 0.666666666666667
24490 5 4 4 5 0.8 1 0.8
24586 13 4 2 15 0.153846153846154 0.5 0.133333333333333
24587 43 15 6 52 0.13953488372093 0.4 0.115384615384615
24724 25 2 2 25 0.08 1 0.08
24730 35 7 3 39 0.0857142857142857 0.428571428571429 0.0769230769230769
24776 4 2 1 5 0.25 0.5 0.2
24875 24 11 4 31 0.166666666666667 0.363636363636364 0.129032258064516
2497 214 58 44 228 0.205607476635514 0.758620689655172 0.192982456140351
24973 1 1 0 2 0 0 0
2500 27 52 9 70 0.333333333333333 0.173076923076923 0.128571428571429
25058 2 2 2 2 1 1 1
2506 3 1 1 3 0.333333333333333 1 0.333333333333333
2510 13 7 3 17 0.230769230769231 0.428571428571429 0.176470588235294
25108 13 4 1 16 0.0769230769230769 0.25 0.0625
25137 144 9 9 144 0.0625 1 0.0625
2514 15 4 3 16 0.2 0.75 0.1875
25152 38 6 4 40 0.105263157894737 0.666666666666667 0.1
2516 298 46 32 312 0.10738255033557 0.695652173913043 0.102564102564103
2518 45 10 4 51 0.0888888888888889 0.4 0.0784313725490196
2519 26 3 0 29 0 0 0
25208 6 1 0 7 0 0 0
25220 18 2 2 18 0.111111111111111 1 0.111111111111111
2523 4 1 1 4 0.25 1 0.25
25232 219 10 9 220 0.0410958904109589 0.9 0.0409090909090909
2527 10 7 2 15 0.2 0.285714285714286 0.133333333333333
25358 16 10 2 24 0.125 0.2 0.0833333333333333
25384 7 3 1 9 0.142857142857143 0.333333333333333 0.111111111111111
2549 2 2 1 3 0.5 0.5 0.333333333333333
25538 2 1 0 3 0 0 0
25560 142 14 11 145 0.0774647887323944 0.785714285714286 0.0758620689655172
2594 7 1 1 7 0.142857142857143 1 0.142857142857143
2595 4 1 1 4 0.25 1 0.25
2602 2 1 1 2 0.5 1 0.5
2603 35 10 8 37 0.228571428571429 0.8 0.216216216216216
2607 44 6 3 47 0.0681818181818182 0.5 0.0638297872340425
2611 44 11 9 46 0.204545454545455 0.818181818181818 0.195652173913043
2614 11 2 1 12 0.0909090909090909 0.5 0.0833333333333333
26415 17 3 0 20 0 0 0
26943 22 3 3 22 0.136363636363636 1 0.136363636363636
27133 1 1 0 2 0 0 0
27319 27 2 2 27 0.0740740740740741 1 0.0740740740740741
27725 1 1 1 1 1 1 1
27750 11 7 7 11 0.636363636363636 1 0.636363636363636
278 6 7 1 12 0.166666666666667 0.142857142857143 0.0833333333333333
2819 20 4 0 24 0 0 0
2847 2 1 1 2 0.5 1 0.5
28472 1 1 1 1 1 1 1
2852 7 3 3 7 0.428571428571429 1 0.428571428571429
286 306 11 10 307 0.0326797385620915 0.909090909090909 0.0325732899022801
2861 8 2 2 8 0.25 1 0.25
28678 1 1 1 1 1 1 1
28716 30 3 2 31 0.0666666666666667 0.666666666666667 0.0645161290322581
28725 5 1 1 5 0.2 1 0.2
28788 34 3 3 34 0.0882352941176471 1 0.0882352941176471
28814 1 1 1 1 1 1 1
28855 7 1 1 7 0.142857142857143 1 0.142857142857143
2895 10 2 2 10 0.2 1 0.2
29009 1 1 1 1 1 1 1
2907 66 6 3 69 0.0454545454545455 0.5 0.0434782608695652
29134 3 1 0 4 0 0 0
2914 515 121 63 573 0.122330097087379 0.520661157024793 0.109947643979058
2915 31 9 4 36 0.129032258064516 0.444444444444444 0.111111111111111
29208 19 3 1 21 0.0526315789473684 0.333333333333333 0.0476190476190476
29216 1 3 1 3 1 0.333333333333333 0.333333333333333
29243 2 1 1 2 0.5 1 0.5
29259 8 5 4 9 0.5 0.8 0.444444444444444
293 117 22 16 123 0.136752136752137 0.727272727272727 0.130081300813008
29317 1 2 1 2 1 0.5 0.5
29402 7 1 1 7 0.142857142857143 1 0.142857142857143
29422 3 1 1 3 0.333333333333333 1 0.333333333333333
29432 1 1 1 1 1 1 1
29449 4 5 1 8 0.25 0.2 0.125
29452 6 3 0 9 0 0 0
29527 37 5 3 39 0.0810810810810811 0.6 0.0769230769230769
29636 17 4 4 17 0.235294117647059 1 0.235294117647059
29670 2 2 0 4 0 0 0
29686 277 65 60 282 0.216606498194946 0.923076923076923 0.212765957446809
29748 23 2 2 23 0.0869565217391304 1 0.0869565217391304
29838 17 2 0 19 0 0 0
29877 5 3 1 7 0.2 0.333333333333333 0.142857142857143
29904 2 1 1 2 0.5 1 0.5
30071 16 68 9 75 0.5625 0.132352941176471 0.12
30653 19 2 1 20 0.0526315789473684 0.5 0.05
3066 8 1 1 8 0.125 1 0.125
31065 2 2 0 4 0 0 0
31103 3 4 0 7 0 0 0
3111 1 1 0 2 0 0 0
31246 6 1 1 6 0.166666666666667 1 0.166666666666667
31265 1 1 1 1 1 1 1
31333 3 2 2 3 0.666666666666667 1 0.666666666666667
31383 16 7 4 19 0.25 0.571428571428571 0.210526315789474
31424 8 2 1 9 0.125 0.5 0.111111111111111
31458 28 1 0 29 0 0 0
31479 4 1 1 4 0.25 1 0.25
31859 2 1 0 3 0 0 0
31985 7 1 0 8 0 0 0
32034 7 2 1 8 0.142857142857143 0.5 0.125
3212 32 1 1 32 0.03125 1 0.03125
3213 103 3 3 103 0.029126213592233 1 0.029126213592233
3221 1 1 1 1 1 1 1
3243 15 5 2 18 0.133333333333333 0.4 0.111111111111111
32459 3 1 1 3 0.333333333333333 1 0.333333333333333
3246 253 13 12 254 0.0474308300395257 0.923076923076923 0.047244094488189
3248 17 4 2 19 0.117647058823529 0.5 0.105263157894737
3249 38 6 2 42 0.0526315789473684 0.333333333333333 0.0476190476190476
3257 262 128 56 334 0.213740458015267 0.4375 0.167664670658683
3265 31 18 7 42 0.225806451612903 0.388888888888889 0.166666666666667
3268 2 1 1 2 0.5 1 0.5
3274 3 1 0 4 0 0 0
3292 311 11 9 313 0.0289389067524116 0.818181818181818 0.0287539936102236
32978 3 1 1 3 0.333333333333333 1 0.333333333333333
33 8 12 3 17 0.375 0.25 0.176470588235294
3301 41 1 1 41 0.024390243902439 1 0.024390243902439
3303 590 25 24 591 0.0406779661016949 0.96 0.0406091370558376
3320 374 15 8 381 0.0213903743315508 0.533333333333333 0.020997375328084
3322 3 1 1 3 0.333333333333333 1 0.333333333333333
3327 22 4 3 23 0.136363636363636 0.75 0.130434782608696
3333 144 29 26 147 0.180555555555556 0.896551724137931 0.17687074829932
3343 18 3 2 19 0.111111111111111 0.666666666666667 0.105263157894737
33437 1 6 1 6 1 0.166666666666667 0.166666666666667
3344 31 22 10 43 0.32258064516129 0.454545454545455 0.232558139534884
3352 59 3 1 61 0.0169491525423729 0.333333333333333 0.0163934426229508
3356 1291 20 18 1293 0.0139426800929512 0.9 0.0139211136890951
33956 4 2 2 4 0.5 1 0.5
34081 1 2 1 2 1 0.5 0.5
34159 6 1 1 6 0.166666666666667 1 0.166666666666667
34243 1 1 1 1 1 1 1
34288 3 3 0 6 0 0 0
34465 7 2 1 8 0.142857142857143 0.5 0.125
34623 2 1 1 2 0.5 1 0.5
34631 2 1 1 2 0.5 1 0.5
34771 3 2 2 3 0.666666666666667 1 0.666666666666667
35244 12 3 2 13 0.166666666666667 0.666666666666667 0.153846153846154
35425 1 1 1 1 1 1 1
35485 5 1 1 5 0.2 1 0.2
3549 742 58 43 757 0.0579514824797844 0.741379310344828 0.0568031704095112
3551 1 1 0 2 0 0 0
3557 92 21 14 99 0.152173913043478 0.666666666666667 0.141414141414141
35612 1 2 0 3 0 0 0
3582 4 2 0 6 0 0 0
3597 10 2 1 11 0.1 0.5 0.0909090909090909
3640 4 1 1 4 0.25 1 0.25
3662 12 1 1 12 0.0833333333333333 1 0.0833333333333333
3741 203 1 0 204 0 0 0
3758 36 5 0 41 0 0 0
376 10 1 1 10 0.1 1 0.1
378 3 1 1 3 0.333333333333333 1 0.333333333333333
3786 302 1 0 303 0 0 0
3790 2 1 1 2 0.5 1 0.5
3825 1 1 0 2 0 0 0
3836 7 8 0 15 0 0 0
4134 63 1 0 64 0 0 0
42 66 2 2 66 0.0303030303030303 1 0.0303030303030303
4436 84 8 7 85 0.0833333333333333 0.875 0.0823529411764706
4538 15 13 3 25 0.2 0.230769230769231 0.12
4555 1 7 0 8 0 0 0
4589 172 28 15 185 0.0872093023255814 0.535714285714286 0.0810810810810811
4608 3 1 1 3 0.333333333333333 1 0.333333333333333
4618 14 6 0 20 0 0 0
4621 24 2 1 25 0.0416666666666667 0.5 0.04
4645 13 1 1 13 0.0769230769230769 1 0.0769230769230769
4651 25 3 1 27 0.04 0.333333333333333 0.037037037037037
4673 8 1 1 8 0.125 1 0.125
4675 7 6 2 11 0.285714285714286 0.333333333333333 0.181818181818182
4677 4 7 2 9 0.5 0.285714285714286 0.222222222222222
4678 7 7 2 12 0.285714285714286 0.285714285714286 0.166666666666667
4680 10 7 2 15 0.2 0.285714285714286 0.133333333333333
4685 8 6 3 11 0.375 0.5 0.272727272727273
4688 10 8 3 15 0.3 0.375 0.2
4691 8 11 3 16 0.375 0.272727272727273 0.1875
4694 50 2 1 51 0.02 0.5 0.0196078431372549
4697 1 19 1 19 1 0.0526315789473684 0.0526315789473684
4702 6 4 2 8 0.333333333333333 0.5 0.25
4713 85 5 5 85 0.0588235294117647 1 0.0588235294117647
4716 97 45 16 126 0.164948453608247 0.355555555555556 0.126984126984127
4717 4 2 2 4 0.5 1 0.5
4718 3 5 1 7 0.333333333333333 0.2 0.142857142857143
4721 11 5 0 16 0 0 0
4725 100 35 12 123 0.12 0.342857142857143 0.0975609756097561
4741 7 1 0 8 0 0 0
4747 9 2 0 11 0 0 0
4750 34 4 1 37 0.0294117647058824 0.25 0.027027027027027
4774 2 2 2 2 1 1 1
4777 28 8 5 31 0.178571428571429 0.625 0.161290322580645
4780 26 2 1 27 0.0384615384615385 0.5 0.037037037037037
4782 2 1 0 3 0 0 0
4787 6 7 0 13 0 0 0
4788 87 6 2 91 0.0229885057471264 0.333333333333333 0.021978021978022
4795 26 3 0 29 0 0 0
4802 7 2 1 8 0.142857142857143 0.5 0.125
5050 11 4 3 12 0.272727272727273 0.75 0.25
513 15 9 3 21 0.2 0.333333333333333 0.142857142857143
5381 14 4 1 17 0.0714285714285714 0.25 0.0588235294117647
5385 12 9 3 18 0.25 0.333333333333333 0.166666666666667
5401 5 1 1 5 0.2 1 0.2
5408 29 2 2 29 0.0689655172413793 1 0.0689655172413793
5410 48 5 0 53 0 0 0
5417 172 33 27 178 0.156976744186047 0.818181818181818 0.151685393258427
5418 49 1 1 49 0.0204081632653061 1 0.0204081632653061
5430 65 13 11 67 0.169230769230769 0.846153846153846 0.164179104477612
5459 201 8 8 201 0.0398009950248756 1 0.0398009950248756
5466 56 1 0 57 0 0 0
5486 38 2 0 40 0 0 0
5511 157 21 19 159 0.121019108280255 0.904761904761905 0.119496855345912
553 40 10 8 42 0.2 0.8 0.19047619047619
5533 8 2 1 9 0.125 0.5 0.111111111111111
5539 32 41 13 60 0.40625 0.317073170731707 0.216666666666667
5550 4 3 1 6 0.25 0.333333333333333 0.166666666666667
5568 90 4 4 90 0.0444444444444444 1 0.0444444444444444
559 54 17 15 56 0.277777777777778 0.882352941176471 0.267857142857143
5602 16 4 2 18 0.125 0.5 0.111111111111111
5609 2 14 0 16 0 0 0
5617 92 1 0 93 0 0 0
5623 1 4 0 5 0 0 0
5669 37 3 0 40 0 0 0
5693 7 2 1 8 0.142857142857143 0.5 0.125
5713 32 3 1 34 0.03125 0.333333333333333 0.0294117647058824
6057 7 3 1 9 0.142857142857143 0.333333333333333 0.111111111111111
6062 8 3 0 11 0 0 0
6066 3 1 0 4 0 0 0
6140 155 1 0 156 0 0 0
6163 9 2 0 11 0 0 0
6320 202 2 1 203 0.00495049504950495 0.5 0.00492610837438424
6342 4 1 0 5 0 0 0
6360 9 2 2 9 0.222222222222222 1 0.222222222222222
6435 3 15 0 18 0 0 0
6453 339 31 22 348 0.0648967551622419 0.709677419354839 0.0632183908045977
6461 686 4 4 686 0.00583090379008746 1 0.00583090379008746
6509 37 4 4 37 0.108108108108108 1 0.108108108108108
6596 22 1 1 22 0.0454545454545455 1 0.0454545454545455
6619 13 2 0 15 0 0 0
6666 29 9 5 33 0.172413793103448 0.555555555555556 0.151515151515152
6667 434 66 63 437 0.145161290322581 0.954545454545455 0.1441647597254
668 39 7 2 44 0.0512820512820513 0.285714285714286 0.0454545454545455
6695 105 3 3 105 0.0285714285714286 1 0.0285714285714286
6696 5 3 2 6 0.4 0.666666666666667 0.333333333333333
6706 5 3 2 6 0.4 0.666666666666667 0.333333333333333
6730 583 7 6 584 0.0102915951972556 0.857142857142857 0.0102739726027397
6762 140 22 18 144 0.128571428571429 0.818181818181818 0.125
6770 21 4 4 21 0.19047619047619 1 0.19047619047619
6772 11 4 3 12 0.272727272727273 0.75 0.25
6774 64 8 5 67 0.078125 0.625 0.0746268656716418
6775 4 2 2 4 0.5 1 0.5
680 45 11 9 47 0.2 0.818181818181818 0.191489361702128
6802 6 1 1 6 0.166666666666667 1 0.166666666666667
6830 72 81 22 131 0.305555555555556 0.271604938271605 0.16793893129771
6881 7 1 1 7 0.142857142857143 1 0.142857142857143
6893 5 1 0 6 0 0 0
6895 7 1 1 7 0.142857142857143 1 0.142857142857143
6939 516 43 17 542 0.0329457364341085 0.395348837209302 0.0313653136531365
7018 2034 6 4 2036 0.00196656833824975 0.666666666666667 0.00196463654223969
7019 1 1 1 1 1 1 1
7065 9 2 1 10 0.111111111111111 0.5 0.1
719 10 1 1 10 0.1 1 0.1
7500 66 6 4 68 0.0606060606060606 0.666666666666667 0.0588235294117647
7514 19 9 5 23 0.263157894736842 0.555555555555556 0.217391304347826
7516 4 1 0 5 0 0 0
7521 3 2 1 4 0.333333333333333 0.5 0.25
7522 5 6 2 9 0.4 0.333333333333333 0.222222222222222
7530 2 4 0 6 0 0 0
7539 20 6 6 20 0.3 1 0.3
7570 6 1 1 6 0.166666666666667 1 0.166666666666667
7575 130 16 13 133 0.1 0.8125 0.0977443609022556
7610 23 2 1 24 0.0434782608695652 0.5 0.0416666666666667
766 16 5 4 17 0.25 0.8 0.235294117647059
7660 36 31 17 50 0.472222222222222 0.548387096774194 0.34
7665 2 1 1 2 0.5 1 0.5
7667 3 4 3 4 1 0.75 0.75
7668 10 1 1 10 0.1 1 0.1
7670 17 2 2 17 0.117647058823529 1 0.117647058823529
7671 3 36 3 36 1 0.0833333333333333 0.0833333333333333
7682 12 3 2 13 0.166666666666667 0.666666666666667 0.153846153846154
7687 4 1 1 4 0.25 1 0.25
7786 4 1 0 5 0 0 0
786 42 9 1 50 0.0238095238095238 0.111111111111111 0.02
790 2 1 1 2 0.5 1 0.5
8002 37 6 2 41 0.0540540540540541 0.333333333333333 0.0487804878048781
8070 1 1 0 2 0 0 0
8121 29 3 1 31 0.0344827586206897 0.333333333333333 0.032258064516129
8195 56 9 5 60 0.0892857142857143 0.555555555555556 0.0833333333333333
8220 648 13 12 649 0.0185185185185185 0.923076923076923 0.0184899845916795
8226 3 3 1 5 0.333333333333333 0.333333333333333 0.2
8237 8 5 2 11 0.25 0.4 0.181818181818182
8246 132 3 2 133 0.0151515151515152 0.666666666666667 0.0150375939849624
8256 2 1 1 2 0.5 1 0.5
8267 2 2 1 3 0.5 0.5 0.333333333333333
8286 1 1 0 2 0 0 0
8319 26 12 5 33 0.192307692307692 0.416666666666667 0.151515151515152
8323 15 1 1 15 0.0666666666666667 1 0.0666666666666667
8364 9 1 1 9 0.111111111111111 1 0.111111111111111
8365 35 13 8 40 0.228571428571429 0.615384615384615 0.2
8419 29 4 1 32 0.0344827586206897 0.25 0.03125
8426 238 7 4 241 0.0168067226890756 0.571428571428571 0.016597510373444
8447 309 15 13 311 0.0420711974110032 0.866666666666667 0.0418006430868167
8469 33 7 5 35 0.151515151515152 0.714285714285714 0.142857142857143
8472 24 8 0 32 0 0 0
8473 15 3 1 17 0.0666666666666667 0.333333333333333 0.0588235294117647
8481 2 1 0 3 0 0 0
8501 33 8 8 33 0.242424242424242 1 0.242424242424242
8517 18 1 1 18 0.0555555555555556 1 0.0555555555555556
8527 14 2 2 14 0.142857142857143 1 0.142857142857143
8560 54 15 10 59 0.185185185185185 0.666666666666667 0.169491525423729
8586 53 2 2 53 0.0377358490566038 1 0.0377358490566038
8591 25 6 4 27 0.16 0.666666666666667 0.148148148148148
8657 68 3 2 69 0.0294117647058824 0.666666666666667 0.0289855072463768
8664 10 2 0 12 0 0 0
8665 18 10 6 22 0.333333333333333 0.6 0.272727272727273
8674 44 3 3 44 0.0681818181818182 1 0.0681818181818182
8708 169 7 4 172 0.0236686390532544 0.571428571428571 0.0232558139534884
8728 1 1 1 1 1 1 1
8737 29 8 4 33 0.137931034482759 0.5 0.121212121212121
8758 6 5 3 8 0.5 0.6 0.375
8763 129 31 29 131 0.224806201550388 0.935483870967742 0.221374045801527
8767 24 5 3 26 0.125 0.6 0.115384615384615
8781 3 1 1 3 0.333333333333333 1 0.333333333333333
8823 6 1 1 6 0.166666666666667 1 0.166666666666667
8881 148 2 2 148 0.0135135135135135 1 0.0135135135135135
8903 9 4 0 13 0 0 0
8921 1 2 0 3 0 0 0
8925 2 1 0 3 0 0 0
8943 16 2 1 17 0.0625 0.5 0.0588235294117647
8954 18 6 2 22 0.111111111111111 0.333333333333333 0.0909090909090909
8966 32 1 1 32 0.03125 1 0.03125
8970 2 1 1 2 0.5 1 0.5
8975 57 3 2 58 0.0350877192982456 0.666666666666667 0.0344827586206897
9009 162 10 8 164 0.0493827160493827 0.8 0.0487804878048781
9052 4 2 1 5 0.25 0.5 0.2
9080 7 3 1 9 0.142857142857143 0.333333333333333 0.111111111111111
9085 6 1 0 7 0 0 0
9112 5 3 1 7 0.2 0.333333333333333 0.142857142857143
9150 18 1 1 18 0.0555555555555556 1 0.0555555555555556
9153 45 1 1 45 0.0222222222222222 1 0.0222222222222222
9264 54 32 4 82 0.0740740740740741 0.125 0.0487804878048781
9270 31 6 5 32 0.161290322580645 0.833333333333333 0.15625
9316 38 1 0 39 0 0 0
9505 62 2 1 63 0.0161290322580645 0.5 0.0158730158730159
9583 24 1 0 25 0 0 0
9595 7 4 2 9 0.285714285714286 0.5 0.222222222222222
9600 6 9 2 13 0.333333333333333 0.222222222222222 0.153846153846154
9607 9 1 0 10 0 0 0
9612 1 3 0 4 0 0 0
9619 2 2 2 2 1 1 1
9621 3 8 2 9 0.666666666666667 0.25 0.222222222222222
9622 4 1 1 4 0.25 1 0.25
9687 2 1 1 2 0.5 1 0.5
9758 2 1 0 3 0 0 0
9821 2 1 1 2 0.5 1 0.5
9844 2 1 0 3 0 0 0
9901 25 2 0 27 0 0 0
9995 3 2 2 3 0.666666666666667 1 0.666666666666667
