#ASN num_v4adj num_v6adj num_intersect(v4v6adj) num_union(adj) fr_v4(num_intersect/num_v4adj) fr_v6(num_intersect/num_v6adj) fr_intersect(num_intersect/num_union)
10013 2 6 1 7 0.5 0.166666666666667 0.142857142857143
10015 10 1 0 11 0 0 0
101 34 7 6 35 0.176470588235294 0.857142857142857 0.171428571428571
10148 1 2 1 2 1 0.5 0.5
102 3 1 1 3 0.333333333333333 1 0.333333333333333
10204 4 5 1 8 0.25 0.2 0.125
10217 25 1 1 25 0.04 1 0.04
10318 4 1 0 5 0 0 0
10343 2 1 1 2 0.5 1 0.5
10405 2 1 0 3 0 0 0
10429 74 1 1 74 0.0135135135135135 1 0.0135135135135135
10466 30 2 2 30 0.0666666666666667 1 0.0666666666666667
10490 33 3 3 33 0.0909090909090909 1 0.0909090909090909
10533 1 1 1 1 1 1 1
10569 1 1 1 1 1 1 1
10578 26 3 3 26 0.115384615384615 1 0.115384615384615
10745 2 7 0 9 0 0 0
10778 7 1 1 7 0.142857142857143 1 0.142857142857143
10886 41 18 8 51 0.195121951219512 0.444444444444444 0.156862745098039
109 15 4 0 19 0 0 0
1101 1 1 1 1 1 1 1
1103 191 57 55 193 0.287958115183246 0.964912280701754 0.284974093264249
111 2 2 1 3 0.5 0.5 0.333333333333333
11170 2 2 0 4 0 0 0
1120 14 1 1 14 0.0714285714285714 1 0.0714285714285714
1126 42 10 7 45 0.166666666666667 0.7 0.155555555555556
11274 10 3 3 10 0.3 1 0.3
11317 6 4 4 6 0.666666666666667 1 0.666666666666667
11340 6 1 1 6 0.166666666666667 1 0.166666666666667
1140 30 6 4 32 0.133333333333333 0.666666666666667 0.125
11404 27 2 2 27 0.0740740740740741 1 0.0740740740740741
11537 116 51 39 128 0.336206896551724 0.764705882352941 0.3046875
11656 1 1 0 2 0 0 0
11666 5 3 0 8 0 0 0
11694 3 1 1 3 0.333333333333333 1 0.333333333333333
11734 3 1 0 4 0 0 0
11815 3 1 0 4 0 0 0
11960 5 2 2 5 0.4 1 0.4
1200 43 13 8 48 0.186046511627907 0.615384615384615 0.166666666666667
12008 32 1 1 32 0.03125 1 0.03125
12041 10 5 4 11 0.4 0.8 0.363636363636364
12046 2 1 1 2 0.5 1 0.5
12111 26 3 2 27 0.0769230769230769 0.666666666666667 0.0740740740740741
1213 8 4 4 8 0.5 1 0.5
1221 115 2 0 117 0 0 0
12287 2 1 1 2 0.5 1 0.5
12301 60 1 1 60 0.0166666666666667 1 0.0166666666666667
12312 56 13 10 59 0.178571428571429 0.769230769230769 0.169491525423729
12322 76 3 3 76 0.0394736842105263 1 0.0394736842105263
12337 44 52 21 75 0.477272727272727 0.403846153846154 0.28
12353 5 3 1 7 0.2 0.333333333333333 0.142857142857143
12355 35 12 9 38 0.257142857142857 0.75 0.236842105263158
1237 35 4 2 37 0.0571428571428571 0.5 0.0540540540540541
12371 2 1 0 3 0 0 0
12386 14 2 2 14 0.142857142857143 1 0.142857142857143
1239 1716 4 1 1719 0.000582750582750583 0.25 0.00058173356602676
12399 288 1 1 288 0.00347222222222222 1 0.00347222222222222
12401 12 3 3 12 0.25 1 0.25
12414 40 12 10 42 0.25 0.833333333333333 0.238095238095238
12502 2 2 1 3 0.5 0.5 0.333333333333333
12533 2 1 0 3 0 0 0
12566 17 2 2 17 0.117647058823529 1 0.117647058823529
1257 153 5 3 155 0.0196078431372549 0.6 0.0193548387096774
12573 40 8 8 40 0.2 1 0.2
12600 16 1 0 17 0 0 0
12611 43 18 11 50 0.255813953488372 0.611111111111111 0.22
12634 39 16 12 43 0.307692307692308 0.75 0.27906976744186
12637 61 17 14 64 0.229508196721311 0.823529411764706 0.21875
12638 3 3 0 6 0 0 0
12654 64 20 13 71 0.203125 0.65 0.183098591549296
12657 3 1 1 3 0.333333333333333 1 0.333333333333333
12709 2 1 0 3 0 0 0
1273 292 70 43 319 0.147260273972603 0.614285714285714 0.134796238244514
12731 96 18 12 102 0.125 0.666666666666667 0.117647058823529
12732 20 4 2 22 0.1 0.5 0.0909090909090909
12741 116 1 0 117 0 0 0
12757 4 1 1 4 0.25 1 0.25
12767 9 1 0 10 0 0 0
12769 4 1 1 4 0.25 1 0.25
12779 69 20 11 78 0.159420289855072 0.55 0.141025641025641
1280 95 29 17 107 0.178947368421053 0.586206896551724 0.158878504672897
12816 1 2 1 2 1 0.5 0.5
12817 2 2 2 2 1 1 1
12853 1 2 1 2 1 0.5 0.5
12859 472 102 96 478 0.203389830508475 0.941176470588235 0.200836820083682
12871 38 14 7 45 0.184210526315789 0.5 0.155555555555556
12874 141 2 2 141 0.0141843971631206 1 0.0141843971631206
12895 8 1 1 8 0.125 1 0.125
12902 44 11 9 46 0.204545454545455 0.818181818181818 0.195652173913043
12931 4 3 2 5 0.5 0.666666666666667 0.4
12956 124 8 7 125 0.0564516129032258 0.875 0.056
12968 116 1 1 116 0.00862068965517241 1 0.00862068965517241
12989 500 10 10 500 0.02 1 0.02
1299 530 36 34 532 0.0641509433962264 0.944444444444444 0.0639097744360902
13030 152 6 6 152 0.0394736842105263 1 0.0394736842105263
13039 6 1 1 6 0.166666666666667 1 0.166666666666667
13041 6 1 1 6 0.166666666666667 1 0.166666666666667
13092 4 1 1 4 0.25 1 0.25
13105 12 3 1 14 0.0833333333333333 0.333333333333333 0.0714285714285714
131075 2 3 2 3 1 0.666666666666667 0.666666666666667
131079 1 1 1 1 1 1 1
13110 6 1 1 6 0.166666666666667 1 0.166666666666667
13115 4 1 1 4 0.25 1 0.25
1312 2 1 1 2 0.5 1 0.5
13184 37 2 2 37 0.0540540540540541 1 0.0540540540540541
13189 29 5 5 29 0.172413793103448 1 0.172413793103448
13193 54 11 9 56 0.166666666666667 0.818181818181818 0.160714285714286
13237 512 80 65 527 0.126953125 0.8125 0.123339658444023
13272 1 2 1 2 1 0.5 0.5
13284 11 5 3 13 0.272727272727273 0.6 0.230769230769231
13293 23 3 3 23 0.130434782608696 1 0.130434782608696
13301 31 2 1 32 0.032258064516129 0.5 0.03125
13319 4 1 0 5 0 0 0
13332 6 1 1 6 0.166666666666667 1 0.166666666666667
13448 5 1 1 5 0.2 1 0.2
13645 181 14 8 187 0.0441988950276243 0.571428571428571 0.0427807486631016
13657 6 2 0 8 0 0 0
13680 30 4 4 30 0.133333333333333 1 0.133333333333333
137 20 3 3 20 0.15 1 0.15
13714 2 1 1 2 0.5 1 0.5
13810 2 2 1 3 0.5 0.5 0.333333333333333
13855 6 1 0 7 0 0 0
13867 3 1 0 4 0 0 0
13901 2 1 1 2 0.5 1 0.5
13910 5 1 0 6 0 0 0
13911 4 1 0 5 0 0 0
14037 1 1 1 1 1 1 1
14085 5 2 2 5 0.4 1 0.4
14259 22 2 1 23 0.0454545454545455 0.5 0.0434782608695652
14262 4 2 2 4 0.5 1 0.5
14277 8 9 3 14 0.375 0.333333333333333 0.214285714285714
14589 21 2 1 22 0.0476190476190476 0.5 0.0454545454545455
14595 3 1 0 4 0 0 0
14907 3 1 1 3 0.333333333333333 1 0.333333333333333
15169 112 15 10 117 0.0892857142857143 0.666666666666667 0.0854700854700855
15226 3 2 0 5 0 0 0
15373 2 1 1 2 0.5 1 0.5
15412 477 9 8 478 0.0167714884696017 0.888888888888889 0.0167364016736402
15440 5 1 1 5 0.2 1 0.2
15444 272 17 9 280 0.0330882352941176 0.529411764705882 0.0321428571428571
15456 1 1 0 2 0 0 0
15469 1 1 0 2 0 0 0
15480 1 1 1 1 1 1 1
15589 33 13 4 42 0.121212121212121 0.307692307692308 0.0952380952380952
15598 63 19 14 68 0.222222222222222 0.736842105263158 0.205882352941176
15623 33 3 2 34 0.0606060606060606 0.666666666666667 0.0588235294117647
15685 26 5 5 26 0.192307692307692 1 0.192307692307692
15694 56 1 1 56 0.0178571428571429 1 0.0178571428571429
15725 2 2 2 2 1 1 1
15744 11 1 1 11 0.0909090909090909 1 0.0909090909090909
15782 16 2 1 17 0.0625 0.5 0.0588235294117647
15798 2 1 0 3 0 0 0
15919 7 1 1 7 0.142857142857143 1 0.142857142857143
16004 14 5 4 15 0.285714285714286 0.8 0.266666666666667
16030 63 14 11 66 0.174603174603175 0.785714285714286 0.166666666666667
16034 30 9 4 35 0.133333333333333 0.444444444444444 0.114285714285714
16086 32 17 7 42 0.21875 0.411764705882353 0.166666666666667
16117 3 1 1 3 0.333333333333333 1 0.333333333333333
16128 17 3 2 18 0.117647058823529 0.666666666666667 0.111111111111111
16131 41 16 9 48 0.219512195121951 0.5625 0.1875
16150 221 6 6 221 0.0271493212669683 1 0.0271493212669683
16186 41 1 1 41 0.024390243902439 1 0.024390243902439
16206 14 1 0 15 0 0 0
16210 5 3 3 5 0.6 1 0.6
16215 13 3 3 13 0.230769230769231 1 0.230769230769231
16237 32 4 2 34 0.0625 0.5 0.0588235294117647
16245 26 3 2 27 0.0769230769230769 0.666666666666667 0.0740740740740741
16265 97 2 2 97 0.0206185567010309 1 0.0206185567010309
16276 66 2 2 66 0.0303030303030303 1 0.0303030303030303
16316 5 1 1 5 0.2 1 0.2
16397 10 1 0 11 0 0 0
1653 27 3 3 27 0.111111111111111 1 0.111111111111111
16531 8 1 0 9 0 0 0
1654 1 1 0 2 0 0 0
1659 11 3 2 12 0.181818181818182 0.666666666666667 0.166666666666667
16668 6 3 2 7 0.333333333333333 0.666666666666667 0.285714285714286
16713 30 1 1 30 0.0333333333333333 1 0.0333333333333333
16807 3 2 0 5 0 0 0
16838 11 1 0 12 0 0 0
16942 2 1 1 2 0.5 1 0.5
16993 3 1 0 4 0 0 0
1706 4 1 0 5 0 0 0
17061 2 1 0 3 0 0 0
17197 2 2 1 3 0.5 0.5 0.333333333333333
17263 7 1 0 8 0 0 0
1741 11 3 2 12 0.181818181818182 0.666666666666667 0.166666666666667
17435 3 2 0 5 0 0 0
17511 11 2 0 13 0 0 0
17529 7 1 1 7 0.142857142857143 1 0.142857142857143
17554 8 3 3 8 0.375 1 0.375
17579 11 8 7 12 0.636363636363636 0.875 0.583333333333333
1764 29 7 5 31 0.172413793103448 0.714285714285714 0.161290322580645
17676 33 7 3 37 0.0909090909090909 0.428571428571429 0.0810810810810811
17709 11 1 0 12 0 0 0
17716 3 1 1 3 0.333333333333333 1 0.333333333333333
17832 1 1 0 2 0 0 0
17884 2 1 0 3 0 0 0
17934 2 3 2 3 1 0.666666666666667 0.666666666666667
17955 2 2 1 3 0.5 0.5 0.333333333333333
1797 2 3 2 3 1 0.666666666666667 0.666666666666667
1798 3 3 0 6 0 0 0
18119 2 1 0 3 0 0 0
18126 3 1 0 4 0 0 0
18146 3 3 0 6 0 0 0
18149 4 1 1 4 0.25 1 0.25
18182 3 1 0 4 0 0 0
18185 5 2 2 5 0.4 1 0.4
18203 3 1 0 4 0 0 0
18206 3 2 0 5 0 0 0
18266 3 1 1 3 0.333333333333333 1 0.333333333333333
18344 1 2 0 3 0 0 0
1835 8 2 2 8 0.25 1 0.25
1836 57 8 7 58 0.12280701754386 0.875 0.120689655172414
18366 2 2 1 3 0.5 0.5 0.333333333333333
18422 5 1 1 5 0.2 1 0.2
18508 4 2 1 5 0.25 0.5 0.2
1853 104 19 18 105 0.173076923076923 0.947368421052632 0.171428571428571
18592 23 8 7 24 0.304347826086957 0.875 0.291666666666667
18666 2 2 0 4 0 0 0
18750 2 1 1 2 0.5 1 0.5
18779 2 1 1 2 0.5 1 0.5
1879 1 2 1 2 1 0.5 0.5
1880 13 4 2 15 0.153846153846154 0.5 0.133333333333333
1881 2 1 1 2 0.5 1 0.5
1887 6 1 1 6 0.166666666666667 1 0.166666666666667
18922 27 2 1 28 0.037037037037037 0.5 0.0357142857142857
1901 43 2 2 43 0.0465116279069767 1 0.0465116279069767
19021 1 1 0 2 0 0 0
19151 681 21 19 683 0.0279001468428781 0.904761904761905 0.0278184480234261
1916 85 7 5 87 0.0588235294117647 0.714285714285714 0.0574712643678161
19166 20 1 1 20 0.05 1 0.05
19192 2 1 1 2 0.5 1 0.5
19255 7 6 4 9 0.571428571428571 0.666666666666667 0.444444444444444
1930 23 5 4 24 0.173913043478261 0.8 0.166666666666667
19318 43 3 2 44 0.0465116279069767 0.666666666666667 0.0454545454545455
19401 45 13 13 45 0.288888888888889 1 0.288888888888889
195 8 3 1 10 0.125 0.333333333333333 0.1
1955 11 3 3 11 0.272727272727273 1 0.272727272727273
196615 1 1 1 1 1 1 1
19782 17 2 2 17 0.117647058823529 1 0.117647058823529
19783 2 1 0 3 0 0 0
20021 5 1 0 6 0 0 0
20080 19 5 5 19 0.263157894736842 1 0.263157894736842
20144 30 4 4 30 0.133333333333333 1 0.133333333333333
2018 4 1 1 4 0.25 1 0.25
20312 10 2 1 11 0.1 0.5 0.0909090909090909
2042 17 4 2 19 0.117647058823529 0.5 0.105263157894737
20436 2 1 0 3 0 0 0
20495 57 10 8 59 0.140350877192982 0.8 0.135593220338983
20569 12 3 3 12 0.25 1 0.25
20597 3 1 1 3 0.333333333333333 1 0.333333333333333
20612 4 1 1 4 0.25 1 0.25
20621 2 1 1 2 0.5 1 0.5
20633 23 10 4 29 0.173913043478261 0.4 0.137931034482759
20640 196 68 51 213 0.260204081632653 0.75 0.23943661971831
20650 5 1 1 5 0.2 1 0.2
20704 17 3 3 17 0.176470588235294 1 0.176470588235294
20707 2 1 1 2 0.5 1 0.5
20712 8 1 0 9 0 0 0
20718 31 10 1 40 0.032258064516129 0.1 0.025
20745 1 3 0 4 0 0 0
20847 36 14 8 42 0.222222222222222 0.571428571428571 0.19047619047619
209 1366 6 5 1367 0.00366032210834553 0.833333333333333 0.00365764447695684
20912 6 5 1 10 0.166666666666667 0.2 0.1
20932 332 16 13 335 0.0391566265060241 0.8125 0.0388059701492537
20965 49 41 40 50 0.816326530612245 0.975609756097561 0.8
210 9 1 1 9 0.111111111111111 1 0.111111111111111
21011 24 1 1 24 0.0416666666666667 1 0.0416666666666667
21055 42 4 2 44 0.0476190476190476 0.5 0.0454545454545455
2107 1 1 1 1 1 1 1
2108 1 1 1 1 1 1 1
2110 54 2 1 55 0.0185185185185185 0.5 0.0181818181818182
21155 48 11 8 51 0.166666666666667 0.727272727272727 0.156862745098039
2116 31 1 1 31 0.032258064516129 1 0.032258064516129
2121 17 9 3 23 0.176470588235294 0.333333333333333 0.130434782608696
21221 31 10 7 34 0.225806451612903 0.7 0.205882352941176
2128 3 2 2 3 0.666666666666667 1 0.666666666666667
21280 7 2 1 8 0.142857142857143 0.5 0.125
21320 6 1 1 6 0.166666666666667 1 0.166666666666667
21385 75 16 12 79 0.16 0.75 0.151898734177215
2152 91 2 2 91 0.021978021978022 1 0.021978021978022
21527 4 1 1 4 0.25 1 0.25
2153 39 10 10 39 0.256410256410256 1 0.256410256410256
21548 16 1 1 16 0.0625 1 0.0625
21737 6 1 0 7 0 0 0
21844 10 2 2 10 0.2 1 0.2
21864 5 1 1 5 0.2 1 0.2
21947 27 3 3 27 0.111111111111111 1 0.111111111111111
21976 18 1 1 18 0.0555555555555556 1 0.0555555555555556
2200 64 4 4 64 0.0625 1 0.0625
22166 2 1 0 3 0 0 0
22284 8 1 0 9 0 0 0
22388 9 6 6 9 0.666666666666667 1 0.666666666666667
224 5 1 1 5 0.2 1 0.2
22404 2 1 0 3 0 0 0
225 2 1 1 2 0.5 1 0.5
22548 35 2 1 36 0.0285714285714286 0.5 0.0277777777777778
226 26 1 1 26 0.0384615384615385 1 0.0384615384615385
22767 1 1 1 1 1 1 1
22779 2 2 2 2 1 1 1
23007 2 1 1 2 0.5 1 0.5
23028 6 3 0 9 0 0 0
23148 172 2 2 172 0.0116279069767442 1 0.0116279069767442
23342 43 1 1 43 0.0232558139534884 1 0.0232558139534884
23352 74 3 3 74 0.0405405405405405 1 0.0405405405405405
23393 72 2 1 73 0.0138888888888889 0.5 0.0136986301369863
23456 11 5 3 13 0.272727272727273 0.6 0.230769230769231
23504 27 8 4 31 0.148148148148148 0.5 0.129032258064516
23541 7 1 0 8 0 0 0
23596 2 2 2 2 1 1 1
23600 3 2 2 3 0.666666666666667 1 0.666666666666667
23624 2 1 1 2 0.5 1 0.5
23634 6 4 4 6 0.666666666666667 1 0.666666666666667
23654 1 1 1 1 1 1 1
237 31 1 1 31 0.032258064516129 1 0.032258064516129
23754 1 2 0 3 0 0 0
23774 3 2 1 4 0.333333333333333 0.5 0.25
23787 2 1 1 2 0.5 1 0.5
2381 24 4 3 25 0.125 0.75 0.12
23836 1 1 1 1 1 1 1
23855 10 3 2 11 0.2 0.666666666666667 0.181818181818182
23869 2 1 0 3 0 0 0
23889 4 1 1 4 0.25 1 0.25
23902 1 2 0 3 0 0 0
23910 3 3 2 4 0.666666666666667 0.666666666666667 0.5
23911 6 15 5 16 0.833333333333333 0.333333333333333 0.3125
23912 1 1 0 2 0 0 0
23966 2 1 0 3 0 0 0
24 11 7 5 13 0.454545454545455 0.714285714285714 0.384615384615385
24005 3 1 0 4 0 0 0
24085 2 1 0 3 0 0 0
24151 6 3 1 8 0.166666666666667 0.333333333333333 0.125
24211 1 1 1 1 1 1 1
24218 16 1 0 17 0 0 0
24226 3 2 0 5 0 0 0
24229 3 1 1 3 0.333333333333333 1 0.333333333333333
24287 4 3 3 4 0.75 1 0.75
24326 12 1 1 12 0.0833333333333333 1 0.0833333333333333
24334 2 1 1 2 0.5 1 0.5
24390 2 1 1 2 0.5 1 0.5
24433 2 1 1 2 0.5 1 0.5
24475 3 3 3 3 1 1 1
24489 8 5 5 8 0.625 1 0.625
24490 9 9 9 9 1 1 1
24514 4 2 2 4 0.5 1 0.5
24541 2 3 1 4 0.5 0.333333333333333 0.25
24557 2 1 1 2 0.5 1 0.5
24586 28 6 4 30 0.142857142857143 0.666666666666667 0.133333333333333
24724 108 15 11 112 0.101851851851852 0.733333333333333 0.0982142857142857
24776 8 2 1 9 0.125 0.5 0.111111111111111
24785 76 3 3 76 0.0394736842105263 1 0.0394736842105263
24835 12 1 1 12 0.0833333333333333 1 0.0833333333333333
24867 25 1 1 25 0.04 1 0.04
24875 223 50 46 227 0.20627802690583 0.92 0.202643171806167
24900 1 1 1 1 1 1 1
24940 23 8 6 25 0.260869565217391 0.75 0.24
2495 10 1 1 10 0.1 1 0.1
2497 228 61 38 251 0.166666666666667 0.622950819672131 0.151394422310757
24971 23 4 4 23 0.173913043478261 1 0.173913043478261
24973 5 1 0 6 0 0 0
25 2 1 1 2 0.5 1 0.5
250 10 3 0 13 0 0 0
2500 31 43 12 62 0.387096774193548 0.27906976744186 0.193548387096774
2506 2 1 1 2 0.5 1 0.5
25061 36 1 0 37 0 0 0
2510 20 6 3 23 0.15 0.5 0.130434782608696
25137 7 2 2 7 0.285714285714286 1 0.285714285714286
2514 15 4 3 16 0.2 0.75 0.1875
25148 8 1 1 8 0.125 1 0.125
2515 6 1 1 6 0.166666666666667 1 0.166666666666667
25152 63 7 7 63 0.111111111111111 1 0.111111111111111
2516 302 55 38 319 0.125827814569536 0.690909090909091 0.119122257053292
2518 10 3 3 10 0.3 1 0.3
2519 27 3 1 29 0.037037037037037 0.333333333333333 0.0344827586206897
25192 18 9 4 23 0.222222222222222 0.444444444444444 0.173913043478261
25220 13 2 2 13 0.153846153846154 1 0.153846153846154
25232 122 6 4 124 0.0327868852459016 0.666666666666667 0.032258064516129
2527 10 6 2 14 0.2 0.333333333333333 0.142857142857143
25358 14 9 2 21 0.142857142857143 0.222222222222222 0.0952380952380952
25384 9 1 0 10 0 0 0
25415 4 1 1 4 0.25 1 0.25
25441 12 1 1 12 0.0833333333333333 1 0.0833333333333333
25466 8 2 2 8 0.25 1 0.25
25473 4 1 1 4 0.25 1 0.25
2549 2 2 1 3 0.5 0.5 0.333333333333333
25525 36 6 6 36 0.166666666666667 1 0.166666666666667
25538 2 1 0 3 0 0 0
25560 204 19 16 207 0.0784313725490196 0.842105263157895 0.0772946859903382
25563 3 1 1 3 0.333333333333333 1 0.333333333333333
25588 24 2 2 24 0.0833333333333333 1 0.0833333333333333
25596 40 7 5 42 0.125 0.714285714285714 0.119047619047619
25689 8 2 1 9 0.125 0.5 0.111111111111111
2572 7 1 1 7 0.142857142857143 1 0.142857142857143
25795 1 2 0 3 0 0 0
25818 8 1 0 9 0 0 0
25829 2 1 1 2 0.5 1 0.5
2586 9 1 1 9 0.111111111111111 1 0.111111111111111
25933 5 2 0 7 0 0 0
2594 4 1 0 5 0 0 0
2595 1 1 0 2 0 0 0
2602 2 1 1 2 0.5 1 0.5
2603 61 23 18 66 0.295081967213115 0.782608695652174 0.272727272727273
2607 29 5 5 29 0.172413793103448 1 0.172413793103448
2609 3 1 0 4 0 0 0
2611 47 10 9 48 0.191489361702128 0.9 0.1875
2614 12 1 1 12 0.0833333333333333 1 0.0833333333333333
2637 4 1 1 4 0.25 1 0.25
26415 40 8 1 47 0.025 0.125 0.0212765957446809
26496 8 1 1 8 0.125 1 0.125
26943 209 16 14 211 0.0669856459330144 0.875 0.0663507109004739
2697 6 1 1 6 0.166666666666667 1 0.166666666666667
26978 13 2 0 15 0 0 0
2698 7 2 2 7 0.285714285714286 1 0.285714285714286
27 2 1 1 2 0.5 1 0.5
2714 1 1 1 1 1 1 1
27319 28 5 5 28 0.178571428571429 1 0.178571428571429
27325 12 2 2 12 0.166666666666667 1 0.166666666666667
27400 2 1 1 2 0.5 1 0.5
27446 6 1 0 7 0 0 0
27464 1 1 0 2 0 0 0
27524 53 2 1 54 0.0188679245283019 0.5 0.0185185185185185
27552 7 1 1 7 0.142857142857143 1 0.142857142857143
27576 2 1 0 3 0 0 0
27630 3 1 1 3 0.333333333333333 1 0.333333333333333
27664 39 2 2 39 0.0512820512820513 1 0.0512820512820513
27686 2 1 1 2 0.5 1 0.5
27750 14 12 11 15 0.785714285714286 0.916666666666667 0.733333333333333
278 6 7 1 12 0.166666666666667 0.142857142857143 0.0833333333333333
27807 11 9 9 11 0.818181818181818 1 0.818181818181818
27841 3 1 1 3 0.333333333333333 1 0.333333333333333
27891 2 1 1 2 0.5 1 0.5
27892 3 1 1 3 0.333333333333333 1 0.333333333333333
27924 2 1 1 2 0.5 1 0.5
27929 3 2 2 3 0.666666666666667 1 0.666666666666667
27933 2 1 1 2 0.5 1 0.5
28000 1 1 1 1 1 1 1
2819 28 2 0 30 0 0 0
2828 669 2 2 669 0.00298953662182362 1 0.00298953662182362
2847 3 2 2 3 0.666666666666667 1 0.666666666666667
28472 1 1 1 1 1 1 1
2848 9 1 1 9 0.111111111111111 1 0.111111111111111
2852 63 6 5 64 0.0793650793650794 0.833333333333333 0.078125
2857 164 22 19 167 0.115853658536585 0.863636363636364 0.11377245508982
286 341 80 45 376 0.131964809384164 0.5625 0.11968085106383
28678 2 1 1 2 0.5 1 0.5
28697 10 1 1 10 0.1 1 0.1
28716 51 1 1 51 0.0196078431372549 1 0.0196078431372549
28725 5 1 0 6 0 0 0
28788 46 8 6 48 0.130434782608696 0.75 0.125
2884 4 2 2 4 0.5 1 0.5
28855 12 3 3 12 0.25 1 0.25
28857 6 3 2 7 0.333333333333333 0.666666666666667 0.285714285714286
28878 35 5 3 37 0.0857142857142857 0.6 0.0810810810810811
2895 51 3 2 52 0.0392156862745098 0.666666666666667 0.0384615384615385
29009 31 1 1 31 0.032258064516129 1 0.032258064516129
2905 27 2 0 29 0 0 0
29066 31 8 3 36 0.0967741935483871 0.375 0.0833333333333333
2907 77 5 4 78 0.051948051948052 0.8 0.0512820512820513
29113 36 1 1 36 0.0277777777777778 1 0.0277777777777778
29134 6 3 2 7 0.333333333333333 0.666666666666667 0.285714285714286
2914 625 166 96 695 0.1536 0.578313253012048 0.138129496402878
29147 1 1 1 1 1 1 1
2915 7 5 0 12 0 0 0
29208 264 24 21 267 0.0795454545454545 0.875 0.0786516853932584
29216 1 1 1 1 1 1 1
29222 46 3 3 46 0.0652173913043478 1 0.0652173913043478
29243 2 2 1 3 0.5 0.5 0.333333333333333
29259 4 2 2 4 0.5 1 0.5
293 138 19 14 143 0.101449275362319 0.736842105263158 0.0979020979020979
29317 2 2 2 2 1 1 1
29372 2 1 0 3 0 0 0
29405 4 2 1 5 0.25 0.5 0.2
29422 26 2 1 27 0.0384615384615385 0.5 0.037037037037037
29449 37 13 6 44 0.162162162162162 0.461538461538462 0.136363636363636
29452 4 1 1 4 0.25 1 0.25
29488 2 1 1 2 0.5 1 0.5
29527 38 5 4 39 0.105263157894737 0.8 0.102564102564103
29632 47 10 2 55 0.0425531914893617 0.2 0.0363636363636364
29636 187 24 22 189 0.117647058823529 0.916666666666667 0.116402116402116
29651 11 2 1 12 0.0909090909090909 0.5 0.0833333333333333
29668 32 1 1 32 0.03125 1 0.03125
29670 11 3 2 12 0.181818181818182 0.666666666666667 0.166666666666667
29671 3 1 1 3 0.333333333333333 1 0.333333333333333
29686 305 84 78 311 0.255737704918033 0.928571428571429 0.2508038585209
29748 24 7 4 27 0.166666666666667 0.571428571428571 0.148148148148148
29791 62 2 1 63 0.0161290322580645 0.5 0.0158730158730159
29838 24 1 0 25 0 0 0
29877 9 3 2 10 0.222222222222222 0.666666666666667 0.2
29904 1 1 1 1 1 1 1
3 7 1 0 8 0 0 0
30008 5 1 1 5 0.2 1 0.2
30058 8 1 0 9 0 0 0
30071 8 102 6 104 0.75 0.0588235294117647 0.0576923076923077
30126 67 2 2 67 0.0298507462686567 1 0.0298507462686567
30132 176 31 31 176 0.176136363636364 1 0.176136363636364
30217 6 1 1 6 0.166666666666667 1 0.166666666666667
30313 2 1 1 2 0.5 1 0.5
30340 15 1 1 15 0.0666666666666667 1 0.0666666666666667
30374 2 1 0 3 0 0 0
30528 2 1 1 2 0.5 1 0.5
30653 16 6 2 20 0.125 0.333333333333333 0.1
30700 2 2 2 2 1 1 1
30781 38 7 6 39 0.157894736842105 0.857142857142857 0.153846153846154
30795 3 3 2 4 0.666666666666667 0.666666666666667 0.5
30834 9 2 2 9 0.222222222222222 1 0.222222222222222
30880 10 1 1 10 0.1 1 0.1
30889 33 4 2 35 0.0606060606060606 0.5 0.0571428571428571
31065 5 2 0 7 0 0 0
31117 14 4 3 15 0.214285714285714 0.75 0.2
31127 3 1 1 3 0.333333333333333 1 0.333333333333333
31265 1 1 1 1 1 1 1
31283 142 1 1 142 0.00704225352112676 1 0.00704225352112676
31333 13 4 4 13 0.307692307692308 1 0.307692307692308
3134 2 1 1 2 0.5 1 0.5
31383 29 10 6 33 0.206896551724138 0.6 0.181818181818182
3140 1 1 1 1 1 1 1
31424 12 1 1 12 0.0833333333333333 1 0.0833333333333333
31445 64 10 6 68 0.09375 0.6 0.0882352941176471
31458 49 1 1 49 0.0204081632653061 1 0.0204081632653061
31477 183 1 1 183 0.00546448087431694 1 0.00546448087431694
31479 5 1 1 5 0.2 1 0.2
31529 43 3 2 44 0.0465116279069767 0.666666666666667 0.0454545454545455
31530 9 6 3 12 0.333333333333333 0.5 0.25
31708 26 5 5 26 0.192307692307692 1 0.192307692307692
32034 5 4 3 6 0.6 0.75 0.5
3212 44 1 1 44 0.0227272727272727 1 0.0227272727272727
3213 41 8 6 43 0.146341463414634 0.75 0.13953488372093
3221 1 1 1 1 1 1 1
3224 1 1 1 1 1 1 1
32361 6 2 2 6 0.333333333333333 1 0.333333333333333
3243 15 3 2 16 0.133333333333333 0.666666666666667 0.125
3248 52 20 12 60 0.230769230769231 0.6 0.2
3249 49 10 6 53 0.122448979591837 0.6 0.113207547169811
3257 444 181 93 532 0.209459459459459 0.513812154696133 0.174812030075188
3265 43 16 9 50 0.209302325581395 0.5625 0.18
3267 209 9 9 209 0.0430622009569378 1 0.0430622009569378
3269 102 1 1 102 0.00980392156862745 1 0.00980392156862745
3277 41 1 1 41 0.024390243902439 1 0.024390243902439
32915 3 1 0 4 0 0 0
3292 380 22 16 386 0.0421052631578947 0.727272727272727 0.0414507772020725
32978 1 1 1 1 1 1 1
33 6 2 0 8 0 0 0
3301 67 4 3 68 0.0447761194029851 0.75 0.0441176470588235
3303 448 14 12 450 0.0267857142857143 0.857142857142857 0.0266666666666667
3320 472 12 7 477 0.0148305084745763 0.583333333333333 0.0146750524109015
3327 98 21 16 103 0.163265306122449 0.761904761904762 0.155339805825243
3333 158 4 3 159 0.0189873417721519 0.75 0.0188679245283019
33437 3 11 3 11 1 0.272727272727273 0.272727272727273
3344 21 12 5 28 0.238095238095238 0.416666666666667 0.178571428571429
3352 61 3 1 63 0.0163934426229508 0.333333333333333 0.0158730158730159
3356 1879 52 43 1888 0.0228845130388505 0.826923076923077 0.0227754237288136
33597 16 1 1 16 0.0625 1 0.0625
33843 41 12 7 46 0.170731707317073 0.583333333333333 0.152173913043478
33891 16 5 5 16 0.3125 1 0.3125
34019 13 1 1 13 0.0769230769230769 1 0.0769230769230769
34081 3 2 2 3 0.666666666666667 1 0.666666666666667
34159 2 1 1 2 0.5 1 0.5
34225 37 5 4 38 0.108108108108108 0.8 0.105263157894737
34270 39 2 2 39 0.0512820512820513 1 0.0512820512820513
34288 5 2 1 6 0.2 0.5 0.166666666666667
34305 69 2 1 70 0.0144927536231884 0.5 0.0142857142857143
34309 38 73 16 95 0.421052631578947 0.219178082191781 0.168421052631579
34313 2 1 1 2 0.5 1 0.5
34419 47 11 8 50 0.170212765957447 0.727272727272727 0.16
34505 3 1 1 3 0.333333333333333 1 0.333333333333333
34549 7 3 1 9 0.142857142857143 0.333333333333333 0.111111111111111
34631 2 3 1 4 0.5 0.333333333333333 0.25
34695 40 1 1 40 0.025 1 0.025
34752 2 1 1 2 0.5 1 0.5
34763 74 18 10 82 0.135135135135135 0.555555555555556 0.121951219512195
34968 24 4 3 25 0.125 0.75 0.12
34997 73 2 2 73 0.0273972602739726 1 0.0273972602739726
35028 35 5 4 36 0.114285714285714 0.8 0.111111111111111
35070 12 1 1 12 0.0833333333333333 1 0.0833333333333333
35244 32 17 11 38 0.34375 0.647058823529412 0.289473684210526
35272 3 1 1 3 0.333333333333333 1 0.333333333333333
35292 10 1 0 11 0 0 0
35425 8 1 1 8 0.125 1 0.125
35485 4 1 1 4 0.25 1 0.25
3549 1107 97 82 1122 0.0740740740740741 0.845360824742268 0.0730837789661319
35492 4 3 3 4 0.75 1 0.75
3551 1 1 0 2 0 0 0
3557 17 4 4 17 0.235294117647059 1 0.235294117647059
35612 4 3 0 7 0 0 0
35627 3 1 1 3 0.333333333333333 1 0.333333333333333
35706 15 5 2 18 0.133333333333333 0.4 0.111111111111111
35908 18 2 2 18 0.111111111111111 1 0.111111111111111
3597 8 1 1 8 0.125 1 0.125
36351 7 1 1 7 0.142857142857143 1 0.142857142857143
3640 5 1 1 5 0.2 1 0.2
36472 10 4 4 10 0.4 1 0.4
3661 5 3 2 6 0.4 0.666666666666667 0.333333333333333
3662 13 4 4 13 0.307692307692308 1 0.307692307692308
36671 2 1 1 2 0.5 1 0.5
36733 3 1 1 3 0.333333333333333 1 0.333333333333333
3676 7 1 1 7 0.142857142857143 1 0.142857142857143
36797 1 1 1 1 1 1 1
3681 3 1 1 3 0.333333333333333 1 0.333333333333333
36856 6 2 0 8 0 0 0
36944 5 3 2 6 0.4 0.666666666666667 0.333333333333333
36948 2 1 1 2 0.5 1 0.5
3714 4 1 1 4 0.25 1 0.25
3741 284 1 1 284 0.00352112676056338 1 0.00352112676056338
3742 21 1 1 21 0.0476190476190476 1 0.0476190476190476
3748 2 1 0 3 0 0 0
376 17 1 1 17 0.0588235294117647 1 0.0588235294117647
378 2 1 1 2 0.5 1 0.5
3790 5 1 1 5 0.2 1 0.2
38005 2 2 2 2 1 1 1
38018 7 4 4 7 0.571428571428571 1 0.571428571428571
38022 22 5 5 22 0.227272727272727 1 0.227272727272727
38082 11 1 1 11 0.0909090909090909 1 0.0909090909090909
38083 2 1 1 2 0.5 1 0.5
38128 1 1 0 2 0 0 0
38140 2 1 1 2 0.5 1 0.5
3825 1 1 0 2 0 0 0
3836 6 7 1 12 0.166666666666667 0.142857142857143 0.0833333333333333
38462 2 1 1 2 0.5 1 0.5
38620 1 1 1 1 1 1 1
38626 1 1 1 1 1 1 1
38819 2 2 1 3 0.5 0.5 0.333333333333333
39102 8 1 1 8 0.125 1 0.125
39122 7 1 1 7 0.142857142857143 1 0.142857142857143
39211 1 1 1 1 1 1 1
39301 4 2 2 4 0.5 1 0.5
39309 18 1 0 19 0 0 0
393219 1 1 1 1 1 1 1
39326 72 13 9 76 0.125 0.692307692307692 0.118421052631579
39342 2 2 1 3 0.5 0.5 0.333333333333333
3949 1 1 1 1 1 1 1
39537 1 1 0 2 0 0 0
39570 2 1 1 2 0.5 1 0.5
39602 3 1 0 4 0 0 0
39792 371 16 11 376 0.0296495956873315 0.6875 0.0292553191489362
39839 2 1 1 2 0.5 1 0.5
39854 1 2 1 2 1 0.5 0.5
3999 1 1 1 1 1 1 1
40009 21 4 3 22 0.142857142857143 0.75 0.136363636363636
40068 8 1 1 8 0.125 1 0.125
40193 8 4 1 11 0.125 0.25 0.0909090909090909
40220 12 3 3 12 0.25 1 0.25
40490 2 2 1 3 0.5 0.5 0.333333333333333
40528 6 2 2 6 0.333333333333333 1 0.333333333333333
40589 1 1 1 1 1 1 1
41012 21 2 2 21 0.0952380952380952 1 0.0952380952380952
41045 6 1 1 6 0.166666666666667 1 0.166666666666667
41075 3 1 0 4 0 0 0
41102 1 1 0 2 0 0 0
4134 91 2 0 93 0 0 0
41670 1 2 0 3 0 0 0
41692 325 94 74 345 0.227692307692308 0.787234042553192 0.214492753623188
41695 3 2 0 5 0 0 0
41773 3 1 1 3 0.333333333333333 1 0.333333333333333
42 87 2 2 87 0.0229885057471264 1 0.0229885057471264
42096 9 1 1 9 0.111111111111111 1 0.111111111111111
42652 4 1 1 4 0.25 1 0.25
42689 30 1 1 30 0.0333333333333333 1 0.0333333333333333
42841 4 1 1 4 0.25 1 0.25
43602 3 1 1 3 0.333333333333333 1 0.333333333333333
43821 33 13 9 37 0.272727272727273 0.692307692307692 0.243243243243243
43911 2 1 0 3 0 0 0
43950 2 1 0 3 0 0 0
44066 2 1 1 2 0.5 1 0.5
44212 2 1 1 2 0.5 1 0.5
44358 1 1 1 1 1 1 1
4436 115 19 17 117 0.147826086956522 0.894736842105263 0.145299145299145
44683 2 1 1 2 0.5 1 0.5
4538 19 8 5 22 0.263157894736842 0.625 0.227272727272727
4555 1 4 0 5 0 0 0
4557 10 2 2 10 0.2 1 0.2
4589 689 71 68 692 0.0986937590711176 0.957746478873239 0.0982658959537572
4608 5 3 1 7 0.2 0.333333333333333 0.142857142857143
4618 14 3 1 16 0.0714285714285714 0.333333333333333 0.0625
4621 28 3 2 29 0.0714285714285714 0.666666666666667 0.0689655172413793
4635 86 12 10 88 0.116279069767442 0.833333333333333 0.113636363636364
4651 29 11 8 32 0.275862068965517 0.727272727272727 0.25
4673 8 1 0 9 0 0 0
4675 6 5 1 10 0.166666666666667 0.2 0.1
4677 6 1 1 6 0.166666666666667 1 0.166666666666667
4678 7 6 3 10 0.428571428571429 0.5 0.3
4680 9 5 2 12 0.222222222222222 0.4 0.166666666666667
4685 9 5 3 11 0.333333333333333 0.6 0.272727272727273
4691 1 8 1 8 1 0.125 0.125
4697 3 12 3 12 1 0.25 0.25
4711 2 1 0 3 0 0 0
4713 94 6 5 95 0.0531914893617021 0.833333333333333 0.0526315789473684
4716 60 16 6 70 0.1 0.375 0.0857142857142857
4717 3 2 2 3 0.666666666666667 1 0.666666666666667
4718 3 4 1 6 0.333333333333333 0.25 0.166666666666667
4721 11 6 2 15 0.181818181818182 0.333333333333333 0.133333333333333
4725 127 26 13 140 0.102362204724409 0.5 0.0928571428571429
4739 48 8 7 49 0.145833333333333 0.875 0.142857142857143
4741 8 1 1 8 0.125 1 0.125
4747 8 2 0 10 0 0 0
4750 52 2 0 54 0 0 0
4755 128 1 1 128 0.0078125 1 0.0078125
4761 66 4 3 67 0.0454545454545455 0.75 0.0447761194029851
4768 24 1 1 24 0.0416666666666667 1 0.0416666666666667
4770 15 3 0 18 0 0 0
4775 49 1 1 49 0.0204081632653061 1 0.0204081632653061
4777 34 7 4 37 0.117647058823529 0.571428571428571 0.108108108108108
4780 24 3 2 25 0.0833333333333333 0.666666666666667 0.08
4782 3 1 0 4 0 0 0
4787 6 3 0 9 0 0 0
4788 111 3 3 111 0.027027027027027 1 0.027027027027027
4795 44 5 3 46 0.0681818181818182 0.6 0.0652173913043478
4796 3 1 1 3 0.333333333333333 1 0.333333333333333
4829 2 1 1 2 0.5 1 0.5
4844 5 1 1 5 0.2 1 0.2
5050 21 2 2 21 0.0952380952380952 1 0.0952380952380952
513 50 9 7 52 0.14 0.777777777777778 0.134615384615385
52 2 1 1 2 0.5 1 0.5
5381 13 2 1 14 0.0769230769230769 0.5 0.0714285714285714
5385 13 7 4 16 0.307692307692308 0.571428571428571 0.25
5400 267 6 6 267 0.0224719101123595 1 0.0224719101123595
5401 1 1 1 1 1 1 1
5403 18 2 2 18 0.111111111111111 1 0.111111111111111
5408 29 2 1 30 0.0344827586206897 0.5 0.0333333333333333
5410 63 7 3 67 0.0476190476190476 0.428571428571429 0.0447761194029851
5413 221 1 1 221 0.00452488687782805 1 0.00452488687782805
5418 9 1 1 9 0.111111111111111 1 0.111111111111111
5421 3 2 1 4 0.333333333333333 0.5 0.25
5429 10 1 1 10 0.1 1 0.1
5430 354 24 18 360 0.0508474576271186 0.75 0.05
5459 49 9 5 53 0.102040816326531 0.555555555555556 0.0943396226415094
5466 74 2 1 75 0.0135135135135135 0.5 0.0133333333333333
5486 36 2 0 38 0 0 0
5511 175 23 18 180 0.102857142857143 0.782608695652174 0.1
553 51 18 13 56 0.254901960784314 0.722222222222222 0.232142857142857
5537 29 3 2 30 0.0689655172413793 0.666666666666667 0.0666666666666667
5539 47 47 18 76 0.382978723404255 0.382978723404255 0.236842105263158
5549 3 2 2 3 0.666666666666667 1 0.666666666666667
5550 4 2 1 5 0.25 0.5 0.2
5568 206 12 9 209 0.0436893203883495 0.75 0.0430622009569378
557 5 1 1 5 0.2 1 0.2
559 59 19 18 60 0.305084745762712 0.947368421052632 0.3
5602 22 5 4 23 0.181818181818182 0.8 0.173913043478261
5609 2 10 1 11 0.5 0.1 0.0909090909090909
5617 180 1 1 180 0.00555555555555556 1 0.00555555555555556
5645 8 4 0 12 0 0 0
5661 4 1 1 4 0.25 1 0.25
5669 5 2 0 7 0 0 0
57 24 3 3 24 0.125 1 0.125
5707 3 1 1 3 0.333333333333333 1 0.333333333333333
5713 51 2 1 52 0.0196078431372549 0.5 0.0192307692307692
577 112 1 1 112 0.00892857142857143 1 0.00892857142857143
5786 2 1 1 2 0.5 1 0.5
59 5 1 1 5 0.2 1 0.2
600 26 1 1 26 0.0384615384615385 1 0.0384615384615385
6057 6 4 3 7 0.5 0.75 0.428571428571429
6062 10 2 0 12 0 0 0
6066 3 1 0 4 0 0 0
6083 34 13 11 36 0.323529411764706 0.846153846153846 0.305555555555556
6106 2 1 1 2 0.5 1 0.5
6122 8 1 1 8 0.125 1 0.125
6128 232 1 1 232 0.00431034482758621 1 0.00431034482758621
6163 12 1 1 12 0.0833333333333333 1 0.0833333333333333
6182 1 1 1 1 1 1 1
6263 3 1 1 3 0.333333333333333 1 0.333333333333333
6342 4 1 0 5 0 0 0
6360 11 2 2 11 0.181818181818182 1 0.181818181818182
6366 3 1 1 3 0.333333333333333 1 0.333333333333333
6435 3 7 1 9 0.333333333333333 0.142857142857143 0.111111111111111
6453 493 66 56 503 0.113590263691684 0.848484848484849 0.111332007952286
6509 26 4 4 26 0.153846153846154 1 0.153846153846154
6536 18 2 1 19 0.0555555555555556 0.5 0.0526315789473684
6619 17 2 1 18 0.0588235294117647 0.5 0.0555555555555556
6629 3 1 1 3 0.333333333333333 1 0.333333333333333
6666 35 20 12 43 0.342857142857143 0.6 0.27906976744186
6667 464 98 94 468 0.202586206896552 0.959183673469388 0.200854700854701
668 33 8 3 38 0.0909090909090909 0.375 0.0789473684210526
6695 185 40 36 189 0.194594594594595 0.9 0.19047619047619
6702 15 1 1 15 0.0666666666666667 1 0.0666666666666667
6706 14 4 3 15 0.214285714285714 0.75 0.2
6724 38 11 9 40 0.236842105263158 0.818181818181818 0.225
6730 160 6 5 161 0.03125 0.833333333333333 0.031055900621118
6762 162 35 31 166 0.191358024691358 0.885714285714286 0.186746987951807
6770 43 12 4 51 0.0930232558139535 0.333333333333333 0.0784313725490196
6772 11 4 4 11 0.363636363636364 1 0.363636363636364
6774 80 13 12 81 0.15 0.923076923076923 0.148148148148148
6775 5 1 1 5 0.2 1 0.2
680 57 14 11 60 0.192982456140351 0.785714285714286 0.183333333333333
6802 6 2 2 6 0.333333333333333 1 0.333333333333333
681 2 1 1 2 0.5 1 0.5
683 2 1 1 2 0.5 1 0.5
6830 333 34 22 345 0.0660660660660661 0.647058823529412 0.063768115942029
6881 78 2 2 78 0.0256410256410256 1 0.0256410256410256
6893 2 1 0 3 0 0 0
6895 7 1 1 7 0.142857142857143 1 0.142857142857143
6908 93 8 8 93 0.0860215053763441 1 0.0860215053763441
6939 816 205 161 860 0.197303921568627 0.785365853658537 0.187209302325581
6966 3 2 2 3 0.666666666666667 1 0.666666666666667
6968 3 1 1 3 0.333333333333333 1 0.333333333333333
701 2871 17 12 2876 0.00417972831765935 0.705882352941177 0.00417246175243394
7012 12 4 3 13 0.25 0.75 0.230769230769231
7018 2119 11 7 2123 0.00330344502123643 0.636363636363636 0.00329722091380122
7019 1 1 1 1 1 1 1
7065 19 3 1 21 0.0526315789473684 0.333333333333333 0.0476190476190476
7066 20 4 3 21 0.15 0.75 0.142857142857143
719 15 1 1 15 0.0666666666666667 1 0.0666666666666667
7377 3 1 0 4 0 0 0
7385 161 3 3 161 0.0186335403726708 1 0.0186335403726708
7470 35 1 1 35 0.0285714285714286 1 0.0285714285714286
7473 164 3 3 164 0.0182926829268293 1 0.0182926829268293
7500 67 11 8 70 0.119402985074627 0.727272727272727 0.114285714285714
7514 22 8 4 26 0.181818181818182 0.5 0.153846153846154
7516 4 1 0 5 0 0 0
7521 5 2 1 6 0.2 0.5 0.166666666666667
7522 6 7 1 12 0.166666666666667 0.142857142857143 0.0833333333333333
7530 2 2 0 4 0 0 0
7539 25 10 8 27 0.32 0.8 0.296296296296296
7573 1 1 1 1 1 1 1
7575 498 96 92 502 0.184738955823293 0.958333333333333 0.183266932270916
7594 2 2 1 3 0.5 0.5 0.333333333333333
7606 52 5 5 52 0.0961538461538462 1 0.0961538461538462
7610 18 1 0 19 0 0 0
766 16 4 3 17 0.1875 0.75 0.176470588235294
7660 38 18 13 43 0.342105263157895 0.722222222222222 0.302325581395349
7665 2 1 1 2 0.5 1 0.5
7667 6 2 1 7 0.166666666666667 0.5 0.142857142857143
7668 10 1 0 11 0 0 0
7670 20 1 1 20 0.05 1 0.05
7671 3 28 3 28 1 0.107142857142857 0.107142857142857
7682 9 3 2 10 0.222222222222222 0.666666666666667 0.2
7687 3 1 1 3 0.333333333333333 1 0.333333333333333
7693 23 1 1 23 0.0434782608695652 1 0.0434782608695652
7753 6 1 1 6 0.166666666666667 1 0.166666666666667
7781 3 8 2 9 0.666666666666667 0.25 0.222222222222222
7784 31 3 2 32 0.0645161290322581 0.666666666666667 0.0625
7786 7 2 1 8 0.142857142857143 0.5 0.125
786 52 7 5 54 0.0961538461538462 0.714285714285714 0.0925925925925926
790 1 2 1 2 1 0.5 0.5
7902 14 1 1 14 0.0714285714285714 1 0.0714285714285714
7908 38 4 2 40 0.0526315789473684 0.5 0.05
7922 40 3 3 40 0.075 1 0.075
7949 10 2 0 12 0 0 0
8002 38 5 3 40 0.0789473684210526 0.6 0.075
8018 2 1 1 2 0.5 1 0.5
81 20 1 1 20 0.05 1 0.05
8121 42 7 4 45 0.0952380952380952 0.571428571428571 0.0888888888888889
8201 6 1 1 6 0.166666666666667 1 0.166666666666667
8220 617 8 8 617 0.0129659643435981 1 0.0129659643435981
8224 10 6 4 12 0.4 0.666666666666667 0.333333333333333
8226 8 2 0 10 0 0 0
8237 6 2 2 6 0.333333333333333 1 0.333333333333333
8246 178 1 0 179 0 0 0
8251 7 3 2 8 0.285714285714286 0.666666666666667 0.25
8256 1 1 1 1 1 1 1
8267 2 1 1 2 0.5 1 0.5
8282 10 1 0 11 0 0 0
8299 10 2 0 12 0 0 0
8319 37 13 11 39 0.297297297297297 0.846153846153846 0.282051282051282
8330 9 1 0 10 0 0 0
8346 5 2 2 5 0.4 1 0.4
8359 478 21 16 483 0.0334728033472803 0.761904761904762 0.0331262939958592
8364 10 1 1 10 0.1 1 0.1
8365 120 39 27 132 0.225 0.692307692307692 0.204545454545455
8368 21 4 2 23 0.0952380952380952 0.5 0.0869565217391304
8374 4 1 1 4 0.25 1 0.25
8387 12 1 1 12 0.0833333333333333 1 0.0833333333333333
8396 2 1 0 3 0 0 0
8419 219 4 4 219 0.0182648401826484 1 0.0182648401826484
8422 101 10 3 108 0.0297029702970297 0.3 0.0277777777777778
8426 386 12 8 390 0.0207253886010363 0.666666666666667 0.0205128205128205
8442 28 14 10 32 0.357142857142857 0.714285714285714 0.3125
8447 494 22 17 499 0.034412955465587 0.772727272727273 0.0340681362725451
8468 531 8 7 532 0.0131826741996234 0.875 0.0131578947368421
8469 36 14 11 39 0.305555555555556 0.785714285714286 0.282051282051282
8473 29 4 3 30 0.103448275862069 0.75 0.1
8481 3 1 0 4 0 0 0
8495 14 3 3 14 0.214285714285714 1 0.214285714285714
8501 35 10 10 35 0.285714285714286 1 0.285714285714286
8508 1 1 1 1 1 1 1
8517 16 1 1 16 0.0625 1 0.0625
852 151 1 1 151 0.00662251655629139 1 0.00662251655629139
855 24 1 1 24 0.0416666666666667 1 0.0416666666666667
8560 79 19 15 83 0.189873417721519 0.789473684210526 0.180722891566265
8565 16 1 0 17 0 0 0
8586 67 6 5 68 0.0746268656716418 0.833333333333333 0.0735294117647059
8591 38 6 3 41 0.0789473684210526 0.5 0.0731707317073171
8607 30 7 4 33 0.133333333333333 0.571428571428571 0.121212121212121
8657 106 4 2 108 0.0188679245283019 0.5 0.0185185185185185
8664 8 1 1 8 0.125 1 0.125
8674 59 7 6 60 0.101694915254237 0.857142857142857 0.1
8676 4 1 1 4 0.25 1 0.25
8708 267 6 5 268 0.0187265917602996 0.833333333333333 0.0186567164179104
8717 87 3 2 88 0.0229885057471264 0.666666666666667 0.0227272727272727
8728 1 1 1 1 1 1 1
8737 34 7 4 37 0.117647058823529 0.571428571428571 0.108108108108108
8758 9 2 2 9 0.222222222222222 1 0.222222222222222
8763 145 36 33 148 0.227586206896552 0.916666666666667 0.222972972972973
8767 61 21 13 69 0.213114754098361 0.619047619047619 0.188405797101449
8781 12 1 0 13 0 0 0
8820 13 4 3 14 0.230769230769231 0.75 0.214285714285714
8823 8 1 0 9 0 0 0
8881 373 11 11 373 0.0294906166219839 1 0.0294906166219839
8895 7 1 1 7 0.142857142857143 1 0.142857142857143
8897 51 11 7 55 0.137254901960784 0.636363636363636 0.127272727272727
8903 12 2 0 14 0 0 0
8943 16 5 5 16 0.3125 1 0.3125
8954 41 8 4 45 0.0975609756097561 0.5 0.0888888888888889
8966 88 1 1 88 0.0113636363636364 1 0.0113636363636364
8978 5 2 2 5 0.4 1 0.4
9009 118 61 26 153 0.220338983050847 0.426229508196721 0.169934640522876
9026 11 4 3 12 0.272727272727273 0.75 0.25
9080 9 2 1 10 0.111111111111111 0.5 0.1
9112 7 1 1 7 0.142857142857143 1 0.142857142857143
9121 486 1 1 486 0.00205761316872428 1 0.00205761316872428
9150 25 3 3 25 0.12 1 0.12
9153 42 5 5 42 0.119047619047619 1 0.119047619047619
9162 2 1 1 2 0.5 1 0.5
9188 3 1 0 4 0 0 0
9264 21 40 8 53 0.380952380952381 0.2 0.150943396226415
9270 25 3 2 26 0.08 0.666666666666667 0.0769230769230769
9293 14 1 1 14 0.0714285714285714 1 0.0714285714285714
9299 44 2 1 45 0.0227272727272727 0.5 0.0222222222222222
9304 128 1 1 128 0.0078125 1 0.0078125
9340 4 3 2 5 0.5 0.666666666666667 0.4
9367 3 1 1 3 0.333333333333333 1 0.333333333333333
9406 2 2 1 3 0.5 0.5 0.333333333333333
9433 2 1 1 2 0.5 1 0.5
9464 2 1 0 3 0 0 0
9505 111 4 4 111 0.036036036036036 1 0.036036036036036
9534 3 1 1 3 0.333333333333333 1 0.333333333333333
9541 5 1 0 6 0 0 0
9543 4 1 1 4 0.25 1 0.25
9549 2 1 1 2 0.5 1 0.5
9555 4 1 0 5 0 0 0
9583 37 1 0 38 0 0 0
9584 7 1 1 7 0.142857142857143 1 0.142857142857143
9595 7 3 2 8 0.285714285714286 0.666666666666667 0.25
9600 6 8 3 11 0.5 0.375 0.272727272727273
9607 9 1 0 10 0 0 0
9612 2 1 0 3 0 0 0
9619 2 2 2 2 1 1 1
9621 3 6 1 8 0.333333333333333 0.166666666666667 0.125
9622 6 1 1 6 0.166666666666667 1 0.166666666666667
9700 6 2 1 7 0.166666666666667 0.5 0.142857142857143
9722 45 3 3 45 0.0666666666666667 1 0.0666666666666667
9737 4 1 1 4 0.25 1 0.25
9794 4 1 1 4 0.25 1 0.25
9800 30 1 0 31 0 0 0
9821 4 2 2 4 0.5 1 0.5
9901 20 4 2 22 0.1 0.5 0.0909090909090909
9919 17 1 0 18 0 0 0
9924 24 1 0 25 0 0 0
9930 18 1 1 18 0.0555555555555556 1 0.0555555555555556
9931 31 1 1 31 0.032258064516129 1 0.032258064516129
9995 3 2 2 3 0.666666666666667 1 0.666666666666667
