#ASN num_v4adj num_v6adj num_intersect(v4v6adj) num_union(adj) fr_v4(num_intersect/num_v4adj) fr_v6(num_intersect/num_v6adj) fr_intersect(num_intersect/num_union)
10013 4 6 1 9 0.25 0.166666666666667 0.111111111111111
10015 13 1 0 14 0 0 0
10204 5 2 1 6 0.2 0.5 0.166666666666667
10318 4 4 0 8 0 0 0
10764 17 2 2 17 0.117647058823529 1 0.117647058823529
109 8 26 1 33 0.125 0.0384615384615385 0.0303030303030303
1103 151 19 15 155 0.0993377483443709 0.789473684210526 0.0967741935483871
11085 1 2 0 3 0 0 0
11340 5 2 2 5 0.4 1 0.4
11537 78 29 26 81 0.333333333333333 0.896551724137931 0.320987654320988
1200 31 6 4 33 0.129032258064516 0.666666666666667 0.121212121212121
1213 7 5 4 8 0.571428571428571 0.8 0.5
12199 1 3 0 4 0 0 0
1221 83 4 1 86 0.0120481927710843 0.25 0.0116279069767442
12337 17 7 2 22 0.117647058823529 0.285714285714286 0.0909090909090909
12353 3 6 1 8 0.333333333333333 0.166666666666667 0.125
12355 3 1 0 4 0 0 0
1237 24 2 2 24 0.0833333333333333 1 0.0833333333333333
12371 3 1 0 4 0 0 0
12414 27 6 5 28 0.185185185185185 0.833333333333333 0.178571428571429
1251 4 4 0 8 0 0 0
12533 2 5 1 6 0.5 0.2 0.166666666666667
12558 11 3 1 13 0.0909090909090909 0.333333333333333 0.0769230769230769
12565 3 1 0 4 0 0 0
1257 84 3 0 87 0 0 0
12600 8 1 1 8 0.125 1 0.125
12634 27 9 3 33 0.111111111111111 0.333333333333333 0.0909090909090909
12657 1 1 0 2 0 0 0
12731 29 8 2 35 0.0689655172413793 0.25 0.0571428571428571
12732 10 3 2 11 0.2 0.666666666666667 0.181818181818182
12767 3 1 0 4 0 0 0
12779 57 10 5 62 0.087719298245614 0.5 0.0806451612903226
12793 158 5 4 159 0.0253164556962025 0.8 0.0251572327044025
12817 2 2 1 3 0.5 0.5 0.333333333333333
12853 1 3 0 4 0 0 0
12859 207 42 39 210 0.188405797101449 0.928571428571429 0.185714285714286
12871 28 12 5 35 0.178571428571429 0.416666666666667 0.142857142857143
12895 4 1 1 4 0.25 1 0.25
12902 27 7 3 31 0.111111111111111 0.428571428571429 0.0967741935483871
12931 3 1 1 3 0.333333333333333 1 0.333333333333333
12968 35 6 1 40 0.0285714285714286 0.166666666666667 0.025
1299 271 14 13 272 0.0479704797047971 0.928571428571429 0.0477941176470588
13 3 1 1 3 0.333333333333333 1 0.333333333333333
13058 2 2 0 4 0 0 0
13110 3 6 0 9 0 0 0
13129 250 5 5 250 0.02 1 0.02
13189 17 1 1 17 0.0588235294117647 1 0.0588235294117647
13193 20 6 1 25 0.05 0.166666666666667 0.04
13285 34 1 0 35 0 0 0
137 9 4 1 12 0.111111111111111 0.25 0.0833333333333333
13944 3 14 0 17 0 0 0
14277 8 9 1 16 0.125 0.111111111111111 0.0625
145 13 13 0 26 0 0 0
14654 2 1 0 3 0 0 0
15180 9 3 0 12 0 0 0
15440 3 1 0 4 0 0 0
15444 200 7 3 204 0.015 0.428571428571429 0.0147058823529412
15450 3 3 0 6 0 0 0
15469 1 1 0 2 0 0 0
15474 1 1 1 1 1 1 1
15498 9 3 1 11 0.111111111111111 0.333333333333333 0.0909090909090909
15516 2 4 0 6 0 0 0
15557 36 1 0 37 0 0 0
15589 33 27 2 58 0.0606060606060606 0.0740740740740741 0.0344827586206897
15600 32 8 2 38 0.0625 0.25 0.0526315789473684
15623 160 8 4 164 0.025 0.5 0.024390243902439
15685 10 1 1 10 0.1 1 0.1
15694 22 5 0 27 0 0 0
15703 127 10 6 131 0.047244094488189 0.6 0.0458015267175573
15709 2 1 0 3 0 0 0
15717 46 9 5 50 0.108695652173913 0.555555555555556 0.1
15861 7 1 0 8 0 0 0
15897 1 2 0 3 0 0 0
15982 7 11 1 17 0.142857142857143 0.0909090909090909 0.0588235294117647
16004 11 5 3 13 0.272727272727273 0.6 0.230769230769231
16023 3 1 0 4 0 0 0
16086 17 4 3 18 0.176470588235294 0.75 0.166666666666667
16091 2 2 0 4 0 0 0
16128 9 1 1 9 0.111111111111111 1 0.111111111111111
16186 5 9 1 13 0.2 0.111111111111111 0.0769230769230769
16237 19 3 1 21 0.0526315789473684 0.333333333333333 0.0476190476190476
16245 8 2 2 8 0.25 1 0.25
16363 2 1 0 3 0 0 0
1653 25 1 1 25 0.04 1 0.04
16531 7 1 0 8 0 0 0
16713 23 2 1 24 0.0434782608695652 0.5 0.0416666666666667
16838 6 1 0 7 0 0 0
17263 5 1 0 6 0 0 0
1741 9 2 2 9 0.222222222222222 1 0.222222222222222
17511 7 2 1 8 0.142857142857143 0.5 0.125
17527 5 6 3 8 0.6 0.5 0.375
17529 5 1 1 5 0.2 1 0.2
17579 4 3 2 5 0.5 0.666666666666667 0.4
1759 54 1 1 54 0.0185185185185185 1 0.0185185185185185
17832 4 10 0 14 0 0 0
17934 1 1 0 2 0 0 0
17935 1 1 0 2 0 0 0
1797 1 1 0 2 0 0 0
1798 3 2 0 5 0 0 0
18084 1 1 1 1 1 1 1
18098 1 1 0 2 0 0 0
18181 3 1 1 3 0.333333333333333 1 0.333333333333333
1835 6 2 2 6 0.333333333333333 1 0.333333333333333
1853 86 14 11 89 0.127906976744186 0.785714285714286 0.123595505617978
18592 20 3 3 20 0.15 1 0.15
1897 9 1 1 9 0.111111111111111 1 0.111111111111111
1916 15 7 2 20 0.133333333333333 0.285714285714286 0.1
1930 3 7 1 9 0.333333333333333 0.142857142857143 0.111111111111111
1955 10 2 1 11 0.1 0.5 0.0909090909090909
20080 13 5 5 13 0.384615384615385 1 0.384615384615385
2042 9 13 1 21 0.111111111111111 0.0769230769230769 0.0476190476190476
20495 68 5 3 70 0.0441176470588235 0.6 0.0428571428571429
20569 7 2 1 8 0.142857142857143 0.5 0.125
20621 2 1 1 2 0.5 1 0.5
20646 42 13 9 46 0.214285714285714 0.692307692307692 0.195652173913043
20704 11 2 1 12 0.0909090909090909 0.5 0.0833333333333333
20712 7 1 0 8 0 0 0
20718 21 3 1 23 0.0476190476190476 0.333333333333333 0.0434782608695652
20745 2 6 0 8 0 0 0
20794 3 3 1 5 0.333333333333333 0.333333333333333 0.2
20834 22 8 1 29 0.0454545454545455 0.125 0.0344827586206897
20847 38 5 3 40 0.0789473684210526 0.6 0.075
209 1058 1 1 1058 0.000945179584120983 1 0.000945179584120983
20965 37 30 30 37 0.810810810810811 1 0.810810810810811
2107 1 1 1 1 1 1 1
2108 1 1 1 1 1 1 1
2110 36 8 3 41 0.0833333333333333 0.375 0.0731707317073171
21119 5 2 0 7 0 0 0
21155 33 9 4 38 0.121212121212121 0.444444444444444 0.105263157894737
21193 2 1 1 2 0.5 1 0.5
21202 38 1 0 39 0 0 0
21221 26 6 3 29 0.115384615384615 0.5 0.103448275862069
21238 7 1 0 8 0 0 0
2128 1 2 1 2 1 0.5 0.5
21392 29 5 2 32 0.0689655172413793 0.4 0.0625
21398 20 2 0 22 0 0 0
2153 11 2 2 11 0.181818181818182 1 0.181818181818182
2200 43 8 3 48 0.0697674418604651 0.375 0.0625
22166 2 1 0 3 0 0 0
22335 25 1 0 26 0 0 0
224 5 4 2 7 0.4 0.5 0.285714285714286
22548 4 1 0 5 0 0 0
23609 1 2 0 3 0 0 0
237 22 6 0 28 0 0 0
23774 3 2 1 4 0.333333333333333 0.5 0.25
23787 1 2 1 2 1 0.5 0.5
2381 23 1 1 23 0.0434782608695652 1 0.0434782608695652
23910 1 1 1 1 1 1 1
23911 2 2 2 2 1 1 1
23912 2 1 1 2 0.5 1 0.5
24 7 1 1 7 0.142857142857143 1 0.142857142857143
24587 41 7 2 46 0.0487804878048781 0.285714285714286 0.0434782608695652
24730 42 5 2 45 0.0476190476190476 0.4 0.0444444444444444
24776 3 1 0 4 0 0 0
2486 12 1 1 12 0.0833333333333333 1 0.0833333333333333
24875 38 7 4 41 0.105263157894737 0.571428571428571 0.0975609756097561
2497 194 47 34 207 0.175257731958763 0.723404255319149 0.164251207729469
24973 2 2 1 3 0.5 0.5 0.333333333333333
2500 28 24 7 45 0.25 0.291666666666667 0.155555555555556
2510 13 5 2 16 0.153846153846154 0.4 0.125
25137 19 6 1 24 0.0526315789473684 0.166666666666667 0.0416666666666667
2514 17 2 2 17 0.117647058823529 1 0.117647058823529
2516 304 32 25 311 0.0822368421052632 0.78125 0.0803858520900322
2518 42 8 5 45 0.119047619047619 0.625 0.111111111111111
25208 4 2 0 6 0 0 0
25232 115 3 2 116 0.0173913043478261 0.666666666666667 0.0172413793103448
2527 8 5 2 11 0.25 0.4 0.181818181818182
25358 9 10 1 18 0.111111111111111 0.1 0.0555555555555556
25384 5 2 0 7 0 0 0
25396 43 12 3 52 0.0697674418604651 0.25 0.0576923076923077
2547 1 1 0 2 0 0 0
2549 1 2 0 3 0 0 0
25538 1 1 0 2 0 0 0
2595 4 2 1 5 0.25 0.5 0.2
2602 2 2 1 3 0.5 0.5 0.333333333333333
2603 36 10 7 39 0.194444444444444 0.7 0.179487179487179
2609 3 2 0 5 0 0 0
2611 40 4 3 41 0.075 0.75 0.0731707317073171
2614 9 2 1 10 0.111111111111111 0.5 0.1
27464 2 1 0 3 0 0 0
278 8 9 1 16 0.125 0.111111111111111 0.0625
2819 17 3 0 20 0 0 0
2847 2 3 1 4 0.5 0.333333333333333 0.25
2852 6 4 3 7 0.5 0.75 0.428571428571429
28747 161 3 3 161 0.0186335403726708 1 0.0186335403726708
2895 4 1 1 4 0.25 1 0.25
2905 28 2 1 29 0.0357142857142857 0.5 0.0344827586206897
2907 55 3 2 56 0.0363636363636364 0.666666666666667 0.0357142857142857
2914 706 84 43 747 0.0609065155807365 0.511904761904762 0.0575635876840696
2915 32 8 3 37 0.09375 0.375 0.0810810810810811
29216 1 1 0 2 0 0 0
29243 2 2 2 2 1 1 1
29259 10 2 1 11 0.1 0.5 0.0909090909090909
293 110 20 8 122 0.0727272727272727 0.4 0.0655737704918033
29317 1 2 1 2 1 0.5 0.5
29449 2 4 1 5 0.5 0.25 0.2
29623 2 1 1 2 0.5 1 0.5
29629 5 1 1 5 0.2 1 0.2
29789 3 1 1 3 0.333333333333333 1 0.333333333333333
30071 2 9 1 10 0.5 0.111111111111111 0.1
3066 7 1 1 7 0.142857142857143 1 0.142857142857143
3221 1 1 1 1 1 1 1
3243 11 5 1 15 0.0909090909090909 0.2 0.0666666666666667
3246 120 3 2 121 0.0166666666666667 0.666666666666667 0.0165289256198347
3249 7 3 1 9 0.142857142857143 0.333333333333333 0.111111111111111
3257 289 105 45 349 0.155709342560554 0.428571428571429 0.128939828080229
3265 35 18 8 45 0.228571428571429 0.444444444444444 0.177777777777778
3274 3 1 0 4 0 0 0
3292 311 7 4 314 0.0128617363344051 0.571428571428571 0.0127388535031847
33 8 14 3 19 0.375 0.214285714285714 0.157894736842105
3301 25 2 2 25 0.08 1 0.08
3303 476 18 13 481 0.0273109243697479 0.722222222222222 0.027027027027027
3320 256 20 9 267 0.03515625 0.45 0.0337078651685393
3322 1 1 1 1 1 1 1
3327 5 4 0 9 0 0 0
3333 125 20 16 129 0.128 0.8 0.124031007751938
3344 3 3 1 5 0.333333333333333 0.333333333333333 0.2
3352 47 2 0 49 0 0 0
3549 685 41 26 700 0.037956204379562 0.634146341463415 0.0371428571428571
3557 79 11 8 82 0.10126582278481 0.727272727272727 0.0975609756097561
3561 454 5 1 458 0.00220264317180617 0.2 0.00218340611353712
3582 4 3 0 7 0 0 0
3597 8 3 1 10 0.125 0.333333333333333 0.1
3662 12 1 1 12 0.0833333333333333 1 0.0833333333333333
3741 73 2 1 74 0.0136986301369863 0.5 0.0135135135135135
3748 2 9 1 10 0.5 0.111111111111111 0.1
3758 29 5 0 34 0 0 0
378 2 1 1 2 0.5 1 0.5
3786 303 3 1 305 0.0033003300330033 0.333333333333333 0.00327868852459016
3825 1 1 0 2 0 0 0
3836 5 5 0 10 0 0 0
3856 26 1 0 27 0 0 0
4436 86 4 3 87 0.0348837209302326 0.75 0.0344827586206897
4538 13 13 3 23 0.230769230769231 0.230769230769231 0.130434782608696
4555 1 13 0 14 0 0 0
4589 423 28 25 426 0.0591016548463357 0.892857142857143 0.0586854460093897
4608 2 1 1 2 0.5 1 0.5
4618 13 7 0 20 0 0 0
4621 19 1 1 19 0.0526315789473684 1 0.0526315789473684
4645 14 1 1 14 0.0714285714285714 1 0.0714285714285714
4651 23 2 0 25 0 0 0
4673 6 1 0 7 0 0 0
4675 5 5 2 8 0.4 0.4 0.25
4677 4 6 2 8 0.5 0.333333333333333 0.25
4678 7 7 2 12 0.285714285714286 0.285714285714286 0.166666666666667
4680 8 5 2 11 0.25 0.4 0.181818181818182
4685 7 6 3 10 0.428571428571429 0.5 0.3
4688 12 4 2 14 0.166666666666667 0.5 0.142857142857143
4691 8 13 3 18 0.375 0.230769230769231 0.166666666666667
4694 86 2 2 86 0.0232558139534884 1 0.0232558139534884
4702 5 4 2 7 0.4 0.5 0.285714285714286
4713 78 2 2 78 0.0256410256410256 1 0.0256410256410256
4716 95 39 10 124 0.105263157894737 0.256410256410256 0.0806451612903226
4717 3 1 1 3 0.333333333333333 1 0.333333333333333
4718 4 4 1 7 0.25 0.25 0.142857142857143
4721 6 4 0 10 0 0 0
4725 93 42 7 128 0.0752688172043011 0.166666666666667 0.0546875
4736 12 1 1 12 0.0833333333333333 1 0.0833333333333333
4741 4 2 0 6 0 0 0
4747 8 2 0 10 0 0 0
4750 33 2 0 35 0 0 0
4755 60 2 0 62 0 0 0
4774 6 2 2 6 0.333333333333333 1 0.333333333333333
4777 27 6 4 29 0.148148148148148 0.666666666666667 0.137931034482759
4780 24 2 1 25 0.0416666666666667 0.5 0.04
4787 6 4 0 10 0 0 0
5050 10 1 1 10 0.1 1 0.1
513 31 11 4 38 0.129032258064516 0.363636363636364 0.105263157894737
5381 11 2 0 13 0 0 0
5385 9 5 2 12 0.222222222222222 0.4 0.166666666666667
5397 5 1 0 6 0 0 0
5408 31 2 1 32 0.032258064516129 0.5 0.03125
5410 38 2 1 39 0.0263157894736842 0.5 0.0256410256410256
5417 142 25 23 144 0.161971830985915 0.92 0.159722222222222
5418 5 1 1 5 0.2 1 0.2
5424 10 11 1 20 0.1 0.0909090909090909 0.05
5430 51 9 6 54 0.117647058823529 0.666666666666667 0.111111111111111
5459 139 3 3 139 0.0215827338129496 1 0.0215827338129496
5466 51 2 0 53 0 0 0
5511 190 16 7 199 0.0368421052631579 0.4375 0.0351758793969849
553 33 7 5 35 0.151515151515152 0.714285714285714 0.142857142857143
5539 28 25 6 47 0.214285714285714 0.24 0.127659574468085
5568 64 4 3 65 0.046875 0.75 0.0461538461538462
559 38 17 9 46 0.236842105263158 0.529411764705882 0.195652173913043
5602 15 6 3 18 0.2 0.5 0.166666666666667
5609 2 26 0 28 0 0 0
5617 59 4 0 63 0 0 0
5623 1 7 0 8 0 0 0
5669 78 2 1 79 0.0128205128205128 0.5 0.0126582278481013
6062 8 3 0 11 0 0 0
6066 7 1 1 7 0.142857142857143 1 0.142857142857143
6320 244 1 1 244 0.00409836065573771 1 0.00409836065573771
6342 4 4 0 8 0 0 0
6435 3 23 0 26 0 0 0
6453 217 1 0 218 0 0 0
6461 560 9 8 561 0.0142857142857143 0.888888888888889 0.0142602495543672
6509 32 3 2 33 0.0625 0.666666666666667 0.0606060606060606
6619 11 1 0 12 0 0 0
6661 19 2 1 20 0.0526315789473684 0.5 0.05
6667 342 19 19 342 0.0555555555555556 1 0.0555555555555556
668 47 8 3 52 0.0638297872340425 0.375 0.0576923076923077
6696 23 5 2 26 0.0869565217391304 0.4 0.0769230769230769
6706 3 2 1 4 0.333333333333333 0.5 0.25
6730 187 4 4 187 0.0213903743315508 1 0.0213903743315508
680 38 10 5 43 0.131578947368421 0.5 0.116279069767442
6830 71 79 17 133 0.23943661971831 0.215189873417722 0.12781954887218
6939 278 51 16 313 0.0575539568345324 0.313725490196078 0.0511182108626198
7018 1748 3 2 1749 0.0011441647597254 0.666666666666667 0.00114351057747284
7065 10 1 1 10 0.1 1 0.1
71 10 2 0 12 0 0 0
7500 65 4 4 65 0.0615384615384615 1 0.0615384615384615
7514 11 7 4 14 0.363636363636364 0.571428571428571 0.285714285714286
7516 6 1 0 7 0 0 0
7521 3 2 1 4 0.333333333333333 0.5 0.25
7522 4 4 3 5 0.75 0.75 0.6
7539 16 2 2 16 0.125 1 0.125
7570 13 2 1 14 0.0769230769230769 0.5 0.0714285714285714
7580 1 4 0 5 0 0 0
7610 24 4 2 26 0.0833333333333333 0.5 0.0769230769230769
7623 12 2 1 13 0.0833333333333333 0.5 0.0769230769230769
766 14 4 3 15 0.214285714285714 0.75 0.2
7660 30 26 12 44 0.4 0.461538461538462 0.272727272727273
7667 3 2 1 4 0.333333333333333 0.5 0.25
7668 7 1 1 7 0.142857142857143 1 0.142857142857143
7670 10 2 1 11 0.1 0.5 0.0909090909090909
7671 6 6 2 10 0.333333333333333 0.333333333333333 0.2
7682 10 2 1 11 0.1 0.5 0.0909090909090909
7687 4 2 1 5 0.25 0.5 0.2
786 37 13 2 48 0.0540540540540541 0.153846153846154 0.0416666666666667
790 2 8 1 9 0.5 0.125 0.111111111111111
8002 26 15 1 40 0.0384615384615385 0.0666666666666667 0.025
8015 10 1 0 11 0 0 0
8070 1 5 0 6 0 0 0
81 9 2 0 11 0 0 0
8121 35 2 2 35 0.0571428571428571 1 0.0571428571428571
8220 632 5 5 632 0.00791139240506329 1 0.00791139240506329
8228 24 1 0 25 0 0 0
8237 5 3 0 8 0 0 0
8251 121 1 1 121 0.00826446280991736 1 0.00826446280991736
8256 2 1 1 2 0.5 1 0.5
8267 2 4 1 5 0.5 0.25 0.2
8277 4 3 0 7 0 0 0
8319 22 2 1 23 0.0454545454545455 0.5 0.0434782608695652
8447 53 9 5 57 0.0943396226415094 0.555555555555556 0.087719298245614
8469 21 5 2 24 0.0952380952380952 0.4 0.0833333333333333
8472 51 5 1 55 0.0196078431372549 0.2 0.0181818181818182
8473 15 2 0 17 0 0 0
8501 25 5 5 25 0.2 1 0.2
8514 29 3 1 31 0.0344827586206897 0.333333333333333 0.032258064516129
8517 16 1 1 16 0.0625 1 0.0625
8560 41 9 5 45 0.121951219512195 0.555555555555556 0.111111111111111
8591 13 2 1 14 0.0769230769230769 0.5 0.0714285714285714
8657 53 3 2 54 0.0377358490566038 0.666666666666667 0.037037037037037
8664 14 6 0 20 0 0 0
8665 4 1 1 4 0.25 1 0.25
8676 3 2 0 5 0 0 0
8708 109 6 3 112 0.0275229357798165 0.5 0.0267857142857143
8737 33 7 3 37 0.0909090909090909 0.428571428571429 0.0810810810810811
8758 5 4 1 8 0.2 0.25 0.125
8763 20 3 2 21 0.1 0.666666666666667 0.0952380952380952
8767 15 4 3 16 0.2 0.75 0.1875
8823 3 1 1 3 0.333333333333333 1 0.333333333333333
8903 37 5 1 41 0.027027027027027 0.2 0.024390243902439
8921 1 2 0 3 0 0 0
8925 3 1 0 4 0 0 0
8943 11 1 0 12 0 0 0
8954 29 29 5 53 0.172413793103448 0.172413793103448 0.0943396226415094
8966 23 1 0 24 0 0 0
8970 1 1 1 1 1 1 1
8973 4 2 0 6 0 0 0
8975 49 2 2 49 0.0408163265306122 1 0.0408163265306122
9044 82 8 2 88 0.024390243902439 0.25 0.0227272727272727
9080 5 3 1 7 0.2 0.333333333333333 0.142857142857143
9112 2 9 1 10 0.5 0.111111111111111 0.1
9186 14 1 0 15 0 0 0
9264 32 24 7 49 0.21875 0.291666666666667 0.142857142857143
9270 32 6 4 34 0.125 0.666666666666667 0.117647058823529
9407 2 3 2 3 1 0.666666666666667 0.666666666666667
9416 15 1 0 16 0 0 0
9595 7 5 3 9 0.428571428571429 0.6 0.333333333333333
9600 6 7 3 10 0.5 0.428571428571429 0.3
9612 2 2 0 4 0 0 0
9619 2 1 1 2 0.5 1 0.5
9621 2 1 1 2 0.5 1 0.5
9701 3 1 0 4 0 0 0
9821 6 1 1 6 0.166666666666667 1 0.166666666666667
9844 1 1 0 2 0 0 0
