#ASN num_v4adj num_v6adj num_intersect(v4v6adj) num_union(adj) fr_v4(num_intersect/num_v4adj) fr_v6(num_intersect/num_v6adj) fr_intersect(num_intersect/num_union)
10013 3 7 2 8 0.666666666666667 0.285714285714286 0.25
10015 10 1 0 11 0 0 0
10030 2 1 1 2 0.5 1 0.5
101 37 3 3 37 0.0810810810810811 1 0.0810810810810811
102 3 1 1 3 0.333333333333333 1 0.333333333333333
10204 9 5 1 13 0.111111111111111 0.2 0.0769230769230769
10217 18 2 1 19 0.0555555555555556 0.5 0.0526315789473684
10318 2 1 0 3 0 0 0
10490 28 2 2 28 0.0714285714285714 1 0.0714285714285714
10533 1 2 1 2 1 0.5 0.5
10569 1 1 1 1 1 1 1
10578 25 3 3 25 0.12 1 0.12
10586 4 2 0 6 0 0 0
10745 2 3 0 5 0 0 0
10764 14 2 2 14 0.142857142857143 1 0.142857142857143
10778 5 2 2 5 0.4 1 0.4
10886 39 17 7 49 0.179487179487179 0.411764705882353 0.142857142857143
109 13 4 0 17 0 0 0
1103 178 37 34 181 0.191011235955056 0.918918918918919 0.187845303867403
111 3 1 1 3 0.333333333333333 1 0.333333333333333
1126 35 9 5 39 0.142857142857143 0.555555555555556 0.128205128205128
11317 9 2 2 9 0.222222222222222 1 0.222222222222222
11340 4 2 2 4 0.5 1 0.5
1140 20 3 1 22 0.05 0.333333333333333 0.0454545454545455
11537 80 47 32 95 0.4 0.680851063829787 0.336842105263158
11588 13 1 1 13 0.0769230769230769 1 0.0769230769230769
11656 1 1 0 2 0 0 0
11815 2 1 0 3 0 0 0
11960 5 2 2 5 0.4 1 0.4
11990 4 1 0 5 0 0 0
1200 39 13 8 44 0.205128205128205 0.615384615384615 0.181818181818182
12008 31 1 1 31 0.032258064516129 1 0.032258064516129
12041 4 3 2 5 0.5 0.666666666666667 0.4
12046 2 1 1 2 0.5 1 0.5
12111 27 2 1 28 0.037037037037037 0.5 0.0357142857142857
1213 5 2 2 5 0.4 1 0.4
1221 96 5 1 100 0.0104166666666667 0.2 0.01
12287 2 1 1 2 0.5 1 0.5
12337 36 13 11 38 0.305555555555556 0.846153846153846 0.289473684210526
12353 5 5 1 9 0.2 0.2 0.111111111111111
12355 12 9 7 14 0.583333333333333 0.777777777777778 0.5
1237 34 3 2 35 0.0588235294117647 0.666666666666667 0.0571428571428571
12371 2 1 0 3 0 0 0
12386 12 2 2 12 0.166666666666667 1 0.166666666666667
12399 262 1 1 262 0.00381679389312977 1 0.00381679389312977
12401 11 3 2 12 0.181818181818182 0.666666666666667 0.166666666666667
12414 37 12 9 40 0.243243243243243 0.75 0.225
12429 18 1 1 18 0.0555555555555556 1 0.0555555555555556
12533 2 1 0 3 0 0 0
1257 107 4 1 110 0.00934579439252336 0.25 0.00909090909090909
12600 11 1 1 11 0.0909090909090909 1 0.0909090909090909
12611 39 15 8 46 0.205128205128205 0.533333333333333 0.173913043478261
12634 37 12 9 40 0.243243243243243 0.75 0.225
12637 8 3 1 10 0.125 0.333333333333333 0.1
12638 2 3 0 5 0 0 0
12657 2 2 2 2 1 1 1
12709 2 1 0 3 0 0 0
1273 333 74 44 363 0.132132132132132 0.594594594594595 0.121212121212121
12731 47 9 7 49 0.148936170212766 0.777777777777778 0.142857142857143
12732 19 2 2 19 0.105263157894737 1 0.105263157894737
12741 77 1 0 78 0 0 0
12767 11 1 0 12 0 0 0
12769 6 1 1 6 0.166666666666667 1 0.166666666666667
12779 66 18 8 76 0.121212121212121 0.444444444444444 0.105263157894737
12816 1 1 1 1 1 1 1
12817 2 2 2 2 1 1 1
12853 1 6 0 7 0 0 0
12859 340 67 62 345 0.182352941176471 0.925373134328358 0.179710144927536
12871 27 13 7 33 0.259259259259259 0.538461538461538 0.212121212121212
12874 112 2 2 112 0.0178571428571429 1 0.0178571428571429
12895 8 1 1 8 0.125 1 0.125
12902 40 11 9 42 0.225 0.818181818181818 0.214285714285714
12931 4 1 1 4 0.25 1 0.25
12956 131 9 8 132 0.0610687022900763 0.888888888888889 0.0606060606060606
12968 101 2 1 102 0.0099009900990099 0.5 0.00980392156862745
12989 264 5 4 265 0.0151515151515152 0.8 0.0150943396226415
1299 470 31 26 475 0.0553191489361702 0.838709677419355 0.0547368421052632
13030 116 7 7 116 0.0603448275862069 1 0.0603448275862069
13039 4 1 1 4 0.25 1 0.25
13041 6 1 1 6 0.166666666666667 1 0.166666666666667
13092 5 1 1 5 0.2 1 0.2
13110 5 2 2 5 0.4 1 0.4
13115 4 2 1 5 0.25 0.5 0.2
1312 2 1 1 2 0.5 1 0.5
13189 22 2 2 22 0.0909090909090909 1 0.0909090909090909
13193 42 12 7 47 0.166666666666667 0.583333333333333 0.148936170212766
13237 481 48 42 487 0.0873180873180873 0.875 0.0862422997946612
13272 1 1 1 1 1 1 1
13293 22 2 2 22 0.0909090909090909 1 0.0909090909090909
13319 3 1 0 4 0 0 0
13448 4 1 1 4 0.25 1 0.25
13645 163 13 7 169 0.0429447852760736 0.538461538461538 0.0414201183431953
137 14 4 4 14 0.285714285714286 1 0.285714285714286
13802 6 1 0 7 0 0 0
13911 4 1 0 5 0 0 0
14277 9 8 2 15 0.222222222222222 0.25 0.133333333333333
15169 92 4 1 95 0.0108695652173913 0.25 0.0105263157894737
15412 231 3 2 232 0.00865800865800866 0.666666666666667 0.00862068965517241
15431 1 1 1 1 1 1 1
15440 5 2 1 6 0.2 0.5 0.166666666666667
15444 247 21 13 255 0.0526315789473684 0.619047619047619 0.0509803921568627
15456 2 2 0 4 0 0 0
15469 1 1 0 2 0 0 0
15474 1 1 1 1 1 1 1
15501 2 2 2 2 1 1 1
15589 34 8 2 40 0.0588235294117647 0.25 0.05
15598 57 9 6 60 0.105263157894737 0.666666666666667 0.1
15623 27 2 1 28 0.037037037037037 0.5 0.0357142857142857
15685 18 4 4 18 0.222222222222222 1 0.222222222222222
15694 47 1 1 47 0.0212765957446809 1 0.0212765957446809
15706 2 1 1 2 0.5 1 0.5
15725 2 2 1 3 0.5 0.5 0.333333333333333
15744 11 1 1 11 0.0909090909090909 1 0.0909090909090909
15782 11 2 2 11 0.181818181818182 1 0.181818181818182
15798 1 1 0 2 0 0 0
15919 6 1 1 6 0.166666666666667 1 0.166666666666667
16004 12 2 1 13 0.0833333333333333 0.5 0.0769230769230769
16023 3 1 0 4 0 0 0
16030 55 12 9 58 0.163636363636364 0.75 0.155172413793103
16034 248 25 24 249 0.0967741935483871 0.96 0.0963855421686747
16086 32 18 6 44 0.1875 0.333333333333333 0.136363636363636
16128 12 3 2 13 0.166666666666667 0.666666666666667 0.153846153846154
16131 27 8 5 30 0.185185185185185 0.625 0.166666666666667
16150 172 6 4 174 0.0232558139534884 0.666666666666667 0.0229885057471264
16186 42 7 3 46 0.0714285714285714 0.428571428571429 0.0652173913043478
16215 12 2 2 12 0.166666666666667 1 0.166666666666667
16237 33 3 1 35 0.0303030303030303 0.333333333333333 0.0285714285714286
16245 21 3 1 23 0.0476190476190476 0.333333333333333 0.0434782608695652
16265 84 2 1 85 0.0119047619047619 0.5 0.0117647058823529
16276 57 2 2 57 0.0350877192982456 1 0.0350877192982456
16305 1 1 1 1 1 1 1
16316 4 3 1 6 0.25 0.333333333333333 0.166666666666667
16397 8 1 0 9 0 0 0
1653 28 5 3 30 0.107142857142857 0.6 0.1
16531 8 1 0 9 0 0 0
1659 8 3 2 9 0.25 0.666666666666667 0.222222222222222
16668 7 1 0 8 0 0 0
16713 29 2 1 30 0.0344827586206897 0.5 0.0333333333333333
16838 12 1 0 13 0 0 0
16942 2 3 0 5 0 0 0
16993 3 1 0 4 0 0 0
17263 3 1 0 4 0 0 0
1741 10 3 2 11 0.2 0.666666666666667 0.181818181818182
17435 3 2 0 5 0 0 0
17511 8 2 0 10 0 0 0
17529 7 1 0 8 0 0 0
17554 6 3 3 6 0.5 1 0.5
17579 10 5 3 12 0.3 0.6 0.25
1764 21 6 4 23 0.19047619047619 0.666666666666667 0.173913043478261
17676 34 7 2 39 0.0588235294117647 0.285714285714286 0.0512820512820513
17716 3 1 1 3 0.333333333333333 1 0.333333333333333
17832 4 13 1 16 0.25 0.0769230769230769 0.0625
17843 2 1 1 2 0.5 1 0.5
17853 1 1 0 2 0 0 0
17934 2 3 1 4 0.5 0.333333333333333 0.25
1797 2 2 1 3 0.5 0.5 0.333333333333333
1798 4 2 0 6 0 0 0
18015 2 2 2 2 1 1 1
18062 1 1 0 2 0 0 0
18119 2 1 0 3 0 0 0
18126 4 1 1 4 0.25 1 0.25
18182 3 1 0 4 0 0 0
18185 4 2 1 5 0.25 0.5 0.2
18206 2 2 0 4 0 0 0
18210 2 1 0 3 0 0 0
18266 3 1 1 3 0.333333333333333 1 0.333333333333333
18288 2 1 0 3 0 0 0
1835 6 1 1 6 0.166666666666667 1 0.166666666666667
1836 43 4 4 43 0.0930232558139535 1 0.0930232558139535
18366 2 1 1 2 0.5 1 0.5
18422 5 2 2 5 0.4 1 0.4
1853 103 17 15 105 0.145631067961165 0.882352941176471 0.142857142857143
18592 25 11 9 27 0.36 0.818181818181818 0.333333333333333
18666 2 2 0 4 0 0 0
1880 15 5 3 17 0.2 0.6 0.176470588235294
1881 1 1 1 1 1 1 1
1887 8 1 1 8 0.125 1 0.125
1901 126 2 1 127 0.00793650793650794 0.5 0.0078740157480315
19021 1 1 0 2 0 0 0
1916 20 4 3 21 0.15 0.75 0.142857142857143
19165 2 1 0 3 0 0 0
19166 3 1 1 3 0.333333333333333 1 0.333333333333333
1930 21 6 6 21 0.285714285714286 1 0.285714285714286
19318 39 6 4 41 0.102564102564103 0.666666666666667 0.0975609756097561
19401 38 6 6 38 0.157894736842105 1 0.157894736842105
195 7 4 2 9 0.285714285714286 0.5 0.222222222222222
1955 11 2 2 11 0.181818181818182 1 0.181818181818182
19782 14 1 1 14 0.0714285714285714 1 0.0714285714285714
19783 2 1 0 3 0 0 0
20080 18 4 4 18 0.222222222222222 1 0.222222222222222
2018 4 5 1 8 0.25 0.2 0.125
20312 4 2 1 5 0.25 0.5 0.2
2042 15 2 1 16 0.0666666666666667 0.5 0.0625
20473 23 1 0 24 0 0 0
20495 46 8 7 47 0.152173913043478 0.875 0.148936170212766
20569 12 1 1 12 0.0833333333333333 1 0.0833333333333333
20597 2 1 0 3 0 0 0
20612 3 1 1 3 0.333333333333333 1 0.333333333333333
20621 2 1 1 2 0.5 1 0.5
20633 15 7 2 20 0.133333333333333 0.285714285714286 0.1
20640 195 63 50 208 0.256410256410256 0.793650793650794 0.240384615384615
20646 43 18 10 51 0.232558139534884 0.555555555555556 0.196078431372549
20650 6 1 1 6 0.166666666666667 1 0.166666666666667
20704 19 3 3 19 0.157894736842105 1 0.157894736842105
20712 7 2 0 9 0 0 0
20718 31 11 4 38 0.129032258064516 0.363636363636364 0.105263157894737
20745 1 4 0 5 0 0 0
20794 2 1 0 3 0 0 0
20834 34 5 4 35 0.117647058823529 0.8 0.114285714285714
20847 34 10 6 38 0.176470588235294 0.6 0.157894736842105
209 1287 5 3 1289 0.00233100233100233 0.6 0.00232738557020946
20900 2 1 0 3 0 0 0
20912 3 4 0 7 0 0 0
20965 47 40 40 47 0.851063829787234 1 0.851063829787234
210 9 1 1 9 0.111111111111111 1 0.111111111111111
21055 23 2 1 24 0.0434782608695652 0.5 0.0416666666666667
2107 1 1 1 1 1 1 1
2108 1 1 1 1 1 1 1
2110 48 8 2 54 0.0416666666666667 0.25 0.037037037037037
21119 7 1 1 7 0.142857142857143 1 0.142857142857143
21155 35 12 8 39 0.228571428571429 0.666666666666667 0.205128205128205
2116 29 1 1 29 0.0344827586206897 1 0.0344827586206897
21221 26 7 5 28 0.192307692307692 0.714285714285714 0.178571428571429
2128 4 1 1 4 0.25 1 0.25
21280 9 1 0 10 0 0 0
21385 55 12 9 58 0.163636363636364 0.75 0.155172413793103
2153 40 7 7 40 0.175 1 0.175
21844 12 1 1 12 0.0833333333333333 1 0.0833333333333333
21947 20 2 2 20 0.1 1 0.1
2200 43 2 2 43 0.0465116279069767 1 0.0465116279069767
22166 2 1 0 3 0 0 0
22388 9 4 4 9 0.444444444444444 1 0.444444444444444
224 6 1 1 6 0.166666666666667 1 0.166666666666667
22548 22 2 1 23 0.0454545454545455 0.5 0.0434782608695652
226 22 1 1 22 0.0454545454545455 1 0.0454545454545455
22767 2 1 1 2 0.5 1 0.5
23140 2 1 1 2 0.5 1 0.5
23265 22 1 1 22 0.0454545454545455 1 0.0454545454545455
23393 56 3 2 57 0.0357142857142857 0.666666666666667 0.0350877192982456
23504 26 7 2 31 0.0769230769230769 0.285714285714286 0.0645161290322581
23541 4 2 1 5 0.25 0.5 0.2
23554 2 1 1 2 0.5 1 0.5
23596 2 1 1 2 0.5 1 0.5
23600 3 2 2 3 0.666666666666667 1 0.666666666666667
23624 2 1 1 2 0.5 1 0.5
23634 4 2 2 4 0.5 1 0.5
23654 2 2 2 2 1 1 1
23754 1 1 0 2 0 0 0
23774 4 2 1 5 0.25 0.5 0.2
23787 2 2 1 3 0.5 0.5 0.333333333333333
2381 31 2 1 32 0.032258064516129 0.5 0.03125
23836 1 1 1 1 1 1 1
23869 2 1 0 3 0 0 0
23902 1 2 0 3 0 0 0
23910 3 7 2 8 0.666666666666667 0.285714285714286 0.25
23911 5 12 5 12 1 0.416666666666667 0.416666666666667
23912 1 1 0 2 0 0 0
23966 4 3 0 7 0 0 0
24 9 6 3 12 0.333333333333333 0.5 0.25
24226 3 2 0 5 0 0 0
24229 3 1 1 3 0.333333333333333 1 0.333333333333333
24287 4 3 3 4 0.75 1 0.75
24311 1 2 0 3 0 0 0
24334 2 1 1 2 0.5 1 0.5
24433 2 1 1 2 0.5 1 0.5
24475 3 3 3 3 1 1 1
24489 7 5 5 7 0.714285714285714 1 0.714285714285714
24490 9 7 7 9 0.777777777777778 1 0.777777777777778
24514 3 1 1 3 0.333333333333333 1 0.333333333333333
24541 1 3 0 4 0 0 0
24586 23 5 3 25 0.130434782608696 0.6 0.12
24587 39 4 2 41 0.0512820512820513 0.5 0.0487804878048781
24724 50 4 4 50 0.08 1 0.08
24730 46 1 1 46 0.0217391304347826 1 0.0217391304347826
24776 5 2 1 6 0.2 0.5 0.166666666666667
24875 197 41 36 202 0.182741116751269 0.878048780487805 0.178217821782178
2497 216 58 41 233 0.189814814814815 0.706896551724138 0.175965665236052
24973 3 1 0 4 0 0 0
250 9 4 1 12 0.111111111111111 0.25 0.0833333333333333
2500 30 47 11 66 0.366666666666667 0.234042553191489 0.166666666666667
25058 2 1 1 2 0.5 1 0.5
2506 2 1 1 2 0.5 1 0.5
25061 29 2 1 30 0.0344827586206897 0.5 0.0333333333333333
25098 16 1 1 16 0.0625 1 0.0625
2510 16 6 3 19 0.1875 0.5 0.157894736842105
25108 15 5 4 16 0.266666666666667 0.8 0.25
25137 5 4 2 7 0.4 0.5 0.285714285714286
2514 19 3 2 20 0.105263157894737 0.666666666666667 0.1
2515 6 1 1 6 0.166666666666667 1 0.166666666666667
25152 45 4 2 47 0.0444444444444444 0.5 0.0425531914893617
2516 295 44 29 310 0.0983050847457627 0.659090909090909 0.0935483870967742
2518 63 8 3 68 0.0476190476190476 0.375 0.0441176470588235
2519 26 4 1 29 0.0384615384615385 0.25 0.0344827586206897
25192 18 6 4 20 0.222222222222222 0.666666666666667 0.2
25208 5 1 0 6 0 0 0
25220 15 2 2 15 0.133333333333333 1 0.133333333333333
2523 3 1 1 3 0.333333333333333 1 0.333333333333333
25232 237 8 8 237 0.0337552742616034 1 0.0337552742616034
2527 10 6 3 13 0.3 0.5 0.230769230769231
25358 15 8 1 22 0.0666666666666667 0.125 0.0454545454545455
25384 8 2 0 10 0 0 0
25441 11 1 1 11 0.0909090909090909 1 0.0909090909090909
25473 4 1 1 4 0.25 1 0.25
2549 3 2 1 4 0.333333333333333 0.5 0.25
25538 2 1 0 3 0 0 0
25560 50 15 11 54 0.22 0.733333333333333 0.203703703703704
25689 6 2 1 7 0.166666666666667 0.5 0.142857142857143
2572 6 1 1 6 0.166666666666667 1 0.166666666666667
2586 7 1 1 7 0.142857142857143 1 0.142857142857143
2594 6 1 0 7 0 0 0
2595 2 1 0 3 0 0 0
2602 2 1 1 2 0.5 1 0.5
2603 29 12 9 32 0.310344827586207 0.75 0.28125
2607 30 4 4 30 0.133333333333333 1 0.133333333333333
2611 48 10 9 49 0.1875 0.9 0.183673469387755
2614 11 1 1 11 0.0909090909090909 1 0.0909090909090909
26415 23 3 0 26 0 0 0
26943 156 9 8 157 0.0512820512820513 0.888888888888889 0.0509554140127389
2697 4 1 1 4 0.25 1 0.25
27 2 1 1 2 0.5 1 0.5
27319 22 3 3 22 0.136363636363636 1 0.136363636363636
27446 5 1 0 6 0 0 0
27678 7 1 1 7 0.142857142857143 1 0.142857142857143
27750 16 11 10 17 0.625 0.909090909090909 0.588235294117647
278 7 7 1 13 0.142857142857143 0.142857142857143 0.0769230769230769
27841 1 1 1 1 1 1 1
2819 24 3 0 27 0 0 0
2839 4 2 2 4 0.5 1 0.5
2847 2 1 1 2 0.5 1 0.5
28472 1 1 1 1 1 1 1
2852 44 3 3 44 0.0681818181818182 1 0.0681818181818182
2857 145 11 7 149 0.0482758620689655 0.636363636363636 0.0469798657718121
286 315 52 30 337 0.0952380952380952 0.576923076923077 0.0890207715133531
2861 10 2 2 10 0.2 1 0.2
28678 2 1 1 2 0.5 1 0.5
28716 43 1 1 43 0.0232558139534884 1 0.0232558139534884
28725 5 1 0 6 0 0 0
28747 1 1 1 1 1 1 1
28788 44 3 3 44 0.0681818181818182 1 0.0681818181818182
28792 11 1 1 11 0.0909090909090909 1 0.0909090909090909
28814 1 1 1 1 1 1 1
28824 1 1 0 2 0 0 0
2884 6 2 2 6 0.333333333333333 1 0.333333333333333
28855 8 1 1 8 0.125 1 0.125
28857 8 4 2 10 0.25 0.5 0.2
2895 9 1 1 9 0.111111111111111 1 0.111111111111111
2905 25 2 0 27 0 0 0
2907 70 6 3 73 0.0428571428571429 0.5 0.0410958904109589
29134 5 1 0 6 0 0 0
2914 566 138 75 629 0.132508833922261 0.543478260869565 0.119236883942766
2915 10 7 0 17 0 0 0
29208 29 3 3 29 0.103448275862069 1 0.103448275862069
29216 1 2 1 2 1 0.5 0.5
29243 2 1 1 2 0.5 1 0.5
29259 4 3 3 4 0.75 1 0.75
293 129 21 18 132 0.13953488372093 0.857142857142857 0.136363636363636
29317 1 1 1 1 1 1 1
29422 20 2 1 21 0.05 0.5 0.0476190476190476
29449 3 4 0 7 0 0 0
29452 3 1 0 4 0 0 0
29527 35 6 4 37 0.114285714285714 0.666666666666667 0.108108108108108
29632 8 3 0 11 0 0 0
29636 171 26 25 172 0.146198830409357 0.961538461538462 0.145348837209302
29668 30 2 1 31 0.0333333333333333 0.5 0.032258064516129
29670 3 1 1 3 0.333333333333333 1 0.333333333333333
29686 299 70 67 302 0.224080267558528 0.957142857142857 0.221854304635762
29748 26 2 2 26 0.0769230769230769 1 0.0769230769230769
29791 36 3 1 38 0.0277777777777778 0.333333333333333 0.0263157894736842
29838 16 1 0 17 0 0 0
29877 6 3 1 8 0.166666666666667 0.333333333333333 0.125
3 7 1 0 8 0 0 0
30071 29 90 11 108 0.379310344827586 0.122222222222222 0.101851851851852
30128 3 3 2 4 0.666666666666667 0.666666666666667 0.5
30129 2 2 2 2 1 1 1
30132 10 2 2 10 0.2 1 0.2
30374 2 1 0 3 0 0 0
30653 18 3 1 20 0.0555555555555556 0.333333333333333 0.05
30834 5 2 2 5 0.4 1 0.4
30913 19 3 1 21 0.0526315789473684 0.333333333333333 0.0476190476190476
31065 2 2 0 4 0 0 0
31103 3 3 0 6 0 0 0
31127 3 1 1 3 0.333333333333333 1 0.333333333333333
31246 6 1 1 6 0.166666666666667 1 0.166666666666667
31265 1 1 1 1 1 1 1
31283 62 2 2 62 0.032258064516129 1 0.032258064516129
31333 8 1 1 8 0.125 1 0.125
31383 20 9 5 24 0.25 0.555555555555556 0.208333333333333
3140 1 1 1 1 1 1 1
31424 10 1 1 10 0.1 1 0.1
31458 43 2 1 44 0.0232558139534884 0.5 0.0227272727272727
31477 51 1 1 51 0.0196078431372549 1 0.0196078431372549
31479 6 1 1 6 0.166666666666667 1 0.166666666666667
31708 5 2 2 5 0.4 1 0.4
31859 2 1 0 3 0 0 0
31985 7 1 0 8 0 0 0
32034 5 2 1 6 0.2 0.5 0.166666666666667
3212 47 1 1 47 0.0212765957446809 1 0.0212765957446809
3213 139 7 7 139 0.0503597122302158 1 0.0503597122302158
3221 2 1 1 2 0.5 1 0.5
3224 1 1 1 1 1 1 1
32361 7 1 1 7 0.142857142857143 1 0.142857142857143
3243 14 4 2 16 0.142857142857143 0.5 0.125
32459 3 1 1 3 0.333333333333333 1 0.333333333333333
3246 130 18 14 134 0.107692307692308 0.777777777777778 0.104477611940299
3248 38 13 7 44 0.184210526315789 0.538461538461538 0.159090909090909
3249 46 8 5 49 0.108695652173913 0.625 0.102040816326531
3257 374 156 71 459 0.189839572192513 0.455128205128205 0.154684095860566
3265 58 12 7 63 0.120689655172414 0.583333333333333 0.111111111111111
3277 102 1 0 103 0 0 0
3292 299 7 5 301 0.0167224080267559 0.714285714285714 0.0166112956810631
32978 3 1 1 3 0.333333333333333 1 0.333333333333333
3301 53 2 1 54 0.0188679245283019 0.5 0.0185185185185185
3303 379 2 1 380 0.00263852242744063 0.5 0.00263157894736842
3320 432 12 7 437 0.0162037037037037 0.583333333333333 0.0160183066361556
3327 305 11 10 306 0.0327868852459016 0.909090909090909 0.0326797385620915
3333 143 5 3 145 0.020979020979021 0.6 0.0206896551724138
3343 18 6 3 21 0.166666666666667 0.5 0.142857142857143
33437 1 8 1 8 1 0.125 0.125
3344 26 13 8 31 0.307692307692308 0.615384615384615 0.258064516129032
3352 60 3 2 61 0.0333333333333333 0.666666666666667 0.0327868852459016
3356 1375 35 28 1382 0.0203636363636364 0.8 0.020260492040521
33843 25 6 3 28 0.12 0.5 0.107142857142857
34081 2 1 1 2 0.5 1 0.5
34159 6 1 1 6 0.166666666666667 1 0.166666666666667
34225 27 2 2 27 0.0740740740740741 1 0.0740740740740741
34243 1 1 1 1 1 1 1
34288 6 3 2 7 0.333333333333333 0.666666666666667 0.285714285714286
34309 23 9 4 28 0.173913043478261 0.444444444444444 0.142857142857143
34419 6 2 1 7 0.166666666666667 0.5 0.142857142857143
34631 3 2 2 3 0.666666666666667 1 0.666666666666667
34763 58 4 0 62 0 0 0
35003 2 1 1 2 0.5 1 0.5
35244 17 9 6 20 0.352941176470588 0.666666666666667 0.3
35272 10 1 1 10 0.1 1 0.1
35425 6 1 1 6 0.166666666666667 1 0.166666666666667
35485 5 3 3 5 0.6 1 0.6
3549 919 65 48 936 0.0522306855277476 0.738461538461539 0.0512820512820513
35492 3 1 1 3 0.333333333333333 1 0.333333333333333
3551 1 1 0 2 0 0 0
3557 87 26 15 98 0.172413793103448 0.576923076923077 0.153061224489796
35612 3 2 0 5 0 0 0
35627 4 2 2 4 0.5 1 0.5
35706 13 4 2 15 0.153846153846154 0.5 0.133333333333333
3597 9 1 1 9 0.111111111111111 1 0.111111111111111
3640 4 1 1 4 0.25 1 0.25
3662 13 1 1 13 0.0769230769230769 1 0.0769230769230769
3681 3 1 1 3 0.333333333333333 1 0.333333333333333
36810 2 1 0 3 0 0 0
3741 234 1 0 235 0 0 0
3758 37 5 0 42 0 0 0
376 14 1 1 14 0.0714285714285714 1 0.0714285714285714
378 3 1 1 3 0.333333333333333 1 0.333333333333333
3790 2 1 1 2 0.5 1 0.5
38018 8 3 3 8 0.375 1 0.375
38022 12 3 3 12 0.25 1 0.25
38083 2 1 1 2 0.5 1 0.5
38128 1 1 0 2 0 0 0
38140 2 1 1 2 0.5 1 0.5
3825 1 3 0 4 0 0 0
38299 1 1 1 1 1 1 1
3836 6 7 1 12 0.166666666666667 0.142857142857143 0.0833333333333333
38462 1 1 1 1 1 1 1
38986 3 1 1 3 0.333333333333333 1 0.333333333333333
39122 4 1 1 4 0.25 1 0.25
39211 1 1 1 1 1 1 1
39301 2 1 1 2 0.5 1 0.5
39854 1 1 0 2 0 0 0
3999 1 1 1 1 1 1 1
40220 11 2 2 11 0.181818181818182 1 0.181818181818182
40490 2 1 0 3 0 0 0
41075 1 1 0 2 0 0 0
41102 1 10 1 10 1 0.1 0.1
4134 69 2 0 71 0 0 0
41670 1 1 0 2 0 0 0
41773 1 1 1 1 1 1 1
42 83 2 2 83 0.0240963855421687 1 0.0240963855421687
4436 94 10 9 95 0.0957446808510638 0.9 0.0947368421052632
4538 17 6 4 19 0.235294117647059 0.666666666666667 0.210526315789474
4555 1 3 0 4 0 0 0
4589 669 50 45 674 0.0672645739910314 0.9 0.0667655786350148
4608 3 2 1 4 0.333333333333333 0.5 0.25
4618 15 4 1 18 0.0666666666666667 0.25 0.0555555555555556
4621 28 3 2 29 0.0714285714285714 0.666666666666667 0.0689655172413793
4635 71 9 8 72 0.112676056338028 0.888888888888889 0.111111111111111
4645 14 1 1 14 0.0714285714285714 1 0.0714285714285714
4651 31 5 4 32 0.129032258064516 0.8 0.125
4673 8 1 1 8 0.125 1 0.125
4675 6 6 2 10 0.333333333333333 0.333333333333333 0.2
4677 5 7 2 10 0.4 0.285714285714286 0.2
4678 8 7 3 12 0.375 0.428571428571429 0.25
4680 10 6 2 14 0.2 0.333333333333333 0.142857142857143
4685 8 6 3 11 0.375 0.5 0.272727272727273
4688 10 6 3 13 0.3 0.5 0.230769230769231
4691 8 12 3 17 0.375 0.25 0.176470588235294
4697 1 16 1 16 1 0.0625 0.0625
4702 5 4 2 7 0.4 0.5 0.285714285714286
4713 85 5 4 86 0.0470588235294118 0.8 0.0465116279069767
4716 86 25 10 101 0.116279069767442 0.4 0.099009900990099
4717 4 2 2 4 0.5 1 0.5
4718 2 4 0 6 0 0 0
4721 11 6 1 16 0.0909090909090909 0.166666666666667 0.0625
4725 124 27 10 141 0.0806451612903226 0.37037037037037 0.0709219858156028
4738 1 1 1 1 1 1 1
4747 7 2 0 9 0 0 0
4750 45 2 0 47 0 0 0
4761 37 3 2 38 0.0540540540540541 0.666666666666667 0.0526315789473684
4768 21 1 1 21 0.0476190476190476 1 0.0476190476190476
4775 42 2 1 43 0.0238095238095238 0.5 0.0232558139534884
4777 26 6 4 28 0.153846153846154 0.666666666666667 0.142857142857143
4780 27 2 1 28 0.037037037037037 0.5 0.0357142857142857
4782 3 1 0 4 0 0 0
4787 7 7 0 14 0 0 0
4788 95 9 4 100 0.0421052631578947 0.444444444444444 0.04
4795 32 8 2 38 0.0625 0.25 0.0526315789473684
4818 3 1 0 4 0 0 0
5050 18 2 2 18 0.111111111111111 1 0.111111111111111
513 40 7 5 42 0.125 0.714285714285714 0.119047619047619
5381 13 2 1 14 0.0769230769230769 0.5 0.0714285714285714
5385 12 8 4 16 0.333333333333333 0.5 0.25
5401 4 2 1 5 0.25 0.5 0.2
5408 29 1 1 29 0.0344827586206897 1 0.0344827586206897
5410 54 5 1 58 0.0185185185185185 0.2 0.0172413793103448
5413 189 2 1 190 0.00529100529100529 0.5 0.00526315789473684
5417 162 21 17 166 0.104938271604938 0.80952380952381 0.102409638554217
5418 7 1 1 7 0.142857142857143 1 0.142857142857143
5430 74 17 15 76 0.202702702702703 0.882352941176471 0.197368421052632
5459 227 9 9 227 0.039647577092511 1 0.039647577092511
5466 71 2 1 72 0.0140845070422535 0.5 0.0138888888888889
5486 39 2 0 41 0 0 0
5511 163 19 14 168 0.0858895705521472 0.736842105263158 0.0833333333333333
553 42 13 9 46 0.214285714285714 0.692307692307692 0.195652173913043
5533 11 5 2 14 0.181818181818182 0.4 0.142857142857143
5537 28 2 1 29 0.0357142857142857 0.5 0.0344827586206897
5539 33 38 13 58 0.393939393939394 0.342105263157895 0.224137931034483
5549 3 2 2 3 0.666666666666667 1 0.666666666666667
5550 4 2 1 5 0.25 0.5 0.2
557 6 1 1 6 0.166666666666667 1 0.166666666666667
559 57 15 14 58 0.245614035087719 0.933333333333333 0.241379310344828
5602 15 3 1 17 0.0666666666666667 0.333333333333333 0.0588235294117647
5609 2 10 0 12 0 0 0
5669 32 2 0 34 0 0 0
57 20 2 2 20 0.1 1 0.1
5713 128 2 1 129 0.0078125 0.5 0.00775193798449612
5786 2 1 1 2 0.5 1 0.5
6057 5 1 0 6 0 0 0
6062 9 2 0 11 0 0 0
6066 3 1 0 4 0 0 0
6083 25 6 4 27 0.16 0.666666666666667 0.148148148148148
6140 102 1 0 103 0 0 0
6163 10 2 0 12 0 0 0
6182 1 1 1 1 1 1 1
6263 3 1 1 3 0.333333333333333 1 0.333333333333333
6320 298 1 0 299 0 0 0
6342 4 1 0 5 0 0 0
6360 10 2 2 10 0.2 1 0.2
6435 3 8 0 11 0 0 0
6453 415 48 35 428 0.0843373493975904 0.729166666666667 0.0817757009345794
6509 41 5 5 41 0.121951219512195 1 0.121951219512195
65100 1 1 1 1 1 1 1
65500 4 1 0 5 0 0 0
6596 22 1 1 22 0.0454545454545455 1 0.0454545454545455
6619 13 2 1 14 0.0769230769230769 0.5 0.0714285714285714
6629 2 1 1 2 0.5 1 0.5
6648 25 2 1 26 0.04 0.5 0.0384615384615385
6666 38 16 10 44 0.263157894736842 0.625 0.227272727272727
6667 467 81 78 470 0.167023554603854 0.962962962962963 0.165957446808511
668 37 5 2 40 0.0540540540540541 0.4 0.05
6695 145 14 13 146 0.0896551724137931 0.928571428571429 0.089041095890411
6696 9 3 2 10 0.222222222222222 0.666666666666667 0.2
6706 7 3 2 8 0.285714285714286 0.666666666666667 0.25
6730 617 5 5 617 0.00810372771474878 1 0.00810372771474878
6762 134 25 19 140 0.141791044776119 0.76 0.135714285714286
6770 42 13 8 47 0.19047619047619 0.615384615384615 0.170212765957447
6772 13 4 4 13 0.307692307692308 1 0.307692307692308
6774 80 11 10 81 0.125 0.909090909090909 0.123456790123457
6775 5 1 1 5 0.2 1 0.2
680 55 12 10 57 0.181818181818182 0.833333333333333 0.175438596491228
6802 8 1 1 8 0.125 1 0.125
6830 138 63 23 178 0.166666666666667 0.365079365079365 0.129213483146067
6881 68 1 1 68 0.0147058823529412 1 0.0147058823529412
6882 3 1 1 3 0.333333333333333 1 0.333333333333333
6895 6 1 1 6 0.166666666666667 1 0.166666666666667
6939 560 36 15 581 0.0267857142857143 0.416666666666667 0.0258175559380379
701 2660 3 2 2661 0.00075187969924812 0.666666666666667 0.000751597143930853
7018 2083 6 4 2085 0.00192030724915987 0.666666666666667 0.00191846522781775
7019 1 1 1 1 1 1 1
7065 16 3 1 18 0.0625 0.333333333333333 0.0555555555555556
7066 23 3 3 23 0.130434782608696 1 0.130434782608696
719 11 2 1 12 0.0909090909090909 0.5 0.0833333333333333
7377 3 1 0 4 0 0 0
7470 27 1 1 27 0.037037037037037 1 0.037037037037037
7500 66 4 2 68 0.0303030303030303 0.5 0.0294117647058824
7514 20 8 5 23 0.25 0.625 0.217391304347826
7516 3 1 0 4 0 0 0
7521 4 2 1 5 0.25 0.5 0.2
7522 6 7 2 11 0.333333333333333 0.285714285714286 0.181818181818182
7530 2 3 0 5 0 0 0
7539 25 8 6 27 0.24 0.75 0.222222222222222
7570 1 4 1 4 1 0.25 0.25
7575 386 68 63 391 0.163212435233161 0.926470588235294 0.161125319693095
7610 18 2 0 20 0 0 0
766 18 5 5 18 0.277777777777778 1 0.277777777777778
7660 38 28 15 51 0.394736842105263 0.535714285714286 0.294117647058824
7665 2 1 1 2 0.5 1 0.5
7667 3 1 0 4 0 0 0
7668 9 1 0 10 0 0 0
7670 20 2 1 21 0.05 0.5 0.0476190476190476
7671 4 33 3 34 0.75 0.0909090909090909 0.0882352941176471
7682 9 3 2 10 0.222222222222222 0.666666666666667 0.2
7687 4 1 1 4 0.25 1 0.25
7753 5 1 0 6 0 0 0
7781 3 3 1 5 0.333333333333333 0.333333333333333 0.2
7786 7 1 0 8 0 0 0
786 45 7 2 50 0.0444444444444444 0.285714285714286 0.04
790 1 1 1 1 1 1 1
7908 35 3 1 37 0.0285714285714286 0.333333333333333 0.027027027027027
7949 8 2 0 10 0 0 0
8002 37 4 3 38 0.0810810810810811 0.75 0.0789473684210526
8018 2 1 1 2 0.5 1 0.5
81 16 1 1 16 0.0625 1 0.0625
8121 38 5 3 40 0.0789473684210526 0.6 0.075
8195 75 7 6 76 0.08 0.857142857142857 0.0789473684210526
8201 9 2 1 10 0.111111111111111 0.5 0.1
8220 526 13 12 527 0.0228136882129278 0.923076923076923 0.0227703984819734
8224 7 3 2 8 0.285714285714286 0.666666666666667 0.25
8226 2 2 0 4 0 0 0
8237 6 2 2 6 0.333333333333333 1 0.333333333333333
8246 153 1 0 154 0 0 0
8256 1 1 1 1 1 1 1
8267 2 1 1 2 0.5 1 0.5
8282 12 1 0 13 0 0 0
8319 27 11 7 31 0.259259259259259 0.636363636363636 0.225806451612903
8364 10 1 0 11 0 0 0
8365 74 17 12 79 0.162162162162162 0.705882352941177 0.151898734177215
8368 13 2 2 13 0.153846153846154 1 0.153846153846154
8387 13 1 1 13 0.0769230769230769 1 0.0769230769230769
8419 197 4 3 198 0.0152284263959391 0.75 0.0151515151515152
8422 96 7 2 101 0.0208333333333333 0.285714285714286 0.0198019801980198
8426 234 11 8 237 0.0341880341880342 0.727272727272727 0.0337552742616034
8447 343 19 16 346 0.0466472303206997 0.842105263157895 0.046242774566474
8469 32 9 7 34 0.21875 0.777777777777778 0.205882352941176
8473 21 4 2 23 0.0952380952380952 0.5 0.0869565217391304
8481 3 1 0 4 0 0 0
8489 5 3 1 7 0.2 0.333333333333333 0.142857142857143
8495 8 1 1 8 0.125 1 0.125
8501 32 10 10 32 0.3125 1 0.3125
8508 5 1 1 5 0.2 1 0.2
8517 17 1 1 17 0.0588235294117647 1 0.0588235294117647
852 135 1 1 135 0.00740740740740741 1 0.00740740740740741
8527 17 2 2 17 0.117647058823529 1 0.117647058823529
855 22 1 0 23 0 0 0
8560 67 16 12 71 0.17910447761194 0.75 0.169014084507042
8565 9 1 0 10 0 0 0
8586 66 4 3 67 0.0454545454545455 0.75 0.0447761194029851
8591 24 6 3 27 0.125 0.5 0.111111111111111
8657 92 3 2 93 0.0217391304347826 0.666666666666667 0.021505376344086
8664 17 2 1 18 0.0588235294117647 0.5 0.0555555555555556
8665 18 12 6 24 0.333333333333333 0.5 0.25
8674 45 4 3 46 0.0666666666666667 0.75 0.0652173913043478
8728 1 1 1 1 1 1 1
8737 36 8 4 40 0.111111111111111 0.5 0.1
8758 8 2 2 8 0.25 1 0.25
8763 132 33 31 134 0.234848484848485 0.939393939393939 0.23134328358209
8767 55 16 11 60 0.2 0.6875 0.183333333333333
8820 51 30 5 76 0.0980392156862745 0.166666666666667 0.0657894736842105
8881 156 6 5 157 0.032051282051282 0.833333333333333 0.0318471337579618
8897 53 10 6 57 0.113207547169811 0.6 0.105263157894737
8903 13 5 0 18 0 0 0
8943 19 3 2 20 0.105263157894737 0.666666666666667 0.1
8954 24 7 3 28 0.125 0.428571428571429 0.107142857142857
8966 74 1 1 74 0.0135135135135135 1 0.0135135135135135
8970 2 1 1 2 0.5 1 0.5
8975 67 3 2 68 0.0298507462686567 0.666666666666667 0.0294117647058824
8978 4 3 1 6 0.25 0.333333333333333 0.166666666666667
9009 144 15 10 149 0.0694444444444444 0.666666666666667 0.0671140939597315
9052 3 2 0 5 0 0 0
9080 10 3 2 11 0.2 0.666666666666667 0.181818181818182
9085 6 1 1 6 0.166666666666667 1 0.166666666666667
9112 8 1 1 8 0.125 1 0.125
9150 32 3 3 32 0.09375 1 0.09375
9153 32 3 3 32 0.09375 1 0.09375
9162 2 1 0 3 0 0 0
9264 61 43 10 94 0.163934426229508 0.232558139534884 0.106382978723404
9270 30 7 5 32 0.166666666666667 0.714285714285714 0.15625
9299 39 1 1 39 0.0256410256410256 1 0.0256410256410256
9316 36 1 0 37 0 0 0
9327 2 1 0 3 0 0 0
9340 10 3 0 13 0 0 0
9406 1 1 0 2 0 0 0
9416 15 1 0 16 0 0 0
9505 85 4 3 86 0.0352941176470588 0.75 0.0348837209302326
9534 3 1 1 3 0.333333333333333 1 0.333333333333333
9541 6 2 0 8 0 0 0
9583 34 1 0 35 0 0 0
9584 10 1 1 10 0.1 1 0.1
9595 10 3 2 11 0.2 0.666666666666667 0.181818181818182
9600 6 9 3 12 0.5 0.333333333333333 0.25
9607 5 2 0 7 0 0 0
9619 2 2 2 2 1 1 1
9621 3 7 1 9 0.333333333333333 0.142857142857143 0.111111111111111
9622 5 1 1 5 0.2 1 0.2
9687 2 1 1 2 0.5 1 0.5
9700 5 2 2 5 0.4 1 0.4
9758 1 1 0 2 0 0 0
9800 33 2 0 35 0 0 0
9821 2 2 2 2 1 1 1
9844 2 1 0 3 0 0 0
9875 5 2 1 6 0.2 0.5 0.166666666666667
9901 22 3 2 23 0.0909090909090909 0.666666666666667 0.0869565217391304
9919 15 1 0 16 0 0 0
9930 18 1 1 18 0.0555555555555556 1 0.0555555555555556
9931 21 1 1 21 0.0476190476190476 1 0.0476190476190476
9995 3 2 2 3 0.666666666666667 1 0.666666666666667
