#ASN num_v4adj num_v6adj num_intersect(v4v6adj) num_union(adj) fr_v4(num_intersect/num_v4adj) fr_v6(num_intersect/num_v6adj) fr_intersect(num_intersect/num_union)
10013 3 8 2 9 0.666666666666667 0.25 0.222222222222222
10015 11 1 0 12 0 0 0
101 45 1 1 45 0.0222222222222222 1 0.0222222222222222
10204 9 4 1 12 0.111111111111111 0.25 0.0833333333333333
10318 2 1 0 3 0 0 0
10429 36 2 2 36 0.0555555555555556 1 0.0555555555555556
10480 7 1 1 7 0.142857142857143 1 0.142857142857143
10569 1 1 1 1 1 1 1
10778 4 2 2 4 0.5 1 0.5
10886 31 2 2 31 0.0645161290322581 1 0.0645161290322581
109 9 11 1 19 0.111111111111111 0.0909090909090909 0.0526315789473684
1101 1 1 1 1 1 1 1
1103 160 44 41 163 0.25625 0.931818181818182 0.251533742331288
1125 1 1 1 1 1 1 1
1126 26 8 6 28 0.230769230769231 0.75 0.214285714285714
1133 1 1 1 1 1 1 1
11340 3 2 1 4 0.333333333333333 0.5 0.25
1140 23 3 1 25 0.0434782608695652 0.333333333333333 0.04
11537 76 40 27 89 0.355263157894737 0.675 0.303370786516854
11588 13 1 1 13 0.0769230769230769 1 0.0769230769230769
11815 2 1 0 3 0 0 0
11960 4 3 3 4 0.75 1 0.75
11990 4 1 0 5 0 0 0
1200 29 10 6 33 0.206896551724138 0.6 0.181818181818182
12008 27 1 1 27 0.037037037037037 1 0.037037037037037
12046 2 1 1 2 0.5 1 0.5
1207 1 1 1 1 1 1 1
12111 26 1 1 26 0.0384615384615385 1 0.0384615384615385
1213 3 2 2 3 0.666666666666667 1 0.666666666666667
12199 1 2 0 3 0 0 0
1221 85 6 1 90 0.0117647058823529 0.166666666666667 0.0111111111111111
12312 26 1 1 26 0.0384615384615385 1 0.0384615384615385
12337 35 13 10 38 0.285714285714286 0.769230769230769 0.263157894736842
12353 5 6 1 10 0.2 0.166666666666667 0.1
12355 16 5 4 17 0.25 0.8 0.235294117647059
1237 27 2 1 28 0.037037037037037 0.5 0.0357142857142857
12371 2 1 0 3 0 0 0
12386 10 2 2 10 0.2 1 0.2
12401 9 4 2 11 0.222222222222222 0.5 0.181818181818182
12414 33 10 7 36 0.212121212121212 0.7 0.194444444444444
12429 23 1 1 23 0.0434782608695652 1 0.0434782608695652
1251 7 1 1 7 0.142857142857143 1 0.142857142857143
12533 2 2 0 4 0 0 0
1257 160 5 1 164 0.00625 0.2 0.00609756097560976
12600 12 1 1 12 0.0833333333333333 1 0.0833333333333333
12611 36 12 8 40 0.222222222222222 0.666666666666667 0.2
12634 30 11 7 34 0.233333333333333 0.636363636363636 0.205882352941176
12635 8 1 0 9 0 0 0
12637 3 3 0 6 0 0 0
12638 2 3 0 5 0 0 0
12657 2 2 1 3 0.5 0.5 0.333333333333333
1273 309 68 41 336 0.132686084142395 0.602941176470588 0.12202380952381
12731 34 8 5 37 0.147058823529412 0.625 0.135135135135135
12732 16 3 1 18 0.0625 0.333333333333333 0.0555555555555556
12741 45 1 0 46 0 0 0
12767 7 1 0 8 0 0 0
12769 7 1 1 7 0.142857142857143 1 0.142857142857143
12779 62 17 9 70 0.145161290322581 0.529411764705882 0.128571428571429
12793 258 1 0 259 0 0 0
12816 2 1 1 2 0.5 1 0.5
12817 2 1 1 2 0.5 1 0.5
12853 1 4 0 5 0 0 0
12859 299 66 59 306 0.197324414715719 0.893939393939394 0.19281045751634
12871 29 14 9 34 0.310344827586207 0.642857142857143 0.264705882352941
12895 5 1 1 5 0.2 1 0.2
12902 33 11 9 35 0.272727272727273 0.818181818181818 0.257142857142857
12931 3 3 0 6 0 0 0
12956 142 10 9 143 0.0633802816901408 0.9 0.0629370629370629
12968 78 6 2 82 0.0256410256410256 0.333333333333333 0.024390243902439
12989 120 6 5 121 0.0416666666666667 0.833333333333333 0.0413223140495868
1299 397 23 20 400 0.0503778337531486 0.869565217391304 0.05
13 2 1 1 2 0.5 1 0.5
13030 508 1 1 508 0.00196850393700787 1 0.00196850393700787
13041 6 1 1 6 0.166666666666667 1 0.166666666666667
13046 16 1 1 16 0.0625 1 0.0625
13092 3 1 1 3 0.333333333333333 1 0.333333333333333
13110 5 3 2 6 0.4 0.666666666666667 0.333333333333333
13115 4 1 0 5 0 0 0
13189 18 1 1 18 0.0555555555555556 1 0.0555555555555556
13193 45 13 6 52 0.133333333333333 0.461538461538462 0.115384615384615
13237 453 8 8 453 0.0176600441501104 1 0.0176600441501104
13272 1 1 1 1 1 1 1
13645 143 12 10 145 0.0699300699300699 0.833333333333333 0.0689655172413793
13657 4 2 0 6 0 0 0
137 11 2 2 11 0.181818181818182 1 0.181818181818182
13944 2 8 0 10 0 0 0
14277 10 11 2 19 0.2 0.181818181818182 0.105263157894737
145 4 5 0 9 0 0 0
14595 2 1 0 3 0 0 0
14654 3 1 0 4 0 0 0
15169 78 4 1 81 0.0128205128205128 0.25 0.0123456790123457
15440 5 1 0 6 0 0 0
15444 255 28 22 261 0.0862745098039216 0.785714285714286 0.0842911877394636
15469 2 1 0 3 0 0 0
15501 2 2 2 2 1 1 1
15589 33 8 1 40 0.0303030303030303 0.125 0.025
15623 21 3 2 22 0.0952380952380952 0.666666666666667 0.0909090909090909
15685 8 3 3 8 0.375 1 0.375
15694 42 1 1 42 0.0238095238095238 1 0.0238095238095238
15706 3 2 1 4 0.333333333333333 0.5 0.25
15725 2 3 1 4 0.5 0.333333333333333 0.25
15782 8 1 1 8 0.125 1 0.125
15798 2 1 0 3 0 0 0
15837 160 4 3 161 0.01875 0.75 0.0186335403726708
15982 8 3 0 11 0 0 0
16004 9 3 1 11 0.111111111111111 0.333333333333333 0.0909090909090909
16023 4 1 0 5 0 0 0
16030 42 8 7 43 0.166666666666667 0.875 0.162790697674419
16034 232 8 5 235 0.021551724137931 0.625 0.0212765957446809
16086 26 7 4 29 0.153846153846154 0.571428571428571 0.137931034482759
16091 1 1 0 2 0 0 0
16128 12 3 3 12 0.25 1 0.25
16131 27 8 3 32 0.111111111111111 0.375 0.09375
16150 284 11 7 288 0.0246478873239437 0.636363636363636 0.0243055555555556
16186 44 9 5 48 0.113636363636364 0.555555555555556 0.104166666666667
16215 166 28 26 168 0.156626506024096 0.928571428571429 0.154761904761905
16237 26 4 2 28 0.0769230769230769 0.5 0.0714285714285714
16245 17 3 2 18 0.117647058823529 0.666666666666667 0.111111111111111
16260 18 1 1 18 0.0555555555555556 1 0.0555555555555556
16265 46 1 0 47 0 0 0
16276 50 2 2 50 0.04 1 0.04
16316 4 1 1 4 0.25 1 0.25
16397 8 1 0 9 0 0 0
1653 26 2 1 27 0.0384615384615385 0.5 0.037037037037037
16531 12 1 0 13 0 0 0
1659 10 2 1 11 0.1 0.5 0.0909090909090909
16713 27 2 0 29 0 0 0
16838 11 2 0 13 0 0 0
16942 2 2 0 4 0 0 0
16993 2 1 0 3 0 0 0
17263 4 1 0 5 0 0 0
1741 10 2 2 10 0.2 1 0.2
17435 2 1 0 3 0 0 0
17511 8 3 0 11 0 0 0
17527 3 5 0 8 0 0 0
17529 6 1 0 7 0 0 0
17579 9 3 3 9 0.333333333333333 1 0.333333333333333
17676 32 6 2 36 0.0625 0.333333333333333 0.0555555555555556
17716 3 1 1 3 0.333333333333333 1 0.333333333333333
17828 3 1 0 4 0 0 0
17832 6 13 1 18 0.166666666666667 0.0769230769230769 0.0555555555555556
17843 2 1 1 2 0.5 1 0.5
17853 1 1 0 2 0 0 0
17934 2 6 1 7 0.5 0.166666666666667 0.142857142857143
17935 1 2 0 3 0 0 0
17956 3 1 0 4 0 0 0
1797 2 3 2 3 1 0.666666666666667 0.666666666666667
1798 4 3 0 7 0 0 0
18015 2 2 2 2 1 1 1
18062 4 2 2 4 0.5 1 0.5
18119 1 1 0 2 0 0 0
18126 3 1 1 3 0.333333333333333 1 0.333333333333333
18185 3 2 1 4 0.333333333333333 0.5 0.25
18266 4 1 1 4 0.25 1 0.25
18288 3 1 1 3 0.333333333333333 1 0.333333333333333
1835 7 2 2 7 0.285714285714286 1 0.285714285714286
18422 5 1 1 5 0.2 1 0.2
1853 94 12 9 97 0.0957446808510638 0.75 0.0927835051546392
18592 24 7 7 24 0.291666666666667 1 0.291666666666667
18666 2 2 0 4 0 0 0
1879 1 1 0 2 0 0 0
1880 12 4 2 14 0.166666666666667 0.5 0.142857142857143
1881 2 1 1 2 0.5 1 0.5
1887 5 1 1 5 0.2 1 0.2
1888 1 1 1 1 1 1 1
1897 1 1 0 2 0 0 0
1901 80 3 1 82 0.0125 0.333333333333333 0.0121951219512195
1916 18 6 4 20 0.222222222222222 0.666666666666667 0.2
1930 6 6 2 10 0.333333333333333 0.333333333333333 0.2
19401 8 2 1 9 0.125 0.5 0.111111111111111
195 7 1 1 7 0.142857142857143 1 0.142857142857143
1955 10 1 1 10 0.1 1 0.1
19782 7 1 1 7 0.142857142857143 1 0.142857142857143
20080 9 3 2 10 0.222222222222222 0.666666666666667 0.2
20312 4 1 1 4 0.25 1 0.25
2042 13 10 1 22 0.0769230769230769 0.1 0.0454545454545455
20473 7 1 0 8 0 0 0
20495 48 7 5 50 0.104166666666667 0.714285714285714 0.1
20569 7 2 1 8 0.142857142857143 0.5 0.125
20597 1 1 0 2 0 0 0
20612 4 1 1 4 0.25 1 0.25
20621 2 1 1 2 0.5 1 0.5
20640 201 61 52 210 0.258706467661692 0.852459016393443 0.247619047619048
20646 48 18 12 54 0.25 0.666666666666667 0.222222222222222
20650 7 1 1 7 0.142857142857143 1 0.142857142857143
20704 16 5 3 18 0.1875 0.6 0.166666666666667
20712 8 1 0 9 0 0 0
20718 25 7 4 28 0.16 0.571428571428571 0.142857142857143
20745 1 3 0 4 0 0 0
20794 3 2 0 5 0 0 0
20834 35 5 1 39 0.0285714285714286 0.2 0.0256410256410256
20847 34 9 7 36 0.205882352941176 0.777777777777778 0.194444444444444
209 1169 7 3 1173 0.00256629597946963 0.428571428571429 0.00255754475703325
20900 1 1 0 2 0 0 0
20912 3 4 0 7 0 0 0
20965 45 36 35 46 0.777777777777778 0.972222222222222 0.760869565217391
210 8 1 1 8 0.125 1 0.125
2107 1 1 1 1 1 1 1
2108 1 1 1 1 1 1 1
2110 44 8 1 51 0.0227272727272727 0.125 0.0196078431372549
21119 7 1 1 7 0.142857142857143 1 0.142857142857143
21155 43 14 9 48 0.209302325581395 0.642857142857143 0.1875
2116 28 2 2 28 0.0714285714285714 1 0.0714285714285714
21221 23 10 6 27 0.260869565217391 0.6 0.222222222222222
2128 2 1 1 2 0.5 1 0.5
21385 38 10 8 40 0.210526315789474 0.8 0.2
2153 37 8 8 37 0.216216216216216 1 0.216216216216216
21947 19 1 1 19 0.0526315789473684 1 0.0526315789473684
2200 44 3 3 44 0.0681818181818182 1 0.0681818181818182
22166 2 1 0 3 0 0 0
22335 28 2 1 29 0.0357142857142857 0.5 0.0344827586206897
22388 4 3 3 4 0.75 1 0.75
224 7 6 2 11 0.285714285714286 0.333333333333333 0.181818181818182
22548 21 3 2 22 0.0952380952380952 0.666666666666667 0.0909090909090909
226 19 1 1 19 0.0526315789473684 1 0.0526315789473684
22767 2 1 1 2 0.5 1 0.5
23393 31 4 2 33 0.0645161290322581 0.5 0.0606060606060606
23504 22 2 0 24 0 0 0
23554 3 1 1 3 0.333333333333333 1 0.333333333333333
23600 2 1 1 2 0.5 1 0.5
23624 2 1 1 2 0.5 1 0.5
23634 5 1 1 5 0.2 1 0.2
23754 1 1 0 2 0 0 0
23774 4 2 1 5 0.25 0.5 0.2
23775 2 1 0 3 0 0 0
23787 2 2 1 3 0.5 0.5 0.333333333333333
2381 27 3 2 28 0.0740740740740741 0.666666666666667 0.0714285714285714
23836 1 1 1 1 1 1 1
23902 1 2 0 3 0 0 0
23910 2 3 1 4 0.5 0.333333333333333 0.25
23911 1 2 1 2 1 0.5 0.5
23912 1 1 0 2 0 0 0
24 6 1 1 6 0.166666666666667 1 0.166666666666667
24218 7 1 0 8 0 0 0
24252 2 1 1 2 0.5 1 0.5
24287 4 2 2 4 0.5 1 0.5
24433 3 1 1 3 0.333333333333333 1 0.333333333333333
24489 4 3 3 4 0.75 1 0.75
24490 7 5 5 7 0.714285714285714 1 0.714285714285714
24586 15 4 3 16 0.2 0.75 0.1875
24587 52 14 7 59 0.134615384615385 0.5 0.11864406779661
24724 26 3 3 26 0.115384615384615 1 0.115384615384615
24730 37 6 4 39 0.108108108108108 0.666666666666667 0.102564102564103
24776 5 2 1 6 0.2 0.5 0.166666666666667
24875 25 10 5 30 0.2 0.5 0.166666666666667
2497 212 56 43 225 0.202830188679245 0.767857142857143 0.191111111111111
24973 1 1 0 2 0 0 0
250 12 3 2 13 0.166666666666667 0.666666666666667 0.153846153846154
2500 26 50 8 68 0.307692307692308 0.16 0.117647058823529
25058 2 2 2 2 1 1 1
2506 3 1 1 3 0.333333333333333 1 0.333333333333333
2510 13 6 3 16 0.230769230769231 0.5 0.1875
25108 13 4 1 16 0.0769230769230769 0.25 0.0625
25137 30 9 3 36 0.1 0.333333333333333 0.0833333333333333
2514 19 4 3 20 0.157894736842105 0.75 0.15
25152 40 7 4 43 0.1 0.571428571428571 0.0930232558139535
2516 296 44 32 308 0.108108108108108 0.727272727272727 0.103896103896104
2518 50 8 3 55 0.06 0.375 0.0545454545454545
2519 26 5 1 30 0.0384615384615385 0.2 0.0333333333333333
25208 6 1 0 7 0 0 0
25220 18 2 2 18 0.111111111111111 1 0.111111111111111
2523 6 1 1 6 0.166666666666667 1 0.166666666666667
25232 226 7 7 226 0.0309734513274336 1 0.0309734513274336
2527 9 6 2 13 0.222222222222222 0.333333333333333 0.153846153846154
25358 16 10 2 24 0.125 0.2 0.0833333333333333
25384 8 3 1 10 0.125 0.333333333333333 0.1
2549 2 2 1 3 0.5 0.5 0.333333333333333
25492 2 2 1 3 0.5 0.5 0.333333333333333
25538 2 1 0 3 0 0 0
25560 145 16 13 148 0.0896551724137931 0.8125 0.0878378378378378
2594 6 1 1 6 0.166666666666667 1 0.166666666666667
2595 4 1 1 4 0.25 1 0.25
2602 2 1 1 2 0.5 1 0.5
2603 34 11 8 37 0.235294117647059 0.727272727272727 0.216216216216216
2607 46 6 3 49 0.0652173913043478 0.5 0.0612244897959184
2611 44 12 9 47 0.204545454545455 0.75 0.191489361702128
2614 11 2 1 12 0.0909090909090909 0.5 0.0833333333333333
26415 18 3 0 21 0 0 0
26943 23 3 3 23 0.130434782608696 1 0.130434782608696
27319 26 2 2 26 0.0769230769230769 1 0.0769230769230769
27678 4 1 1 4 0.25 1 0.25
27725 1 1 1 1 1 1 1
27750 13 7 7 13 0.538461538461538 1 0.538461538461538
278 6 7 1 12 0.166666666666667 0.142857142857143 0.0833333333333333
2819 19 4 0 23 0 0 0
2847 2 2 1 3 0.5 0.5 0.333333333333333
28472 1 1 1 1 1 1 1
2852 7 3 3 7 0.428571428571429 1 0.428571428571429
286 302 11 10 303 0.033112582781457 0.909090909090909 0.033003300330033
2861 9 2 2 9 0.222222222222222 1 0.222222222222222
28678 1 1 1 1 1 1 1
28716 30 2 2 30 0.0666666666666667 1 0.0666666666666667
28725 5 1 1 5 0.2 1 0.2
28788 34 3 3 34 0.0882352941176471 1 0.0882352941176471
28814 1 1 1 1 1 1 1
2895 9 2 2 9 0.222222222222222 1 0.222222222222222
29009 1 1 1 1 1 1 1
2905 27 1 0 28 0 0 0
2907 66 6 3 69 0.0454545454545455 0.5 0.0434782608695652
29134 2 1 0 3 0 0 0
2914 514 124 65 573 0.126459143968872 0.524193548387097 0.113438045375218
2915 27 9 4 32 0.148148148148148 0.444444444444444 0.125
29208 17 3 1 19 0.0588235294117647 0.333333333333333 0.0526315789473684
29216 1 2 1 2 1 0.5 0.5
29243 2 1 1 2 0.5 1 0.5
29259 8 5 4 9 0.5 0.8 0.444444444444444
293 119 22 15 126 0.126050420168067 0.681818181818182 0.119047619047619
29317 1 1 0 2 0 0 0
29402 7 1 1 7 0.142857142857143 1 0.142857142857143
29422 4 1 1 4 0.25 1 0.25
29432 1 1 1 1 1 1 1
29449 4 4 1 7 0.25 0.25 0.142857142857143
29452 6 3 0 9 0 0 0
29527 38 6 4 40 0.105263157894737 0.666666666666667 0.1
29636 28 5 4 29 0.142857142857143 0.8 0.137931034482759
29670 2 2 0 4 0 0 0
29686 282 67 63 286 0.223404255319149 0.940298507462687 0.22027972027972
29748 25 2 2 25 0.08 1 0.08
29838 17 3 1 19 0.0588235294117647 0.333333333333333 0.0526315789473684
29877 6 3 2 7 0.333333333333333 0.666666666666667 0.285714285714286
29904 2 1 1 2 0.5 1 0.5
30071 18 74 11 81 0.611111111111111 0.148648648648649 0.135802469135802
30129 1 2 1 2 1 0.5 0.5
30132 8 2 2 8 0.25 1 0.25
30653 18 3 1 20 0.0555555555555556 0.333333333333333 0.05
3066 8 1 1 8 0.125 1 0.125
31065 2 2 0 4 0 0 0
31103 3 4 0 7 0 0 0
31246 6 1 1 6 0.166666666666667 1 0.166666666666667
31265 1 1 1 1 1 1 1
31283 19 3 2 20 0.105263157894737 0.666666666666667 0.1
31333 3 3 3 3 1 1 1
31383 15 7 4 18 0.266666666666667 0.571428571428571 0.222222222222222
31424 7 2 1 8 0.142857142857143 0.5 0.125
31458 30 1 0 31 0 0 0
31479 4 1 1 4 0.25 1 0.25
31859 2 1 0 3 0 0 0
31985 7 1 0 8 0 0 0
32034 7 2 1 8 0.142857142857143 0.5 0.125
3212 34 1 1 34 0.0294117647058824 1 0.0294117647058824
3213 103 3 3 103 0.029126213592233 1 0.029126213592233
3221 1 1 1 1 1 1 1
3243 13 5 1 17 0.0769230769230769 0.2 0.0588235294117647
32459 3 1 1 3 0.333333333333333 1 0.333333333333333
3246 401 15 15 401 0.0374064837905237 1 0.0374064837905237
3248 18 4 2 20 0.111111111111111 0.5 0.1
3249 38 6 2 42 0.0526315789473684 0.333333333333333 0.0476190476190476
3257 274 125 55 344 0.200729927007299 0.44 0.159883720930233
3265 34 16 7 43 0.205882352941176 0.4375 0.162790697674419
3268 2 1 1 2 0.5 1 0.5
3274 3 1 0 4 0 0 0
3292 312 12 10 314 0.032051282051282 0.833333333333333 0.0318471337579618
32978 3 1 1 3 0.333333333333333 1 0.333333333333333
33 8 13 3 18 0.375 0.230769230769231 0.166666666666667
3301 40 1 1 40 0.025 1 0.025
3303 594 25 24 595 0.0404040404040404 0.96 0.0403361344537815
3320 378 14 6 386 0.0158730158730159 0.428571428571429 0.0155440414507772
3322 4 1 1 4 0.25 1 0.25
3327 20 4 3 21 0.15 0.75 0.142857142857143
3333 141 29 26 144 0.184397163120567 0.896551724137931 0.180555555555556
3343 17 4 2 19 0.117647058823529 0.5 0.105263157894737
33437 1 6 1 6 1 0.166666666666667 0.166666666666667
3344 29 20 8 41 0.275862068965517 0.4 0.195121951219512
3352 60 3 1 62 0.0166666666666667 0.333333333333333 0.0161290322580645
3356 1312 20 18 1314 0.013719512195122 0.9 0.0136986301369863
33956 4 3 3 4 0.75 1 0.75
34081 1 1 1 1 1 1 1
34159 5 1 1 5 0.2 1 0.2
34243 1 1 1 1 1 1 1
34288 4 3 1 6 0.25 0.333333333333333 0.166666666666667
34465 9 2 1 10 0.111111111111111 0.5 0.1
34623 2 1 1 2 0.5 1 0.5
34631 2 1 1 2 0.5 1 0.5
34771 4 3 3 4 0.75 1 0.75
35244 15 3 2 16 0.133333333333333 0.666666666666667 0.125
35425 2 1 1 2 0.5 1 0.5
35485 6 1 1 6 0.166666666666667 1 0.166666666666667
3549 751 58 43 766 0.0572569906790945 0.741379310344828 0.0561357702349869
3551 1 1 0 2 0 0 0
3557 91 23 15 99 0.164835164835165 0.652173913043478 0.151515151515152
35612 1 2 0 3 0 0 0
3582 4 2 0 6 0 0 0
3597 9 3 1 11 0.111111111111111 0.333333333333333 0.0909090909090909
3640 4 1 1 4 0.25 1 0.25
3662 12 1 1 12 0.0833333333333333 1 0.0833333333333333
3741 213 1 0 214 0 0 0
3748 2 3 1 4 0.5 0.333333333333333 0.25
3758 35 6 0 41 0 0 0
376 10 1 1 10 0.1 1 0.1
3786 301 2 1 302 0.00332225913621262 0.5 0.0033112582781457
3790 2 1 1 2 0.5 1 0.5
3825 1 1 0 2 0 0 0
3836 7 9 0 16 0 0 0
3999 1 1 1 1 1 1 1
4134 62 1 0 63 0 0 0
42 68 2 2 68 0.0294117647058824 1 0.0294117647058824
4436 80 7 6 81 0.075 0.857142857142857 0.0740740740740741
4538 16 12 3 25 0.1875 0.25 0.12
4555 1 6 0 7 0 0 0
4589 177 29 17 189 0.096045197740113 0.586206896551724 0.0899470899470899
4608 3 1 1 3 0.333333333333333 1 0.333333333333333
4618 16 7 1 22 0.0625 0.142857142857143 0.0454545454545455
4621 23 2 1 24 0.0434782608695652 0.5 0.0416666666666667
4645 15 1 1 15 0.0666666666666667 1 0.0666666666666667
4651 25 4 1 28 0.04 0.25 0.0357142857142857
4673 8 1 1 8 0.125 1 0.125
4675 6 6 2 10 0.333333333333333 0.333333333333333 0.2
4677 4 8 3 9 0.75 0.375 0.333333333333333
4678 6 7 2 11 0.333333333333333 0.285714285714286 0.181818181818182
4680 9 6 2 13 0.222222222222222 0.333333333333333 0.153846153846154
4685 7 6 3 10 0.428571428571429 0.5 0.3
4688 9 7 3 13 0.333333333333333 0.428571428571429 0.230769230769231
4691 7 12 3 16 0.428571428571429 0.25 0.1875
4694 45 2 1 46 0.0222222222222222 0.5 0.0217391304347826
4697 1 22 1 22 1 0.0454545454545455 0.0454545454545455
4702 6 4 2 8 0.333333333333333 0.5 0.25
4713 82 5 5 82 0.0609756097560976 1 0.0609756097560976
4716 97 30 13 114 0.134020618556701 0.433333333333333 0.114035087719298
4717 4 2 2 4 0.5 1 0.5
4718 4 4 1 7 0.25 0.25 0.142857142857143
4721 10 6 0 16 0 0 0
4725 100 44 12 132 0.12 0.272727272727273 0.0909090909090909
4741 6 1 0 7 0 0 0
4747 9 3 0 12 0 0 0
4750 37 2 0 39 0 0 0
4774 2 2 2 2 1 1 1
4777 27 6 4 29 0.148148148148148 0.666666666666667 0.137931034482759
4780 25 2 1 26 0.04 0.5 0.0384615384615385
4782 2 1 0 3 0 0 0
4787 6 5 0 11 0 0 0
4788 87 6 2 91 0.0229885057471264 0.333333333333333 0.021978021978022
4795 26 3 0 29 0 0 0
4802 8 1 0 9 0 0 0
5050 11 5 4 12 0.363636363636364 0.8 0.333333333333333
513 34 5 4 35 0.117647058823529 0.8 0.114285714285714
5381 14 5 1 18 0.0714285714285714 0.2 0.0555555555555556
5385 10 9 2 17 0.2 0.222222222222222 0.117647058823529
5401 5 1 1 5 0.2 1 0.2
5408 29 2 2 29 0.0689655172413793 1 0.0689655172413793
5410 48 5 1 52 0.0208333333333333 0.2 0.0192307692307692
5417 171 34 29 176 0.169590643274854 0.852941176470588 0.164772727272727
5418 7 1 1 7 0.142857142857143 1 0.142857142857143
5430 67 15 12 70 0.17910447761194 0.8 0.171428571428571
5459 206 8 8 206 0.0388349514563107 1 0.0388349514563107
5466 59 1 0 60 0 0 0
5486 40 2 0 42 0 0 0
5511 157 18 17 158 0.10828025477707 0.944444444444444 0.107594936708861
553 41 12 10 43 0.24390243902439 0.833333333333333 0.232558139534884
5533 7 3 0 10 0 0 0
5539 33 37 15 55 0.454545454545455 0.405405405405405 0.272727272727273
5550 4 3 1 6 0.25 0.333333333333333 0.166666666666667
5568 87 3 3 87 0.0344827586206897 1 0.0344827586206897
559 57 16 14 59 0.245614035087719 0.875 0.23728813559322
5602 16 4 2 18 0.125 0.5 0.111111111111111
5609 2 14 0 16 0 0 0
5617 95 2 0 97 0 0 0
5623 1 3 0 4 0 0 0
5669 37 3 0 40 0 0 0
5693 7 2 1 8 0.142857142857143 0.5 0.125
5713 32 2 1 33 0.03125 0.5 0.0303030303030303
577 107 1 1 107 0.00934579439252336 1 0.00934579439252336
6057 7 3 1 9 0.142857142857143 0.333333333333333 0.111111111111111
6062 8 2 0 10 0 0 0
6066 3 1 0 4 0 0 0
6140 157 1 0 158 0 0 0
6163 9 2 0 11 0 0 0
6320 182 2 1 183 0.00549450549450549 0.5 0.00546448087431694
6342 4 1 0 5 0 0 0
6360 9 2 2 9 0.222222222222222 1 0.222222222222222
6435 3 16 0 19 0 0 0
6453 345 33 23 355 0.0666666666666667 0.696969696969697 0.0647887323943662
6461 705 4 4 705 0.00567375886524823 1 0.00567375886524823
6509 35 4 4 35 0.114285714285714 1 0.114285714285714
6596 24 1 1 24 0.0416666666666667 1 0.0416666666666667
6619 12 2 0 14 0 0 0
6666 30 9 5 34 0.166666666666667 0.555555555555556 0.147058823529412
6667 448 70 67 451 0.149553571428571 0.957142857142857 0.148558758314856
668 39 8 2 45 0.0512820512820513 0.25 0.0444444444444444
6695 102 3 3 102 0.0294117647058824 1 0.0294117647058824
6696 5 3 2 6 0.4 0.666666666666667 0.333333333333333
6706 4 3 2 5 0.5 0.666666666666667 0.4
6730 588 6 5 589 0.00850340136054422 0.833333333333333 0.00848896434634975
6762 142 20 16 146 0.112676056338028 0.8 0.10958904109589
6770 23 4 4 23 0.173913043478261 1 0.173913043478261
6772 11 3 3 11 0.272727272727273 1 0.272727272727273
6774 65 8 6 67 0.0923076923076923 0.75 0.0895522388059701
6775 5 2 2 5 0.4 1 0.4
680 46 11 9 48 0.195652173913043 0.818181818181818 0.1875
6802 7 2 2 7 0.285714285714286 1 0.285714285714286
6830 75 83 22 136 0.293333333333333 0.265060240963855 0.161764705882353
6881 7 1 1 7 0.142857142857143 1 0.142857142857143
6893 5 1 0 6 0 0 0
6895 8 1 1 8 0.125 1 0.125
6939 516 42 17 541 0.0329457364341085 0.404761904761905 0.0314232902033272
7018 2026 7 4 2029 0.00197433366238894 0.571428571428571 0.0019714144898965
7019 1 1 1 1 1 1 1
7065 9 2 1 10 0.111111111111111 0.5 0.1
719 11 1 1 11 0.0909090909090909 1 0.0909090909090909
7500 67 5 3 69 0.0447761194029851 0.6 0.0434782608695652
7514 20 9 5 24 0.25 0.555555555555556 0.208333333333333
7516 4 1 0 5 0 0 0
7521 4 3 1 6 0.25 0.333333333333333 0.166666666666667
7522 5 6 2 9 0.4 0.333333333333333 0.222222222222222
7530 2 4 0 6 0 0 0
7539 20 9 7 22 0.35 0.777777777777778 0.318181818181818
7570 6 1 1 6 0.166666666666667 1 0.166666666666667
7575 256 28 25 259 0.09765625 0.892857142857143 0.0965250965250965
7610 22 2 1 23 0.0454545454545455 0.5 0.0434782608695652
766 16 5 4 17 0.25 0.8 0.235294117647059
7660 37 29 16 50 0.432432432432432 0.551724137931034 0.32
7665 2 1 1 2 0.5 1 0.5
7667 3 1 0 4 0 0 0
7668 12 1 1 12 0.0833333333333333 1 0.0833333333333333
7670 16 2 2 16 0.125 1 0.125
7671 4 34 3 35 0.75 0.0882352941176471 0.0857142857142857
7682 12 3 2 13 0.166666666666667 0.666666666666667 0.153846153846154
7687 4 2 1 5 0.25 0.5 0.2
7786 4 1 0 5 0 0 0
786 43 6 1 48 0.0232558139534884 0.166666666666667 0.0208333333333333
790 2 1 1 2 0.5 1 0.5
8002 36 6 2 40 0.0555555555555556 0.333333333333333 0.05
8070 1 1 0 2 0 0 0
8121 32 3 1 34 0.03125 0.333333333333333 0.0294117647058824
8195 56 8 6 58 0.107142857142857 0.75 0.103448275862069
8220 772 13 12 773 0.0155440414507772 0.923076923076923 0.0155239327296248
8226 3 3 1 5 0.333333333333333 0.333333333333333 0.2
8237 8 5 2 11 0.25 0.4 0.181818181818182
8246 142 3 2 143 0.0140845070422535 0.666666666666667 0.013986013986014
8256 2 1 1 2 0.5 1 0.5
8267 2 1 1 2 0.5 1 0.5
8286 1 1 0 2 0 0 0
8319 28 12 7 33 0.25 0.583333333333333 0.212121212121212
8323 15 1 1 15 0.0666666666666667 1 0.0666666666666667
8364 9 1 1 9 0.111111111111111 1 0.111111111111111
8365 34 14 9 39 0.264705882352941 0.642857142857143 0.230769230769231
8419 29 4 1 32 0.0344827586206897 0.25 0.03125
8426 245 6 4 247 0.0163265306122449 0.666666666666667 0.0161943319838057
8447 313 15 13 315 0.0415335463258786 0.866666666666667 0.0412698412698413
8469 34 9 7 36 0.205882352941176 0.777777777777778 0.194444444444444
8472 1 8 0 9 0 0 0
8473 14 4 1 17 0.0714285714285714 0.25 0.0588235294117647
8481 2 1 0 3 0 0 0
8501 33 8 8 33 0.242424242424242 1 0.242424242424242
8517 16 1 1 16 0.0625 1 0.0625
8527 15 2 2 15 0.133333333333333 1 0.133333333333333
8560 56 17 12 61 0.214285714285714 0.705882352941177 0.19672131147541
8586 61 4 3 62 0.0491803278688525 0.75 0.0483870967741935
8591 24 6 4 26 0.166666666666667 0.666666666666667 0.153846153846154
8657 72 3 2 73 0.0277777777777778 0.666666666666667 0.0273972602739726
8664 9 2 0 11 0 0 0
8665 21 12 7 26 0.333333333333333 0.583333333333333 0.269230769230769
8674 48 3 3 48 0.0625 1 0.0625
8708 170 7 5 172 0.0294117647058824 0.714285714285714 0.0290697674418605
8728 1 1 1 1 1 1 1
8737 32 7 5 34 0.15625 0.714285714285714 0.147058823529412
8758 8 5 3 10 0.375 0.6 0.3
8763 132 32 30 134 0.227272727272727 0.9375 0.223880597014925
8767 36 7 5 38 0.138888888888889 0.714285714285714 0.131578947368421
8781 4 1 1 4 0.25 1 0.25
8881 140 2 2 140 0.0142857142857143 1 0.0142857142857143
8903 9 4 0 13 0 0 0
8921 1 2 0 3 0 0 0
8925 2 1 0 3 0 0 0
8943 16 2 1 17 0.0625 0.5 0.0588235294117647
8954 20 7 3 24 0.15 0.428571428571429 0.125
8966 47 1 1 47 0.0212765957446809 1 0.0212765957446809
8970 2 1 1 2 0.5 1 0.5
8975 56 3 2 57 0.0357142857142857 0.666666666666667 0.0350877192982456
9009 146 10 7 149 0.0479452054794521 0.7 0.0469798657718121
9052 4 2 1 5 0.25 0.5 0.2
9080 6 3 1 8 0.166666666666667 0.333333333333333 0.125
9085 6 1 0 7 0 0 0
9112 5 3 1 7 0.2 0.333333333333333 0.142857142857143
9150 22 2 2 22 0.0909090909090909 1 0.0909090909090909
9153 41 2 2 41 0.0487804878048781 1 0.0487804878048781
9162 2 1 0 3 0 0 0
9264 52 38 5 85 0.0961538461538462 0.131578947368421 0.0588235294117647
9270 31 6 5 32 0.161290322580645 0.833333333333333 0.15625
9299 38 1 1 38 0.0263157894736842 1 0.0263157894736842
9316 42 1 0 43 0 0 0
9406 1 1 0 2 0 0 0
9505 64 2 1 65 0.015625 0.5 0.0153846153846154
9583 26 1 0 27 0 0 0
9595 8 3 2 9 0.25 0.666666666666667 0.222222222222222
9600 6 9 2 13 0.333333333333333 0.222222222222222 0.153846153846154
9607 7 2 0 9 0 0 0
9612 1 3 0 4 0 0 0
9619 2 2 2 2 1 1 1
9621 3 7 1 9 0.333333333333333 0.142857142857143 0.111111111111111
9622 5 1 1 5 0.2 1 0.2
9687 2 1 1 2 0.5 1 0.5
9758 1 1 0 2 0 0 0
9821 2 1 1 2 0.5 1 0.5
9844 2 1 0 3 0 0 0
9901 25 2 0 27 0 0 0
9919 22 1 0 23 0 0 0
9995 3 2 2 3 0.666666666666667 1 0.666666666666667
