#ASN num_v4adj num_v6adj num_intersect(v4v6adj) num_union(adj) fr_v4(num_intersect/num_v4adj) fr_v6(num_intersect/num_v6adj) fr_intersect(num_intersect/num_union)
10013 1 2 1 2 1 0.5 0.5
10015 8 1 0 9 0 0 0
10021 17 2 2 17 0.117647058823529 1 0.117647058823529
10026 431 18 13 436 0.0301624129930394 0.722222222222222 0.0298165137614679
101 32 10 8 34 0.25 0.8 0.235294117647059
10105 2 1 0 3 0 0 0
102 4 1 1 4 0.25 1 0.25
10204 2 4 1 5 0.5 0.25 0.2
10217 19 2 2 19 0.105263157894737 1 0.105263157894737
10248 2 1 1 2 0.5 1 0.5
10310 148 9 6 151 0.0405405405405405 0.666666666666667 0.0397350993377483
10318 3 1 0 4 0 0 0
10326 7 1 1 7 0.142857142857143 1 0.142857142857143
10343 2 1 1 2 0.5 1 0.5
10405 3 1 0 4 0 0 0
10429 87 1 1 87 0.0114942528735632 1 0.0114942528735632
10466 28 3 3 28 0.107142857142857 1 0.107142857142857
10480 7 1 1 7 0.142857142857143 1 0.142857142857143
10490 31 5 3 33 0.0967741935483871 0.6 0.0909090909090909
10533 1 2 1 2 1 0.5 0.5
10565 11 1 1 11 0.0909090909090909 1 0.0909090909090909
10569 1 1 1 1 1 1 1
10578 27 5 5 27 0.185185185185185 1 0.185185185185185
10586 7 2 0 9 0 0 0
10745 2 8 0 10 0 0 0
10778 4 1 0 5 0 0 0
10835 18 1 1 18 0.0555555555555556 1 0.0555555555555556
10848 31 1 1 31 0.032258064516129 1 0.032258064516129
10886 41 18 9 50 0.219512195121951 0.5 0.18
109 21 4 0 25 0 0 0
10996 4 1 1 4 0.25 1 0.25
1101 1 1 1 1 1 1 1
1103 202 81 77 206 0.381188118811881 0.950617283950617 0.37378640776699
11051 13 1 1 13 0.0769230769230769 1 0.0769230769230769
11090 3 1 1 3 0.333333333333333 1 0.333333333333333
11096 41 2 2 41 0.0487804878048781 1 0.0487804878048781
111 2 2 1 3 0.5 0.5 0.333333333333333
11164 83 5 4 84 0.0481927710843374 0.8 0.0476190476190476
11170 1 2 0 3 0 0 0
1120 18 5 4 19 0.222222222222222 0.8 0.210526315789474
1125 3 3 3 3 1 1 1
1126 42 12 8 46 0.19047619047619 0.666666666666667 0.173913043478261
11260 23 2 2 23 0.0869565217391304 1 0.0869565217391304
11274 11 3 2 12 0.181818181818182 0.666666666666667 0.166666666666667
11279 3 1 1 3 0.333333333333333 1 0.333333333333333
11317 8 2 2 8 0.25 1 0.25
1132 2 2 2 2 1 1 1
11340 8 1 1 8 0.125 1 0.125
1140 34 11 7 38 0.205882352941176 0.636363636363636 0.184210526315789
11404 49 2 2 49 0.0408163265306122 1 0.0408163265306122
11457 7 1 0 8 0 0 0
11537 129 56 50 135 0.387596899224806 0.892857142857143 0.37037037037037
11588 5 1 1 5 0.2 1 0.2
11590 9 2 1 10 0.111111111111111 0.5 0.1
11666 235 9 8 236 0.0340425531914894 0.888888888888889 0.0338983050847458
11686 50 2 2 50 0.04 1 0.04
11694 3 2 2 3 0.666666666666667 1 0.666666666666667
11706 8 2 1 9 0.125 0.5 0.111111111111111
11734 4 1 0 5 0 0 0
11758 8 1 1 8 0.125 1 0.125
11815 4 1 0 5 0 0 0
11830 6 1 0 7 0 0 0
11847 7 1 0 8 0 0 0
11960 5 4 4 5 0.8 1 0.8
12 4 1 1 4 0.25 1 0.25
1200 51 15 11 55 0.215686274509804 0.733333333333333 0.2
12008 35 2 2 35 0.0571428571428571 1 0.0571428571428571
12041 46 21 15 52 0.326086956521739 0.714285714285714 0.288461538461538
12046 2 1 1 2 0.5 1 0.5
1206 1 1 1 1 1 1 1
1207 1 1 1 1 1 1 1
12111 25 1 1 25 0.04 1 0.04
12129 33 2 2 33 0.0606060606060606 1 0.0606060606060606
1213 7 5 5 7 0.714285714285714 1 0.714285714285714
12188 19 4 4 19 0.210526315789474 1 0.210526315789474
1221 126 2 0 128 0 0 0
1224 3 1 1 3 0.333333333333333 1 0.333333333333333
12251 4 1 1 4 0.25 1 0.25
12287 2 1 1 2 0.5 1 0.5
12293 3 2 2 3 0.666666666666667 1 0.666666666666667
12301 112 15 11 116 0.0982142857142857 0.733333333333333 0.0948275862068965
12306 83 18 15 86 0.180722891566265 0.833333333333333 0.174418604651163
12312 53 17 14 56 0.264150943396226 0.823529411764706 0.25
12316 3 1 1 3 0.333333333333333 1 0.333333333333333
12322 71 11 10 72 0.140845070422535 0.909090909090909 0.138888888888889
12329 10 1 1 10 0.1 1 0.1
12335 11 1 1 11 0.0909090909090909 1 0.0909090909090909
12337 55 53 19 89 0.345454545454545 0.358490566037736 0.213483146067416
12347 8 3 3 8 0.375 1 0.375
12348 22 1 1 22 0.0454545454545455 1 0.0454545454545455
12350 169 5 5 169 0.029585798816568 1 0.029585798816568
12353 4 2 2 4 0.5 1 0.5
12355 36 15 12 39 0.333333333333333 0.8 0.307692307692308
1237 33 4 2 35 0.0606060606060606 0.5 0.0571428571428571
12371 2 1 0 3 0 0 0
12374 4 1 1 4 0.25 1 0.25
12381 3 1 1 3 0.333333333333333 1 0.333333333333333
12386 14 3 3 14 0.214285714285714 1 0.214285714285714
1239 1495 4 0 1499 0 0 0
12399 373 1 1 373 0.00268096514745308 1 0.00268096514745308
12401 14 3 2 15 0.142857142857143 0.666666666666667 0.133333333333333
12414 48 15 11 52 0.229166666666667 0.733333333333333 0.211538461538462
12466 3 2 1 4 0.333333333333333 0.5 0.25
1248 13 13 7 19 0.538461538461538 0.538461538461538 0.368421052631579
12496 47 1 0 48 0 0 0
12502 3 2 1 4 0.333333333333333 0.5 0.25
1251 10 2 2 10 0.2 1 0.2
12533 2 1 0 3 0 0 0
12552 87 5 5 87 0.0574712643678161 1 0.0574712643678161
12566 16 5 4 17 0.25 0.8 0.235294117647059
1257 104 64 29 139 0.278846153846154 0.453125 0.20863309352518
12573 43 17 14 46 0.325581395348837 0.823529411764706 0.304347826086957
12594 1 1 1 1 1 1 1
12605 19 1 0 20 0 0 0
12611 46 21 13 54 0.282608695652174 0.619047619047619 0.240740740740741
12634 48 18 13 53 0.270833333333333 0.722222222222222 0.245283018867925
12637 69 24 21 72 0.304347826086957 0.875 0.291666666666667
12638 2 3 0 5 0 0 0
12654 46 21 14 53 0.304347826086957 0.666666666666667 0.264150943396226
12657 3 1 1 3 0.333333333333333 1 0.333333333333333
12684 4 1 0 5 0 0 0
12709 1 1 0 2 0 0 0
12714 67 1 1 67 0.0149253731343284 1 0.0149253731343284
1273 287 73 48 312 0.167247386759582 0.657534246575342 0.153846153846154
12731 129 20 14 135 0.108527131782946 0.7 0.103703703703704
12732 20 8 6 22 0.3 0.75 0.272727272727273
12757 8 1 0 9 0 0 0
12759 27 1 1 27 0.037037037037037 1 0.037037037037037
12767 14 3 2 15 0.142857142857143 0.666666666666667 0.133333333333333
12769 4 1 1 4 0.25 1 0.25
12778 11 1 0 12 0 0 0
12779 85 22 15 92 0.176470588235294 0.681818181818182 0.16304347826087
12782 2 1 1 2 0.5 1 0.5
1280 112 26 17 121 0.151785714285714 0.653846153846154 0.140495867768595
12816 1 1 1 1 1 1 1
12817 2 2 2 2 1 1 1
12850 18 5 5 18 0.277777777777778 1 0.277777777777778
12853 2 2 1 3 0.5 0.5 0.333333333333333
12859 577 194 184 587 0.318890814558059 0.948453608247423 0.313458262350937
12871 36 20 13 43 0.361111111111111 0.65 0.302325581395349
12874 214 2 2 214 0.00934579439252336 1 0.00934579439252336
12895 9 1 1 9 0.111111111111111 1 0.111111111111111
12902 41 11 8 44 0.195121951219512 0.727272727272727 0.181818181818182
12931 4 2 2 4 0.5 1 0.5
12956 125 12 11 126 0.088 0.916666666666667 0.0873015873015873
12968 141 16 12 145 0.0851063829787234 0.75 0.0827586206896552
12989 531 36 31 536 0.0583804143126177 0.861111111111111 0.0578358208955224
1299 565 67 64 568 0.113274336283186 0.955223880597015 0.112676056338028
13000 8 3 3 8 0.375 1 0.375
13030 1049 269 261 1057 0.248808388941849 0.970260223048327 0.246925260170293
13039 4 1 1 4 0.25 1 0.25
13041 8 2 2 8 0.25 1 0.25
13045 4 1 1 4 0.25 1 0.25
13049 9 1 1 9 0.111111111111111 1 0.111111111111111
13062 14 3 1 16 0.0714285714285714 0.333333333333333 0.0625
13092 3 1 1 3 0.333333333333333 1 0.333333333333333
131 3 1 1 3 0.333333333333333 1 0.333333333333333
13105 21 6 4 23 0.19047619047619 0.666666666666667 0.173913043478261
131075 1 1 1 1 1 1 1
13110 8 2 2 8 0.25 1 0.25
13115 4 2 2 4 0.5 1 0.5
1312 3 2 2 3 0.666666666666667 1 0.666666666666667
13132 20 12 8 24 0.4 0.666666666666667 0.333333333333333
13184 45 17 11 51 0.244444444444444 0.647058823529412 0.215686274509804
13189 32 8 7 33 0.21875 0.875 0.212121212121212
13193 54 18 14 58 0.259259259259259 0.777777777777778 0.241379310344828
13210 2 1 1 2 0.5 1 0.5
13237 503 102 85 520 0.168986083499006 0.833333333333333 0.163461538461538
13238 30 1 1 30 0.0333333333333333 1 0.0333333333333333
13243 6 1 1 6 0.166666666666667 1 0.166666666666667
13272 1 1 1 1 1 1 1
13284 19 7 5 21 0.263157894736842 0.714285714285714 0.238095238095238
13293 22 3 3 22 0.136363636363636 1 0.136363636363636
13319 6 4 1 9 0.166666666666667 0.25 0.111111111111111
13448 7 2 1 8 0.142857142857143 0.5 0.125
13645 16 2 1 17 0.0625 0.5 0.0588235294117647
13657 7 2 2 7 0.285714285714286 1 0.285714285714286
13680 43 12 11 44 0.255813953488372 0.916666666666667 0.25
137 26 11 11 26 0.423076923076923 1 0.423076923076923
13714 2 1 1 2 0.5 1 0.5
13810 1 1 1 1 1 1 1
13855 4 1 0 5 0 0 0
13867 3 1 0 4 0 0 0
13868 4 1 0 5 0 0 0
13901 2 1 1 2 0.5 1 0.5
13910 4 1 0 5 0 0 0
13911 3 1 0 4 0 0 0
14 6 1 1 6 0.166666666666667 1 0.166666666666667
14026 5 1 1 5 0.2 1 0.2
14085 5 2 2 5 0.4 1 0.4
14234 3 1 1 3 0.333333333333333 1 0.333333333333333
14259 29 3 2 30 0.0689655172413793 0.666666666666667 0.0666666666666667
14262 3 2 2 3 0.666666666666667 1 0.666666666666667
14277 5 5 1 9 0.2 0.2 0.111111111111111
14325 11 2 2 11 0.181818181818182 1 0.181818181818182
14383 5 1 1 5 0.2 1 0.2
14492 46 1 1 46 0.0217391304347826 1 0.0217391304347826
14589 21 6 5 22 0.238095238095238 0.833333333333333 0.227272727272727
14595 6 1 0 7 0 0 0
14609 13 1 1 13 0.0769230769230769 1 0.0769230769230769
14650 1 2 1 2 1 0.5 0.5
14868 5 1 1 5 0.2 1 0.2
14907 3 3 2 4 0.666666666666667 0.666666666666667 0.5
15169 121 41 29 133 0.239669421487603 0.707317073170732 0.218045112781955
15189 4 1 1 4 0.25 1 0.25
15216 3 1 1 3 0.333333333333333 1 0.333333333333333
15226 3 2 0 5 0 0 0
15296 4 1 1 4 0.25 1 0.25
15318 2 1 0 3 0 0 0
15373 2 1 1 2 0.5 1 0.5
15412 463 12 9 466 0.019438444924406 0.75 0.01931330472103
15421 3 2 0 5 0 0 0
15436 11 2 2 11 0.181818181818182 1 0.181818181818182
15444 276 19 12 283 0.0434782608695652 0.631578947368421 0.0424028268551237
15451 2 1 0 3 0 0 0
15456 3 2 2 3 0.666666666666667 1 0.666666666666667
15469 1 2 0 3 0 0 0
15474 2 1 1 2 0.5 1 0.5
15480 1 1 1 1 1 1 1
15525 16 2 1 17 0.0625 0.5 0.0588235294117647
15533 20 3 3 20 0.15 1 0.15
15557 135 1 1 135 0.00740740740740741 1 0.00740740740740741
15576 31 4 4 31 0.129032258064516 1 0.129032258064516
15589 40 13 5 48 0.125 0.384615384615385 0.104166666666667
15598 148 29 23 154 0.155405405405405 0.793103448275862 0.149350649350649
15600 49 11 10 50 0.204081632653061 0.909090909090909 0.2
15623 31 5 4 32 0.129032258064516 0.8 0.125
15653 3 1 1 3 0.333333333333333 1 0.333333333333333
15657 2 1 1 2 0.5 1 0.5
15685 35 15 11 39 0.314285714285714 0.733333333333333 0.282051282051282
15694 81 1 1 81 0.0123456790123457 1 0.0123456790123457
15696 2 1 0 3 0 0 0
15716 5 2 1 6 0.2 0.5 0.166666666666667
15725 2 2 1 3 0.5 0.5 0.333333333333333
15726 2 1 1 2 0.5 1 0.5
15744 10 2 2 10 0.2 1 0.2
15772 100 1 1 100 0.01 1 0.01
15782 13 3 2 14 0.153846153846154 0.666666666666667 0.142857142857143
15798 2 1 0 3 0 0 0
15805 22 6 4 24 0.181818181818182 0.666666666666667 0.166666666666667
15830 117 1 0 118 0 0 0
15879 44 19 14 49 0.318181818181818 0.736842105263158 0.285714285714286
15894 2 1 1 2 0.5 1 0.5
15919 9 1 1 9 0.111111111111111 1 0.111111111111111
15965 4 1 1 4 0.25 1 0.25
16004 16 6 5 17 0.3125 0.833333333333333 0.294117647058824
16016 19 2 2 19 0.105263157894737 1 0.105263157894737
16030 10 11 1 20 0.1 0.0909090909090909 0.05
16034 13 4 1 16 0.0769230769230769 0.25 0.0625
16086 23 21 10 34 0.434782608695652 0.476190476190476 0.294117647058824
16097 48 14 10 52 0.208333333333333 0.714285714285714 0.192307692307692
16117 3 1 1 3 0.333333333333333 1 0.333333333333333
16128 16 4 3 17 0.1875 0.75 0.176470588235294
16131 41 18 11 48 0.268292682926829 0.611111111111111 0.229166666666667
16150 252 14 12 254 0.0476190476190476 0.857142857142857 0.047244094488189
16171 3 1 0 4 0 0 0
16178 6 1 0 7 0 0 0
16186 48 2 1 49 0.0208333333333333 0.5 0.0204081632653061
16206 18 2 0 20 0 0 0
16210 5 3 2 6 0.4 0.666666666666667 0.333333333333333
16215 17 6 6 17 0.352941176470588 1 0.352941176470588
16237 33 9 5 37 0.151515151515152 0.555555555555556 0.135135135135135
16242 7 1 1 7 0.142857142857143 1 0.142857142857143
16243 45 15 10 50 0.222222222222222 0.666666666666667 0.2
16245 24 4 3 25 0.125 0.75 0.12
16246 7 4 3 8 0.428571428571429 0.75 0.375
16265 84 26 20 90 0.238095238095238 0.769230769230769 0.222222222222222
16276 83 1 1 83 0.0120481927710843 1 0.0120481927710843
16316 5 4 2 7 0.4 0.5 0.285714285714286
16326 1 1 1 1 1 1 1
16347 9 1 1 9 0.111111111111111 1 0.111111111111111
16471 2 1 1 2 0.5 1 0.5
1653 29 4 3 30 0.103448275862069 0.75 0.1
16531 8 2 1 9 0.125 0.5 0.111111111111111
1659 9 3 2 10 0.222222222222222 0.666666666666667 0.2
16668 7 5 3 9 0.428571428571429 0.6 0.333333333333333
16724 4 1 1 4 0.25 1 0.25
16735 77 7 7 77 0.0909090909090909 1 0.0909090909090909
16807 3 2 0 5 0 0 0
16838 11 1 0 12 0 0 0
16942 2 1 1 2 0.5 1 0.5
17048 2 1 0 3 0 0 0
1706 5 1 1 5 0.2 1 0.2
17061 2 1 0 3 0 0 0
17204 2 1 0 3 0 0 0
1734 1 1 0 2 0 0 0
174 2353 10 10 2353 0.00424989375265618 1 0.00424989375265618
1741 10 4 3 11 0.3 0.75 0.272727272727273
17412 4 1 0 5 0 0 0
17435 2 2 0 4 0 0 0
17451 64 2 1 65 0.015625 0.5 0.0153846153846154
17464 2 1 1 2 0.5 1 0.5
17511 14 1 1 14 0.0714285714285714 1 0.0714285714285714
17529 7 3 2 8 0.285714285714286 0.666666666666667 0.25
17554 10 3 3 10 0.3 1 0.3
17579 13 13 7 19 0.538461538461538 0.538461538461538 0.368421052631579
1764 48 10 9 49 0.1875 0.9 0.183673469387755
17660 32 7 7 32 0.21875 1 0.21875
17676 37 3 2 38 0.0540540540540541 0.666666666666667 0.0526315789473684
17707 5 2 1 6 0.2 0.5 0.166666666666667
17709 16 1 0 17 0 0 0
17727 3 1 1 3 0.333333333333333 1 0.333333333333333
17741 3 1 0 4 0 0 0
17832 1 3 0 4 0 0 0
17888 18 2 2 18 0.111111111111111 1 0.111111111111111
17920 7 1 1 7 0.142857142857143 1 0.142857142857143
17934 3 3 3 3 1 1 1
17955 3 2 1 4 0.333333333333333 0.5 0.25
1797 2 3 2 3 1 0.666666666666667 0.666666666666667
1798 3 3 0 6 0 0 0
17990 5 1 1 5 0.2 1 0.2
18001 6 2 0 8 0 0 0
18007 3 2 2 3 0.666666666666667 1 0.666666666666667
18011 1 1 0 2 0 0 0
18059 18 1 0 19 0 0 0
18070 3 1 1 3 0.333333333333333 1 0.333333333333333
18119 4 2 1 5 0.25 0.5 0.2
18126 3 1 0 4 0 0 0
18146 2 3 0 5 0 0 0
18149 4 4 3 5 0.75 0.75 0.6
18182 3 1 0 4 0 0 0
18185 4 2 1 5 0.25 0.5 0.2
18203 3 1 1 3 0.333333333333333 1 0.333333333333333
18206 2 1 0 3 0 0 0
18218 2 1 1 2 0.5 1 0.5
18266 3 1 1 3 0.333333333333333 1 0.333333333333333
18344 1 2 0 3 0 0 0
1835 8 2 2 8 0.25 1 0.25
1836 61 7 6 62 0.0983606557377049 0.857142857142857 0.0967741935483871
18366 2 3 1 4 0.5 0.333333333333333 0.25
18369 1 1 0 2 0 0 0
18398 65 2 2 65 0.0307692307692308 1 0.0307692307692308
18422 4 1 1 4 0.25 1 0.25
18508 10 5 4 11 0.4 0.8 0.363636363636364
1853 122 33 32 123 0.262295081967213 0.96969696969697 0.260162601626016
18592 24 10 7 27 0.291666666666667 0.7 0.259259259259259
18666 1 1 1 1 1 1 1
18750 2 1 1 2 0.5 1 0.5
18779 5 1 1 5 0.2 1 0.2
1880 18 6 4 20 0.222222222222222 0.666666666666667 0.2
1881 1 1 1 1 1 1 1
19021 3 2 1 4 0.333333333333333 0.5 0.25
19073 2 1 0 3 0 0 0
19080 88 2 1 89 0.0113636363636364 0.5 0.0112359550561798
19151 802 206 190 818 0.236907730673317 0.922330097087379 0.232273838630807
1916 114 18 17 115 0.149122807017544 0.944444444444444 0.147826086956522
19192 2 2 2 2 1 1 1
19255 7 5 3 9 0.428571428571429 0.6 0.333333333333333
1930 23 9 8 24 0.347826086956522 0.888888888888889 0.333333333333333
19384 9 1 0 10 0 0 0
19401 47 17 16 48 0.340425531914894 0.941176470588235 0.333333333333333
195 8 2 1 9 0.125 0.5 0.111111111111111
1955 11 3 3 11 0.272727272727273 1 0.272727272727273
19557 3 1 0 4 0 0 0
19624 4 1 1 4 0.25 1 0.25
196613 2 2 2 2 1 1 1
196621 2 1 1 2 0.5 1 0.5
19782 19 2 2 19 0.105263157894737 1 0.105263157894737
19783 2 1 0 3 0 0 0
19855 40 1 0 41 0 0 0
19866 2 1 1 2 0.5 1 0.5
1998 6 1 1 6 0.166666666666667 1 0.166666666666667
20080 19 3 3 19 0.157894736842105 1 0.157894736842105
20144 33 4 4 33 0.121212121212121 1 0.121212121212121
2018 4 1 1 4 0.25 1 0.25
20205 3 1 0 4 0 0 0
20308 1 1 1 1 1 1 1
20312 10 4 3 11 0.3 0.75 0.272727272727273
2042 16 2 2 16 0.125 1 0.125
20436 2 1 0 3 0 0 0
20473 26 4 3 27 0.115384615384615 0.75 0.111111111111111
20495 59 10 8 61 0.135593220338983 0.8 0.131147540983607
20507 37 4 3 38 0.0810810810810811 0.75 0.0789473684210526
20547 42 5 4 43 0.0952380952380952 0.8 0.0930232558139535
2055 2 1 1 2 0.5 1 0.5
20552 4 1 0 5 0 0 0
20555 6 2 2 6 0.333333333333333 1 0.333333333333333
20562 308 3 3 308 0.00974025974025974 1 0.00974025974025974
20569 11 5 4 12 0.363636363636364 0.8 0.333333333333333
20570 3 1 1 3 0.333333333333333 1 0.333333333333333
20597 10 1 1 10 0.1 1 0.1
20608 3 2 0 5 0 0 0
20612 3 1 0 4 0 0 0
20621 3 1 1 3 0.333333333333333 1 0.333333333333333
20626 1 1 1 1 1 1 1
20633 21 14 8 27 0.380952380952381 0.571428571428571 0.296296296296296
20634 37 1 1 37 0.027027027027027 1 0.027027027027027
20640 251 96 85 262 0.338645418326693 0.885416666666667 0.324427480916031
20650 5 1 1 5 0.2 1 0.2
20704 23 5 5 23 0.217391304347826 1 0.217391304347826
20707 2 1 1 2 0.5 1 0.5
20712 15 5 4 16 0.266666666666667 0.8 0.25
20718 31 16 3 44 0.0967741935483871 0.1875 0.0681818181818182
20766 12 1 1 12 0.0833333333333333 1 0.0833333333333333
20773 33 15 11 37 0.333333333333333 0.733333333333333 0.297297297297297
20783 5 2 0 7 0 0 0
20836 10 1 0 11 0 0 0
20845 1 1 1 1 1 1 1
20847 36 20 12 44 0.333333333333333 0.6 0.272727272727273
20857 26 2 1 27 0.0384615384615385 0.5 0.037037037037037
209 1435 20 18 1437 0.0125435540069686 0.9 0.0125260960334029
20912 10 4 1 13 0.1 0.25 0.0769230769230769
20932 331 17 15 333 0.0453172205438066 0.882352941176471 0.045045045045045
20940 132 3 2 133 0.0151515151515152 0.666666666666667 0.0150375939849624
20953 28 1 1 28 0.0357142857142857 1 0.0357142857142857
20965 53 42 42 53 0.792452830188679 1 0.792452830188679
20968 1 1 1 1 1 1 1
210 10 1 1 10 0.1 1 0.1
21011 100 12 10 102 0.1 0.833333333333333 0.0980392156862745
21013 41 16 9 48 0.219512195121951 0.5625 0.1875
21017 1 1 1 1 1 1 1
21055 44 8 6 46 0.136363636363636 0.75 0.130434782608696
2107 1 1 1 1 1 1 1
2108 1 1 1 1 1 1 1
2110 44 3 1 46 0.0227272727272727 0.333333333333333 0.0217391304347826
21155 45 18 13 50 0.288888888888889 0.722222222222222 0.26
2116 26 5 5 26 0.192307692307692 1 0.192307692307692
21195 21 2 2 21 0.0952380952380952 1 0.0952380952380952
21213 14 4 4 14 0.285714285714286 1 0.285714285714286
21219 201 14 8 207 0.0398009950248756 0.571428571428571 0.0386473429951691
21221 38 15 9 44 0.236842105263158 0.6 0.204545454545455
21263 31 17 11 37 0.354838709677419 0.647058823529412 0.297297297297297
2128 4 2 2 4 0.5 1 0.5
21320 6 1 1 6 0.166666666666667 1 0.166666666666667
21371 50 13 9 54 0.18 0.692307692307692 0.166666666666667
21385 111 24 17 118 0.153153153153153 0.708333333333333 0.144067796610169
21392 44 11 7 48 0.159090909090909 0.636363636363636 0.145833333333333
21396 34 11 9 36 0.264705882352941 0.818181818181818 0.25
21409 37 1 0 38 0 0 0
21414 76 14 10 80 0.131578947368421 0.714285714285714 0.125
21435 8 2 2 8 0.25 1 0.25
21497 10 1 1 10 0.1 1 0.1
21499 3 1 1 3 0.333333333333333 1 0.333333333333333
21513 11 3 3 11 0.272727272727273 1 0.272727272727273
2152 91 2 2 91 0.021978021978022 1 0.021978021978022
21527 6 2 2 6 0.333333333333333 1 0.333333333333333
2153 40 16 15 41 0.375 0.9375 0.365853658536585
21548 24 1 1 24 0.0416666666666667 1 0.0416666666666667
21719 5 1 0 6 0 0 0
21816 3 1 1 3 0.333333333333333 1 0.333333333333333
21844 39 4 4 39 0.102564102564103 1 0.102564102564103
21856 2 1 1 2 0.5 1 0.5
21911 6 2 2 6 0.333333333333333 1 0.333333333333333
21928 4 1 0 5 0 0 0
21947 29 3 3 29 0.103448275862069 1 0.103448275862069
21968 3 1 0 4 0 0 0
21976 20 2 2 20 0.1 1 0.1
2200 44 6 4 46 0.0909090909090909 0.666666666666667 0.0869565217391304
22070 4 1 0 5 0 0 0
22132 2 4 1 5 0.5 0.25 0.2
22166 2 1 0 3 0 0 0
22192 2 1 1 2 0.5 1 0.5
22284 8 1 0 9 0 0 0
22302 7 1 1 7 0.142857142857143 1 0.142857142857143
22335 24 2 2 24 0.0833333333333333 1 0.0833333333333333
22351 44 1 1 44 0.0227272727272727 1 0.0227272727272727
22356 41 2 2 41 0.0487804878048781 1 0.0487804878048781
22388 9 8 8 9 0.888888888888889 1 0.888888888888889
224 5 1 1 5 0.2 1 0.2
22404 2 1 0 3 0 0 0
22438 2 1 0 3 0 0 0
22439 3 1 1 3 0.333333333333333 1 0.333333333333333
225 2 1 1 2 0.5 1 0.5
22548 57 5 5 57 0.087719298245614 1 0.087719298245614
22581 2 1 1 2 0.5 1 0.5
226 33 3 3 33 0.0909090909090909 1 0.0909090909090909
22645 9 1 1 9 0.111111111111111 1 0.111111111111111
22652 7 1 1 7 0.142857142857143 1 0.142857142857143
22767 1 1 1 1 1 1 1
22773 272 1 1 272 0.00367647058823529 1 0.00367647058823529
22779 1 1 1 1 1 1 1
22822 634 9 9 634 0.0141955835962145 1 0.0141955835962145
22829 17 3 3 17 0.176470588235294 1 0.176470588235294
22958 7 2 2 7 0.285714285714286 1 0.285714285714286
23028 5 2 0 7 0 0 0
23033 9 1 1 9 0.111111111111111 1 0.111111111111111
23148 340 2 2 340 0.00588235294117647 1 0.00588235294117647
23308 14 4 4 14 0.285714285714286 1 0.285714285714286
23316 2 1 1 2 0.5 1 0.5
23342 53 7 7 53 0.132075471698113 1 0.132075471698113
23352 36 4 4 36 0.111111111111111 1 0.111111111111111
23456 79 8 6 81 0.0759493670886076 0.75 0.0740740740740741
23504 28 6 2 32 0.0714285714285714 0.333333333333333 0.0625
23541 11 1 0 12 0 0 0
23577 3 1 0 4 0 0 0
23596 3 2 2 3 0.666666666666667 1 0.666666666666667
23600 3 1 1 3 0.333333333333333 1 0.333333333333333
23624 2 1 1 2 0.5 1 0.5
23634 4 4 3 5 0.75 0.75 0.6
23637 3 1 0 4 0 0 0
23655 22 1 1 22 0.0454545454545455 1 0.0454545454545455
237 34 2 2 34 0.0588235294117647 1 0.0588235294117647
23754 3 1 0 4 0 0 0
23774 4 3 2 5 0.5 0.666666666666667 0.4
2381 23 4 4 23 0.173913043478261 1 0.173913043478261
23836 1 1 1 1 1 1 1
23862 2 1 1 2 0.5 1 0.5
23869 2 1 0 3 0 0 0
23889 3 1 1 3 0.333333333333333 1 0.333333333333333
23902 1 1 0 2 0 0 0
23905 3 1 0 4 0 0 0
23910 3 4 1 6 0.333333333333333 0.25 0.166666666666667
23911 7 18 4 21 0.571428571428571 0.222222222222222 0.19047619047619
23912 1 1 0 2 0 0 0
23930 28 2 2 28 0.0714285714285714 1 0.0714285714285714
23947 26 1 0 27 0 0 0
23953 5 1 0 6 0 0 0
23966 4 1 0 5 0 0 0
24 12 8 5 15 0.416666666666667 0.625 0.333333333333333
24005 3 2 1 4 0.333333333333333 0.5 0.25
24047 4 2 2 4 0.5 1 0.5
24129 4 3 2 5 0.5 0.666666666666667 0.4
24130 20 1 1 20 0.05 1 0.05
24151 11 3 0 14 0 0 0
24175 3 2 2 3 0.666666666666667 1 0.666666666666667
24211 1 1 1 1 1 1 1
24218 16 5 3 18 0.1875 0.6 0.166666666666667
24220 6 1 1 6 0.166666666666667 1 0.166666666666667
24226 3 2 0 5 0 0 0
24227 1 1 0 2 0 0 0
24229 5 1 1 5 0.2 1 0.2
24238 7 2 1 8 0.142857142857143 0.5 0.125
24287 4 4 4 4 1 1 1
24311 1 1 0 2 0 0 0
24334 2 1 1 2 0.5 1 0.5
24390 2 1 1 2 0.5 1 0.5
24424 2 1 0 3 0 0 0
24437 1 1 1 1 1 1 1
24475 4 4 4 4 1 1 1
24489 9 9 8 10 0.888888888888889 0.888888888888889 0.8
24490 10 8 8 10 0.8 1 0.8
24514 6 2 2 6 0.333333333333333 1 0.333333333333333
24541 3 3 1 5 0.333333333333333 0.333333333333333 0.2
24557 4 2 2 4 0.5 1 0.5
24586 34 12 8 38 0.235294117647059 0.666666666666667 0.210526315789474
24594 27 8 6 29 0.222222222222222 0.75 0.206896551724138
24642 32 5 4 33 0.125 0.8 0.121212121212121
24679 34 13 8 39 0.235294117647059 0.615384615384615 0.205128205128205
24724 132 30 24 138 0.181818181818182 0.8 0.173913043478261
24730 54 1 1 54 0.0185185185185185 1 0.0185185185185185
24739 52 15 9 58 0.173076923076923 0.6 0.155172413793103
24776 6 2 1 7 0.166666666666667 0.5 0.142857142857143
24785 112 15 9 118 0.0803571428571429 0.6 0.076271186440678
24796 7 2 2 7 0.285714285714286 1 0.285714285714286
2484 1 1 1 1 1 1 1
24863 20 3 3 20 0.15 1 0.15
24875 45 18 10 53 0.222222222222222 0.555555555555556 0.188679245283019
24889 13 4 4 13 0.307692307692308 1 0.307692307692308
24900 1 1 1 1 1 1 1
24940 27 14 9 32 0.333333333333333 0.642857142857143 0.28125
2495 12 1 1 12 0.0833333333333333 1 0.0833333333333333
24963 56 9 7 58 0.125 0.777777777777778 0.120689655172414
2497 242 68 54 256 0.223140495867769 0.794117647058823 0.2109375
24971 23 8 6 25 0.260869565217391 0.75 0.24
24973 3 1 0 4 0 0 0
2499 1 1 1 1 1 1 1
25 2 1 1 2 0.5 1 0.5
250 4 1 1 4 0.25 1 0.25
2500 32 38 19 51 0.59375 0.5 0.372549019607843
2506 2 1 1 2 0.5 1 0.5
25061 41 5 5 41 0.121951219512195 1 0.121951219512195
25098 15 2 2 15 0.133333333333333 1 0.133333333333333
2510 16 3 2 17 0.125 0.666666666666667 0.117647058823529
25137 19 7 7 19 0.368421052631579 1 0.368421052631579
2514 17 1 1 17 0.0588235294117647 1 0.0588235294117647
25148 8 1 1 8 0.125 1 0.125
2515 6 2 2 6 0.333333333333333 1 0.333333333333333
25151 15 1 0 16 0 0 0
25152 63 13 9 67 0.142857142857143 0.692307692307692 0.134328358208955
2516 330 37 34 333 0.103030303030303 0.918918918918919 0.102102102102102
25164 2 1 1 2 0.5 1 0.5
2518 11 3 3 11 0.272727272727273 1 0.272727272727273
25182 35 10 7 38 0.2 0.7 0.184210526315789
2519 27 6 5 28 0.185185185185185 0.833333333333333 0.178571428571429
25192 12 7 7 12 0.583333333333333 1 0.583333333333333
25234 5 4 3 6 0.6 0.75 0.5
2527 12 6 3 15 0.25 0.5 0.2
25279 14 3 3 14 0.214285714285714 1 0.214285714285714
25295 2 1 1 2 0.5 1 0.5
25358 15 10 4 21 0.266666666666667 0.4 0.19047619047619
25384 8 2 1 9 0.125 0.5 0.111111111111111
25409 2 1 1 2 0.5 1 0.5
25415 4 2 2 4 0.5 1 0.5
25441 15 2 2 15 0.133333333333333 1 0.133333333333333
25459 27 1 0 28 0 0 0
25466 32 6 5 33 0.15625 0.833333333333333 0.151515151515152
25473 4 2 2 4 0.5 1 0.5
2549 3 2 1 4 0.333333333333333 0.5 0.25
25512 23 3 3 23 0.130434782608696 1 0.130434782608696
25525 55 19 18 56 0.327272727272727 0.947368421052632 0.321428571428571
25538 2 2 0 4 0 0 0
25560 214 98 80 232 0.373831775700935 0.816326530612245 0.344827586206897
25563 4 1 1 4 0.25 1 0.25
25577 82 4 4 82 0.0487804878048781 1 0.0487804878048781
25588 8 1 0 9 0 0 0
25596 39 10 7 42 0.179487179487179 0.7 0.166666666666667
2561 3 1 1 3 0.333333333333333 1 0.333333333333333
25689 12 2 1 13 0.0833333333333333 0.5 0.0769230769230769
2576 2 1 1 2 0.5 1 0.5
25795 8 3 3 8 0.375 1 0.375
25818 26 6 3 29 0.115384615384615 0.5 0.103448275862069
25829 2 1 1 2 0.5 1 0.5
2586 12 1 1 12 0.0833333333333333 1 0.0833333333333333
2588 26 1 1 26 0.0384615384615385 1 0.0384615384615385
25899 28 1 1 28 0.0357142857142857 1 0.0357142857142857
2594 4 1 0 5 0 0 0
2595 2 1 0 3 0 0 0
2597 2 2 2 2 1 1 1
2602 4 3 3 4 0.75 1 0.75
2603 98 28 22 104 0.224489795918367 0.785714285714286 0.211538461538462
2607 32 10 10 32 0.3125 1 0.3125
2611 59 13 11 61 0.186440677966102 0.846153846153846 0.180327868852459
2614 18 1 1 18 0.0555555555555556 1 0.0555555555555556
26347 2 1 1 2 0.5 1 0.5
2637 5 1 1 5 0.2 1 0.2
26415 58 8 2 64 0.0344827586206897 0.25 0.03125
26496 8 1 1 8 0.125 1 0.125
26610 2 1 1 2 0.5 1 0.5
26622 8 1 1 8 0.125 1 0.125
26677 42 1 1 42 0.0238095238095238 1 0.0238095238095238
26773 9 4 4 9 0.444444444444444 1 0.444444444444444
26785 3 2 1 4 0.333333333333333 0.5 0.25
26888 2 1 1 2 0.5 1 0.5
26943 218 16 14 220 0.0642201834862385 0.875 0.0636363636363636
26949 1 1 0 2 0 0 0
2697 7 1 1 7 0.142857142857143 1 0.142857142857143
26978 15 2 0 17 0 0 0
2698 6 2 2 6 0.333333333333333 1 0.333333333333333
27 2 1 1 2 0.5 1 0.5
271 11 2 1 12 0.0909090909090909 0.5 0.0833333333333333
2714 1 1 1 1 1 1 1
2716 5 1 1 5 0.2 1 0.2
27319 28 5 5 28 0.178571428571429 1 0.178571428571429
27400 3 1 1 3 0.333333333333333 1 0.333333333333333
27446 4 1 0 5 0 0 0
27524 53 4 3 54 0.0566037735849057 0.75 0.0555555555555556
27552 8 1 1 8 0.125 1 0.125
27589 8 1 1 8 0.125 1 0.125
27630 4 1 1 4 0.25 1 0.25
27664 62 9 9 62 0.145161290322581 1 0.145161290322581
27678 7 2 1 8 0.142857142857143 0.5 0.125
27725 1 1 1 1 1 1 1
27750 18 16 15 19 0.833333333333333 0.9375 0.789473684210526
27767 1 1 0 2 0 0 0
27770 1 1 0 2 0 0 0
27781 4 1 0 5 0 0 0
278 8 7 1 14 0.125 0.142857142857143 0.0714285714285714
27807 13 4 4 13 0.307692307692308 1 0.307692307692308
27817 4 1 1 4 0.25 1 0.25
27841 3 1 1 3 0.333333333333333 1 0.333333333333333
27893 1 2 1 2 1 0.5 0.5
27912 2 1 0 3 0 0 0
27924 3 1 1 3 0.333333333333333 1 0.333333333333333
27929 3 2 2 3 0.666666666666667 1 0.666666666666667
27933 2 1 1 2 0.5 1 0.5
28000 1 1 1 1 1 1 1
28001 5 2 2 5 0.4 1 0.4
2819 35 3 2 36 0.0571428571428571 0.666666666666667 0.0555555555555556
2828 805 13 12 806 0.0149068322981366 0.923076923076923 0.0148883374689826
28296 2 1 1 2 0.5 1 0.5
28299 8 3 3 8 0.375 1 0.375
28324 1 1 0 2 0 0 0
28362 1 1 1 1 1 1 1
2847 4 3 3 4 0.75 1 0.75
28497 6 2 2 6 0.333333333333333 1 0.333333333333333
28499 3 2 1 4 0.333333333333333 0.5 0.25
28511 5 2 1 6 0.2 0.5 0.166666666666667
2852 90 11 10 91 0.111111111111111 0.909090909090909 0.10989010989011
2857 34 32 12 54 0.352941176470588 0.375 0.222222222222222
286 341 133 77 397 0.225806451612903 0.578947368421053 0.193954659949622
28606 1 1 0 2 0 0 0
28618 4 2 1 5 0.25 0.5 0.2
28677 2 1 1 2 0.5 1 0.5
28678 2 1 1 2 0.5 1 0.5
28697 6 1 0 7 0 0 0
28717 18 3 3 18 0.166666666666667 1 0.166666666666667
28725 1 2 0 3 0 0 0
28753 38 14 9 43 0.236842105263158 0.642857142857143 0.209302325581395
28788 51 12 10 53 0.196078431372549 0.833333333333333 0.188679245283019
28824 2 1 0 3 0 0 0
2884 4 2 2 4 0.5 1 0.5
28847 1 1 1 1 1 1 1
28855 9 5 5 9 0.555555555555556 1 0.555555555555556
28857 9 4 4 9 0.444444444444444 1 0.444444444444444
28859 4 1 1 4 0.25 1 0.25
28878 46 15 12 49 0.260869565217391 0.8 0.244897959183673
28929 85 11 9 87 0.105882352941176 0.818181818181818 0.103448275862069
2895 243 2 1 244 0.00411522633744856 0.5 0.00409836065573771
290 1 1 0 2 0 0 0
29003 4 1 1 4 0.25 1 0.25
29009 33 9 6 36 0.181818181818182 0.666666666666667 0.166666666666667
2905 30 2 0 32 0 0 0
29066 36 16 10 42 0.277777777777778 0.625 0.238095238095238
2907 81 6 6 81 0.0740740740740741 1 0.0740740740740741
29113 70 15 14 71 0.2 0.933333333333333 0.197183098591549
29134 9 4 4 9 0.444444444444444 1 0.444444444444444
2914 638 196 137 697 0.214733542319749 0.698979591836735 0.196556671449067
29169 10 2 2 10 0.2 1 0.2
29208 311 146 82 375 0.263665594855305 0.561643835616438 0.218666666666667
29216 1 1 1 1 1 1 1
29222 43 3 3 43 0.0697674418604651 1 0.0697674418604651
29240 1 1 1 1 1 1 1
29243 2 2 2 2 1 1 1
29259 4 2 2 4 0.5 1 0.5
29278 11 2 2 11 0.181818181818182 1 0.181818181818182
293 154 20 18 156 0.116883116883117 0.9 0.115384615384615
29317 2 2 2 2 1 1 1
29321 8 3 3 8 0.375 1 0.375
29372 1 2 0 3 0 0 0
29396 35 8 6 37 0.171428571428571 0.75 0.162162162162162
29405 14 2 2 14 0.142857142857143 1 0.142857142857143
29422 22 4 3 23 0.136363636363636 0.75 0.130434782608696
29432 2 1 1 2 0.5 1 0.5
29449 46 20 13 53 0.282608695652174 0.65 0.245283018867925
29452 24 5 5 24 0.208333333333333 1 0.208333333333333
29488 4 2 2 4 0.5 1 0.5
29527 38 10 8 40 0.210526315789474 0.8 0.2
29542 5 2 1 6 0.2 0.5 0.166666666666667
29608 17 5 5 17 0.294117647058824 1 0.294117647058824
29611 35 8 7 36 0.2 0.875 0.194444444444444
29632 40 12 6 46 0.15 0.5 0.130434782608696
29636 226 61 56 231 0.247787610619469 0.918032786885246 0.242424242424242
29651 12 3 2 13 0.166666666666667 0.666666666666667 0.153846153846154
29655 8 2 2 8 0.25 1 0.25
29668 36 1 1 36 0.0277777777777778 1 0.0277777777777778
29670 9 4 2 11 0.222222222222222 0.5 0.181818181818182
29671 3 1 1 3 0.333333333333333 1 0.333333333333333
29680 4 1 1 4 0.25 1 0.25
29686 315 124 108 331 0.342857142857143 0.870967741935484 0.326283987915408
29748 26 10 4 32 0.153846153846154 0.4 0.125
29763 1 1 1 1 1 1 1
29789 1 1 1 1 1 1 1
29791 222 5 3 224 0.0135135135135135 0.6 0.0133928571428571
29838 34 5 5 34 0.147058823529412 1 0.147058823529412
29904 1 1 1 1 1 1 1
3 6 1 0 7 0 0 0
30008 5 1 1 5 0.2 1 0.2
30058 7 1 1 7 0.142857142857143 1 0.142857142857143
30059 3 3 2 4 0.666666666666667 0.666666666666667 0.5
30071 10 101 6 105 0.6 0.0594059405940594 0.0571428571428571
30075 2 1 0 3 0 0 0
30132 36 56 20 72 0.555555555555556 0.357142857142857 0.277777777777778
30176 14 2 2 14 0.142857142857143 1 0.142857142857143
30217 6 1 1 6 0.166666666666667 1 0.166666666666667
30221 2 1 0 3 0 0 0
30225 2 1 0 3 0 0 0
30259 3 1 1 3 0.333333333333333 1 0.333333333333333
30340 14 1 0 15 0 0 0
30362 3 1 0 4 0 0 0
30374 2 1 0 3 0 0 0
3043 23 6 3 26 0.130434782608696 0.5 0.115384615384615
30528 8 3 2 9 0.25 0.666666666666667 0.222222222222222
30653 26 10 7 29 0.269230769230769 0.7 0.241379310344828
30700 5 2 2 5 0.4 1 0.4
30708 1 1 1 1 1 1 1
30740 40 9 9 40 0.225 1 0.225
30781 69 22 18 73 0.260869565217391 0.818181818181818 0.246575342465753
30795 3 2 2 3 0.666666666666667 1 0.666666666666667
30833 11 1 1 11 0.0909090909090909 1 0.0909090909090909
30844 293 8 8 293 0.0273037542662116 1 0.0273037542662116
30880 8 2 1 9 0.125 0.5 0.111111111111111
30890 132 24 16 140 0.121212121212121 0.666666666666667 0.114285714285714
30925 2 1 1 2 0.5 1 0.5
30961 3 1 1 3 0.333333333333333 1 0.333333333333333
30971 7 3 3 7 0.428571428571429 1 0.428571428571429
30975 8 7 2 13 0.25 0.285714285714286 0.153846153846154
31065 5 1 1 5 0.2 1 0.2
31078 3 2 1 4 0.333333333333333 0.5 0.25
31117 12 5 4 13 0.333333333333333 0.8 0.307692307692308
31122 11 2 2 11 0.181818181818182 1 0.181818181818182
31127 3 3 1 5 0.333333333333333 0.333333333333333 0.2
31229 6 2 1 7 0.166666666666667 0.5 0.142857142857143
31252 68 18 15 71 0.220588235294118 0.833333333333333 0.211267605633803
31261 22 2 1 23 0.0454545454545455 0.5 0.0434782608695652
31283 50 3 3 50 0.06 1 0.06
31333 12 5 4 13 0.333333333333333 0.8 0.307692307692308
31334 56 1 0 57 0 0 0
31383 22 8 5 25 0.227272727272727 0.625 0.2
3140 1 1 1 1 1 1 1
31400 12 3 3 12 0.25 1 0.25
31424 19 4 4 19 0.210526315789474 1 0.210526315789474
31442 2 1 0 3 0 0 0
31458 53 7 7 53 0.132075471698113 1 0.132075471698113
31477 194 2 2 194 0.0103092783505155 1 0.0103092783505155
31479 4 2 1 5 0.25 0.5 0.2
31513 2 1 1 2 0.5 1 0.5
31529 62 19 14 67 0.225806451612903 0.736842105263158 0.208955223880597
31530 8 1 1 8 0.125 1 0.125
31615 2 1 0 3 0 0 0
31621 6 2 1 7 0.166666666666667 0.5 0.142857142857143
31677 4 2 0 6 0 0 0
31688 9 2 2 9 0.222222222222222 1 0.222222222222222
31708 25 10 8 27 0.32 0.8 0.296296296296296
31736 10 1 1 10 0.1 1 0.1
31877 12 1 1 12 0.0833333333333333 1 0.0833333333333333
32034 5 3 3 5 0.6 1 0.6
3212 22 1 1 22 0.0454545454545455 1 0.0454545454545455
3213 43 11 9 45 0.209302325581395 0.818181818181818 0.2
3215 99 2 2 99 0.0202020202020202 1 0.0202020202020202
3221 1 1 1 1 1 1 1
3223 1 1 1 1 1 1 1
32335 4 1 1 4 0.25 1 0.25
32346 1 1 1 1 1 1 1
32354 18 4 3 19 0.166666666666667 0.75 0.157894736842105
32360 3 1 0 4 0 0 0
32361 8 2 1 9 0.125 0.5 0.111111111111111
3243 18 4 2 20 0.111111111111111 0.5 0.1
32440 23 2 2 23 0.0869565217391304 1 0.0869565217391304
3248 67 24 17 74 0.253731343283582 0.708333333333333 0.22972972972973
3249 58 12 8 62 0.137931034482759 0.666666666666667 0.129032258064516
3257 583 265 141 707 0.241852487135506 0.532075471698113 0.199434229137199
32592 18 3 3 18 0.166666666666667 1 0.166666666666667
3261 29 1 1 29 0.0344827586206897 1 0.0344827586206897
3265 43 17 11 49 0.255813953488372 0.647058823529412 0.224489795918367
3267 419 2 1 420 0.00238663484486874 0.5 0.00238095238095238
3269 121 1 1 121 0.00826446280991736 1 0.00826446280991736
32748 20 4 4 20 0.2 1 0.2
32809 1 1 0 2 0 0 0
32825 2 1 0 3 0 0 0
32890 4 1 1 4 0.25 1 0.25
32915 4 1 0 5 0 0 0
3292 425 20 19 426 0.0447058823529412 0.95 0.0446009389671361
32978 1 1 1 1 1 1 1
33 6 1 0 7 0 0 0
3301 64 6 3 67 0.046875 0.5 0.0447761194029851
3303 511 25 21 515 0.0410958904109589 0.84 0.0407766990291262
33071 8 2 1 9 0.125 0.5 0.111111111111111
33075 2 1 1 2 0.5 1 0.5
33080 4 1 1 4 0.25 1 0.25
33081 6 5 2 9 0.333333333333333 0.4 0.222222222222222
33082 10 7 4 13 0.4 0.571428571428571 0.307692307692308
33152 1 1 0 2 0 0 0
33189 9 1 1 9 0.111111111111111 1 0.111111111111111
3320 520 24 16 528 0.0307692307692308 0.666666666666667 0.0303030303030303
3327 106 29 21 114 0.19811320754717 0.724137931034483 0.184210526315789
33310 1 1 0 2 0 0 0
3333 166 4 4 166 0.0240963855421687 1 0.0240963855421687
33362 3 1 0 4 0 0 0
3344 7 5 2 10 0.285714285714286 0.4 0.2
33475 3 1 1 3 0.333333333333333 1 0.333333333333333
33517 7 2 2 7 0.285714285714286 1 0.285714285714286
3352 73 2 1 74 0.0136986301369863 0.5 0.0135135135135135
3356 2488 93 81 2500 0.032556270096463 0.870967741935484 0.0324
33597 26 1 1 26 0.0384615384615385 1 0.0384615384615385
33642 3 1 1 3 0.333333333333333 1 0.333333333333333
33789 2 2 2 2 1 1 1
33843 45 20 15 50 0.333333333333333 0.75 0.3
33845 12 1 1 12 0.0833333333333333 1 0.0833333333333333
33868 6 1 1 6 0.166666666666667 1 0.166666666666667
33876 1 1 1 1 1 1 1
33885 13 3 3 13 0.230769230769231 1 0.230769230769231
33891 42 17 12 47 0.285714285714286 0.705882352941177 0.25531914893617
33930 2 1 0 3 0 0 0
33984 2 1 1 2 0.5 1 0.5
34011 25 14 7 32 0.28 0.5 0.21875
34019 11 3 3 11 0.272727272727273 1 0.272727272727273
34021 7 3 2 8 0.285714285714286 0.666666666666667 0.25
34080 7 2 2 7 0.285714285714286 1 0.285714285714286
34081 3 2 2 3 0.666666666666667 1 0.666666666666667
34108 5 4 2 7 0.4 0.5 0.285714285714286
34109 9 1 0 10 0 0 0
34141 27 1 1 27 0.037037037037037 1 0.037037037037037
34146 13 2 2 13 0.153846153846154 1 0.153846153846154
34225 49 5 4 50 0.0816326530612245 0.8 0.08
34244 4 3 2 5 0.5 0.666666666666667 0.4
34270 40 4 4 40 0.1 1 0.1
34288 6 2 1 7 0.166666666666667 0.5 0.142857142857143
34305 68 14 10 72 0.147058823529412 0.714285714285714 0.138888888888889
34309 44 125 21 148 0.477272727272727 0.168 0.141891891891892
34313 26 5 5 26 0.192307692307692 1 0.192307692307692
34372 3 1 1 3 0.333333333333333 1 0.333333333333333
34419 22 11 3 30 0.136363636363636 0.272727272727273 0.1
34427 3 1 1 3 0.333333333333333 1 0.333333333333333
34486 36 4 3 37 0.0833333333333333 0.75 0.0810810810810811
34505 3 3 3 3 1 1 1
34549 7 5 3 9 0.428571428571429 0.6 0.333333333333333
34554 12 2 2 12 0.166666666666667 1 0.166666666666667
34567 2 2 1 3 0.5 0.5 0.333333333333333
34594 17 3 3 17 0.176470588235294 1 0.176470588235294
34602 14 3 1 16 0.0714285714285714 0.333333333333333 0.0625
3464 8 1 1 8 0.125 1 0.125
34683 2 1 1 2 0.5 1 0.5
34695 357 70 55 372 0.15406162464986 0.785714285714286 0.147849462365591
34718 7 1 0 8 0 0 0
34744 6 1 1 6 0.166666666666667 1 0.166666666666667
34752 3 1 1 3 0.333333333333333 1 0.333333333333333
34763 70 23 11 82 0.157142857142857 0.478260869565217 0.134146341463415
34781 14 1 1 14 0.0714285714285714 1 0.0714285714285714
34784 2 1 1 2 0.5 1 0.5
34863 2 1 0 3 0 0 0
3491 435 1 1 435 0.00229885057471264 1 0.00229885057471264
34958 3 1 1 3 0.333333333333333 1 0.333333333333333
34968 31 12 9 34 0.290322580645161 0.75 0.264705882352941
34997 11 3 3 11 0.272727272727273 1 0.272727272727273
35 2 1 0 3 0 0 0
35028 34 9 7 36 0.205882352941176 0.777777777777778 0.194444444444444
35070 9 3 3 9 0.333333333333333 1 0.333333333333333
35087 12 1 1 12 0.0833333333333333 1 0.0833333333333333
35244 29 20 12 37 0.413793103448276 0.6 0.324324324324324
35272 3 2 2 3 0.666666666666667 1 0.666666666666667
35283 8 5 2 11 0.25 0.4 0.181818181818182
35320 107 16 10 113 0.0934579439252336 0.625 0.0884955752212389
35339 7 1 1 7 0.142857142857143 1 0.142857142857143
35393 10 2 2 10 0.2 1 0.2
35425 16 3 3 16 0.1875 1 0.1875
35470 7 4 1 10 0.142857142857143 0.25 0.1
35485 1 1 0 2 0 0 0
3549 1326 144 131 1339 0.0987933634992458 0.909722222222222 0.0978342046303211
35492 5 3 3 5 0.6 1 0.6
3551 1 1 0 2 0 0 0
3557 23 6 6 23 0.260869565217391 1 0.260869565217391
35574 10 1 1 10 0.1 1 0.1
35592 7 3 3 7 0.428571428571429 1 0.428571428571429
3561 446 4 4 446 0.00896860986547085 1 0.00896860986547085
35612 8 3 0 11 0 0 0
35703 3 1 1 3 0.333333333333333 1 0.333333333333333
35706 17 6 3 20 0.176470588235294 0.5 0.15
35745 6 3 2 7 0.333333333333333 0.666666666666667 0.285714285714286
35826 3 1 1 3 0.333333333333333 1 0.333333333333333
35908 23 1 1 23 0.0434782608695652 1 0.0434782608695652
3597 8 2 2 8 0.25 1 0.25
36017 2 1 0 3 0 0 0
36141 1 1 0 2 0 0 0
36221 1 1 1 1 1 1 1
36236 14 1 0 15 0 0 0
36252 2 2 2 2 1 1 1
36351 19 5 5 19 0.263157894736842 1 0.263157894736842
36383 2 1 1 2 0.5 1 0.5
36384 1 1 1 1 1 1 1
3640 4 1 1 4 0.25 1 0.25
36412 4 2 2 4 0.5 1 0.5
36472 11 2 2 11 0.181818181818182 1 0.181818181818182
3661 6 6 2 10 0.333333333333333 0.333333333333333 0.2
3662 18 8 8 18 0.444444444444444 1 0.444444444444444
3663 6 2 1 7 0.166666666666667 0.5 0.142857142857143
36671 2 1 1 2 0.5 1 0.5
36692 41 4 4 41 0.0975609756097561 1 0.0975609756097561
3676 6 1 1 6 0.166666666666667 1 0.166666666666667
36786 1 1 1 1 1 1 1
36797 1 1 1 1 1 1 1
3681 4 1 1 4 0.25 1 0.25
36856 11 4 2 13 0.181818181818182 0.5 0.153846153846154
36944 38 5 4 39 0.105263157894737 0.8 0.102564102564103
3714 5 1 1 5 0.2 1 0.2
3741 98 1 1 98 0.0102040816326531 1 0.0102040816326531
3742 17 2 2 17 0.117647058823529 1 0.117647058823529
3754 41 3 3 41 0.0731707317073171 1 0.0731707317073171
3758 50 1 1 50 0.02 1 0.02
376 18 3 3 18 0.166666666666667 1 0.166666666666667
378 2 1 1 2 0.5 1 0.5
3790 5 1 1 5 0.2 1 0.2
37918 3 1 1 3 0.333333333333333 1 0.333333333333333
38005 2 1 1 2 0.5 1 0.5
38018 7 5 4 8 0.571428571428571 0.8 0.5
38022 35 9 9 35 0.257142857142857 1 0.257142857142857
38082 48 12 12 48 0.25 1 0.25
38158 4 4 4 4 1 1 1
38229 1 1 1 1 1 1 1
3825 1 1 0 2 0 0 0
38299 2 1 1 2 0.5 1 0.5
38321 2 1 1 2 0.5 1 0.5
3836 7 1 1 7 0.142857142857143 1 0.142857142857143
38457 2 1 1 2 0.5 1 0.5
38462 3 1 1 3 0.333333333333333 1 0.333333333333333
38477 4 1 1 4 0.25 1 0.25
38566 3 2 2 3 0.666666666666667 1 0.666666666666667
38629 2 1 1 2 0.5 1 0.5
38639 1 1 1 1 1 1 1
38646 1 1 0 2 0 0 0
38652 2 1 1 2 0.5 1 0.5
38710 2 1 0 3 0 0 0
38711 1 1 1 1 1 1 1
38727 3 1 1 3 0.333333333333333 1 0.333333333333333
38759 1 8 0 9 0 0 0
38794 9 1 1 9 0.111111111111111 1 0.111111111111111
38819 3 2 2 3 0.666666666666667 1 0.666666666666667
38826 4 3 1 6 0.25 0.333333333333333 0.166666666666667
38915 8 1 1 8 0.125 1 0.125
38922 9 2 1 10 0.111111111111111 0.5 0.1
38930 25 2 1 26 0.04 0.5 0.0384615384615385
39029 5 2 2 5 0.4 1 0.4
39040 10 2 2 10 0.2 1 0.2
39091 5 1 1 5 0.2 1 0.2
39093 3 2 1 4 0.333333333333333 0.5 0.25
39117 4 1 1 4 0.25 1 0.25
39122 11 4 3 12 0.272727272727273 0.75 0.25
39145 9 3 3 9 0.333333333333333 1 0.333333333333333
39211 3 3 2 4 0.666666666666667 0.666666666666667 0.5
39288 2 1 1 2 0.5 1 0.5
39301 6 2 1 7 0.166666666666667 0.5 0.142857142857143
39309 27 1 0 28 0 0 0
3931 3 1 0 4 0 0 0
393222 1 1 1 1 1 1 1
393224 1 1 1 1 1 1 1
39326 230 23 20 233 0.0869565217391304 0.869565217391304 0.0858369098712446
39342 2 1 1 2 0.5 1 0.5
3943 2 1 1 2 0.5 1 0.5
39472 3 1 1 3 0.333333333333333 1 0.333333333333333
3949 1 2 1 2 1 0.5 0.5
39520 2 1 0 3 0 0 0
39537 2 1 0 3 0 0 0
39545 3 2 2 3 0.666666666666667 1 0.666666666666667
39554 5 2 2 5 0.4 1 0.4
39556 33 10 7 36 0.212121212121212 0.7 0.194444444444444
39560 2 1 1 2 0.5 1 0.5
39570 3 4 2 5 0.666666666666667 0.5 0.4
39572 3 1 1 3 0.333333333333333 1 0.333333333333333
39602 4 1 0 5 0 0 0
39737 41 2 2 41 0.0487804878048781 1 0.0487804878048781
39780 3 1 0 4 0 0 0
39787 6 2 1 7 0.166666666666667 0.5 0.142857142857143
39792 814 30 24 820 0.0294840294840295 0.8 0.0292682926829268
39837 4 2 2 4 0.5 1 0.5
39839 3 2 2 3 0.666666666666667 1 0.666666666666667
39854 1 2 1 2 1 0.5 0.5
39875 1 1 0 2 0 0 0
39905 4 1 1 4 0.25 1 0.25
39912 352 5 5 352 0.0142045454545455 1 0.0142045454545455
3999 1 1 1 1 1 1 1
40009 46 6 5 47 0.108695652173913 0.833333333333333 0.106382978723404
40060 3 1 0 4 0 0 0
40068 13 2 2 13 0.153846153846154 1 0.153846153846154
40193 15 8 5 18 0.333333333333333 0.625 0.277777777777778
40220 12 5 5 12 0.416666666666667 1 0.416666666666667
40342 5 4 3 6 0.6 0.75 0.5
40387 18 2 2 18 0.111111111111111 1 0.111111111111111
40490 2 1 1 2 0.5 1 0.5
40528 10 4 4 10 0.4 1 0.4
40589 2 1 1 2 0.5 1 0.5
40679 2 2 2 2 1 1 1
40832 2 1 1 2 0.5 1 0.5
40912 2 1 1 2 0.5 1 0.5
40943 2 1 0 3 0 0 0
41012 35 6 6 35 0.171428571428571 1 0.171428571428571
41045 28 9 9 28 0.321428571428571 1 0.321428571428571
41075 2 4 1 5 0.5 0.25 0.2
4134 103 1 0 104 0 0 0
4150 5 2 1 6 0.2 0.5 0.166666666666667
4158 2 1 1 2 0.5 1 0.5
41670 1 1 1 1 1 1 1
41692 468 31 26 473 0.0555555555555556 0.838709677419355 0.0549682875264271
41695 3 1 0 4 0 0 0
41698 2 1 1 2 0.5 1 0.5
41711 9 4 2 11 0.222222222222222 0.5 0.181818181818182
41773 3 3 3 3 1 1 1
41824 9 4 4 9 0.444444444444444 1 0.444444444444444
41887 11 6 4 13 0.363636363636364 0.666666666666667 0.307692307692308
41913 10 2 2 10 0.2 1 0.2
41960 6 1 0 7 0 0 0
42 117 11 10 118 0.0854700854700855 0.909090909090909 0.0847457627118644
42017 4 1 0 5 0 0 0
42184 34 9 5 38 0.147058823529412 0.555555555555556 0.131578947368421
42227 9 6 6 9 0.666666666666667 1 0.666666666666667
42525 31 3 3 31 0.0967741935483871 1 0.0967741935483871
42579 9 2 2 9 0.222222222222222 1 0.222222222222222
42585 7 4 3 8 0.428571428571429 0.75 0.375
42605 22 16 10 28 0.454545454545455 0.625 0.357142857142857
42652 43 2 2 43 0.0465116279069767 1 0.0465116279069767
42678 2 1 1 2 0.5 1 0.5
42689 32 9 7 34 0.21875 0.777777777777778 0.205882352941176
4270 5 2 1 6 0.2 0.5 0.166666666666667
42732 1 1 1 1 1 1 1
42841 6 3 3 6 0.5 1 0.5
42909 17 3 3 17 0.176470588235294 1 0.176470588235294
42965 9 1 1 9 0.111111111111111 1 0.111111111111111
42979 17 2 2 17 0.117647058823529 1 0.117647058823529
43037 5 1 1 5 0.2 1 0.2
43070 7 1 1 7 0.142857142857143 1 0.142857142857143
43128 1 1 1 1 1 1 1
43148 2 1 0 3 0 0 0
4323 1265 7 7 1265 0.00553359683794466 1 0.00553359683794466
43289 2 1 1 2 0.5 1 0.5
43313 3 1 1 3 0.333333333333333 1 0.333333333333333
43333 7 3 3 7 0.428571428571429 1 0.428571428571429
43383 1 1 1 1 1 1 1
43447 1 1 1 1 1 1 1
43483 2 1 1 2 0.5 1 0.5
43556 6 2 2 6 0.333333333333333 1 0.333333333333333
43602 3 2 2 3 0.666666666666667 1 0.666666666666667
43629 2 1 1 2 0.5 1 0.5
43655 2 1 1 2 0.5 1 0.5
43782 3 2 0 5 0 0 0
43821 33 15 10 38 0.303030303030303 0.666666666666667 0.263157894736842
43884 2 1 0 3 0 0 0
43892 2 1 0 3 0 0 0
43911 4 3 1 6 0.25 0.333333333333333 0.166666666666667
43930 4 1 0 5 0 0 0
43948 3 2 2 3 0.666666666666667 1 0.666666666666667
43950 2 1 0 3 0 0 0
43978 2 1 1 2 0.5 1 0.5
44042 43 22 14 51 0.325581395348837 0.636363636363636 0.274509803921569
44065 2 1 1 2 0.5 1 0.5
44066 28 1 1 28 0.0357142857142857 1 0.0357142857142857
44146 11 3 3 11 0.272727272727273 1 0.272727272727273
44212 4 2 2 4 0.5 1 0.5
44227 4 1 1 4 0.25 1 0.25
44237 30 2 2 30 0.0666666666666667 1 0.0666666666666667
44285 4 1 0 5 0 0 0
44358 5 2 2 5 0.4 1 0.4
4436 145 25 21 149 0.144827586206897 0.84 0.140939597315436
44489 1 1 1 1 1 1 1
44513 7 2 2 7 0.285714285714286 1 0.285714285714286
44514 6 3 2 7 0.333333333333333 0.666666666666667 0.285714285714286
44515 1 1 0 2 0 0 0
44654 34 16 8 42 0.235294117647059 0.5 0.19047619047619
44683 3 2 2 3 0.666666666666667 1 0.666666666666667
44706 6 3 2 7 0.333333333333333 0.666666666666667 0.285714285714286
4474 1 1 1 1 1 1 1
44928 1 1 1 1 1 1 1
44953 8 3 3 8 0.375 1 0.375
44980 3 1 1 3 0.333333333333333 1 0.333333333333333
45131 1 1 1 1 1 1 1
45147 64 3 2 65 0.03125 0.666666666666667 0.0307692307692308
45170 2 1 1 2 0.5 1 0.5
45177 3 2 0 5 0 0 0
4528 4 1 1 4 0.25 1 0.25
45344 2 1 1 2 0.5 1 0.5
4538 51 5 4 52 0.0784313725490196 0.8 0.0769230769230769
45437 1 1 1 1 1 1 1
45438 1 1 1 1 1 1 1
45444 2 2 0 4 0 0 0
45456 1 2 0 3 0 0 0
45459 3 2 1 4 0.333333333333333 0.5 0.25
45482 3 2 1 4 0.333333333333333 0.5 0.25
45506 2 1 1 2 0.5 1 0.5
45522 1 1 0 2 0 0 0
4555 1 3 0 4 0 0 0
4557 11 2 2 11 0.181818181818182 1 0.181818181818182
45638 3 1 1 3 0.333333333333333 1 0.333333333333333
45695 1 1 1 1 1 1 1
4589 718 118 113 723 0.157381615598886 0.957627118644068 0.156293222683264
46 3 1 1 3 0.333333333333333 1 0.333333333333333
4605 2 1 1 2 0.5 1 0.5
4608 5 4 1 8 0.2 0.25 0.125
46135 11 2 2 11 0.181818181818182 1 0.181818181818182
46176 2 1 0 3 0 0 0
46177 5 1 1 5 0.2 1 0.2
4618 14 2 1 15 0.0714285714285714 0.5 0.0666666666666667
46208 6 2 2 6 0.333333333333333 1 0.333333333333333
4621 36 3 3 36 0.0833333333333333 1 0.0833333333333333
4622 1 2 0 3 0 0 0
4635 112 27 25 114 0.223214285714286 0.925925925925926 0.219298245614035
46357 2 1 1 2 0.5 1 0.5
4637 172 5 4 173 0.0232558139534884 0.8 0.023121387283237
4648 53 3 3 53 0.0566037735849057 1 0.0566037735849057
4651 35 8 7 36 0.2 0.875 0.194444444444444
4657 111 4 4 111 0.036036036036036 1 0.036036036036036
46722 1 1 1 1 1 1 1
4673 8 2 2 8 0.25 1 0.25
4675 6 2 0 8 0 0 0
4677 5 1 1 5 0.2 1 0.2
4680 9 3 1 11 0.111111111111111 0.333333333333333 0.0909090909090909
4685 10 1 1 10 0.1 1 0.1
4691 1 15 1 15 1 0.0666666666666667 0.0666666666666667
46925 3 1 1 3 0.333333333333333 1 0.333333333333333
4697 3 9 3 9 1 0.333333333333333 0.333333333333333
4704 7 3 1 9 0.142857142857143 0.333333333333333 0.111111111111111
4711 2 1 0 3 0 0 0
4713 105 16 13 108 0.123809523809524 0.8125 0.12037037037037
4716 21 10 2 29 0.0952380952380952 0.2 0.0689655172413793
4717 3 2 2 3 0.666666666666667 1 0.666666666666667
4718 2 2 2 2 1 1 1
47201 2 1 0 3 0 0 0
47202 2 1 1 2 0.5 1 0.5
47227 3 2 2 3 0.666666666666667 1 0.666666666666667
4725 126 19 11 134 0.0873015873015873 0.578947368421053 0.082089552238806
4739 77 15 13 79 0.168831168831169 0.866666666666667 0.164556962025316
4741 10 1 1 10 0.1 1 0.1
47447 2 2 2 2 1 1 1
4747 3 1 0 4 0 0 0
47490 1 1 1 1 1 1 1
47533 3 1 1 3 0.333333333333333 1 0.333333333333333
4755 191 3 3 191 0.0157068062827225 1 0.0157068062827225
4760 7 1 1 7 0.142857142857143 1 0.142857142857143
4761 58 4 3 59 0.0517241379310345 0.75 0.0508474576271186
47617 4 1 1 4 0.25 1 0.25
4768 27 2 2 27 0.0740740740740741 1 0.0740740740740741
4770 13 1 0 14 0 0 0
4775 59 1 1 59 0.0169491525423729 1 0.0169491525423729
4777 36 5 3 38 0.0833333333333333 0.6 0.0789473684210526
4780 25 3 2 26 0.08 0.666666666666667 0.0769230769230769
4782 2 1 0 3 0 0 0
47862 1 2 1 2 1 0.5 0.5
4787 6 3 1 8 0.166666666666667 0.333333333333333 0.125
4788 127 7 7 127 0.0551181102362205 1 0.0551181102362205
47885 1 2 0 3 0 0 0
47886 3 2 2 3 0.666666666666667 1 0.666666666666667
47917 1 1 1 1 1 1 1
4795 29 4 2 31 0.0689655172413793 0.5 0.0645161290322581
47956 2 1 0 3 0 0 0
4796 3 1 1 3 0.333333333333333 1 0.333333333333333
47998 2 1 1 2 0.5 1 0.5
48039 8 3 3 8 0.375 1 0.375
48053 1 1 1 1 1 1 1
48136 1 1 1 1 1 1 1
48173 7 2 2 7 0.285714285714286 1 0.285714285714286
4818 4 1 1 4 0.25 1 0.25
48185 2 2 1 3 0.5 0.5 0.333333333333333
48191 4 1 0 5 0 0 0
48200 2 6 1 7 0.5 0.166666666666667 0.142857142857143
48259 2 1 1 2 0.5 1 0.5
4826 184 25 21 188 0.114130434782609 0.84 0.111702127659574
4829 5 1 1 5 0.2 1 0.2
48417 3 2 2 3 0.666666666666667 1 0.666666666666667
4842 5 1 1 5 0.2 1 0.2
4844 2 1 1 2 0.5 1 0.5
48451 1 1 1 1 1 1 1
48484 1 1 1 1 1 1 1
48514 3 3 1 5 0.333333333333333 0.333333333333333 0.2
48519 3 1 1 3 0.333333333333333 1 0.333333333333333
48528 2 1 1 2 0.5 1 0.5
48539 8 6 5 9 0.625 0.833333333333333 0.555555555555556
48972 1 1 1 1 1 1 1
49237 4 1 1 4 0.25 1 0.25
4927 17 6 5 18 0.294117647058824 0.833333333333333 0.277777777777778
49352 1 1 0 2 0 0 0
49409 2 1 0 3 0 0 0
49416 1 1 1 1 1 1 1
49463 1 1 1 1 1 1 1
49488 2 2 2 2 1 1 1
49534 3 2 2 3 0.666666666666667 1 0.666666666666667
5050 22 5 5 22 0.227272727272727 1 0.227272727272727
5056 28 2 0 30 0 0 0
513 51 10 10 51 0.196078431372549 1 0.196078431372549
52 2 1 1 2 0.5 1 0.5
5381 15 3 2 16 0.133333333333333 0.666666666666667 0.125
5385 57 3 3 57 0.0526315789473684 1 0.0526315789473684
5394 19 3 3 19 0.157894736842105 1 0.157894736842105
5400 209 16 12 213 0.0574162679425837 0.75 0.0563380281690141
5401 1 1 1 1 1 1 1
5403 20 7 6 21 0.3 0.857142857142857 0.285714285714286
5407 7 2 2 7 0.285714285714286 1 0.285714285714286
5408 29 2 1 30 0.0344827586206897 0.5 0.0333333333333333
5410 64 9 6 67 0.09375 0.666666666666667 0.0895522388059701
5413 218 2 2 218 0.00917431192660551 1 0.00917431192660551
5418 8 2 2 8 0.25 1 0.25
5421 3 2 1 4 0.333333333333333 0.5 0.25
543 1 1 1 1 1 1 1
5430 72 20 17 75 0.236111111111111 0.85 0.226666666666667
5432 29 2 1 30 0.0344827586206897 0.5 0.0333333333333333
5459 50 13 9 54 0.18 0.692307692307692 0.166666666666667
5466 73 2 1 74 0.0136986301369863 0.5 0.0135135135135135
5483 63 1 1 63 0.0158730158730159 1 0.0158730158730159
5486 29 2 0 31 0 0 0
5491 3 1 0 4 0 0 0
55 3 1 1 3 0.333333333333333 1 0.333333333333333
5511 155 27 21 161 0.135483870967742 0.777777777777778 0.130434782608696
553 49 22 18 53 0.36734693877551 0.818181818181818 0.339622641509434
5537 25 1 1 25 0.04 1 0.04
5538 6 1 1 6 0.166666666666667 1 0.166666666666667
5539 118 58 27 149 0.228813559322034 0.46551724137931 0.181208053691275
5550 5 2 1 6 0.2 0.5 0.166666666666667
5560 9 2 2 9 0.222222222222222 1 0.222222222222222
5568 225 12 9 228 0.04 0.75 0.0394736842105263
557 6 2 1 7 0.166666666666667 0.5 0.142857142857143
558 25 1 1 25 0.04 1 0.04
5580 157 22 16 163 0.101910828025478 0.727272727272727 0.098159509202454
559 184 80 70 194 0.380434782608696 0.875 0.360824742268041
5602 35 7 6 36 0.171428571428571 0.857142857142857 0.166666666666667
5609 2 8 1 9 0.5 0.125 0.111111111111111
5615 22 1 1 22 0.0454545454545455 1 0.0454545454545455
5617 217 2 2 217 0.00921658986175115 1 0.00921658986175115
5645 21 7 5 23 0.238095238095238 0.714285714285714 0.217391304347826
5661 4 1 1 4 0.25 1 0.25
567 10 2 2 10 0.2 1 0.2
57 28 6 6 28 0.214285714285714 1 0.214285714285714
5707 3 1 1 3 0.333333333333333 1 0.333333333333333
5713 66 2 1 67 0.0151515151515152 0.5 0.0149253731343284
5726 13 1 1 13 0.0769230769230769 1 0.0769230769230769
5764 6 1 1 6 0.166666666666667 1 0.166666666666667
577 136 2 2 136 0.0147058823529412 1 0.0147058823529412
5786 2 1 1 2 0.5 1 0.5
59 6 3 3 6 0.5 1 0.5
600 25 1 1 25 0.04 1 0.04
6057 6 5 4 7 0.666666666666667 0.8 0.571428571428571
6062 10 2 0 12 0 0 0
6066 1 1 0 2 0 0 0
6083 29 14 11 32 0.379310344827586 0.785714285714286 0.34375
6106 2 1 1 2 0.5 1 0.5
6122 9 1 1 9 0.111111111111111 1 0.111111111111111
6128 281 2 2 281 0.00711743772241993 1 0.00711743772241993
6147 1 8 0 9 0 0 0
6181 45 2 2 45 0.0444444444444444 1 0.0444444444444444
6182 1 1 1 1 1 1 1
6245 2 1 0 3 0 0 0
6262 1 1 1 1 1 1 1
6263 3 1 1 3 0.333333333333333 1 0.333333333333333
6315 7 1 1 7 0.142857142857143 1 0.142857142857143
6327 182 1 1 182 0.00549450549450549 1 0.00549450549450549
6337 5 1 0 6 0 0 0
6342 4 1 0 5 0 0 0
6360 8 3 3 8 0.375 1 0.375
6366 3 1 1 3 0.333333333333333 1 0.333333333333333
6435 3 6 2 7 0.666666666666667 0.333333333333333 0.285714285714286
6453 524 104 88 540 0.16793893129771 0.846153846153846 0.162962962962963
6456 15 2 2 15 0.133333333333333 1 0.133333333333333
65071 1 2 1 2 1 0.5 0.5
65075 1 1 0 2 0 0 0
6509 25 10 9 26 0.36 0.9 0.346153846153846
65104 1 1 1 1 1 1 1
6536 18 2 1 19 0.0555555555555556 0.5 0.0526315789473684
65382 1 1 1 1 1 1 1
6619 25 7 5 27 0.2 0.714285714285714 0.185185185185185
6629 3 1 1 3 0.333333333333333 1 0.333333333333333
6648 44 5 4 45 0.0909090909090909 0.8 0.0888888888888889
6656 38 7 4 41 0.105263157894737 0.571428571428571 0.0975609756097561
6661 74 1 1 74 0.0135135135135135 1 0.0135135135135135
6667 519 133 127 525 0.244701348747592 0.954887218045113 0.241904761904762
6677 55 3 2 56 0.0363636363636364 0.666666666666667 0.0357142857142857
668 31 7 2 36 0.0645161290322581 0.285714285714286 0.0555555555555556
6695 146 72 43 175 0.294520547945205 0.597222222222222 0.245714285714286
6702 16 1 1 16 0.0625 1 0.0625
6706 15 5 5 15 0.333333333333333 1 0.333333333333333
6724 38 19 15 42 0.394736842105263 0.789473684210526 0.357142857142857
6730 573 9 8 574 0.0139616055846422 0.888888888888889 0.0139372822299652
6734 14 4 3 15 0.214285714285714 0.75 0.2
6760 10 3 2 11 0.2 0.666666666666667 0.181818181818182
6762 190 61 51 200 0.268421052631579 0.836065573770492 0.255
6770 38 15 6 47 0.157894736842105 0.4 0.127659574468085
6772 16 5 5 16 0.3125 1 0.3125
6774 80 15 14 81 0.175 0.933333333333333 0.172839506172839
6775 4 3 2 5 0.5 0.666666666666667 0.4
680 66 20 17 69 0.257575757575758 0.85 0.246376811594203
6802 7 2 2 7 0.285714285714286 1 0.285714285714286
681 2 1 1 2 0.5 1 0.5
683 2 1 1 2 0.5 1 0.5
6830 368 33 23 378 0.0625 0.696969696969697 0.0608465608465608
6838 1 1 1 1 1 1 1
6881 90 30 28 92 0.311111111111111 0.933333333333333 0.304347826086957
6893 2 1 1 2 0.5 1 0.5
6895 5 1 1 5 0.2 1 0.2
6908 96 21 19 98 0.197916666666667 0.904761904761905 0.193877551020408
6911 4 1 1 4 0.25 1 0.25
6939 1117 512 344 1285 0.307967770814682 0.671875 0.267704280155642
6966 3 1 1 3 0.333333333333333 1 0.333333333333333
6968 3 1 1 3 0.333333333333333 1 0.333333333333333
701 2148 21 14 2155 0.00651769087523277 0.666666666666667 0.00649651972157773
7012 17 3 2 18 0.117647058823529 0.666666666666667 0.111111111111111
7018 2242 19 15 2246 0.00669045495093666 0.789473684210526 0.00667853962600178
7019 1 1 1 1 1 1 1
7055 3 1 1 3 0.333333333333333 1 0.333333333333333
7065 18 3 2 19 0.111111111111111 0.666666666666667 0.105263157894737
7066 18 3 3 18 0.166666666666667 1 0.166666666666667
7081 22 5 3 24 0.136363636363636 0.6 0.125
71 13 2 1 14 0.0769230769230769 0.5 0.0714285714285714
7106 9 1 0 10 0 0 0
714 11 1 1 11 0.0909090909090909 1 0.0909090909090909
719 18 2 2 18 0.111111111111111 1 0.111111111111111
7195 1 1 0 2 0 0 0
72 10 1 0 11 0 0 0
7377 3 1 1 3 0.333333333333333 1 0.333333333333333
7385 186 9 7 188 0.0376344086021505 0.777777777777778 0.0372340425531915
7412 1 1 0 2 0 0 0
7470 36 2 2 36 0.0555555555555556 1 0.0555555555555556
7473 143 22 15 150 0.104895104895105 0.681818181818182 0.1
7500 56 8 6 58 0.107142857142857 0.75 0.103448275862069
7503 4 3 1 6 0.25 0.333333333333333 0.166666666666667
7511 2 1 0 3 0 0 0
7514 20 3 3 20 0.15 1 0.15
7516 4 1 0 5 0 0 0
7521 5 2 1 6 0.2 0.5 0.166666666666667
7522 6 3 1 8 0.166666666666667 0.333333333333333 0.125
7527 6 1 1 6 0.166666666666667 1 0.166666666666667
7529 18 3 2 19 0.111111111111111 0.666666666666667 0.105263157894737
7530 3 2 1 4 0.333333333333333 0.5 0.25
7539 21 9 6 24 0.285714285714286 0.666666666666667 0.25
7543 17 2 1 18 0.0588235294117647 0.5 0.0555555555555556
7545 17 2 1 18 0.0588235294117647 0.5 0.0555555555555556
7575 241 19 19 241 0.0788381742738589 1 0.0788381742738589
7594 5 1 0 6 0 0 0
7599 1 1 0 2 0 0 0
760 4 2 2 4 0.5 1 0.5
7606 52 5 4 53 0.0769230769230769 0.8 0.0754716981132075
7610 23 2 0 25 0 0 0
7629 6 2 0 8 0 0 0
7657 10 1 1 10 0.1 1 0.1
766 18 5 5 18 0.277777777777778 1 0.277777777777778
7660 43 25 21 47 0.488372093023256 0.84 0.446808510638298
7665 1 1 1 1 1 1 1
7667 4 1 1 4 0.25 1 0.25
7668 11 1 1 11 0.0909090909090909 1 0.0909090909090909
7670 20 3 2 21 0.1 0.666666666666667 0.0952380952380952
7671 3 1 1 3 0.333333333333333 1 0.333333333333333
7682 11 3 2 12 0.181818181818182 0.666666666666667 0.166666666666667
7687 4 1 1 4 0.25 1 0.25
7693 23 2 2 23 0.0869565217391304 1 0.0869565217391304
7718 18 3 3 18 0.166666666666667 1 0.166666666666667
7753 5 1 1 5 0.2 1 0.2
7781 7 8 4 11 0.571428571428571 0.5 0.363636363636364
7784 32 4 3 33 0.09375 0.75 0.0909090909090909
7786 9 2 1 10 0.111111111111111 0.5 0.1
7843 48 1 1 48 0.0208333333333333 1 0.0208333333333333
7847 2 1 1 2 0.5 1 0.5
786 63 11 9 65 0.142857142857143 0.818181818181818 0.138461538461538
7860 1 1 1 1 1 1 1
790 1 1 0 2 0 0 0
7908 39 3 1 41 0.0256410256410256 0.333333333333333 0.024390243902439
7922 74 10 9 75 0.121621621621622 0.9 0.12
7941 3 1 1 3 0.333333333333333 1 0.333333333333333
7949 12 2 0 14 0 0 0
8001 368 11 11 368 0.0298913043478261 1 0.0298913043478261
8002 52 5 3 54 0.0576923076923077 0.6 0.0555555555555556
8018 2 1 0 3 0 0 0
8025 6 1 0 7 0 0 0
8038 1 2 1 2 1 0.5 0.5
8047 25 5 5 25 0.2 1 0.2
8092 12 4 4 12 0.333333333333333 1 0.333333333333333
81 28 2 1 29 0.0357142857142857 0.5 0.0344827586206897
8111 5 1 1 5 0.2 1 0.2
812 120 1 1 120 0.00833333333333333 1 0.00833333333333333
8121 54 9 5 58 0.0925925925925926 0.555555555555556 0.0862068965517241
8158 2 1 1 2 0.5 1 0.5
8190 59 1 1 59 0.0169491525423729 1 0.0169491525423729
8201 9 2 2 9 0.222222222222222 1 0.222222222222222
8218 262 27 25 264 0.0954198473282443 0.925925925925926 0.0946969696969697
8220 554 12 11 555 0.01985559566787 0.916666666666667 0.0198198198198198
8224 11 8 6 13 0.545454545454545 0.75 0.461538461538462
8226 6 3 0 9 0 0 0
8237 7 4 3 8 0.428571428571429 0.75 0.375
8240 1 1 0 2 0 0 0
8246 196 3 0 199 0 0 0
8251 11 5 5 11 0.454545454545455 1 0.454545454545455
8256 1 1 1 1 1 1 1
8262 35 1 1 35 0.0285714285714286 1 0.0285714285714286
8267 2 1 1 2 0.5 1 0.5
8282 9 1 1 9 0.111111111111111 1 0.111111111111111
8283 6 3 2 7 0.333333333333333 0.666666666666667 0.285714285714286
8299 13 1 0 14 0 0 0
8302 8 1 1 8 0.125 1 0.125
8308 48 1 1 48 0.0208333333333333 1 0.0208333333333333
8312 10 1 0 11 0 0 0
8319 35 15 12 38 0.342857142857143 0.8 0.315789473684211
8330 11 3 2 12 0.181818181818182 0.666666666666667 0.166666666666667
8346 6 2 2 6 0.333333333333333 1 0.333333333333333
8358 16 1 1 16 0.0625 1 0.0625
8359 643 38 27 654 0.0419906687402799 0.710526315789474 0.0412844036697248
8364 9 1 1 9 0.111111111111111 1 0.111111111111111
8365 287 92 73 306 0.254355400696864 0.793478260869565 0.238562091503268
8368 34 8 7 35 0.205882352941176 0.875 0.2
8374 8 3 3 8 0.375 1 0.375
8386 5 1 0 6 0 0 0
8387 17 4 3 18 0.176470588235294 0.75 0.166666666666667
8391 21 13 6 28 0.285714285714286 0.461538461538462 0.214285714285714
8396 1 1 0 2 0 0 0
8412 20 2 2 20 0.1 1 0.1
8419 264 2 2 264 0.00757575757575758 1 0.00757575757575758
8422 100 19 13 106 0.13 0.684210526315789 0.122641509433962
8426 452 21 17 456 0.0376106194690266 0.80952380952381 0.037280701754386
8442 25 17 10 32 0.4 0.588235294117647 0.3125
8447 566 87 73 580 0.128975265017668 0.839080459770115 0.125862068965517
8452 36 2 2 36 0.0555555555555556 1 0.0555555555555556
8468 584 13 12 585 0.0205479452054795 0.923076923076923 0.0205128205128205
8469 34 18 14 38 0.411764705882353 0.777777777777778 0.368421052631579
8473 48 6 3 51 0.0625 0.5 0.0588235294117647
8481 2 1 1 2 0.5 1 0.5
8492 899 1 1 899 0.00111234705228031 1 0.00111234705228031
8495 17 3 3 17 0.176470588235294 1 0.176470588235294
8501 36 12 12 36 0.333333333333333 1 0.333333333333333
8508 1 1 1 1 1 1 1
8517 20 2 1 21 0.05 0.5 0.0476190476190476
8518 4 1 1 4 0.25 1 0.25
852 162 2 2 162 0.0123456790123457 1 0.0123456790123457
8527 23 4 4 23 0.173913043478261 1 0.173913043478261
8529 7 1 1 7 0.142857142857143 1 0.142857142857143
8535 5 3 3 5 0.6 1 0.6
8545 4 6 1 9 0.25 0.166666666666667 0.111111111111111
855 31 1 1 31 0.032258064516129 1 0.032258064516129
8551 136 1 1 136 0.00735294117647059 1 0.00735294117647059
8560 77 28 21 84 0.272727272727273 0.75 0.25
8565 17 4 4 17 0.235294117647059 1 0.235294117647059
8567 2 1 1 2 0.5 1 0.5
8582 54 20 15 59 0.277777777777778 0.75 0.254237288135593
8586 61 6 4 63 0.0655737704918033 0.666666666666667 0.0634920634920635
8591 46 9 7 48 0.152173913043478 0.777777777777778 0.145833333333333
8596 88 2 2 88 0.0227272727272727 1 0.0227272727272727
8607 37 4 3 38 0.0810810810810811 0.75 0.0789473684210526
8648 30 17 6 41 0.2 0.352941176470588 0.146341463414634
8657 93 14 12 95 0.129032258064516 0.857142857142857 0.126315789473684
8664 9 3 2 10 0.222222222222222 0.666666666666667 0.2
8674 51 6 5 52 0.0980392156862745 0.833333333333333 0.0961538461538462
8676 5 2 2 5 0.4 1 0.4
8681 43 8 5 46 0.116279069767442 0.625 0.108695652173913
8683 35 1 1 35 0.0285714285714286 1 0.0285714285714286
8708 273 21 19 275 0.0695970695970696 0.904761904761905 0.0690909090909091
8717 102 15 11 106 0.107843137254902 0.733333333333333 0.10377358490566
8728 1 1 1 1 1 1 1
8737 29 5 3 31 0.103448275862069 0.6 0.0967741935483871
8758 12 6 5 13 0.416666666666667 0.833333333333333 0.384615384615385
8763 165 54 52 167 0.315151515151515 0.962962962962963 0.311377245508982
8767 71 27 19 79 0.267605633802817 0.703703703703704 0.240506329113924
8771 10 1 0 11 0 0 0
8778 8 2 2 8 0.25 1 0.25
8781 63 15 9 69 0.142857142857143 0.6 0.130434782608696
8804 45 13 8 50 0.177777777777778 0.615384615384615 0.16
8816 15 1 1 15 0.0666666666666667 1 0.0666666666666667
8820 9 4 3 10 0.333333333333333 0.75 0.3
8833 11 1 1 11 0.0909090909090909 1 0.0909090909090909
8881 187 30 28 189 0.149732620320856 0.933333333333333 0.148148148148148
8895 8 2 2 8 0.25 1 0.25
8897 60 14 8 66 0.133333333333333 0.571428571428571 0.121212121212121
8903 14 3 1 16 0.0714285714285714 0.333333333333333 0.0625
8928 639 16 16 639 0.0250391236306729 1 0.0250391236306729
8943 19 5 5 19 0.263157894736842 1 0.263157894736842
8953 20 1 0 21 0 0 0
8954 38 11 7 42 0.184210526315789 0.636363636363636 0.166666666666667
8966 93 1 1 93 0.010752688172043 1 0.010752688172043
8970 2 1 1 2 0.5 1 0.5
8978 4 2 2 4 0.5 1 0.5
9002 1279 343 332 1290 0.259577795152463 0.967930029154519 0.257364341085271
9008 4 1 1 4 0.25 1 0.25
9009 151 3 2 152 0.0132450331125828 0.666666666666667 0.0131578947368421
9022 3 1 1 3 0.333333333333333 1 0.333333333333333
9026 14 5 4 15 0.285714285714286 0.8 0.266666666666667
9031 67 7 7 67 0.104477611940299 1 0.104477611940299
9044 65 16 13 68 0.2 0.8125 0.191176470588235
9063 50 17 13 54 0.26 0.764705882352941 0.240740740740741
9080 9 6 4 11 0.444444444444444 0.666666666666667 0.363636363636364
9085 8 1 1 8 0.125 1 0.125
9112 6 1 1 6 0.166666666666667 1 0.166666666666667
9121 249 1 1 249 0.00401606425702811 1 0.00401606425702811
9129 8 1 0 9 0 0 0
9145 76 14 8 82 0.105263157894737 0.571428571428571 0.0975609756097561
9150 29 9 7 31 0.241379310344828 0.777777777777778 0.225806451612903
9153 43 7 7 43 0.162790697674419 1 0.162790697674419
9167 21 1 1 21 0.0476190476190476 1 0.0476190476190476
9188 3 2 1 4 0.333333333333333 0.5 0.25
9191 53 6 6 53 0.113207547169811 1 0.113207547169811
9231 2 2 1 3 0.5 0.5 0.333333333333333
9264 30 18 8 40 0.266666666666667 0.444444444444444 0.2
9270 29 3 3 29 0.103448275862069 1 0.103448275862069
9293 21 1 1 21 0.0476190476190476 1 0.0476190476190476
9299 40 2 1 41 0.025 0.5 0.024390243902439
9304 270 7 6 271 0.0222222222222222 0.857142857142857 0.022140221402214
9329 13 2 2 13 0.153846153846154 1 0.153846153846154
9340 3 4 1 6 0.333333333333333 0.25 0.166666666666667
9354 11 1 1 11 0.0909090909090909 1 0.0909090909090909
9367 3 1 1 3 0.333333333333333 1 0.333333333333333
9406 2 2 1 3 0.5 0.5 0.333333333333333
9431 2 2 2 2 1 1 1
9433 3 2 1 4 0.333333333333333 0.5 0.25
9445 1 1 1 1 1 1 1
9482 11 4 4 11 0.363636363636364 1 0.363636363636364
9497 34 6 6 34 0.176470588235294 1 0.176470588235294
9503 24 4 2 26 0.0833333333333333 0.5 0.0769230769230769
9505 114 5 4 115 0.0350877192982456 0.8 0.0347826086956522
9534 10 1 1 10 0.1 1 0.1
9541 6 1 0 7 0 0 0
9549 3 1 1 3 0.333333333333333 1 0.333333333333333
9555 2 1 0 3 0 0 0
9583 37 1 0 38 0 0 0
9584 8 2 1 9 0.125 0.5 0.111111111111111
9595 6 5 2 9 0.333333333333333 0.4 0.222222222222222
9600 5 3 3 5 0.6 1 0.6
9601 9 1 1 9 0.111111111111111 1 0.111111111111111
9607 6 4 0 10 0 0 0
9612 1 1 0 2 0 0 0
9619 2 2 2 2 1 1 1
9621 3 1 1 3 0.333333333333333 1 0.333333333333333
9622 7 5 2 10 0.285714285714286 0.4 0.2
9680 27 2 1 28 0.037037037037037 0.5 0.0357142857142857
9687 2 1 1 2 0.5 1 0.5
9700 7 3 2 8 0.285714285714286 0.666666666666667 0.25
9722 43 2 1 44 0.0232558139534884 0.5 0.0227272727272727
9732 2 2 1 3 0.5 0.5 0.333333333333333
9738 8 1 0 9 0 0 0
9794 4 1 1 4 0.25 1 0.25
9800 14 2 0 16 0 0 0
9821 6 4 4 6 0.666666666666667 1 0.666666666666667
9829 17 2 2 17 0.117647058823529 1 0.117647058823529
9892 3 1 1 3 0.333333333333333 1 0.333333333333333
9896 2 1 1 2 0.5 1 0.5
9901 24 6 3 27 0.125 0.5 0.111111111111111
9911 18 1 1 18 0.0555555555555556 1 0.0555555555555556
9919 14 1 0 15 0 0 0
9924 45 1 0 46 0 0 0
9930 17 4 4 17 0.235294117647059 1 0.235294117647059
9999 2 1 0 3 0 0 0
