#ASN num_v4adj num_v6adj num_intersect(v4v6adj) num_union(adj) fr_v4(num_intersect/num_v4adj) fr_v6(num_intersect/num_v6adj) fr_intersect(num_intersect/num_union)
10013 2 2 1 3 0.5 0.5 0.333333333333333
10015 10 1 0 11 0 0 0
10026 388 3 1 390 0.00257731958762887 0.333333333333333 0.00256410256410256
101 32 8 7 33 0.21875 0.875 0.212121212121212
10148 1 2 1 2 1 0.5 0.5
102 3 1 1 3 0.333333333333333 1 0.333333333333333
10204 3 4 1 6 0.333333333333333 0.25 0.166666666666667
10217 24 1 1 24 0.0416666666666667 1 0.0416666666666667
10318 3 1 0 4 0 0 0
10343 2 1 1 2 0.5 1 0.5
10405 2 1 0 3 0 0 0
10429 82 1 1 82 0.0121951219512195 1 0.0121951219512195
10466 29 3 3 29 0.103448275862069 1 0.103448275862069
10490 31 3 2 32 0.0645161290322581 0.666666666666667 0.0625
10533 1 2 1 2 1 0.5 0.5
10569 1 1 1 1 1 1 1
10578 25 3 3 25 0.12 1 0.12
10745 2 8 0 10 0 0 0
10778 7 1 1 7 0.142857142857143 1 0.142857142857143
10782 2 1 1 2 0.5 1 0.5
10886 35 20 9 46 0.257142857142857 0.45 0.195652173913043
109 18 4 0 22 0 0 0
1101 1 1 1 1 1 1 1
1103 193 66 62 197 0.321243523316062 0.939393939393939 0.314720812182741
111 2 2 1 3 0.5 0.5 0.333333333333333
11170 1 2 0 3 0 0 0
1120 14 2 1 15 0.0714285714285714 0.5 0.0666666666666667
1125 3 3 3 3 1 1 1
1126 41 11 7 45 0.170731707317073 0.636363636363636 0.155555555555556
11274 9 2 2 9 0.222222222222222 1 0.222222222222222
11279 3 1 1 3 0.333333333333333 1 0.333333333333333
11317 7 4 4 7 0.571428571428571 1 0.571428571428571
11340 7 1 1 7 0.142857142857143 1 0.142857142857143
1140 27 9 5 31 0.185185185185185 0.555555555555556 0.161290322580645
11404 40 3 3 40 0.075 1 0.075
11508 3 1 1 3 0.333333333333333 1 0.333333333333333
11537 118 53 43 128 0.364406779661017 0.811320754716981 0.3359375
11666 7 5 2 10 0.285714285714286 0.4 0.2
11694 2 1 1 2 0.5 1 0.5
11734 4 1 0 5 0 0 0
11834 4 2 2 4 0.5 1 0.5
11960 5 2 2 5 0.4 1 0.4
12 5 1 1 5 0.2 1 0.2
1200 40 17 11 46 0.275 0.647058823529412 0.239130434782609
12008 31 1 1 31 0.032258064516129 1 0.032258064516129
12041 42 21 15 48 0.357142857142857 0.714285714285714 0.3125
12046 2 1 1 2 0.5 1 0.5
12111 24 2 2 24 0.0833333333333333 1 0.0833333333333333
1213 10 4 4 10 0.4 1 0.4
1221 117 2 0 119 0 0 0
1224 3 1 1 3 0.333333333333333 1 0.333333333333333
12287 2 1 1 2 0.5 1 0.5
12294 9 1 1 9 0.111111111111111 1 0.111111111111111
12301 64 1 1 64 0.015625 1 0.015625
12306 83 12 10 85 0.120481927710843 0.833333333333333 0.117647058823529
12312 57 14 12 59 0.210526315789474 0.857142857142857 0.203389830508475
12322 66 4 4 66 0.0606060606060606 1 0.0606060606060606
12329 6 1 1 6 0.166666666666667 1 0.166666666666667
12335 11 1 1 11 0.0909090909090909 1 0.0909090909090909
12337 43 49 20 72 0.465116279069767 0.408163265306122 0.277777777777778
12347 4 3 2 5 0.5 0.666666666666667 0.4
12353 6 3 1 8 0.166666666666667 0.333333333333333 0.125
12355 33 15 13 35 0.393939393939394 0.866666666666667 0.371428571428571
1237 36 4 2 38 0.0555555555555556 0.5 0.0526315789473684
12371 2 1 0 3 0 0 0
12386 14 3 3 14 0.214285714285714 1 0.214285714285714
1239 1651 3 1 1653 0.000605693519079346 0.333333333333333 0.000604960677555959
12399 253 1 1 253 0.00395256916996047 1 0.00395256916996047
12401 12 3 2 13 0.166666666666667 0.666666666666667 0.153846153846154
12414 37 14 10 41 0.27027027027027 0.714285714285714 0.24390243902439
12502 3 2 1 4 0.333333333333333 0.5 0.25
1251 9 1 1 9 0.111111111111111 1 0.111111111111111
12533 2 1 0 3 0 0 0
12566 13 3 3 13 0.230769230769231 1 0.230769230769231
1257 153 52 27 178 0.176470588235294 0.519230769230769 0.151685393258427
12573 31 13 12 32 0.387096774193548 0.923076923076923 0.375
12600 18 1 0 19 0 0 0
12611 44 20 14 50 0.318181818181818 0.7 0.28
12634 38 17 11 44 0.289473684210526 0.647058823529412 0.25
12637 64 20 18 66 0.28125 0.9 0.272727272727273
12638 2 3 0 5 0 0 0
12654 59 22 14 67 0.23728813559322 0.636363636363636 0.208955223880597
12657 3 1 1 3 0.333333333333333 1 0.333333333333333
12684 3 2 0 5 0 0 0
12709 2 1 0 3 0 0 0
1273 283 77 49 311 0.173144876325088 0.636363636363636 0.157556270096463
12731 55 22 16 61 0.290909090909091 0.727272727272727 0.262295081967213
12732 18 6 4 20 0.222222222222222 0.666666666666667 0.2
12741 167 1 0 168 0 0 0
12757 4 1 1 4 0.25 1 0.25
12767 9 3 2 10 0.222222222222222 0.666666666666667 0.2
12769 4 1 1 4 0.25 1 0.25
12779 76 23 14 85 0.184210526315789 0.608695652173913 0.164705882352941
1280 100 36 26 110 0.26 0.722222222222222 0.236363636363636
12816 1 1 1 1 1 1 1
12817 2 2 2 2 1 1 1
12850 17 5 5 17 0.294117647058824 1 0.294117647058824
12853 2 3 1 4 0.5 0.333333333333333 0.25
12859 504 125 117 512 0.232142857142857 0.936 0.228515625
12871 38 14 7 45 0.184210526315789 0.5 0.155555555555556
12874 200 2 2 200 0.01 1 0.01
12895 7 1 1 7 0.142857142857143 1 0.142857142857143
12902 39 9 7 41 0.179487179487179 0.777777777777778 0.170731707317073
12931 4 3 2 5 0.5 0.666666666666667 0.4
12956 126 7 7 126 0.0555555555555556 1 0.0555555555555556
12968 144 1 1 144 0.00694444444444444 1 0.00694444444444444
12989 526 31 27 530 0.0513307984790875 0.870967741935484 0.0509433962264151
1299 557 40 38 559 0.0682226211849192 0.95 0.0679785330948122
13030 887 149 143 893 0.161217587373168 0.959731543624161 0.16013437849944
13039 4 1 1 4 0.25 1 0.25
13041 7 2 2 7 0.285714285714286 1 0.285714285714286
13049 26 1 1 26 0.0384615384615385 1 0.0384615384615385
13092 4 1 1 4 0.25 1 0.25
131 3 1 1 3 0.333333333333333 1 0.333333333333333
13105 16 7 4 19 0.25 0.571428571428571 0.210526315789474
13110 6 1 1 6 0.166666666666667 1 0.166666666666667
13115 4 1 1 4 0.25 1 0.25
1312 2 1 1 2 0.5 1 0.5
13132 20 12 10 22 0.5 0.833333333333333 0.454545454545455
13184 40 15 9 46 0.225 0.6 0.195652173913043
13189 30 6 6 30 0.2 1 0.2
13193 49 14 10 53 0.204081632653061 0.714285714285714 0.188679245283019
13237 510 89 76 523 0.149019607843137 0.853932584269663 0.145315487571702
13272 1 2 1 2 1 0.5 0.5
13284 12 5 3 14 0.25 0.6 0.214285714285714
13293 22 2 2 22 0.0909090909090909 1 0.0909090909090909
13301 31 2 1 32 0.032258064516129 0.5 0.03125
13319 4 1 0 5 0 0 0
13332 6 1 1 6 0.166666666666667 1 0.166666666666667
13448 6 2 1 7 0.166666666666667 0.5 0.142857142857143
13645 24 3 2 25 0.0833333333333333 0.666666666666667 0.08
13680 48 12 10 50 0.208333333333333 0.833333333333333 0.2
137 21 8 8 21 0.380952380952381 1 0.380952380952381
13714 2 1 1 2 0.5 1 0.5
13810 2 1 1 2 0.5 1 0.5
13855 4 1 0 5 0 0 0
13867 3 1 0 4 0 0 0
13901 2 2 2 2 1 1 1
13910 5 1 0 6 0 0 0
13911 4 1 0 5 0 0 0
14037 1 1 1 1 1 1 1
14085 5 2 2 5 0.4 1 0.4
14259 27 3 1 29 0.037037037037037 0.333333333333333 0.0344827586206897
14262 4 2 2 4 0.5 1 0.5
14277 8 9 3 14 0.375 0.333333333333333 0.214285714285714
14589 18 4 3 19 0.166666666666667 0.75 0.157894736842105
14595 2 1 0 3 0 0 0
14868 5 1 1 5 0.2 1 0.2
14907 3 2 1 4 0.333333333333333 0.5 0.25
15169 119 28 22 125 0.184873949579832 0.785714285714286 0.176
15226 3 2 0 5 0 0 0
15373 2 1 1 2 0.5 1 0.5
15412 477 10 9 478 0.0188679245283019 0.9 0.0188284518828452
15440 8 1 0 9 0 0 0
15444 267 20 13 274 0.048689138576779 0.65 0.0474452554744526
15456 2 3 2 3 1 0.666666666666667 0.666666666666667
15469 1 1 0 2 0 0 0
15480 1 1 1 1 1 1 1
15557 115 1 1 115 0.00869565217391304 1 0.00869565217391304
15589 35 12 5 42 0.142857142857143 0.416666666666667 0.119047619047619
15598 64 29 23 70 0.359375 0.793103448275862 0.328571428571429
15623 36 5 4 37 0.111111111111111 0.8 0.108108108108108
15685 27 11 9 29 0.333333333333333 0.818181818181818 0.310344827586207
15694 58 1 1 58 0.0172413793103448 1 0.0172413793103448
15725 2 2 1 3 0.5 0.5 0.333333333333333
15782 15 5 3 17 0.2 0.6 0.176470588235294
15798 2 1 0 3 0 0 0
15805 23 4 3 24 0.130434782608696 0.75 0.125
15879 38 14 10 42 0.263157894736842 0.714285714285714 0.238095238095238
15919 9 1 1 9 0.111111111111111 1 0.111111111111111
16004 14 6 5 15 0.357142857142857 0.833333333333333 0.333333333333333
16030 56 13 6 63 0.107142857142857 0.461538461538462 0.0952380952380952
16034 19 5 2 22 0.105263157894737 0.4 0.0909090909090909
16065 8 1 1 8 0.125 1 0.125
16086 31 20 9 42 0.290322580645161 0.45 0.214285714285714
16117 3 1 1 3 0.333333333333333 1 0.333333333333333
16128 14 3 2 15 0.142857142857143 0.666666666666667 0.133333333333333
16131 44 18 10 52 0.227272727272727 0.555555555555556 0.192307692307692
16150 226 9 8 227 0.0353982300884956 0.888888888888889 0.0352422907488987
16186 42 1 1 42 0.0238095238095238 1 0.0238095238095238
16206 13 2 0 15 0 0 0
16210 5 3 3 5 0.6 1 0.6
16215 15 5 5 15 0.333333333333333 1 0.333333333333333
16237 32 7 3 36 0.09375 0.428571428571429 0.0833333333333333
16242 6 1 1 6 0.166666666666667 1 0.166666666666667
16243 64 1 1 64 0.015625 1 0.015625
16245 24 3 2 25 0.0833333333333333 0.666666666666667 0.08
16246 6 3 3 6 0.5 1 0.5
16265 80 21 17 84 0.2125 0.80952380952381 0.202380952380952
16276 59 2 2 59 0.0338983050847458 1 0.0338983050847458
16316 5 1 1 5 0.2 1 0.2
16471 3 1 1 3 0.333333333333333 1 0.333333333333333
1653 28 5 4 29 0.142857142857143 0.8 0.137931034482759
16531 7 1 0 8 0 0 0
1654 1 1 0 2 0 0 0
1659 11 3 2 12 0.181818181818182 0.666666666666667 0.166666666666667
16668 6 3 1 8 0.166666666666667 0.333333333333333 0.125
16713 27 2 2 27 0.0740740740740741 1 0.0740740740740741
16724 5 1 1 5 0.2 1 0.2
16807 3 2 0 5 0 0 0
16838 7 1 0 8 0 0 0
16942 2 1 1 2 0.5 1 0.5
16993 3 1 0 4 0 0 0
1706 4 1 0 5 0 0 0
17061 2 1 0 3 0 0 0
17263 8 1 0 9 0 0 0
1741 10 4 3 11 0.3 0.75 0.272727272727273
17435 1 2 0 3 0 0 0
17511 12 1 0 13 0 0 0
17529 7 1 1 7 0.142857142857143 1 0.142857142857143
17554 10 2 2 10 0.2 1 0.2
17579 12 13 8 17 0.666666666666667 0.615384615384615 0.470588235294118
1764 41 7 6 42 0.146341463414634 0.857142857142857 0.142857142857143
17676 36 2 2 36 0.0555555555555556 1 0.0555555555555556
17707 6 1 0 7 0 0 0
17709 12 1 0 13 0 0 0
17741 3 2 1 4 0.333333333333333 0.5 0.25
17832 1 10 1 10 1 0.1 0.1
17934 2 2 2 2 1 1 1
17955 2 2 1 3 0.5 0.5 0.333333333333333
1797 2 3 2 3 1 0.666666666666667 0.666666666666667
1798 3 3 0 6 0 0 0
18011 1 1 0 2 0 0 0
18119 3 1 0 4 0 0 0
18126 3 1 0 4 0 0 0
18146 3 3 0 6 0 0 0
18149 4 2 2 4 0.5 1 0.5
18182 4 1 0 5 0 0 0
18185 4 2 1 5 0.25 0.5 0.2
18203 3 2 0 5 0 0 0
18206 2 2 0 4 0 0 0
18218 2 1 1 2 0.5 1 0.5
18266 3 1 1 3 0.333333333333333 1 0.333333333333333
18344 1 3 0 4 0 0 0
1835 8 2 2 8 0.25 1 0.25
1836 54 11 10 55 0.185185185185185 0.909090909090909 0.181818181818182
18366 2 2 1 3 0.5 0.5 0.333333333333333
18422 4 1 1 4 0.25 1 0.25
18508 6 3 2 7 0.333333333333333 0.666666666666667 0.285714285714286
1853 114 24 23 115 0.201754385964912 0.958333333333333 0.2
18592 24 8 8 24 0.333333333333333 1 0.333333333333333
18666 2 2 0 4 0 0 0
18750 2 1 1 2 0.5 1 0.5
18779 4 1 1 4 0.25 1 0.25
1879 1 2 1 2 1 0.5 0.5
1880 13 7 5 15 0.384615384615385 0.714285714285714 0.333333333333333
1881 2 1 1 2 0.5 1 0.5
1887 6 1 1 6 0.166666666666667 1 0.166666666666667
1901 42 1 1 42 0.0238095238095238 1 0.0238095238095238
19021 1 1 0 2 0 0 0
19151 783 146 137 792 0.174968071519796 0.938356164383562 0.172979797979798
1916 91 12 10 93 0.10989010989011 0.833333333333333 0.10752688172043
19192 3 1 1 3 0.333333333333333 1 0.333333333333333
19255 8 8 6 10 0.75 0.75 0.6
1930 23 6 5 24 0.217391304347826 0.833333333333333 0.208333333333333
19318 40 2 1 41 0.025 0.5 0.024390243902439
19401 44 14 14 44 0.318181818181818 1 0.318181818181818
195 7 3 1 9 0.142857142857143 0.333333333333333 0.111111111111111
1955 11 3 3 11 0.272727272727273 1 0.272727272727273
19557 4 1 0 5 0 0 0
196613 2 2 2 2 1 1 1
196621 2 1 1 2 0.5 1 0.5
19782 19 2 2 19 0.105263157894737 1 0.105263157894737
19783 2 1 0 3 0 0 0
19866 2 1 1 2 0.5 1 0.5
20080 15 5 5 15 0.333333333333333 1 0.333333333333333
20144 30 4 4 30 0.133333333333333 1 0.133333333333333
2018 6 1 1 6 0.166666666666667 1 0.166666666666667
20312 10 3 2 11 0.2 0.666666666666667 0.181818181818182
2042 18 3 2 19 0.111111111111111 0.666666666666667 0.105263157894737
20436 2 1 0 3 0 0 0
20473 29 6 4 31 0.137931034482759 0.666666666666667 0.129032258064516
20495 55 6 5 56 0.0909090909090909 0.833333333333333 0.0892857142857143
20507 36 2 2 36 0.0555555555555556 1 0.0555555555555556
20555 4 1 1 4 0.25 1 0.25
20569 12 4 4 12 0.333333333333333 1 0.333333333333333
20597 4 1 1 4 0.25 1 0.25
20612 5 1 1 5 0.2 1 0.2
20621 3 1 1 3 0.333333333333333 1 0.333333333333333
20633 25 14 9 30 0.36 0.642857142857143 0.3
20640 180 76 52 204 0.288888888888889 0.684210526315789 0.254901960784314
20650 6 1 1 6 0.166666666666667 1 0.166666666666667
20704 20 6 5 21 0.25 0.833333333333333 0.238095238095238
20707 2 1 1 2 0.5 1 0.5
20712 13 4 3 14 0.230769230769231 0.75 0.214285714285714
20718 33 13 2 44 0.0606060606060606 0.153846153846154 0.0454545454545455
20745 1 3 0 4 0 0 0
20766 16 1 1 16 0.0625 1 0.0625
20783 4 2 0 6 0 0 0
20847 32 18 11 39 0.34375 0.611111111111111 0.282051282051282
209 1416 5 4 1417 0.00282485875706215 0.8 0.00282286520818631
20912 7 6 2 11 0.285714285714286 0.333333333333333 0.181818181818182
20932 324 15 13 326 0.0401234567901235 0.866666666666667 0.0398773006134969
20953 28 1 1 28 0.0357142857142857 1 0.0357142857142857
20965 49 42 42 49 0.857142857142857 1 0.857142857142857
210 10 1 1 10 0.1 1 0.1
21011 28 1 1 28 0.0357142857142857 1 0.0357142857142857
21017 1 2 0 3 0 0 0
21055 38 6 4 40 0.105263157894737 0.666666666666667 0.1
2107 1 1 1 1 1 1 1
2108 1 1 1 1 1 1 1
2110 49 2 1 50 0.0204081632653061 0.5 0.02
21155 40 13 8 45 0.2 0.615384615384615 0.177777777777778
2116 30 4 4 30 0.133333333333333 1 0.133333333333333
21221 32 13 7 38 0.21875 0.538461538461538 0.184210526315789
2128 3 2 2 3 0.666666666666667 1 0.666666666666667
21280 9 2 1 10 0.111111111111111 0.5 0.1
21320 6 1 1 6 0.166666666666667 1 0.166666666666667
21371 49 1 1 49 0.0204081632653061 1 0.0204081632653061
21385 80 22 15 87 0.1875 0.681818181818182 0.172413793103448
21414 78 1 1 78 0.0128205128205128 1 0.0128205128205128
21435 5 2 2 5 0.4 1 0.4
2152 90 2 2 90 0.0222222222222222 1 0.0222222222222222
21527 5 1 1 5 0.2 1 0.2
2153 39 13 13 39 0.333333333333333 1 0.333333333333333
21548 20 1 1 20 0.05 1 0.05
21719 2 1 0 3 0 0 0
21737 7 1 0 8 0 0 0
21844 14 3 3 14 0.214285714285714 1 0.214285714285714
21864 6 1 1 6 0.166666666666667 1 0.166666666666667
21947 27 3 3 27 0.111111111111111 1 0.111111111111111
21976 19 1 1 19 0.0526315789473684 1 0.0526315789473684
2200 45 6 5 46 0.111111111111111 0.833333333333333 0.108695652173913
22166 2 1 0 3 0 0 0
22192 2 1 1 2 0.5 1 0.5
22284 7 1 0 8 0 0 0
22302 5 1 1 5 0.2 1 0.2
22335 35 2 2 35 0.0571428571428571 1 0.0571428571428571
22356 29 1 1 29 0.0344827586206897 1 0.0344827586206897
22388 9 7 7 9 0.777777777777778 1 0.777777777777778
224 5 1 1 5 0.2 1 0.2
22404 2 1 0 3 0 0 0
22438 2 2 1 3 0.5 0.5 0.333333333333333
225 1 1 1 1 1 1 1
22548 40 3 3 40 0.075 1 0.075
226 29 2 2 29 0.0689655172413793 1 0.0689655172413793
22767 1 1 1 1 1 1 1
22829 18 1 1 18 0.0555555555555556 1 0.0555555555555556
23007 3 1 1 3 0.333333333333333 1 0.333333333333333
23028 4 2 0 6 0 0 0
23148 184 2 2 184 0.0108695652173913 1 0.0108695652173913
23342 37 2 2 37 0.0540540540540541 1 0.0540540540540541
23352 37 3 3 37 0.0810810810810811 1 0.0810810810810811
23393 67 1 1 67 0.0149253731343284 1 0.0149253731343284
23456 14 5 3 16 0.214285714285714 0.6 0.1875
23504 27 7 4 30 0.148148148148148 0.571428571428571 0.133333333333333
23541 8 1 0 9 0 0 0
23596 3 2 2 3 0.666666666666667 1 0.666666666666667
23600 3 2 2 3 0.666666666666667 1 0.666666666666667
23624 2 1 1 2 0.5 1 0.5
23634 6 4 4 6 0.666666666666667 1 0.666666666666667
23637 1 1 1 1 1 1 1
23654 1 1 1 1 1 1 1
23655 16 2 1 17 0.0625 0.5 0.0588235294117647
237 32 1 1 32 0.03125 1 0.03125
23754 5 2 0 7 0 0 0
23774 4 2 1 5 0.25 0.5 0.2
2381 21 4 3 22 0.142857142857143 0.75 0.136363636363636
23836 1 1 1 1 1 1 1
23869 2 1 0 3 0 0 0
23889 3 1 1 3 0.333333333333333 1 0.333333333333333
23896 1 2 0 3 0 0 0
23902 1 3 0 4 0 0 0
23910 3 5 2 6 0.666666666666667 0.4 0.333333333333333
23911 7 16 5 18 0.714285714285714 0.3125 0.277777777777778
23912 1 1 0 2 0 0 0
23966 3 1 0 4 0 0 0
24 11 7 5 13 0.454545454545455 0.714285714285714 0.384615384615385
24005 3 3 0 6 0 0 0
24085 3 1 0 4 0 0 0
24151 6 2 0 8 0 0 0
24175 3 1 1 3 0.333333333333333 1 0.333333333333333
24211 1 1 1 1 1 1 1
24226 3 1 0 4 0 0 0
24227 2 2 1 3 0.5 0.5 0.333333333333333
24229 4 1 1 4 0.25 1 0.25
24238 6 4 2 8 0.333333333333333 0.5 0.25
24287 4 3 3 4 0.75 1 0.75
24326 15 1 1 15 0.0666666666666667 1 0.0666666666666667
24334 2 1 1 2 0.5 1 0.5
24390 2 1 1 2 0.5 1 0.5
24424 1 1 0 2 0 0 0
24433 2 1 1 2 0.5 1 0.5
24475 3 3 3 3 1 1 1
24489 8 7 7 8 0.875 1 0.875
24490 11 9 9 11 0.818181818181818 1 0.818181818181818
24514 5 2 2 5 0.4 1 0.4
24541 2 3 1 4 0.5 0.333333333333333 0.25
24557 2 1 1 2 0.5 1 0.5
24586 29 12 8 33 0.275862068965517 0.666666666666667 0.242424242424242
24642 39 11 9 41 0.230769230769231 0.818181818181818 0.219512195121951
24679 35 12 8 39 0.228571428571429 0.666666666666667 0.205128205128205
24724 121 21 17 125 0.140495867768595 0.80952380952381 0.136
24730 51 1 1 51 0.0196078431372549 1 0.0196078431372549
24776 6 2 1 7 0.166666666666667 0.5 0.142857142857143
24785 81 3 3 81 0.037037037037037 1 0.037037037037037
24835 12 1 1 12 0.0833333333333333 1 0.0833333333333333
24867 26 1 1 26 0.0384615384615385 1 0.0384615384615385
24875 227 21 17 231 0.0748898678414097 0.80952380952381 0.0735930735930736
24889 11 3 3 11 0.272727272727273 1 0.272727272727273
24900 1 1 1 1 1 1 1
24940 26 12 10 28 0.384615384615385 0.833333333333333 0.357142857142857
2495 10 1 1 10 0.1 1 0.1
2497 237 52 40 249 0.168776371308017 0.769230769230769 0.160642570281124
24971 21 7 6 22 0.285714285714286 0.857142857142857 0.272727272727273
25 2 1 1 2 0.5 1 0.5
250 12 2 0 14 0 0 0
2500 30 23 15 38 0.5 0.652173913043478 0.394736842105263
2506 2 1 1 2 0.5 1 0.5
25061 41 4 4 41 0.0975609756097561 1 0.0975609756097561
2510 18 2 2 18 0.111111111111111 1 0.111111111111111
25137 8 3 3 8 0.375 1 0.375
2514 14 1 1 14 0.0714285714285714 1 0.0714285714285714
25148 7 1 1 7 0.142857142857143 1 0.142857142857143
2515 6 1 1 6 0.166666666666667 1 0.166666666666667
25152 63 11 9 65 0.142857142857143 0.818181818181818 0.138461538461538
2516 316 36 30 322 0.0949367088607595 0.833333333333333 0.093167701863354
2518 12 3 3 12 0.25 1 0.25
25182 28 7 5 30 0.178571428571429 0.714285714285714 0.166666666666667
2519 27 3 2 28 0.0740740740740741 0.666666666666667 0.0714285714285714
25192 22 11 9 24 0.409090909090909 0.818181818181818 0.375
25220 12 2 2 12 0.166666666666667 1 0.166666666666667
2527 9 3 2 10 0.222222222222222 0.666666666666667 0.2
25279 17 3 3 17 0.176470588235294 1 0.176470588235294
25358 13 9 2 20 0.153846153846154 0.222222222222222 0.1
25384 7 1 0 8 0 0 0
25415 4 1 1 4 0.25 1 0.25
25441 15 1 1 15 0.0666666666666667 1 0.0666666666666667
25466 8 2 2 8 0.25 1 0.25
25473 4 1 1 4 0.25 1 0.25
2549 3 2 1 4 0.333333333333333 0.5 0.25
25525 52 12 11 53 0.211538461538462 0.916666666666667 0.207547169811321
25538 2 1 0 3 0 0 0
25560 261 74 68 267 0.260536398467433 0.918918918918919 0.254681647940075
25563 4 1 1 4 0.25 1 0.25
25588 23 5 3 25 0.130434782608696 0.6 0.12
25596 42 10 9 43 0.214285714285714 0.9 0.209302325581395
25689 8 2 1 9 0.125 0.5 0.111111111111111
2572 7 1 1 7 0.142857142857143 1 0.142857142857143
2576 2 1 1 2 0.5 1 0.5
25795 2 2 1 3 0.5 0.5 0.333333333333333
25818 8 1 0 9 0 0 0
25829 2 1 1 2 0.5 1 0.5
2586 10 1 1 10 0.1 1 0.1
25933 6 2 0 8 0 0 0
2594 4 1 0 5 0 0 0
2595 1 1 0 2 0 0 0
2602 4 2 2 4 0.5 1 0.5
2603 59 27 21 65 0.355932203389831 0.777777777777778 0.323076923076923
2607 30 7 6 31 0.2 0.857142857142857 0.193548387096774
2609 3 1 0 4 0 0 0
2611 54 10 9 55 0.166666666666667 0.9 0.163636363636364
2614 11 1 1 11 0.0909090909090909 1 0.0909090909090909
2637 4 1 1 4 0.25 1 0.25
26415 43 9 1 51 0.0232558139534884 0.111111111111111 0.0196078431372549
26496 7 1 1 7 0.142857142857143 1 0.142857142857143
26773 8 4 4 8 0.5 1 0.5
26785 2 1 0 3 0 0 0
26943 210 18 16 212 0.0761904761904762 0.888888888888889 0.0754716981132075
2697 6 2 2 6 0.333333333333333 1 0.333333333333333
26978 16 2 0 18 0 0 0
2698 6 2 2 6 0.333333333333333 1 0.333333333333333
27 2 1 1 2 0.5 1 0.5
2714 1 1 1 1 1 1 1
27319 30 6 6 30 0.2 1 0.2
27400 3 1 1 3 0.333333333333333 1 0.333333333333333
27446 5 1 0 6 0 0 0
27464 1 1 0 2 0 0 0
27524 49 3 2 50 0.0408163265306122 0.666666666666667 0.04
27552 7 1 1 7 0.142857142857143 1 0.142857142857143
27589 10 1 1 10 0.1 1 0.1
27630 3 1 1 3 0.333333333333333 1 0.333333333333333
27664 43 2 2 43 0.0465116279069767 1 0.0465116279069767
27678 7 1 0 8 0 0 0
27686 2 1 1 2 0.5 1 0.5
27750 15 13 11 17 0.733333333333333 0.846153846153846 0.647058823529412
278 6 7 1 12 0.166666666666667 0.142857142857143 0.0833333333333333
27807 12 9 9 12 0.75 1 0.75
27841 3 1 1 3 0.333333333333333 1 0.333333333333333
27891 2 1 1 2 0.5 1 0.5
27892 2 1 1 2 0.5 1 0.5
27924 2 1 1 2 0.5 1 0.5
27929 4 2 2 4 0.5 1 0.5
27933 3 1 1 3 0.333333333333333 1 0.333333333333333
28000 1 1 1 1 1 1 1
2819 29 3 2 30 0.0689655172413793 0.666666666666667 0.0666666666666667
2828 719 7 7 719 0.00973574408901252 1 0.00973574408901252
28346 2 1 1 2 0.5 1 0.5
2847 3 2 2 3 0.666666666666667 1 0.666666666666667
28472 1 1 1 1 1 1 1
2848 21 1 1 21 0.0476190476190476 1 0.0476190476190476
2852 66 10 9 67 0.136363636363636 0.9 0.134328358208955
2857 177 26 24 179 0.135593220338983 0.923076923076923 0.134078212290503
286 337 96 57 376 0.169139465875371 0.59375 0.151595744680851
28618 5 1 1 5 0.2 1 0.2
28677 3 1 1 3 0.333333333333333 1 0.333333333333333
28678 2 1 1 2 0.5 1 0.5
28697 8 1 1 8 0.125 1 0.125
28716 58 1 1 58 0.0172413793103448 1 0.0172413793103448
28725 1 2 0 3 0 0 0
28788 46 11 10 47 0.217391304347826 0.909090909090909 0.212765957446809
2884 4 2 2 4 0.5 1 0.5
28855 9 3 3 9 0.333333333333333 1 0.333333333333333
28857 7 4 4 7 0.571428571428571 1 0.571428571428571
28878 36 13 8 41 0.222222222222222 0.615384615384615 0.195121951219512
28929 53 9 7 55 0.132075471698113 0.777777777777778 0.127272727272727
2895 203 3 2 204 0.00985221674876847 0.666666666666667 0.00980392156862745
29009 31 7 5 33 0.161290322580645 0.714285714285714 0.151515151515152
2905 29 2 0 31 0 0 0
29066 35 11 7 39 0.2 0.636363636363636 0.179487179487179
2907 79 4 4 79 0.0506329113924051 1 0.0506329113924051
29113 37 6 6 37 0.162162162162162 1 0.162162162162162
29134 6 4 4 6 0.666666666666667 1 0.666666666666667
2914 650 173 110 713 0.169230769230769 0.635838150289017 0.154277699859748
29147 1 1 1 1 1 1 1
29208 474 107 92 489 0.194092827004219 0.85981308411215 0.188139059304703
29216 1 1 1 1 1 1 1
29222 46 3 3 46 0.0652173913043478 1 0.0652173913043478
29243 2 2 1 3 0.5 0.5 0.333333333333333
29259 5 2 2 5 0.4 1 0.4
293 64 20 16 68 0.25 0.8 0.235294117647059
29317 2 2 2 2 1 1 1
29372 1 2 0 3 0 0 0
29396 34 7 6 35 0.176470588235294 0.857142857142857 0.171428571428571
29405 11 2 2 11 0.181818181818182 1 0.181818181818182
29422 23 3 2 24 0.0869565217391304 0.666666666666667 0.0833333333333333
29449 43 19 10 52 0.232558139534884 0.526315789473684 0.192307692307692
29452 24 4 4 24 0.166666666666667 1 0.166666666666667
29488 2 1 1 2 0.5 1 0.5
29527 36 10 8 38 0.222222222222222 0.8 0.210526315789474
29608 15 4 4 15 0.266666666666667 1 0.266666666666667
29632 46 16 8 54 0.173913043478261 0.5 0.148148148148148
29636 229 35 34 230 0.148471615720524 0.971428571428571 0.147826086956522
29651 16 4 2 18 0.125 0.5 0.111111111111111
29655 7 2 2 7 0.285714285714286 1 0.285714285714286
29668 33 1 1 33 0.0303030303030303 1 0.0303030303030303
29670 9 2 2 9 0.222222222222222 1 0.222222222222222
29671 3 1 1 3 0.333333333333333 1 0.333333333333333
29686 315 102 93 324 0.295238095238095 0.911764705882353 0.287037037037037
29748 24 9 5 28 0.208333333333333 0.555555555555556 0.178571428571429
29791 69 2 1 70 0.0144927536231884 0.5 0.0142857142857143
29838 34 4 4 34 0.117647058823529 1 0.117647058823529
29877 7 2 1 8 0.142857142857143 0.5 0.125
29904 1 1 1 1 1 1 1
3 6 1 0 7 0 0 0
30058 6 1 1 6 0.166666666666667 1 0.166666666666667
30059 3 3 2 4 0.666666666666667 0.666666666666667 0.5
30071 8 104 5 107 0.625 0.0480769230769231 0.0467289719626168
30128 3 3 1 5 0.333333333333333 0.333333333333333 0.2
30132 22 36 13 45 0.590909090909091 0.361111111111111 0.288888888888889
30134 1 2 0 3 0 0 0
30217 6 1 1 6 0.166666666666667 1 0.166666666666667
30313 2 1 1 2 0.5 1 0.5
30340 18 1 1 18 0.0555555555555556 1 0.0555555555555556
30374 3 1 1 3 0.333333333333333 1 0.333333333333333
30528 4 2 1 5 0.25 0.5 0.2
30653 20 8 6 22 0.3 0.75 0.272727272727273
30700 4 2 2 4 0.5 1 0.5
30708 1 1 1 1 1 1 1
30781 38 7 7 38 0.184210526315789 1 0.184210526315789
30795 3 3 2 4 0.666666666666667 0.666666666666667 0.5
30834 11 3 3 11 0.272727272727273 1 0.272727272727273
30844 232 2 2 232 0.00862068965517241 1 0.00862068965517241
30880 13 1 1 13 0.0769230769230769 1 0.0769230769230769
30889 35 7 6 36 0.171428571428571 0.857142857142857 0.166666666666667
30975 5 2 0 7 0 0 0
31078 3 1 1 3 0.333333333333333 1 0.333333333333333
31103 21 14 7 28 0.333333333333333 0.5 0.25
31117 11 4 3 12 0.272727272727273 0.75 0.25
31127 3 2 2 3 0.666666666666667 1 0.666666666666667
31246 9 1 1 9 0.111111111111111 1 0.111111111111111
31261 18 1 0 19 0 0 0
31265 1 1 1 1 1 1 1
31283 141 1 1 141 0.00709219858156028 1 0.00709219858156028
31333 13 4 4 13 0.307692307692308 1 0.307692307692308
3134 2 1 1 2 0.5 1 0.5
31383 26 10 5 31 0.192307692307692 0.5 0.161290322580645
3140 1 1 1 1 1 1 1
31400 12 1 1 12 0.0833333333333333 1 0.0833333333333333
31424 15 3 3 15 0.2 1 0.2
31445 63 12 10 65 0.158730158730159 0.833333333333333 0.153846153846154
31458 49 7 7 49 0.142857142857143 1 0.142857142857143
31477 37 2 2 37 0.0540540540540541 1 0.0540540540540541
31479 5 1 1 5 0.2 1 0.2
31529 47 4 3 48 0.0638297872340425 0.75 0.0625
31615 4 1 0 5 0 0 0
31677 2 1 0 3 0 0 0
31708 21 10 8 23 0.380952380952381 0.8 0.347826086956522
31985 7 1 0 8 0 0 0
32034 5 2 2 5 0.4 1 0.4
3212 23 1 1 23 0.0434782608695652 1 0.0434782608695652
3213 41 11 9 43 0.219512195121951 0.818181818181818 0.209302325581395
3221 1 1 1 1 1 1 1
32329 3 1 1 3 0.333333333333333 1 0.333333333333333
32335 4 1 1 4 0.25 1 0.25
32346 1 1 1 1 1 1 1
32354 13 3 3 13 0.230769230769231 1 0.230769230769231
32361 6 2 2 6 0.333333333333333 1 0.333333333333333
3243 15 3 2 16 0.133333333333333 0.666666666666667 0.125
3248 55 21 15 61 0.272727272727273 0.714285714285714 0.245901639344262
3249 51 13 8 56 0.156862745098039 0.615384615384615 0.142857142857143
3257 484 212 104 592 0.214876033057851 0.490566037735849 0.175675675675676
3265 39 16 10 45 0.256410256410256 0.625 0.222222222222222
3267 236 8 8 236 0.0338983050847458 1 0.0338983050847458
3269 102 1 1 102 0.00980392156862745 1 0.00980392156862745
3277 46 1 1 46 0.0217391304347826 1 0.0217391304347826
32825 1 1 0 2 0 0 0
32890 2 1 0 3 0 0 0
32915 4 1 0 5 0 0 0
3292 403 24 19 408 0.0471464019851117 0.791666666666667 0.0465686274509804
32978 1 1 1 1 1 1 1
33 6 2 0 8 0 0 0
3301 67 4 3 68 0.0447761194029851 0.75 0.0441176470588235
3303 461 30 27 464 0.0585683297180043 0.9 0.0581896551724138
33073 5 1 1 5 0.2 1 0.2
3320 500 14 8 506 0.016 0.571428571428571 0.0158102766798419
3327 114 23 18 119 0.157894736842105 0.782608695652174 0.151260504201681
3333 160 4 3 161 0.01875 0.75 0.0186335403726708
3344 12 6 3 15 0.25 0.5 0.2
33517 6 1 1 6 0.166666666666667 1 0.166666666666667
3352 62 3 1 64 0.0161290322580645 0.333333333333333 0.015625
3356 1998 62 53 2007 0.0265265265265265 0.854838709677419 0.0264075734927753
33597 24 1 1 24 0.0416666666666667 1 0.0416666666666667
3363 2 1 1 2 0.5 1 0.5
33843 44 17 12 49 0.272727272727273 0.705882352941177 0.244897959183673
33876 1 1 1 1 1 1 1
33885 13 2 2 13 0.153846153846154 1 0.153846153846154
33891 41 13 11 43 0.268292682926829 0.846153846153846 0.255813953488372
33930 2 1 0 3 0 0 0
34019 8 2 2 8 0.25 1 0.25
34021 6 1 1 6 0.166666666666667 1 0.166666666666667
34080 4 2 2 4 0.5 1 0.5
34081 3 2 2 3 0.666666666666667 1 0.666666666666667
34146 15 1 1 15 0.0666666666666667 1 0.0666666666666667
34225 41 4 3 42 0.0731707317073171 0.75 0.0714285714285714
34244 6 2 2 6 0.333333333333333 1 0.333333333333333
34270 41 4 3 42 0.0731707317073171 0.75 0.0714285714285714
34288 7 2 1 8 0.142857142857143 0.5 0.125
34305 75 14 12 77 0.16 0.857142857142857 0.155844155844156
34309 37 92 20 109 0.540540540540541 0.217391304347826 0.18348623853211
34313 24 5 5 24 0.208333333333333 1 0.208333333333333
34372 4 1 1 4 0.25 1 0.25
34419 56 11 9 58 0.160714285714286 0.818181818181818 0.155172413793103
34505 3 1 1 3 0.333333333333333 1 0.333333333333333
34549 7 2 1 8 0.142857142857143 0.5 0.125
34554 12 2 2 12 0.166666666666667 1 0.166666666666667
34631 2 2 1 3 0.5 0.5 0.333333333333333
34695 206 32 29 209 0.140776699029126 0.90625 0.138755980861244
34763 73 20 11 82 0.150684931506849 0.55 0.134146341463415
34784 2 1 1 2 0.5 1 0.5
34968 25 9 7 27 0.28 0.777777777777778 0.259259259259259
34997 10 3 3 10 0.3 1 0.3
35 2 1 0 3 0 0 0
35028 36 10 9 37 0.25 0.9 0.243243243243243
35070 8 2 2 8 0.25 1 0.25
35244 30 20 14 36 0.466666666666667 0.7 0.388888888888889
35272 3 2 2 3 0.666666666666667 1 0.666666666666667
35283 8 2 1 9 0.125 0.5 0.111111111111111
35320 116 15 11 120 0.0948275862068965 0.733333333333333 0.0916666666666667
35393 7 1 1 7 0.142857142857143 1 0.142857142857143
35425 14 3 3 14 0.214285714285714 1 0.214285714285714
35470 8 3 2 9 0.25 0.666666666666667 0.222222222222222
35485 4 1 1 4 0.25 1 0.25
3549 1162 113 98 1177 0.0843373493975904 0.867256637168142 0.0832625318606627
35492 4 3 3 4 0.75 1 0.75
3551 1 1 0 2 0 0 0
3557 17 5 4 18 0.235294117647059 0.8 0.222222222222222
35592 4 2 2 4 0.5 1 0.5
3561 508 3 3 508 0.00590551181102362 1 0.00590551181102362
35612 5 3 0 8 0 0 0
35706 17 6 2 21 0.117647058823529 0.333333333333333 0.0952380952380952
3582 2 2 1 3 0.5 0.5 0.333333333333333
35908 22 2 2 22 0.0909090909090909 1 0.0909090909090909
3597 8 2 2 8 0.25 1 0.25
36351 8 1 1 8 0.125 1 0.125
36383 2 1 1 2 0.5 1 0.5
3640 5 1 1 5 0.2 1 0.2
36472 11 5 5 11 0.454545454545455 1 0.454545454545455
3661 7 5 2 10 0.285714285714286 0.4 0.2
3662 15 10 9 16 0.6 0.9 0.5625
36671 2 1 1 2 0.5 1 0.5
36692 37 8 8 37 0.216216216216216 1 0.216216216216216
3676 7 1 1 7 0.142857142857143 1 0.142857142857143
36797 1 1 1 1 1 1 1
3681 4 1 1 4 0.25 1 0.25
36856 10 3 1 12 0.1 0.333333333333333 0.0833333333333333
36944 6 4 3 7 0.5 0.75 0.428571428571429
36948 2 1 1 2 0.5 1 0.5
3714 5 1 1 5 0.2 1 0.2
3741 305 1 1 305 0.00327868852459016 1 0.00327868852459016
3742 16 1 1 16 0.0625 1 0.0625
3754 38 2 2 38 0.0526315789473684 1 0.0526315789473684
376 17 1 1 17 0.0588235294117647 1 0.0588235294117647
378 3 1 1 3 0.333333333333333 1 0.333333333333333
3790 4 1 1 4 0.25 1 0.25
38005 2 2 2 2 1 1 1
38018 7 6 6 7 0.857142857142857 1 0.857142857142857
38022 32 9 9 32 0.28125 1 0.28125
38082 18 4 4 18 0.222222222222222 1 0.222222222222222
38128 1 1 0 2 0 0 0
38140 2 1 1 2 0.5 1 0.5
38158 5 2 2 5 0.4 1 0.4
3825 1 2 0 3 0 0 0
38299 2 1 1 2 0.5 1 0.5
3836 7 2 1 8 0.142857142857143 0.5 0.125
38462 2 1 1 2 0.5 1 0.5
38477 3 2 0 5 0 0 0
38620 1 1 1 1 1 1 1
38639 1 1 1 1 1 1 1
38711 1 1 1 1 1 1 1
38794 7 1 1 7 0.142857142857143 1 0.142857142857143
38819 2 1 1 2 0.5 1 0.5
39040 7 1 1 7 0.142857142857143 1 0.142857142857143
39093 2 1 1 2 0.5 1 0.5
39102 13 1 1 13 0.0769230769230769 1 0.0769230769230769
39122 11 1 1 11 0.0909090909090909 1 0.0909090909090909
39145 8 3 3 8 0.375 1 0.375
39211 1 1 1 1 1 1 1
39301 5 1 1 5 0.2 1 0.2
39309 24 1 0 25 0 0 0
39326 83 21 16 88 0.192771084337349 0.761904761904762 0.181818181818182
39342 2 2 1 3 0.5 0.5 0.333333333333333
3943 1 1 0 2 0 0 0
39537 2 1 0 3 0 0 0
39570 2 1 1 2 0.5 1 0.5
39602 2 1 0 3 0 0 0
39764 3 1 1 3 0.333333333333333 1 0.333333333333333
39792 588 21 15 594 0.0255102040816327 0.714285714285714 0.0252525252525253
39837 4 1 1 4 0.25 1 0.25
39839 2 1 1 2 0.5 1 0.5
39854 1 2 1 2 1 0.5 0.5
39875 1 1 0 2 0 0 0
3999 1 1 1 1 1 1 1
40009 24 5 4 25 0.166666666666667 0.8 0.16
40060 7 1 0 8 0 0 0
40068 9 2 2 9 0.222222222222222 1 0.222222222222222
40193 13 6 3 16 0.230769230769231 0.5 0.1875
40220 13 5 5 13 0.384615384615385 1 0.384615384615385
40490 2 1 1 2 0.5 1 0.5
40528 6 3 3 6 0.5 1 0.5
40589 2 1 1 2 0.5 1 0.5
40832 2 1 1 2 0.5 1 0.5
40912 2 1 1 2 0.5 1 0.5
41012 26 6 5 27 0.192307692307692 0.833333333333333 0.185185185185185
41045 9 4 4 9 0.444444444444444 1 0.444444444444444
41075 3 3 0 6 0 0 0
4134 99 2 0 101 0 0 0
4150 4 1 0 5 0 0 0
4158 3 1 1 3 0.333333333333333 1 0.333333333333333
41589 3 1 1 3 0.333333333333333 1 0.333333333333333
41670 1 2 1 2 1 0.5 0.5
41692 383 76 59 400 0.154046997389034 0.776315789473684 0.1475
41695 3 1 0 4 0 0 0
41711 4 4 2 6 0.5 0.5 0.333333333333333
41773 4 3 3 4 0.75 1 0.75
41913 9 1 1 9 0.111111111111111 1 0.111111111111111
42 104 2 2 104 0.0192307692307692 1 0.0192307692307692
42096 8 1 1 8 0.125 1 0.125
42178 4 1 1 4 0.25 1 0.25
42227 4 3 1 6 0.25 0.333333333333333 0.166666666666667
42579 7 2 2 7 0.285714285714286 1 0.285714285714286
42652 36 2 2 36 0.0555555555555556 1 0.0555555555555556
42689 32 8 6 34 0.1875 0.75 0.176470588235294
4270 3 1 1 3 0.333333333333333 1 0.333333333333333
42841 6 3 2 7 0.333333333333333 0.666666666666667 0.285714285714286
42884 26 1 1 26 0.0384615384615385 1 0.0384615384615385
42909 12 2 1 13 0.0833333333333333 0.5 0.0769230769230769
42937 1 1 1 1 1 1 1
42965 2 1 1 2 0.5 1 0.5
43037 4 1 1 4 0.25 1 0.25
4323 1125 5 5 1125 0.00444444444444444 1 0.00444444444444444
43383 1 1 1 1 1 1 1
43602 3 1 1 3 0.333333333333333 1 0.333333333333333
43751 4 1 0 5 0 0 0
43821 32 16 10 38 0.3125 0.625 0.263157894736842
43843 3 1 1 3 0.333333333333333 1 0.333333333333333
43911 2 3 0 5 0 0 0
43948 3 1 1 3 0.333333333333333 1 0.333333333333333
43950 2 1 0 3 0 0 0
44042 19 11 7 23 0.368421052631579 0.636363636363636 0.304347826086957
44065 1 1 1 1 1 1 1
44212 3 1 1 3 0.333333333333333 1 0.333333333333333
44358 1 1 1 1 1 1 1
4436 133 23 21 135 0.157894736842105 0.91304347826087 0.155555555555556
44489 1 1 1 1 1 1 1
44654 4 2 2 4 0.5 1 0.5
44683 2 1 1 2 0.5 1 0.5
44928 1 1 1 1 1 1 1
45131 1 1 1 1 1 1 1
4528 3 1 1 3 0.333333333333333 1 0.333333333333333
4538 19 6 5 20 0.263157894736842 0.833333333333333 0.25
45425 3 1 1 3 0.333333333333333 1 0.333333333333333
4555 1 4 0 5 0 0 0
4557 10 2 2 10 0.2 1 0.2
4589 696 82 78 700 0.112068965517241 0.951219512195122 0.111428571428571
4600 5 2 2 5 0.4 1 0.4
4605 2 1 1 2 0.5 1 0.5
4608 5 3 1 7 0.2 0.333333333333333 0.142857142857143
4618 14 2 1 15 0.0714285714285714 0.5 0.0666666666666667
46208 1 1 1 1 1 1 1
4621 34 3 3 34 0.0882352941176471 1 0.0882352941176471
4635 96 12 11 97 0.114583333333333 0.916666666666667 0.11340206185567
46357 2 1 1 2 0.5 1 0.5
4641 3 2 1 4 0.333333333333333 0.5 0.25
4645 16 1 0 17 0 0 0
4648 55 1 1 55 0.0181818181818182 1 0.0181818181818182
4651 29 9 8 30 0.275862068965517 0.888888888888889 0.266666666666667
4673 8 1 0 9 0 0 0
4675 6 2 1 7 0.166666666666667 0.5 0.142857142857143
4677 6 1 1 6 0.166666666666667 1 0.166666666666667
4680 9 3 1 11 0.111111111111111 0.333333333333333 0.0909090909090909
4685 10 3 2 11 0.2 0.666666666666667 0.181818181818182
4691 1 11 1 11 1 0.0909090909090909 0.0909090909090909
4697 3 5 1 7 0.333333333333333 0.2 0.142857142857143
4711 2 1 0 3 0 0 0
4713 97 10 8 99 0.0824742268041237 0.8 0.0808080808080808
4716 52 14 5 61 0.0961538461538462 0.357142857142857 0.0819672131147541
4717 3 2 2 3 0.666666666666667 1 0.666666666666667
4718 3 2 2 3 0.666666666666667 1 0.666666666666667
4725 123 21 10 134 0.0813008130081301 0.476190476190476 0.0746268656716418
4739 52 11 10 53 0.192307692307692 0.909090909090909 0.188679245283019
4741 10 1 1 10 0.1 1 0.1
4747 4 2 0 6 0 0 0
4750 52 4 0 56 0 0 0
4755 144 1 1 144 0.00694444444444444 1 0.00694444444444444
4761 70 4 3 71 0.0428571428571429 0.75 0.0422535211267606
4768 25 1 1 25 0.04 1 0.04
4770 17 3 0 20 0 0 0
4775 59 1 1 59 0.0169491525423729 1 0.0169491525423729
4777 35 5 2 38 0.0571428571428571 0.4 0.0526315789473684
4780 26 3 2 27 0.0769230769230769 0.666666666666667 0.0740740740740741
4782 3 1 0 4 0 0 0
4787 7 5 1 11 0.142857142857143 0.2 0.0909090909090909
4788 111 4 4 111 0.036036036036036 1 0.036036036036036
47885 1 1 0 2 0 0 0
4795 43 5 2 46 0.0465116279069767 0.4 0.0434782608695652
4796 3 1 1 3 0.333333333333333 1 0.333333333333333
4826 22 5 3 24 0.136363636363636 0.6 0.125
4829 3 1 1 3 0.333333333333333 1 0.333333333333333
4844 5 1 1 5 0.2 1 0.2
4927 8 3 2 9 0.25 0.666666666666667 0.222222222222222
5050 21 3 3 21 0.142857142857143 1 0.142857142857143
5056 24 2 0 26 0 0 0
513 50 7 7 50 0.14 1 0.14
52 2 1 1 2 0.5 1 0.5
5381 13 2 1 14 0.0769230769230769 0.5 0.0714285714285714
5385 16 7 5 18 0.3125 0.714285714285714 0.277777777777778
5400 232 12 10 234 0.0431034482758621 0.833333333333333 0.0427350427350427
5401 1 1 1 1 1 1 1
5403 18 5 4 19 0.222222222222222 0.8 0.210526315789474
5408 30 2 1 31 0.0333333333333333 0.5 0.032258064516129
5410 54 7 4 57 0.0740740740740741 0.571428571428571 0.0701754385964912
5413 224 1 1 224 0.00446428571428571 1 0.00446428571428571
5418 8 1 1 8 0.125 1 0.125
5421 3 2 1 4 0.333333333333333 0.5 0.25
5429 18 1 1 18 0.0555555555555556 1 0.0555555555555556
5430 179 22 17 184 0.0949720670391061 0.772727272727273 0.0923913043478261
5432 28 1 0 29 0 0 0
5459 49 12 9 52 0.183673469387755 0.75 0.173076923076923
5466 76 2 1 77 0.0131578947368421 0.5 0.012987012987013
5486 34 2 0 36 0 0 0
55 3 1 1 3 0.333333333333333 1 0.333333333333333
5511 166 23 18 171 0.108433734939759 0.782608695652174 0.105263157894737
553 50 23 20 53 0.4 0.869565217391304 0.377358490566038
5537 28 3 2 29 0.0714285714285714 0.666666666666667 0.0689655172413793
5538 4 1 1 4 0.25 1 0.25
5539 44 51 21 74 0.477272727272727 0.411764705882353 0.283783783783784
5550 4 2 1 5 0.25 0.5 0.2
5568 209 11 7 213 0.0334928229665072 0.636363636363636 0.0328638497652582
557 5 1 1 5 0.2 1 0.2
559 62 26 24 64 0.387096774193548 0.923076923076923 0.375
5602 26 5 4 27 0.153846153846154 0.8 0.148148148148148
5609 2 11 1 12 0.5 0.0909090909090909 0.0833333333333333
5617 194 1 1 194 0.00515463917525773 1 0.00515463917525773
5645 9 2 0 11 0 0 0
5661 3 1 1 3 0.333333333333333 1 0.333333333333333
57 24 3 3 24 0.125 1 0.125
5707 3 1 1 3 0.333333333333333 1 0.333333333333333
5713 56 2 1 57 0.0178571428571429 0.5 0.0175438596491228
577 124 1 1 124 0.00806451612903226 1 0.00806451612903226
5786 2 1 1 2 0.5 1 0.5
59 4 1 1 4 0.25 1 0.25
600 29 1 1 29 0.0344827586206897 1 0.0344827586206897
6057 6 4 3 7 0.5 0.75 0.428571428571429
6062 11 2 0 13 0 0 0
6066 1 1 0 2 0 0 0
6083 31 14 12 33 0.387096774193548 0.857142857142857 0.363636363636364
6106 2 1 1 2 0.5 1 0.5
6122 9 1 1 9 0.111111111111111 1 0.111111111111111
6128 251 1 1 251 0.00398406374501992 1 0.00398406374501992
6147 1 8 0 9 0 0 0
6163 11 1 1 11 0.0909090909090909 1 0.0909090909090909
6181 39 2 2 39 0.0512820512820513 1 0.0512820512820513
6182 1 1 1 1 1 1 1
6263 3 1 1 3 0.333333333333333 1 0.333333333333333
6342 4 1 0 5 0 0 0
6360 8 2 2 8 0.25 1 0.25
6366 3 1 1 3 0.333333333333333 1 0.333333333333333
64 2 1 0 3 0 0 0
6435 3 7 1 9 0.333333333333333 0.142857142857143 0.111111111111111
6453 514 84 73 525 0.142023346303502 0.869047619047619 0.139047619047619
6509 26 5 4 27 0.153846153846154 0.8 0.148148148148148
65098 1 1 0 2 0 0 0
65099 1 1 0 2 0 0 0
6536 18 2 1 19 0.0555555555555556 0.5 0.0526315789473684
6619 23 4 3 24 0.130434782608696 0.75 0.125
6629 3 1 1 3 0.333333333333333 1 0.333333333333333
6648 39 3 1 41 0.0256410256410256 0.333333333333333 0.024390243902439
6661 65 1 0 66 0 0 0
6666 44 20 12 52 0.272727272727273 0.6 0.230769230769231
6667 504 106 102 508 0.202380952380952 0.962264150943396 0.200787401574803
6677 72 3 2 73 0.0277777777777778 0.666666666666667 0.0273972602739726
668 34 7 3 38 0.0882352941176471 0.428571428571429 0.0789473684210526
6695 200 51 47 204 0.235 0.92156862745098 0.230392156862745
6702 15 1 1 15 0.0666666666666667 1 0.0666666666666667
6706 12 6 5 13 0.416666666666667 0.833333333333333 0.384615384615385
6724 40 19 17 42 0.425 0.894736842105263 0.404761904761905
6730 551 6 5 552 0.00907441016333938 0.833333333333333 0.00905797101449275
6762 171 38 35 174 0.204678362573099 0.921052631578947 0.201149425287356
6770 42 13 5 50 0.119047619047619 0.384615384615385 0.1
6772 13 5 4 14 0.307692307692308 0.8 0.285714285714286
6774 78 15 14 79 0.179487179487179 0.933333333333333 0.177215189873418
6775 5 1 1 5 0.2 1 0.2
680 57 19 16 60 0.280701754385965 0.842105263157895 0.266666666666667
6802 6 2 2 6 0.333333333333333 1 0.333333333333333
681 2 1 1 2 0.5 1 0.5
683 2 1 1 2 0.5 1 0.5
6830 348 31 22 357 0.0632183908045977 0.709677419354839 0.061624649859944
6838 1 1 1 1 1 1 1
6881 79 23 21 81 0.265822784810127 0.91304347826087 0.259259259259259
6893 2 1 1 2 0.5 1 0.5
6895 6 1 1 6 0.166666666666667 1 0.166666666666667
6908 92 15 12 95 0.130434782608696 0.8 0.126315789473684
6911 7 1 1 7 0.142857142857143 1 0.142857142857143
6939 876 293 220 949 0.251141552511416 0.750853242320819 0.231822971548999
6966 3 2 2 3 0.666666666666667 1 0.666666666666667
6968 3 1 1 3 0.333333333333333 1 0.333333333333333
701 2661 23 17 2667 0.00638857572341225 0.739130434782609 0.00637420322459693
7018 2183 11 7 2187 0.00320659642693541 0.636363636363636 0.00320073159579332
7019 1 1 1 1 1 1 1
7065 18 3 2 19 0.111111111111111 0.666666666666667 0.105263157894737
7066 17 2 2 17 0.117647058823529 1 0.117647058823529
719 14 1 1 14 0.0714285714285714 1 0.0714285714285714
7377 3 1 0 4 0 0 0
7385 164 4 4 164 0.024390243902439 1 0.024390243902439
7412 2 1 0 3 0 0 0
7470 36 2 2 36 0.0555555555555556 1 0.0555555555555556
7473 171 5 5 171 0.0292397660818713 1 0.0292397660818713
7500 61 10 8 63 0.131147540983607 0.8 0.126984126984127
7503 4 2 0 6 0 0 0
7514 24 3 3 24 0.125 1 0.125
7516 4 1 0 5 0 0 0
7521 5 2 1 6 0.2 0.5 0.166666666666667
7522 6 4 1 9 0.166666666666667 0.25 0.111111111111111
7529 18 1 1 18 0.0555555555555556 1 0.0555555555555556
7539 22 8 6 24 0.272727272727273 0.75 0.25
7573 1 1 1 1 1 1 1
7575 528 102 98 532 0.185606060606061 0.96078431372549 0.184210526315789
7594 4 3 2 5 0.5 0.666666666666667 0.4
7606 40 6 5 41 0.125 0.833333333333333 0.121951219512195
7610 16 1 0 17 0 0 0
7629 4 1 0 5 0 0 0
766 16 5 4 17 0.25 0.8 0.235294117647059
7660 38 18 15 41 0.394736842105263 0.833333333333333 0.365853658536585
7665 2 1 1 2 0.5 1 0.5
7667 6 1 1 6 0.166666666666667 1 0.166666666666667
7668 10 1 0 11 0 0 0
7670 20 3 2 21 0.1 0.666666666666667 0.0952380952380952
7671 3 2 1 4 0.333333333333333 0.5 0.25
7682 10 3 2 11 0.2 0.666666666666667 0.181818181818182
7687 3 1 1 3 0.333333333333333 1 0.333333333333333
7693 25 3 2 26 0.08 0.666666666666667 0.0769230769230769
7718 12 2 1 13 0.0833333333333333 0.5 0.0769230769230769
7753 7 1 1 7 0.142857142857143 1 0.142857142857143
7781 4 7 2 9 0.5 0.285714285714286 0.222222222222222
7784 30 4 3 31 0.1 0.75 0.0967741935483871
7786 9 2 1 10 0.111111111111111 0.5 0.1
7847 3 1 1 3 0.333333333333333 1 0.333333333333333
786 56 9 7 58 0.125 0.777777777777778 0.120689655172414
790 1 2 1 2 1 0.5 0.5
7902 15 1 1 15 0.0666666666666667 1 0.0666666666666667
7908 37 4 2 39 0.0540540540540541 0.5 0.0512820512820513
7922 52 1 1 52 0.0192307692307692 1 0.0192307692307692
7949 10 2 0 12 0 0 0
8002 59 6 4 61 0.0677966101694915 0.666666666666667 0.0655737704918033
8018 2 1 0 3 0 0 0
8047 23 5 5 23 0.217391304347826 1 0.217391304347826
8092 1 1 0 2 0 0 0
81 25 1 0 26 0 0 0
8121 43 9 5 47 0.116279069767442 0.555555555555556 0.106382978723404
8201 7 1 1 7 0.142857142857143 1 0.142857142857143
8218 128 11 11 128 0.0859375 1 0.0859375
8220 572 10 10 572 0.0174825174825175 1 0.0174825174825175
8224 11 6 5 12 0.454545454545455 0.833333333333333 0.416666666666667
8226 2 2 0 4 0 0 0
8237 6 3 3 6 0.5 1 0.5
8246 188 1 0 189 0 0 0
8251 8 5 5 8 0.625 1 0.625
8256 1 1 1 1 1 1 1
8267 2 1 1 2 0.5 1 0.5
8299 12 2 0 14 0 0 0
8302 8 1 1 8 0.125 1 0.125
8312 9 1 1 9 0.111111111111111 1 0.111111111111111
8319 38 15 13 40 0.342105263157895 0.866666666666667 0.325
8330 12 3 2 13 0.166666666666667 0.666666666666667 0.153846153846154
8346 5 2 2 5 0.4 1 0.4
8359 532 31 23 540 0.0432330827067669 0.741935483870968 0.0425925925925926
8364 9 1 1 9 0.111111111111111 1 0.111111111111111
8365 93 45 31 107 0.333333333333333 0.688888888888889 0.289719626168224
8368 29 8 5 32 0.172413793103448 0.625 0.15625
8374 5 1 1 5 0.2 1 0.2
8387 15 4 3 16 0.2 0.75 0.1875
8391 4 1 1 4 0.25 1 0.25
8396 1 1 0 2 0 0 0
8419 244 4 4 244 0.0163934426229508 1 0.0163934426229508
8422 99 14 8 105 0.0808080808080808 0.571428571428571 0.0761904761904762
8426 441 18 14 445 0.0317460317460317 0.777777777777778 0.0314606741573034
8442 28 18 14 32 0.5 0.777777777777778 0.4375
8447 535 24 21 538 0.0392523364485981 0.875 0.0390334572490706
8468 549 8 7 550 0.0127504553734062 0.875 0.0127272727272727
8469 37 17 14 40 0.378378378378378 0.823529411764706 0.35
8473 26 6 4 28 0.153846153846154 0.666666666666667 0.142857142857143
8481 2 1 0 3 0 0 0
8492 341 1 1 341 0.00293255131964809 1 0.00293255131964809
8495 20 3 2 21 0.1 0.666666666666667 0.0952380952380952
8501 35 11 11 35 0.314285714285714 1 0.314285714285714
8508 3 1 1 3 0.333333333333333 1 0.333333333333333
8517 15 1 1 15 0.0666666666666667 1 0.0666666666666667
852 164 1 1 164 0.00609756097560976 1 0.00609756097560976
8527 18 2 2 18 0.111111111111111 1 0.111111111111111
855 25 1 1 25 0.04 1 0.04
8551 108 1 1 108 0.00925925925925926 1 0.00925925925925926
8560 73 27 21 79 0.287671232876712 0.777777777777778 0.265822784810127
8565 14 3 2 15 0.142857142857143 0.666666666666667 0.133333333333333
8586 68 5 4 69 0.0588235294117647 0.8 0.0579710144927536
8591 39 7 4 42 0.102564102564103 0.571428571428571 0.0952380952380952
8607 34 6 4 36 0.117647058823529 0.666666666666667 0.111111111111111
8657 95 4 2 97 0.0210526315789474 0.5 0.0206185567010309
8664 5 1 1 5 0.2 1 0.2
8674 60 8 7 61 0.116666666666667 0.875 0.114754098360656
8676 4 1 1 4 0.25 1 0.25
8683 28 2 2 28 0.0714285714285714 1 0.0714285714285714
8708 262 5 4 263 0.0152671755725191 0.8 0.0152091254752852
8717 88 5 3 90 0.0340909090909091 0.6 0.0333333333333333
8728 1 1 1 1 1 1 1
8737 34 4 1 37 0.0294117647058824 0.25 0.027027027027027
8758 11 7 7 11 0.636363636363636 1 0.636363636363636
8763 150 38 36 152 0.24 0.947368421052632 0.236842105263158
8767 64 24 18 70 0.28125 0.75 0.257142857142857
8781 29 1 0 30 0 0 0
8804 45 14 10 49 0.222222222222222 0.714285714285714 0.204081632653061
8820 12 4 3 13 0.25 0.75 0.230769230769231
8823 7 1 0 8 0 0 0
8881 387 24 23 388 0.0594315245478036 0.958333333333333 0.0592783505154639
8895 7 1 1 7 0.142857142857143 1 0.142857142857143
8897 50 12 8 54 0.16 0.666666666666667 0.148148148148148
8903 13 4 0 17 0 0 0
8928 663 1 1 663 0.00150829562594268 1 0.00150829562594268
8943 15 3 3 15 0.2 1 0.2
8954 35 9 6 38 0.171428571428571 0.666666666666667 0.157894736842105
8966 88 1 1 88 0.0113636363636364 1 0.0113636363636364
8970 2 1 1 2 0.5 1 0.5
8978 6 2 2 6 0.333333333333333 1 0.333333333333333
9002 964 207 199 972 0.20643153526971 0.961352657004831 0.204732510288066
9008 4 1 1 4 0.25 1 0.25
9009 119 15 9 125 0.0756302521008403 0.6 0.072
9026 14 5 5 14 0.357142857142857 1 0.357142857142857
9031 54 3 2 55 0.037037037037037 0.666666666666667 0.0363636363636364
9044 64 21 17 68 0.265625 0.80952380952381 0.25
9080 5 4 2 7 0.4 0.5 0.285714285714286
9085 4 1 1 4 0.25 1 0.25
9112 7 1 1 7 0.142857142857143 1 0.142857142857143
9129 9 1 0 10 0 0 0
9150 28 4 3 29 0.107142857142857 0.75 0.103448275862069
9153 39 5 5 39 0.128205128205128 1 0.128205128205128
9162 2 1 1 2 0.5 1 0.5
9188 4 2 1 5 0.25 0.5 0.2
9231 2 1 0 3 0 0 0
9264 25 21 8 38 0.32 0.380952380952381 0.210526315789474
9270 25 3 2 26 0.08 0.666666666666667 0.0769230769230769
9299 47 2 1 48 0.0212765957446809 0.5 0.0208333333333333
9304 233 5 5 233 0.0214592274678112 1 0.0214592274678112
9316 39 1 1 39 0.0256410256410256 1 0.0256410256410256
9329 11 1 1 11 0.0909090909090909 1 0.0909090909090909
9340 2 3 1 4 0.5 0.333333333333333 0.25
9367 3 1 1 3 0.333333333333333 1 0.333333333333333
9406 2 2 1 3 0.5 0.5 0.333333333333333
9431 2 1 1 2 0.5 1 0.5
9433 3 2 1 4 0.333333333333333 0.5 0.25
9445 1 1 1 1 1 1 1
9505 113 7 5 115 0.0442477876106195 0.714285714285714 0.0434782608695652
9534 6 1 1 6 0.166666666666667 1 0.166666666666667
9541 6 1 0 7 0 0 0
9543 4 1 1 4 0.25 1 0.25
9549 3 1 1 3 0.333333333333333 1 0.333333333333333
9555 3 1 0 4 0 0 0
9583 38 2 1 39 0.0263157894736842 0.5 0.0256410256410256
9584 8 1 1 8 0.125 1 0.125
9595 7 3 2 8 0.285714285714286 0.666666666666667 0.25
9600 5 2 1 6 0.2 0.5 0.166666666666667
9607 8 1 0 9 0 0 0
9612 2 1 0 3 0 0 0
9619 2 1 1 2 0.5 1 0.5
9621 3 1 1 3 0.333333333333333 1 0.333333333333333
9622 7 2 1 8 0.142857142857143 0.5 0.125
9680 30 2 1 31 0.0333333333333333 0.5 0.032258064516129
9700 6 2 1 7 0.166666666666667 0.5 0.142857142857143
9701 3 1 0 4 0 0 0
9722 43 6 6 43 0.13953488372093 1 0.13953488372093
9737 4 1 1 4 0.25 1 0.25
9758 2 1 0 3 0 0 0
9794 5 1 1 5 0.2 1 0.2
9800 29 2 0 31 0 0 0
9821 5 3 3 5 0.6 1 0.6
9844 2 1 0 3 0 0 0
9901 23 5 3 25 0.130434782608696 0.6 0.12
9919 18 1 0 19 0 0 0
9924 29 1 0 30 0 0 0
9930 19 2 2 19 0.105263157894737 1 0.105263157894737
9995 3 1 1 3 0.333333333333333 1 0.333333333333333
