#ASN num_v4adj num_v6adj num_intersect(v4v6adj) num_union(adj) fr_v4(num_intersect/num_v4adj) fr_v6(num_intersect/num_v6adj) fr_intersect(num_intersect/num_union)
10013 4 5 1 8 0.25 0.2 0.125
10015 13 1 0 14 0 0 0
10204 5 2 1 6 0.2 0.5 0.166666666666667
10318 4 5 0 9 0 0 0
10764 16 2 2 16 0.125 1 0.125
109 8 30 0 38 0 0 0
1103 135 21 16 140 0.118518518518519 0.761904761904762 0.114285714285714
11340 4 1 1 4 0.25 1 0.25
11537 81 24 21 84 0.259259259259259 0.875 0.25
1200 24 6 5 25 0.208333333333333 0.833333333333333 0.2
12111 17 1 1 17 0.0588235294117647 1 0.0588235294117647
1213 5 3 3 5 0.6 1 0.6
12199 1 3 0 4 0 0 0
1221 74 3 1 76 0.0135135135135135 0.333333333333333 0.0131578947368421
12337 16 6 2 20 0.125 0.333333333333333 0.1
12353 3 6 1 8 0.333333333333333 0.166666666666667 0.125
1237 20 2 2 20 0.1 1 0.1
12371 2 1 0 3 0 0 0
12414 22 6 4 24 0.181818181818182 0.666666666666667 0.166666666666667
1251 3 3 0 6 0 0 0
12533 3 4 1 6 0.333333333333333 0.25 0.166666666666667
12558 12 3 1 14 0.0833333333333333 0.333333333333333 0.0714285714285714
12565 5 5 2 8 0.4 0.4 0.25
1257 79 2 0 81 0 0 0
12573 20 5 2 23 0.1 0.4 0.0869565217391304
12600 7 1 1 7 0.142857142857143 1 0.142857142857143
12634 23 8 5 26 0.217391304347826 0.625 0.192307692307692
12731 25 7 1 31 0.04 0.142857142857143 0.032258064516129
12732 11 2 1 12 0.0909090909090909 0.5 0.0833333333333333
12767 1 1 0 2 0 0 0
12779 54 11 6 59 0.111111111111111 0.545454545454545 0.101694915254237
12793 24 5 1 28 0.0416666666666667 0.2 0.0357142857142857
12817 2 2 1 3 0.5 0.5 0.333333333333333
12853 1 3 0 4 0 0 0
12859 195 38 36 197 0.184615384615385 0.947368421052632 0.182741116751269
12871 23 9 3 29 0.130434782608696 0.333333333333333 0.103448275862069
12895 3 1 1 3 0.333333333333333 1 0.333333333333333
12902 23 7 4 26 0.173913043478261 0.571428571428571 0.153846153846154
12931 2 1 1 2 0.5 1 0.5
12956 219 1 1 219 0.0045662100456621 1 0.0045662100456621
12968 26 7 1 32 0.0384615384615385 0.142857142857143 0.03125
1299 261 13 11 263 0.0421455938697318 0.846153846153846 0.0418250950570342
13 3 1 1 3 0.333333333333333 1 0.333333333333333
13058 4 2 0 6 0 0 0
13110 2 8 0 10 0 0 0
13129 243 1 1 243 0.00411522633744856 1 0.00411522633744856
13189 17 1 1 17 0.0588235294117647 1 0.0588235294117647
13193 18 5 1 22 0.0555555555555556 0.2 0.0454545454545455
13645 5 2 0 7 0 0 0
137 9 3 1 11 0.111111111111111 0.333333333333333 0.0909090909090909
13944 3 13 0 16 0 0 0
14116 3 1 0 4 0 0 0
14277 5 8 1 12 0.2 0.125 0.0833333333333333
145 11 12 0 23 0 0 0
14654 2 1 0 3 0 0 0
15180 11 3 0 14 0 0 0
15440 7 1 0 8 0 0 0
15469 1 1 0 2 0 0 0
15498 9 3 0 12 0 0 0
15516 2 2 0 4 0 0 0
15557 34 1 0 35 0 0 0
15589 32 26 1 57 0.03125 0.0384615384615385 0.0175438596491228
15623 139 7 4 142 0.0287769784172662 0.571428571428571 0.028169014084507
15685 8 1 1 8 0.125 1 0.125
15694 18 5 0 23 0 0 0
15703 95 10 3 102 0.0315789473684211 0.3 0.0294117647058824
15709 2 1 0 3 0 0 0
15717 49 9 5 53 0.102040816326531 0.555555555555556 0.0943396226415094
15861 17 1 0 18 0 0 0
15897 1 2 0 3 0 0 0
15982 5 13 1 17 0.2 0.0769230769230769 0.0588235294117647
16004 11 6 3 14 0.272727272727273 0.5 0.214285714285714
16023 3 1 0 4 0 0 0
16086 17 4 1 20 0.0588235294117647 0.25 0.05
16091 2 2 0 4 0 0 0
16128 8 1 1 8 0.125 1 0.125
16186 3 3 0 6 0 0 0
16237 14 2 1 15 0.0714285714285714 0.5 0.0666666666666667
16245 5 2 2 5 0.4 1 0.4
16363 2 1 0 3 0 0 0
1653 27 2 1 28 0.037037037037037 0.5 0.0357142857142857
16531 5 1 0 6 0 0 0
16713 20 2 1 21 0.05 0.5 0.0476190476190476
16838 6 1 0 7 0 0 0
17263 5 1 0 6 0 0 0
1741 10 4 1 13 0.1 0.25 0.0769230769230769
17511 6 1 1 6 0.166666666666667 1 0.166666666666667
17527 4 6 3 7 0.75 0.5 0.428571428571429
17529 6 1 1 6 0.166666666666667 1 0.166666666666667
17579 3 2 1 4 0.333333333333333 0.5 0.25
1759 58 1 1 58 0.0172413793103448 1 0.0172413793103448
17832 5 10 1 14 0.2 0.1 0.0714285714285714
17935 1 1 0 2 0 0 0
1797 1 1 0 2 0 0 0
18084 1 1 1 1 1 1 1
18098 1 1 0 2 0 0 0
18181 3 1 1 3 0.333333333333333 1 0.333333333333333
1835 6 2 2 6 0.333333333333333 1 0.333333333333333
1853 84 14 11 87 0.130952380952381 0.785714285714286 0.126436781609195
18592 18 3 3 18 0.166666666666667 1 0.166666666666667
1897 9 2 1 10 0.111111111111111 0.5 0.1
19149 2 1 1 2 0.5 1 0.5
1916 14 6 2 18 0.142857142857143 0.333333333333333 0.111111111111111
1930 3 5 1 7 0.333333333333333 0.2 0.142857142857143
195 7 1 1 7 0.142857142857143 1 0.142857142857143
1955 10 3 1 12 0.1 0.333333333333333 0.0833333333333333
20080 13 4 4 13 0.307692307692308 1 0.307692307692308
2042 9 11 1 19 0.111111111111111 0.0909090909090909 0.0526315789473684
20569 9 2 1 10 0.111111111111111 0.5 0.1
20621 3 1 1 3 0.333333333333333 1 0.333333333333333
20646 35 6 4 37 0.114285714285714 0.666666666666667 0.108108108108108
20704 10 2 1 11 0.1 0.5 0.0909090909090909
20712 2 1 0 3 0 0 0
20718 17 3 0 20 0 0 0
20745 2 6 0 8 0 0 0
20794 3 4 1 6 0.333333333333333 0.25 0.166666666666667
20834 10 7 0 17 0 0 0
209 1043 1 1 1043 0.000958772770853308 1 0.000958772770853308
20965 37 31 31 37 0.837837837837838 1 0.837837837837838
2107 1 1 1 1 1 1 1
2110 28 7 1 34 0.0357142857142857 0.142857142857143 0.0294117647058824
21155 30 7 4 33 0.133333333333333 0.571428571428571 0.121212121212121
21193 1 1 0 2 0 0 0
21202 33 1 0 34 0 0 0
21221 18 3 1 20 0.0555555555555556 0.333333333333333 0.05
21238 1 2 0 3 0 0 0
2128 1 2 1 2 1 0.5 0.5
21392 22 6 2 26 0.0909090909090909 0.333333333333333 0.0769230769230769
21398 20 7 2 25 0.1 0.285714285714286 0.08
2153 8 3 3 8 0.375 1 0.375
2200 40 8 3 45 0.075 0.375 0.0666666666666667
22166 2 1 0 3 0 0 0
22335 23 3 2 24 0.0869565217391304 0.666666666666667 0.0833333333333333
224 5 3 2 6 0.4 0.666666666666667 0.333333333333333
22548 3 1 0 4 0 0 0
23522 3 3 0 6 0 0 0
23609 1 2 0 3 0 0 0
237 18 7 0 25 0 0 0
23774 2 1 0 3 0 0 0
23787 3 2 1 4 0.333333333333333 0.5 0.25
2381 20 1 1 20 0.05 1 0.05
23910 1 1 1 1 1 1 1
23911 1 2 1 2 1 0.5 0.5
23912 1 1 0 2 0 0 0
24587 32 6 4 34 0.125 0.666666666666667 0.117647058823529
24730 30 6 2 34 0.0666666666666667 0.333333333333333 0.0588235294117647
24776 3 1 0 4 0 0 0
2486 10 1 1 10 0.1 1 0.1
24875 20 6 2 24 0.1 0.333333333333333 0.0833333333333333
2497 186 49 33 202 0.17741935483871 0.673469387755102 0.163366336633663
24973 2 2 1 3 0.5 0.5 0.333333333333333
2500 26 22 6 42 0.230769230769231 0.272727272727273 0.142857142857143
2510 11 4 2 13 0.181818181818182 0.5 0.153846153846154
25137 16 5 1 20 0.0625 0.2 0.05
2514 12 3 2 13 0.166666666666667 0.666666666666667 0.153846153846154
2516 280 31 17 294 0.0607142857142857 0.548387096774194 0.0578231292517007
25161 10 4 1 13 0.1 0.25 0.0769230769230769
2518 10 7 4 13 0.4 0.571428571428571 0.307692307692308
25208 2 2 0 4 0 0 0
2527 6 8 4 10 0.666666666666667 0.5 0.4
25358 1 10 1 10 1 0.1 0.1
25384 4 2 0 6 0 0 0
25396 30 8 2 36 0.0666666666666667 0.25 0.0555555555555556
2547 1 1 0 2 0 0 0
2549 1 2 0 3 0 0 0
25538 2 1 0 3 0 0 0
2595 4 2 1 5 0.25 0.5 0.2
2602 2 2 1 3 0.5 0.5 0.333333333333333
2603 32 8 5 35 0.15625 0.625 0.142857142857143
2607 41 6 0 47 0 0 0
2609 3 1 0 4 0 0 0
2611 26 4 3 27 0.115384615384615 0.75 0.111111111111111
2614 8 3 1 10 0.125 0.333333333333333 0.1
27464 2 2 1 3 0.5 0.5 0.333333333333333
27552 3 2 2 3 0.666666666666667 1 0.666666666666667
278 7 8 1 14 0.142857142857143 0.125 0.0714285714285714
2819 14 3 0 17 0 0 0
2847 2 3 1 4 0.5 0.333333333333333 0.25
2852 5 4 3 6 0.6 0.75 0.5
28747 19 5 3 21 0.157894736842105 0.6 0.142857142857143
2895 4 2 1 5 0.25 0.5 0.2
2905 28 1 0 29 0 0 0
2907 49 3 2 50 0.0408163265306122 0.666666666666667 0.04
2914 627 99 36 690 0.0574162679425837 0.363636363636364 0.0521739130434783
2915 27 10 1 36 0.037037037037037 0.1 0.0277777777777778
29216 1 1 0 2 0 0 0
29243 2 1 1 2 0.5 1 0.5
293 104 17 6 115 0.0576923076923077 0.352941176470588 0.0521739130434783
29317 1 1 1 1 1 1 1
29429 1 1 1 1 1 1 1
29449 2 4 1 5 0.5 0.25 0.2
29623 2 1 1 2 0.5 1 0.5
29789 3 1 1 3 0.333333333333333 1 0.333333333333333
30071 1 10 1 10 1 0.1 0.1
30447 1 2 0 3 0 0 0
3066 6 1 1 6 0.166666666666667 1 0.166666666666667
3221 1 1 1 1 1 1 1
3243 9 5 1 13 0.111111111111111 0.2 0.0769230769230769
3246 75 3 1 77 0.0133333333333333 0.333333333333333 0.012987012987013
3249 7 3 1 9 0.142857142857143 0.333333333333333 0.111111111111111
3257 288 98 47 339 0.163194444444444 0.479591836734694 0.138643067846608
3265 28 17 7 38 0.25 0.411764705882353 0.184210526315789
3274 3 3 0 6 0 0 0
3292 185 7 2 190 0.0108108108108108 0.285714285714286 0.0105263157894737
33 5 15 3 17 0.6 0.2 0.176470588235294
3301 22 2 2 22 0.0909090909090909 1 0.0909090909090909
3303 445 14 11 448 0.0247191011235955 0.785714285714286 0.0245535714285714
3320 232 19 8 243 0.0344827586206897 0.421052631578947 0.0329218106995885
3322 1 1 1 1 1 1 1
3327 6 4 1 9 0.166666666666667 0.25 0.111111111111111
3333 121 17 15 123 0.12396694214876 0.882352941176471 0.121951219512195
3344 3 3 1 5 0.333333333333333 0.333333333333333 0.2
3352 46 3 1 48 0.0217391304347826 0.333333333333333 0.0208333333333333
3549 664 55 34 685 0.0512048192771084 0.618181818181818 0.0496350364963504
3557 70 8 5 73 0.0714285714285714 0.625 0.0684931506849315
3561 655 5 1 659 0.00152671755725191 0.2 0.00151745068285281
3582 3 3 0 6 0 0 0
3597 7 1 1 7 0.142857142857143 1 0.142857142857143
3608 10 2 2 10 0.2 1 0.2
3662 11 1 1 11 0.0909090909090909 1 0.0909090909090909
3748 2 10 1 11 0.5 0.1 0.0909090909090909
3758 29 4 0 33 0 0 0
376 10 1 1 10 0.1 1 0.1
378 2 1 1 2 0.5 1 0.5
3786 289 3 1 291 0.00346020761245675 0.333333333333333 0.00343642611683849
3825 1 2 0 3 0 0 0
3836 2 5 0 7 0 0 0
4474 54 2 1 55 0.0185185185185185 0.5 0.0181818181818182
4538 12 7 3 16 0.25 0.428571428571429 0.1875
4555 1 12 0 13 0 0 0
4589 516 8 8 516 0.0155038759689922 1 0.0155038759689922
4608 2 1 1 2 0.5 1 0.5
4618 13 8 0 21 0 0 0
4621 21 1 1 21 0.0476190476190476 1 0.0476190476190476
4645 12 1 1 12 0.0833333333333333 1 0.0833333333333333
4651 20 2 0 22 0 0 0
4673 5 1 1 5 0.2 1 0.2
4675 2 6 2 6 1 0.333333333333333 0.333333333333333
4677 3 5 2 6 0.666666666666667 0.4 0.333333333333333
4678 5 9 3 11 0.6 0.333333333333333 0.272727272727273
4680 7 6 1 12 0.142857142857143 0.166666666666667 0.0833333333333333
4685 6 6 3 9 0.5 0.5 0.333333333333333
4688 9 5 2 12 0.222222222222222 0.4 0.166666666666667
4691 6 13 2 17 0.333333333333333 0.153846153846154 0.117647058823529
4694 73 3 1 75 0.0136986301369863 0.333333333333333 0.0133333333333333
4702 4 5 1 8 0.25 0.2 0.125
4713 75 2 2 75 0.0266666666666667 1 0.0266666666666667
4716 81 40 10 111 0.123456790123457 0.25 0.0900900900900901
4717 5 1 1 5 0.2 1 0.2
4721 4 6 2 8 0.5 0.333333333333333 0.25
4725 78 44 7 115 0.0897435897435897 0.159090909090909 0.0608695652173913
4736 12 1 1 12 0.0833333333333333 1 0.0833333333333333
4741 4 2 0 6 0 0 0
4747 5 2 0 7 0 0 0
4750 32 3 0 35 0 0 0
4774 7 2 2 7 0.285714285714286 1 0.285714285714286
4777 27 6 4 29 0.148148148148148 0.666666666666667 0.137931034482759
4780 17 2 1 18 0.0588235294117647 0.5 0.0555555555555556
4787 6 2 0 8 0 0 0
5050 10 1 1 10 0.1 1 0.1
513 30 12 4 38 0.133333333333333 0.333333333333333 0.105263157894737
5381 8 3 0 11 0 0 0
5385 8 5 2 11 0.25 0.4 0.181818181818182
5408 30 9 1 38 0.0333333333333333 0.111111111111111 0.0263157894736842
5410 14 2 1 15 0.0714285714285714 0.5 0.0666666666666667
5417 129 21 18 132 0.13953488372093 0.857142857142857 0.136363636363636
5418 4 1 1 4 0.25 1 0.25
5424 14 11 1 24 0.0714285714285714 0.0909090909090909 0.0416666666666667
5430 41 5 4 42 0.0975609756097561 0.8 0.0952380952380952
5459 28 3 1 30 0.0357142857142857 0.333333333333333 0.0333333333333333
5466 41 2 0 43 0 0 0
5511 183 23 8 198 0.0437158469945355 0.347826086956522 0.0404040404040404
553 27 5 3 29 0.111111111111111 0.6 0.103448275862069
5539 23 20 6 37 0.260869565217391 0.3 0.162162162162162
5568 31 2 2 31 0.0645161290322581 1 0.0645161290322581
559 33 15 7 41 0.212121212121212 0.466666666666667 0.170731707317073
5602 16 6 3 19 0.1875 0.5 0.157894736842105
5609 2 23 0 25 0 0 0
5617 52 3 0 55 0 0 0
5623 1 7 0 8 0 0 0
5669 191 2 2 191 0.0104712041884817 1 0.0104712041884817
6066 9 1 1 9 0.111111111111111 1 0.111111111111111
6342 4 4 0 8 0 0 0
6389 22 1 0 23 0 0 0
6435 3 20 0 23 0 0 0
6453 197 1 0 198 0 0 0
6461 540 8 8 540 0.0148148148148148 1 0.0148148148148148
6509 21 5 3 23 0.142857142857143 0.6 0.130434782608696
6619 9 1 0 10 0 0 0
6661 16 1 1 16 0.0625 1 0.0625
6667 67 12 6 73 0.0895522388059701 0.5 0.0821917808219178
668 48 8 3 53 0.0625 0.375 0.0566037735849057
6706 3 2 1 4 0.333333333333333 0.5 0.25
6730 429 2 2 429 0.00466200466200466 1 0.00466200466200466
680 35 7 3 39 0.0857142857142857 0.428571428571429 0.0769230769230769
6830 54 70 12 112 0.222222222222222 0.171428571428571 0.107142857142857
6939 224 53 15 262 0.0669642857142857 0.283018867924528 0.0572519083969466
7018 1696 1 0 1697 0 0 0
7065 8 1 1 8 0.125 1 0.125
71 10 2 0 12 0 0 0
7500 8 2 2 8 0.25 1 0.25
7514 8 6 3 11 0.375 0.5 0.272727272727273
7521 2 3 1 4 0.5 0.333333333333333 0.25
7522 3 6 3 6 1 0.5 0.5
7539 7 2 2 7 0.285714285714286 1 0.285714285714286
7570 10 2 1 11 0.1 0.5 0.0909090909090909
7580 1 4 0 5 0 0 0
7610 15 3 1 17 0.0666666666666667 0.333333333333333 0.0588235294117647
7623 11 2 1 12 0.0909090909090909 0.5 0.0833333333333333
766 14 2 2 14 0.142857142857143 1 0.142857142857143
7660 18 19 6 31 0.333333333333333 0.315789473684211 0.193548387096774
7667 3 2 0 5 0 0 0
7668 6 1 1 6 0.166666666666667 1 0.166666666666667
7670 11 2 1 12 0.0909090909090909 0.5 0.0833333333333333
7671 5 9 2 12 0.4 0.222222222222222 0.166666666666667
7682 9 1 0 10 0 0 0
7687 3 3 1 5 0.333333333333333 0.333333333333333 0.2
786 28 11 2 37 0.0714285714285714 0.181818181818182 0.0540540540540541
790 8 11 2 17 0.25 0.181818181818182 0.117647058823529
8002 14 23 2 35 0.142857142857143 0.0869565217391304 0.0571428571428571
8015 10 1 0 11 0 0 0
8070 1 5 0 6 0 0 0
81 8 2 0 10 0 0 0
8121 35 1 1 35 0.0285714285714286 1 0.0285714285714286
8175 6 2 0 8 0 0 0
8228 21 1 0 22 0 0 0
8237 10 3 0 13 0 0 0
8256 2 1 1 2 0.5 1 0.5
8267 1 2 0 3 0 0 0
8277 6 3 0 9 0 0 0
8319 19 1 0 20 0 0 0
8379 1 2 0 3 0 0 0
8447 53 10 3 60 0.0566037735849057 0.3 0.05
8469 17 4 1 20 0.0588235294117647 0.25 0.05
8472 46 5 1 50 0.0217391304347826 0.2 0.02
8473 13 2 0 15 0 0 0
8501 23 2 2 23 0.0869565217391304 1 0.0869565217391304
8514 25 4 1 28 0.04 0.25 0.0357142857142857
8517 15 1 1 15 0.0666666666666667 1 0.0666666666666667
8560 32 4 2 34 0.0625 0.5 0.0588235294117647
8591 16 1 0 17 0 0 0
8657 46 3 2 47 0.0434782608695652 0.666666666666667 0.0425531914893617
8664 3 5 0 8 0 0 0
8676 3 2 0 5 0 0 0
8708 91 6 4 93 0.043956043956044 0.666666666666667 0.043010752688172
8737 29 6 3 32 0.103448275862069 0.5 0.09375
8758 34 4 1 37 0.0294117647058824 0.25 0.027027027027027
8763 16 2 2 16 0.125 1 0.125
8903 37 4 0 41 0 0 0
8921 1 1 0 2 0 0 0
8925 1 1 0 2 0 0 0
8943 8 1 0 9 0 0 0
8954 21 25 4 42 0.19047619047619 0.16 0.0952380952380952
8966 20 1 0 21 0 0 0
8973 4 3 0 7 0 0 0
8975 9 1 1 9 0.111111111111111 1 0.111111111111111
9044 146 8 2 152 0.0136986301369863 0.25 0.0131578947368421
9080 5 3 2 6 0.4 0.666666666666667 0.333333333333333
9112 2 10 0 12 0 0 0
9186 12 1 0 13 0 0 0
9264 15 23 6 32 0.4 0.260869565217391 0.1875
9270 29 7 3 33 0.103448275862069 0.428571428571429 0.0909090909090909
9407 3 3 2 4 0.666666666666667 0.666666666666667 0.5
9416 11 2 0 13 0 0 0
9595 6 4 3 7 0.5 0.75 0.428571428571429
9600 4 8 3 9 0.75 0.375 0.333333333333333
9612 1 8 0 9 0 0 0
9619 2 2 2 2 1 1 1
9621 2 1 1 2 0.5 1 0.5
9701 4 1 0 5 0 0 0
9844 2 1 0 3 0 0 0
9924 10 1 0 11 0 0 0
