#ASN num_v4adj num_v6adj num_intersect(v4v6adj) num_union(adj) fr_v4(num_intersect/num_v4adj) fr_v6(num_intersect/num_v6adj) fr_intersect(num_intersect/num_union)
10013 3 7 2 8 0.666666666666667 0.285714285714286 0.25
10015 10 1 0 11 0 0 0
101 47 2 2 47 0.0425531914893617 1 0.0425531914893617
10204 10 4 1 13 0.1 0.25 0.0769230769230769
10318 2 1 0 3 0 0 0
10480 5 1 1 5 0.2 1 0.2
10569 1 1 1 1 1 1 1
10778 4 1 1 4 0.25 1 0.25
10886 32 2 2 32 0.0625 1 0.0625
109 9 4 0 13 0 0 0
1101 1 1 1 1 1 1 1
1103 162 41 39 164 0.240740740740741 0.951219512195122 0.23780487804878
1126 29 9 6 32 0.206896551724138 0.666666666666667 0.1875
1133 1 1 1 1 1 1 1
11340 3 2 1 4 0.333333333333333 0.5 0.25
1140 20 3 1 22 0.05 0.333333333333333 0.0454545454545455
11537 76 39 27 88 0.355263157894737 0.692307692307692 0.306818181818182
11588 13 1 1 13 0.0769230769230769 1 0.0769230769230769
11815 2 1 0 3 0 0 0
11960 4 3 3 4 0.75 1 0.75
11990 4 1 0 5 0 0 0
1200 28 11 7 32 0.25 0.636363636363636 0.21875
12008 28 1 1 28 0.0357142857142857 1 0.0357142857142857
12046 2 1 1 2 0.5 1 0.5
12111 26 1 1 26 0.0384615384615385 1 0.0384615384615385
1213 4 2 2 4 0.5 1 0.5
12199 1 2 0 3 0 0 0
1221 86 7 2 91 0.0232558139534884 0.285714285714286 0.021978021978022
12312 26 1 1 26 0.0384615384615385 1 0.0384615384615385
12337 35 12 10 37 0.285714285714286 0.833333333333333 0.27027027027027
12353 5 5 1 9 0.2 0.2 0.111111111111111
12355 16 5 4 17 0.25 0.8 0.235294117647059
1237 28 2 1 29 0.0357142857142857 0.5 0.0344827586206897
12371 2 1 0 3 0 0 0
12386 11 2 2 11 0.181818181818182 1 0.181818181818182
12401 9 4 2 11 0.222222222222222 0.5 0.181818181818182
12414 32 11 8 35 0.25 0.727272727272727 0.228571428571429
12429 23 1 1 23 0.0434782608695652 1 0.0434782608695652
1251 6 1 1 6 0.166666666666667 1 0.166666666666667
12533 1 1 0 2 0 0 0
1257 163 5 1 167 0.00613496932515337 0.2 0.00598802395209581
12600 12 1 1 12 0.0833333333333333 1 0.0833333333333333
12611 36 13 9 40 0.25 0.692307692307692 0.225
12634 29 12 8 33 0.275862068965517 0.666666666666667 0.242424242424242
12635 9 1 0 10 0 0 0
12637 3 3 0 6 0 0 0
12638 2 3 0 5 0 0 0
12657 3 2 2 3 0.666666666666667 1 0.666666666666667
1273 314 68 41 341 0.130573248407643 0.602941176470588 0.120234604105572
12731 33 8 5 36 0.151515151515152 0.625 0.138888888888889
12732 18 2 1 19 0.0555555555555556 0.5 0.0526315789473684
12741 43 1 0 44 0 0 0
12767 8 1 0 9 0 0 0
12779 63 17 9 71 0.142857142857143 0.529411764705882 0.126760563380282
12793 259 1 0 260 0 0 0
12816 2 1 1 2 0.5 1 0.5
12817 3 2 2 3 0.666666666666667 1 0.666666666666667
12853 1 4 0 5 0 0 0
12859 307 66 60 313 0.195439739413681 0.909090909090909 0.191693290734824
12871 27 16 9 34 0.333333333333333 0.5625 0.264705882352941
12895 5 1 1 5 0.2 1 0.2
12902 31 11 9 33 0.290322580645161 0.818181818181818 0.272727272727273
12931 3 2 0 5 0 0 0
12956 141 9 8 142 0.0567375886524823 0.888888888888889 0.0563380281690141
12968 79 7 2 84 0.0253164556962025 0.285714285714286 0.0238095238095238
1299 406 23 20 409 0.0492610837438424 0.869565217391304 0.0488997555012225
13 1 1 1 1 1 1 1
13030 516 1 1 516 0.00193798449612403 1 0.00193798449612403
13041 6 1 1 6 0.166666666666667 1 0.166666666666667
13046 16 1 1 16 0.0625 1 0.0625
13092 3 1 1 3 0.333333333333333 1 0.333333333333333
13110 5 4 2 7 0.4 0.5 0.285714285714286
13115 4 1 0 5 0 0 0
13189 16 1 1 16 0.0625 1 0.0625
13193 45 13 6 52 0.133333333333333 0.461538461538462 0.115384615384615
13237 452 36 28 460 0.0619469026548673 0.777777777777778 0.0608695652173913
13272 1 1 1 1 1 1 1
13300 1 1 0 2 0 0 0
13645 147 13 11 149 0.0748299319727891 0.846153846153846 0.0738255033557047
13657 4 2 0 6 0 0 0
137 11 3 3 11 0.272727272727273 1 0.272727272727273
13944 2 8 0 10 0 0 0
14277 10 11 3 18 0.3 0.272727272727273 0.166666666666667
145 4 5 0 9 0 0 0
14595 2 1 0 3 0 0 0
15169 78 4 1 81 0.0128205128205128 0.25 0.0123456790123457
15440 5 1 0 6 0 0 0
15444 257 21 15 263 0.0583657587548638 0.714285714285714 0.0570342205323194
15469 2 1 0 3 0 0 0
15501 2 2 2 2 1 1 1
15589 33 8 1 40 0.0303030303030303 0.125 0.025
15623 21 2 1 22 0.0476190476190476 0.5 0.0454545454545455
15685 11 3 3 11 0.272727272727273 1 0.272727272727273
15694 40 1 1 40 0.025 1 0.025
15706 3 2 1 4 0.333333333333333 0.5 0.25
15725 2 1 1 2 0.5 1 0.5
15782 8 1 1 8 0.125 1 0.125
15798 2 1 0 3 0 0 0
16004 9 3 1 11 0.111111111111111 0.333333333333333 0.0909090909090909
16023 3 1 0 4 0 0 0
16030 42 8 6 44 0.142857142857143 0.75 0.136363636363636
16034 207 6 3 210 0.0144927536231884 0.5 0.0142857142857143
16086 25 7 4 28 0.16 0.571428571428571 0.142857142857143
16091 1 1 0 2 0 0 0
16128 11 3 3 11 0.272727272727273 1 0.272727272727273
16131 27 9 4 32 0.148148148148148 0.444444444444444 0.125
16150 283 10 7 286 0.0247349823321555 0.7 0.0244755244755245
16186 42 8 3 47 0.0714285714285714 0.375 0.0638297872340425
16215 167 28 26 169 0.155688622754491 0.928571428571429 0.153846153846154
16237 22 4 2 24 0.0909090909090909 0.5 0.0833333333333333
16245 16 2 2 16 0.125 1 0.125
16265 46 1 0 47 0 0 0
16276 52 2 2 52 0.0384615384615385 1 0.0384615384615385
16316 3 1 1 3 0.333333333333333 1 0.333333333333333
16397 7 1 0 8 0 0 0
1653 25 2 1 26 0.04 0.5 0.0384615384615385
16531 11 1 0 12 0 0 0
1659 7 2 1 8 0.142857142857143 0.5 0.125
16713 30 2 1 31 0.0333333333333333 0.5 0.032258064516129
16838 11 2 0 13 0 0 0
16942 2 2 0 4 0 0 0
16993 2 1 0 3 0 0 0
17106 7 1 0 8 0 0 0
17263 4 1 0 5 0 0 0
1741 9 2 2 9 0.222222222222222 1 0.222222222222222
17435 2 1 0 3 0 0 0
17511 8 3 0 11 0 0 0
17529 5 1 0 6 0 0 0
17579 11 3 3 11 0.272727272727273 1 0.272727272727273
17676 33 6 2 37 0.0606060606060606 0.333333333333333 0.0540540540540541
17716 3 1 1 3 0.333333333333333 1 0.333333333333333
17828 3 1 0 4 0 0 0
17832 4 13 1 16 0.25 0.0769230769230769 0.0625
17843 2 1 1 2 0.5 1 0.5
17853 1 1 0 2 0 0 0
17934 2 6 1 7 0.5 0.166666666666667 0.142857142857143
17956 3 1 0 4 0 0 0
1797 2 3 2 3 1 0.666666666666667 0.666666666666667
1798 4 3 0 7 0 0 0
18015 2 2 2 2 1 1 1
18062 4 2 2 4 0.5 1 0.5
18119 1 1 0 2 0 0 0
18126 3 1 1 3 0.333333333333333 1 0.333333333333333
18185 3 2 1 4 0.333333333333333 0.5 0.25
18206 5 1 0 6 0 0 0
18266 4 1 1 4 0.25 1 0.25
18288 3 1 1 3 0.333333333333333 1 0.333333333333333
1835 7 2 2 7 0.285714285714286 1 0.285714285714286
18422 5 2 2 5 0.4 1 0.4
1853 94 12 9 97 0.0957446808510638 0.75 0.0927835051546392
18592 24 7 7 24 0.291666666666667 1 0.291666666666667
18666 2 2 0 4 0 0 0
1879 1 1 0 2 0 0 0
1880 10 4 2 12 0.2 0.5 0.166666666666667
1881 2 1 1 2 0.5 1 0.5
1887 5 1 1 5 0.2 1 0.2
1888 1 1 1 1 1 1 1
1897 1 1 0 2 0 0 0
1901 79 3 1 81 0.0126582278481013 0.333333333333333 0.0123456790123457
1916 19 6 4 21 0.210526315789474 0.666666666666667 0.19047619047619
19165 2 1 0 3 0 0 0
1930 6 4 1 9 0.166666666666667 0.25 0.111111111111111
195 7 1 1 7 0.142857142857143 1 0.142857142857143
1955 10 1 1 10 0.1 1 0.1
19782 7 1 1 7 0.142857142857143 1 0.142857142857143
20080 9 3 2 10 0.222222222222222 0.666666666666667 0.2
20312 4 2 2 4 0.5 1 0.5
2042 15 9 1 23 0.0666666666666667 0.111111111111111 0.0434782608695652
20473 13 1 0 14 0 0 0
20495 50 7 5 52 0.1 0.714285714285714 0.0961538461538462
20569 6 2 1 7 0.166666666666667 0.5 0.142857142857143
20597 2 1 0 3 0 0 0
20612 4 1 1 4 0.25 1 0.25
20621 2 1 1 2 0.5 1 0.5
20640 201 60 51 210 0.253731343283582 0.85 0.242857142857143
20646 49 18 12 55 0.244897959183673 0.666666666666667 0.218181818181818
20650 7 1 1 7 0.142857142857143 1 0.142857142857143
20704 17 5 4 18 0.235294117647059 0.8 0.222222222222222
20712 8 1 0 9 0 0 0
20718 22 7 4 25 0.181818181818182 0.571428571428571 0.16
20745 1 3 0 4 0 0 0
20794 2 2 0 4 0 0 0
20834 33 6 2 37 0.0606060606060606 0.333333333333333 0.0540540540540541
20847 32 10 8 34 0.25 0.8 0.235294117647059
209 1188 7 4 1191 0.00336700336700337 0.571428571428571 0.00335852225020991
20900 1 1 0 2 0 0 0
20912 3 4 0 7 0 0 0
20965 46 36 35 47 0.760869565217391 0.972222222222222 0.74468085106383
210 9 1 1 9 0.111111111111111 1 0.111111111111111
2107 1 1 1 1 1 1 1
2108 1 1 1 1 1 1 1
2110 43 8 1 50 0.0232558139534884 0.125 0.02
21119 6 1 1 6 0.166666666666667 1 0.166666666666667
21155 46 14 9 51 0.195652173913043 0.642857142857143 0.176470588235294
2116 26 2 2 26 0.0769230769230769 1 0.0769230769230769
21221 24 11 6 29 0.25 0.545454545454545 0.206896551724138
2128 3 1 1 3 0.333333333333333 1 0.333333333333333
21385 39 10 8 41 0.205128205128205 0.8 0.195121951219512
2153 37 8 8 37 0.216216216216216 1 0.216216216216216
21947 18 2 2 18 0.111111111111111 1 0.111111111111111
2200 44 3 3 44 0.0681818181818182 1 0.0681818181818182
22166 2 1 0 3 0 0 0
22335 29 2 1 30 0.0344827586206897 0.5 0.0333333333333333
22388 4 3 3 4 0.75 1 0.75
224 6 7 2 11 0.333333333333333 0.285714285714286 0.181818181818182
22548 21 2 1 22 0.0476190476190476 0.5 0.0454545454545455
226 20 1 1 20 0.05 1 0.05
22767 2 1 1 2 0.5 1 0.5
23265 17 1 1 17 0.0588235294117647 1 0.0588235294117647
23393 30 3 2 31 0.0666666666666667 0.666666666666667 0.0645161290322581
23504 22 3 1 24 0.0454545454545455 0.333333333333333 0.0416666666666667
23554 3 1 1 3 0.333333333333333 1 0.333333333333333
23600 2 1 1 2 0.5 1 0.5
23624 2 1 1 2 0.5 1 0.5
23634 5 1 1 5 0.2 1 0.2
23754 1 1 0 2 0 0 0
23774 3 2 1 4 0.333333333333333 0.5 0.25
23775 2 1 0 3 0 0 0
23787 1 2 1 2 1 0.5 0.5
2381 27 2 1 28 0.037037037037037 0.5 0.0357142857142857
23836 1 1 1 1 1 1 1
23902 1 1 0 2 0 0 0
23910 2 3 1 4 0.5 0.333333333333333 0.25
23911 1 6 1 6 1 0.166666666666667 0.166666666666667
23912 1 1 0 2 0 0 0
24 6 2 2 6 0.333333333333333 1 0.333333333333333
24218 8 1 0 9 0 0 0
24252 2 1 1 2 0.5 1 0.5
24433 3 1 1 3 0.333333333333333 1 0.333333333333333
24489 4 3 3 4 0.75 1 0.75
24490 8 4 4 8 0.5 1 0.5
24586 14 5 3 16 0.214285714285714 0.6 0.1875
24587 41 15 7 49 0.170731707317073 0.466666666666667 0.142857142857143
24724 28 3 3 28 0.107142857142857 1 0.107142857142857
24730 35 7 4 38 0.114285714285714 0.571428571428571 0.105263157894737
24776 5 2 1 6 0.2 0.5 0.166666666666667
24875 23 12 5 30 0.217391304347826 0.416666666666667 0.166666666666667
2497 211 54 43 222 0.203791469194313 0.796296296296296 0.193693693693694
24973 3 1 0 4 0 0 0
250 6 5 3 8 0.5 0.6 0.375
2500 27 50 9 68 0.333333333333333 0.18 0.132352941176471
25058 2 2 2 2 1 1 1
2506 3 1 1 3 0.333333333333333 1 0.333333333333333
25061 11 1 0 12 0 0 0
2510 13 6 3 16 0.230769230769231 0.5 0.1875
25108 13 4 1 16 0.0769230769230769 0.25 0.0625
25137 28 8 2 34 0.0714285714285714 0.25 0.0588235294117647
2514 18 4 3 19 0.166666666666667 0.75 0.157894736842105
25152 36 7 4 39 0.111111111111111 0.571428571428571 0.102564102564103
2516 294 45 32 307 0.108843537414966 0.711111111111111 0.104234527687296
2518 48 9 4 53 0.0833333333333333 0.444444444444444 0.0754716981132075
2519 25 5 1 29 0.04 0.2 0.0344827586206897
25208 5 1 0 6 0 0 0
25220 17 1 1 17 0.0588235294117647 1 0.0588235294117647
2523 7 2 2 7 0.285714285714286 1 0.285714285714286
25232 226 8 8 226 0.0353982300884956 1 0.0353982300884956
2527 9 6 2 13 0.222222222222222 0.333333333333333 0.153846153846154
25336 1 4 1 4 1 0.25 0.25
25358 16 10 2 24 0.125 0.2 0.0833333333333333
25384 7 3 1 9 0.142857142857143 0.333333333333333 0.111111111111111
2549 3 2 1 4 0.333333333333333 0.5 0.25
25492 2 2 1 3 0.5 0.5 0.333333333333333
25538 2 1 0 3 0 0 0
25560 144 15 13 146 0.0902777777777778 0.866666666666667 0.089041095890411
2594 7 1 1 7 0.142857142857143 1 0.142857142857143
2595 3 1 1 3 0.333333333333333 1 0.333333333333333
2602 2 1 1 2 0.5 1 0.5
2603 32 10 8 34 0.25 0.8 0.235294117647059
2607 46 6 3 49 0.0652173913043478 0.5 0.0612244897959184
2611 44 11 9 46 0.204545454545455 0.818181818181818 0.195652173913043
2614 10 2 1 11 0.1 0.5 0.0909090909090909
26415 19 3 0 22 0 0 0
26943 24 4 4 24 0.166666666666667 1 0.166666666666667
27319 25 3 3 25 0.12 1 0.12
27725 1 1 1 1 1 1 1
27750 15 8 8 15 0.533333333333333 1 0.533333333333333
278 7 8 1 14 0.142857142857143 0.125 0.0714285714285714
2819 21 4 0 25 0 0 0
2847 2 2 1 3 0.5 0.5 0.333333333333333
28472 1 1 1 1 1 1 1
2852 8 3 3 8 0.375 1 0.375
2857 135 1 1 135 0.00740740740740741 1 0.00740740740740741
286 307 12 10 309 0.0325732899022801 0.833333333333333 0.0323624595469256
2861 9 2 2 9 0.222222222222222 1 0.222222222222222
28678 1 1 1 1 1 1 1
28716 32 3 2 33 0.0625 0.666666666666667 0.0606060606060606
28725 6 1 1 6 0.166666666666667 1 0.166666666666667
28788 38 3 3 38 0.0789473684210526 1 0.0789473684210526
28814 1 1 1 1 1 1 1
28855 8 1 1 8 0.125 1 0.125
2895 9 2 2 9 0.222222222222222 1 0.222222222222222
29009 1 1 1 1 1 1 1
2905 28 1 0 29 0 0 0
2907 66 6 3 69 0.0454545454545455 0.5 0.0434782608695652
29134 3 1 0 4 0 0 0
2914 524 123 63 584 0.120229007633588 0.51219512195122 0.107876712328767
2915 26 9 4 31 0.153846153846154 0.444444444444444 0.129032258064516
29208 25 3 2 26 0.08 0.666666666666667 0.0769230769230769
29216 1 3 1 3 1 0.333333333333333 0.333333333333333
29243 2 1 1 2 0.5 1 0.5
29259 9 5 4 10 0.444444444444444 0.8 0.4
293 119 13 8 124 0.0672268907563025 0.615384615384615 0.0645161290322581
29317 2 2 2 2 1 1 1
29402 7 1 1 7 0.142857142857143 1 0.142857142857143
29422 3 1 1 3 0.333333333333333 1 0.333333333333333
29432 1 1 1 1 1 1 1
29449 4 4 1 7 0.25 0.25 0.142857142857143
29452 5 3 0 8 0 0 0
29527 35 5 3 37 0.0857142857142857 0.6 0.0810810810810811
29636 30 5 5 30 0.166666666666667 1 0.166666666666667
29668 20 2 1 21 0.05 0.5 0.0476190476190476
29670 2 2 0 4 0 0 0
29686 279 65 61 283 0.218637992831541 0.938461538461538 0.215547703180212
29748 27 2 2 27 0.0740740740740741 1 0.0740740740740741
29838 17 3 1 19 0.0588235294117647 0.333333333333333 0.0526315789473684
29877 4 3 1 6 0.25 0.333333333333333 0.166666666666667
29904 2 1 1 2 0.5 1 0.5
30071 18 74 9 83 0.5 0.121621621621622 0.108433734939759
30132 8 2 2 8 0.25 1 0.25
30653 17 2 1 18 0.0588235294117647 0.5 0.0555555555555556
3066 8 1 1 8 0.125 1 0.125
31065 2 2 0 4 0 0 0
31103 3 4 0 7 0 0 0
31246 7 1 1 7 0.142857142857143 1 0.142857142857143
31265 1 1 1 1 1 1 1
31283 17 4 1 20 0.0588235294117647 0.25 0.05
31333 3 3 3 3 1 1 1
31383 14 8 4 18 0.285714285714286 0.5 0.222222222222222
31424 7 2 1 8 0.142857142857143 0.5 0.125
31458 30 1 0 31 0 0 0
31479 4 1 1 4 0.25 1 0.25
31859 2 1 0 3 0 0 0
31985 7 1 0 8 0 0 0
32034 7 2 1 8 0.142857142857143 0.5 0.125
3212 35 1 1 35 0.0285714285714286 1 0.0285714285714286
3213 97 3 3 97 0.0309278350515464 1 0.0309278350515464
3221 1 1 1 1 1 1 1
32361 6 1 1 6 0.166666666666667 1 0.166666666666667
3243 13 5 1 17 0.0769230769230769 0.2 0.0588235294117647
32459 3 1 1 3 0.333333333333333 1 0.333333333333333
3246 187 13 11 189 0.0588235294117647 0.846153846153846 0.0582010582010582
3248 17 4 2 19 0.117647058823529 0.5 0.105263157894737
3249 35 5 2 38 0.0571428571428571 0.4 0.0526315789473684
3257 281 131 55 357 0.195729537366548 0.419847328244275 0.15406162464986
3265 37 16 8 45 0.216216216216216 0.5 0.177777777777778
3268 1 1 1 1 1 1 1
3274 3 1 0 4 0 0 0
3292 309 12 10 311 0.0323624595469256 0.833333333333333 0.0321543408360129
32978 3 1 1 3 0.333333333333333 1 0.333333333333333
33 8 12 3 17 0.375 0.25 0.176470588235294
3301 39 2 1 40 0.0256410256410256 0.5 0.025
3303 591 25 24 592 0.0406091370558376 0.96 0.0405405405405405
3320 382 13 6 389 0.0157068062827225 0.461538461538462 0.0154241645244216
3322 3 1 1 3 0.333333333333333 1 0.333333333333333
3327 24 4 3 25 0.125 0.75 0.12
3333 143 29 26 146 0.181818181818182 0.896551724137931 0.178082191780822
3343 16 4 2 18 0.125 0.5 0.111111111111111
33437 1 6 1 6 1 0.166666666666667 0.166666666666667
3344 29 20 7 42 0.241379310344828 0.35 0.166666666666667
3352 58 3 1 60 0.0172413793103448 0.333333333333333 0.0166666666666667
3356 1315 21 19 1317 0.0144486692015209 0.904761904761905 0.0144267274107821
33956 4 3 3 4 0.75 1 0.75
34081 1 1 1 1 1 1 1
34243 1 1 1 1 1 1 1
34288 4 2 1 5 0.25 0.5 0.2
34465 8 2 1 9 0.125 0.5 0.111111111111111
34623 2 1 1 2 0.5 1 0.5
34631 2 1 1 2 0.5 1 0.5
34763 41 1 0 42 0 0 0
34771 4 3 3 4 0.75 1 0.75
35244 15 3 2 16 0.133333333333333 0.666666666666667 0.125
35425 5 1 1 5 0.2 1 0.2
35485 7 1 1 7 0.142857142857143 1 0.142857142857143
3549 758 55 39 774 0.0514511873350923 0.709090909090909 0.0503875968992248
3551 1 1 0 2 0 0 0
3557 91 22 15 98 0.164835164835165 0.681818181818182 0.153061224489796
35612 1 2 0 3 0 0 0
3582 4 1 0 5 0 0 0
3597 9 5 1 13 0.111111111111111 0.2 0.0769230769230769
3640 4 1 1 4 0.25 1 0.25
3662 12 1 1 12 0.0833333333333333 1 0.0833333333333333
3741 212 1 0 213 0 0 0
3748 2 4 1 5 0.5 0.25 0.2
3758 35 4 0 39 0 0 0
376 10 1 1 10 0.1 1 0.1
3786 306 2 1 307 0.00326797385620915 0.5 0.00325732899022801
3790 2 1 1 2 0.5 1 0.5
3825 1 1 0 2 0 0 0
3836 7 7 0 14 0 0 0
3999 1 1 1 1 1 1 1
42 69 2 2 69 0.0289855072463768 1 0.0289855072463768
4436 81 7 6 82 0.0740740740740741 0.857142857142857 0.0731707317073171
4538 17 15 5 27 0.294117647058824 0.333333333333333 0.185185185185185
4555 1 6 0 7 0 0 0
4589 184 28 15 197 0.0815217391304348 0.535714285714286 0.0761421319796954
4608 3 2 1 4 0.333333333333333 0.5 0.25
4618 16 7 1 22 0.0625 0.142857142857143 0.0454545454545455
4621 24 1 1 24 0.0416666666666667 1 0.0416666666666667
4645 13 1 1 13 0.0769230769230769 1 0.0769230769230769
4651 25 3 2 26 0.08 0.666666666666667 0.0769230769230769
4673 8 1 1 8 0.125 1 0.125
4675 6 6 2 10 0.333333333333333 0.333333333333333 0.2
4677 4 8 3 9 0.75 0.375 0.333333333333333
4678 5 7 2 10 0.4 0.285714285714286 0.2
4680 9 6 2 13 0.222222222222222 0.333333333333333 0.153846153846154
4685 7 5 3 9 0.428571428571429 0.6 0.333333333333333
4688 9 7 3 13 0.333333333333333 0.428571428571429 0.230769230769231
4691 8 13 3 18 0.375 0.230769230769231 0.166666666666667
4694 42 2 1 43 0.0238095238095238 0.5 0.0232558139534884
4697 1 17 1 17 1 0.0588235294117647 0.0588235294117647
4702 6 4 2 8 0.333333333333333 0.5 0.25
4713 84 5 5 84 0.0595238095238095 1 0.0595238095238095
4716 96 26 12 110 0.125 0.461538461538462 0.109090909090909
4717 4 2 2 4 0.5 1 0.5
4718 4 4 1 7 0.25 0.25 0.142857142857143
4721 10 6 0 16 0 0 0
4725 105 44 14 135 0.133333333333333 0.318181818181818 0.103703703703704
4741 6 1 0 7 0 0 0
4747 9 2 0 11 0 0 0
4750 33 3 1 35 0.0303030303030303 0.333333333333333 0.0285714285714286
4774 2 2 2 2 1 1 1
4777 27 6 4 29 0.148148148148148 0.666666666666667 0.137931034482759
4780 25 2 1 26 0.04 0.5 0.0384615384615385
4782 2 1 0 3 0 0 0
4787 6 6 0 12 0 0 0
4788 89 6 2 93 0.0224719101123595 0.333333333333333 0.021505376344086
4795 27 2 0 29 0 0 0
4802 10 2 1 11 0.1 0.5 0.0909090909090909
5050 15 3 3 15 0.2 1 0.2
513 34 2 2 34 0.0588235294117647 1 0.0588235294117647
5381 12 4 0 16 0 0 0
5385 10 9 2 17 0.2 0.222222222222222 0.117647058823529
5401 5 1 1 5 0.2 1 0.2
5408 29 2 2 29 0.0689655172413793 1 0.0689655172413793
5410 53 5 1 57 0.0188679245283019 0.2 0.0175438596491228
5417 174 32 26 180 0.149425287356322 0.8125 0.144444444444444
5418 7 1 1 7 0.142857142857143 1 0.142857142857143
5430 67 15 11 71 0.164179104477612 0.733333333333333 0.154929577464789
5459 201 8 8 201 0.0398009950248756 1 0.0398009950248756
5466 60 1 0 61 0 0 0
5486 40 2 0 42 0 0 0
5511 161 19 18 162 0.111801242236025 0.947368421052632 0.111111111111111
553 42 11 9 44 0.214285714285714 0.818181818181818 0.204545454545455
5533 7 2 0 9 0 0 0
5539 34 37 15 56 0.441176470588235 0.405405405405405 0.267857142857143
5550 4 3 1 6 0.25 0.333333333333333 0.166666666666667
5568 87 3 3 87 0.0344827586206897 1 0.0344827586206897
559 56 9 9 56 0.160714285714286 1 0.160714285714286
5602 15 4 2 17 0.133333333333333 0.5 0.117647058823529
5609 2 12 0 14 0 0 0
5617 99 2 0 101 0 0 0
5623 1 3 0 4 0 0 0
5669 36 3 0 39 0 0 0
5693 6 2 1 7 0.166666666666667 0.5 0.142857142857143
5713 32 3 1 34 0.03125 0.333333333333333 0.0294117647058824
577 112 1 1 112 0.00892857142857143 1 0.00892857142857143
6057 5 2 1 6 0.2 0.5 0.166666666666667
6062 8 2 0 10 0 0 0
6066 3 1 0 4 0 0 0
6140 113 1 0 114 0 0 0
6163 9 2 0 11 0 0 0
6320 195 2 1 196 0.00512820512820513 0.5 0.00510204081632653
6342 4 2 0 6 0 0 0
6360 9 2 2 9 0.222222222222222 1 0.222222222222222
6435 3 16 0 19 0 0 0
6453 354 35 25 364 0.0706214689265537 0.714285714285714 0.0686813186813187
6461 703 3 3 703 0.0042674253200569 1 0.0042674253200569
6509 36 3 3 36 0.0833333333333333 1 0.0833333333333333
6596 24 1 1 24 0.0416666666666667 1 0.0416666666666667
6619 12 1 0 13 0 0 0
6666 30 10 6 34 0.2 0.6 0.176470588235294
6667 447 72 69 450 0.154362416107383 0.958333333333333 0.153333333333333
668 39 7 2 44 0.0512820512820513 0.285714285714286 0.0454545454545455
6695 103 4 3 104 0.029126213592233 0.75 0.0288461538461538
6696 5 3 2 6 0.4 0.666666666666667 0.333333333333333
6706 5 3 2 6 0.4 0.666666666666667 0.333333333333333
6730 589 5 4 590 0.0067911714770798 0.8 0.00677966101694915
6762 143 21 17 147 0.118881118881119 0.80952380952381 0.115646258503401
6770 22 4 4 22 0.181818181818182 1 0.181818181818182
6772 11 2 2 11 0.181818181818182 1 0.181818181818182
6774 67 9 7 69 0.104477611940299 0.777777777777778 0.101449275362319
6775 5 2 2 5 0.4 1 0.4
680 47 10 8 49 0.170212765957447 0.8 0.163265306122449
6802 7 2 2 7 0.285714285714286 1 0.285714285714286
6830 79 75 22 132 0.278481012658228 0.293333333333333 0.166666666666667
6881 9 1 1 9 0.111111111111111 1 0.111111111111111
6895 8 1 1 8 0.125 1 0.125
6939 521 41 18 544 0.0345489443378119 0.439024390243902 0.0330882352941176
7018 2033 7 3 2037 0.0014756517461879 0.428571428571429 0.00147275405007364
7019 1 1 1 1 1 1 1
7065 10 2 1 11 0.1 0.5 0.0909090909090909
719 10 1 1 10 0.1 1 0.1
7500 65 6 4 67 0.0615384615384615 0.666666666666667 0.0597014925373134
7514 20 9 5 24 0.25 0.555555555555556 0.208333333333333
7516 4 1 0 5 0 0 0
7521 4 1 1 4 0.25 1 0.25
7522 5 6 2 9 0.4 0.333333333333333 0.222222222222222
7530 2 4 0 6 0 0 0
7539 23 9 7 25 0.304347826086957 0.777777777777778 0.28
7570 4 4 1 7 0.25 0.25 0.142857142857143
7575 220 47 44 223 0.2 0.936170212765957 0.197309417040359
7610 20 2 1 21 0.05 0.5 0.0476190476190476
766 16 5 4 17 0.25 0.8 0.235294117647059
7660 36 29 16 49 0.444444444444444 0.551724137931034 0.326530612244898
7665 2 1 1 2 0.5 1 0.5
7667 3 1 0 4 0 0 0
7668 10 1 1 10 0.1 1 0.1
7670 17 2 2 17 0.117647058823529 1 0.117647058823529
7671 4 33 3 34 0.75 0.0909090909090909 0.0882352941176471
7682 12 3 2 13 0.166666666666667 0.666666666666667 0.153846153846154
7684 2 9 0 11 0 0 0
7687 4 2 1 5 0.25 0.5 0.2
7786 4 1 0 5 0 0 0
786 42 8 2 48 0.0476190476190476 0.25 0.0416666666666667
790 2 1 1 2 0.5 1 0.5
8002 35 6 2 39 0.0571428571428571 0.333333333333333 0.0512820512820513
8070 1 1 0 2 0 0 0
8121 35 4 2 37 0.0571428571428571 0.5 0.0540540540540541
8195 58 9 6 61 0.103448275862069 0.666666666666667 0.0983606557377049
8220 764 12 11 765 0.0143979057591623 0.916666666666667 0.0143790849673203
8226 4 3 1 6 0.25 0.333333333333333 0.166666666666667
8237 8 4 2 10 0.25 0.5 0.2
8246 145 3 2 146 0.0137931034482759 0.666666666666667 0.0136986301369863
8256 2 1 1 2 0.5 1 0.5
8267 2 2 1 3 0.5 0.5 0.333333333333333
8286 1 1 0 2 0 0 0
8319 29 11 7 33 0.241379310344828 0.636363636363636 0.212121212121212
8323 18 1 1 18 0.0555555555555556 1 0.0555555555555556
8364 8 1 1 8 0.125 1 0.125
8365 37 16 11 42 0.297297297297297 0.6875 0.261904761904762
8419 29 4 1 32 0.0344827586206897 0.25 0.03125
8426 237 7 4 240 0.0168776371308017 0.571428571428571 0.0166666666666667
8447 311 15 13 313 0.0418006430868167 0.866666666666667 0.0415335463258786
8469 34 9 7 36 0.205882352941176 0.777777777777778 0.194444444444444
8473 14 3 1 16 0.0714285714285714 0.333333333333333 0.0625
8481 3 1 0 4 0 0 0
8501 33 8 8 33 0.242424242424242 1 0.242424242424242
8517 16 1 1 16 0.0625 1 0.0625
8527 13 2 2 13 0.153846153846154 1 0.153846153846154
8560 53 16 12 57 0.226415094339623 0.75 0.210526315789474
8586 59 4 3 60 0.0508474576271186 0.75 0.05
8591 22 6 4 24 0.181818181818182 0.666666666666667 0.166666666666667
8657 73 3 2 74 0.0273972602739726 0.666666666666667 0.027027027027027
8664 8 2 0 10 0 0 0
8665 22 10 7 25 0.318181818181818 0.7 0.28
8674 47 3 3 47 0.0638297872340425 1 0.0638297872340425
8728 1 1 1 1 1 1 1
8737 32 7 5 34 0.15625 0.714285714285714 0.147058823529412
8758 7 4 3 8 0.428571428571429 0.75 0.375
8763 130 33 31 132 0.238461538461538 0.939393939393939 0.234848484848485
8767 40 8 6 42 0.15 0.75 0.142857142857143
8781 4 1 1 4 0.25 1 0.25
8881 142 9 7 144 0.0492957746478873 0.777777777777778 0.0486111111111111
8903 10 4 0 14 0 0 0
8921 1 2 0 3 0 0 0
8925 2 1 0 3 0 0 0
8943 16 2 1 17 0.0625 0.5 0.0588235294117647
8954 22 7 3 26 0.136363636363636 0.428571428571429 0.115384615384615
8966 46 1 1 46 0.0217391304347826 1 0.0217391304347826
8970 2 1 1 2 0.5 1 0.5
8975 57 3 2 58 0.0350877192982456 0.666666666666667 0.0344827586206897
8978 3 1 1 3 0.333333333333333 1 0.333333333333333
9009 147 12 8 151 0.054421768707483 0.666666666666667 0.0529801324503311
9052 3 2 0 5 0 0 0
9080 7 3 1 9 0.142857142857143 0.333333333333333 0.111111111111111
9085 7 1 0 8 0 0 0
9112 6 3 1 8 0.166666666666667 0.333333333333333 0.125
9150 21 3 3 21 0.142857142857143 1 0.142857142857143
9153 39 2 2 39 0.0512820512820513 1 0.0512820512820513
9162 2 1 0 3 0 0 0
9264 53 39 5 87 0.0943396226415094 0.128205128205128 0.0574712643678161
9270 25 8 7 26 0.28 0.875 0.269230769230769
9299 40 1 1 40 0.025 1 0.025
9316 42 1 0 43 0 0 0
9406 1 1 0 2 0 0 0
9416 17 2 0 19 0 0 0
9505 63 5 4 64 0.0634920634920635 0.8 0.0625
9583 26 1 0 27 0 0 0
9595 8 3 2 9 0.25 0.666666666666667 0.222222222222222
9600 6 8 2 12 0.333333333333333 0.25 0.166666666666667
9607 6 2 0 8 0 0 0
9612 1 3 0 4 0 0 0
9619 2 2 2 2 1 1 1
9621 3 7 1 9 0.333333333333333 0.142857142857143 0.111111111111111
9622 5 1 1 5 0.2 1 0.2
9687 2 1 1 2 0.5 1 0.5
9758 1 1 0 2 0 0 0
9800 36 1 0 37 0 0 0
9821 2 1 1 2 0.5 1 0.5
9844 2 1 0 3 0 0 0
9901 25 2 0 27 0 0 0
9919 21 1 0 22 0 0 0
9995 3 2 2 3 0.666666666666667 1 0.666666666666667
