#ASN num_v4adj num_v6adj num_intersect(v4v6adj) num_union(adj) fr_v4(num_intersect/num_v4adj) fr_v6(num_intersect/num_v6adj) fr_intersect(num_intersect/num_union)
10013 2 8 1 9 0.5 0.125 0.111111111111111
10015 11 1 0 12 0 0 0
101 49 4 3 50 0.0612244897959184 0.75 0.06
102 3 1 1 3 0.333333333333333 1 0.333333333333333
10204 8 6 1 13 0.125 0.166666666666667 0.0769230769230769
10217 6 2 1 7 0.166666666666667 0.5 0.142857142857143
10318 2 1 0 3 0 0 0
10480 7 1 1 7 0.142857142857143 1 0.142857142857143
10490 27 2 2 27 0.0740740740740741 1 0.0740740740740741
10533 1 2 1 2 1 0.5 0.5
10569 1 1 1 1 1 1 1
10578 25 2 2 25 0.08 1 0.08
10745 2 3 0 5 0 0 0
10764 15 2 2 15 0.133333333333333 1 0.133333333333333
10778 4 2 2 4 0.5 1 0.5
10886 38 15 7 46 0.184210526315789 0.466666666666667 0.152173913043478
109 9 5 0 14 0 0 0
1103 171 35 33 173 0.192982456140351 0.942857142857143 0.190751445086705
111 3 1 1 3 0.333333333333333 1 0.333333333333333
1126 32 8 4 36 0.125 0.5 0.111111111111111
11340 4 1 1 4 0.25 1 0.25
1140 20 3 1 22 0.05 0.333333333333333 0.0454545454545455
11537 84 45 32 97 0.380952380952381 0.711111111111111 0.329896907216495
11588 12 1 1 12 0.0833333333333333 1 0.0833333333333333
11656 1 1 0 2 0 0 0
11815 2 1 0 3 0 0 0
11960 5 2 2 5 0.4 1 0.4
11990 4 1 0 5 0 0 0
1200 34 11 7 38 0.205882352941176 0.636363636363636 0.184210526315789
12008 27 1 1 27 0.037037037037037 1 0.037037037037037
12046 2 1 1 2 0.5 1 0.5
12066 3 1 0 4 0 0 0
12111 25 1 0 26 0 0 0
1213 3 2 2 3 0.666666666666667 1 0.666666666666667
12199 1 2 0 3 0 0 0
1221 85 7 1 91 0.0117647058823529 0.142857142857143 0.010989010989011
12312 27 1 1 27 0.037037037037037 1 0.037037037037037
12337 34 15 11 38 0.323529411764706 0.733333333333333 0.289473684210526
12353 3 3 0 6 0 0 0
12355 16 7 5 18 0.3125 0.714285714285714 0.277777777777778
1237 34 3 2 35 0.0588235294117647 0.666666666666667 0.0571428571428571
12371 2 1 0 3 0 0 0
12386 10 2 2 10 0.2 1 0.2
1239 1733 2 1 1734 0.000577034045008655 0.5 0.000576701268742791
12399 67 1 1 67 0.0149253731343284 1 0.0149253731343284
12401 9 3 2 10 0.222222222222222 0.666666666666667 0.2
12414 32 10 7 35 0.21875 0.7 0.2
12429 17 1 1 17 0.0588235294117647 1 0.0588235294117647
12533 2 1 0 3 0 0 0
1257 101 5 1 105 0.0099009900990099 0.2 0.00952380952380952
12600 14 1 1 14 0.0714285714285714 1 0.0714285714285714
12611 35 15 8 42 0.228571428571429 0.533333333333333 0.19047619047619
12634 31 11 7 35 0.225806451612903 0.636363636363636 0.2
12637 3 4 0 7 0 0 0
12638 2 3 0 5 0 0 0
12657 2 3 2 3 1 0.666666666666667 0.666666666666667
12709 2 1 0 3 0 0 0
1273 322 65 40 347 0.124223602484472 0.615384615384615 0.115273775216138
12731 29 10 7 32 0.241379310344828 0.7 0.21875
12732 16 1 1 16 0.0625 1 0.0625
12741 58 1 0 59 0 0 0
12767 10 1 0 11 0 0 0
12769 6 1 1 6 0.166666666666667 1 0.166666666666667
12779 62 17 6 73 0.0967741935483871 0.352941176470588 0.0821917808219178
12816 1 1 1 1 1 1 1
12817 2 1 1 2 0.5 1 0.5
12853 1 5 0 6 0 0 0
12859 330 67 61 336 0.184848484848485 0.91044776119403 0.181547619047619
12871 29 14 7 36 0.241379310344828 0.5 0.194444444444444
12874 103 1 1 103 0.00970873786407767 1 0.00970873786407767
12895 6 1 1 6 0.166666666666667 1 0.166666666666667
12902 32 10 8 34 0.25 0.8 0.235294117647059
12931 3 1 0 4 0 0 0
12956 147 9 8 148 0.054421768707483 0.888888888888889 0.0540540540540541
12968 88 3 1 90 0.0113636363636364 0.333333333333333 0.0111111111111111
12989 94 4 3 95 0.0319148936170213 0.75 0.0315789473684211
1299 438 25 20 443 0.045662100456621 0.8 0.0451467268623025
13030 618 6 6 618 0.00970873786407767 1 0.00970873786407767
13039 4 1 1 4 0.25 1 0.25
13041 5 1 1 5 0.2 1 0.2
13092 4 2 2 4 0.5 1 0.5
13110 4 2 2 4 0.5 1 0.5
13115 4 2 1 5 0.25 0.5 0.2
1312 2 1 1 2 0.5 1 0.5
13189 15 2 2 15 0.133333333333333 1 0.133333333333333
13193 43 13 7 49 0.162790697674419 0.538461538461538 0.142857142857143
132 2 1 1 2 0.5 1 0.5
13237 461 40 36 465 0.0780911062906725 0.9 0.0774193548387097
13272 1 1 1 1 1 1 1
13319 3 1 0 4 0 0 0
13645 155 21 14 162 0.0903225806451613 0.666666666666667 0.0864197530864197
13657 5 2 0 7 0 0 0
137 13 3 3 13 0.230769230769231 1 0.230769230769231
13911 5 1 0 6 0 0 0
14031 5 1 1 5 0.2 1 0.2
14277 10 10 3 17 0.3 0.3 0.176470588235294
15169 88 5 2 91 0.0227272727272727 0.4 0.021978021978022
15444 250 25 16 259 0.064 0.64 0.0617760617760618
15469 1 1 0 2 0 0 0
15501 2 2 2 2 1 1 1
15589 34 6 1 39 0.0294117647058824 0.166666666666667 0.0256410256410256
15598 45 6 2 49 0.0444444444444444 0.333333333333333 0.0408163265306122
15623 21 3 2 22 0.0952380952380952 0.666666666666667 0.0909090909090909
15685 14 3 3 14 0.214285714285714 1 0.214285714285714
15694 39 1 1 39 0.0256410256410256 1 0.0256410256410256
15706 3 2 1 4 0.333333333333333 0.5 0.25
15725 2 2 1 3 0.5 0.5 0.333333333333333
15798 2 1 0 3 0 0 0
15919 7 1 1 7 0.142857142857143 1 0.142857142857143
16004 10 2 1 11 0.1 0.5 0.0909090909090909
16023 3 1 0 4 0 0 0
16030 46 11 7 50 0.152173913043478 0.636363636363636 0.14
16034 36 26 5 57 0.138888888888889 0.192307692307692 0.087719298245614
16086 29 7 4 32 0.137931034482759 0.571428571428571 0.125
16111 3 1 1 3 0.333333333333333 1 0.333333333333333
16128 11 3 3 11 0.272727272727273 1 0.272727272727273
16131 28 8 5 31 0.178571428571429 0.625 0.161290322580645
16150 251 4 2 253 0.00796812749003984 0.5 0.00790513833992095
16186 45 8 5 48 0.111111111111111 0.625 0.104166666666667
16215 197 36 34 199 0.17258883248731 0.944444444444444 0.170854271356784
16237 27 3 1 29 0.037037037037037 0.333333333333333 0.0344827586206897
16245 17 2 1 18 0.0588235294117647 0.5 0.0555555555555556
16265 100 1 0 101 0 0 0
16276 56 2 2 56 0.0357142857142857 1 0.0357142857142857
16305 1 1 1 1 1 1 1
16316 4 3 1 6 0.25 0.333333333333333 0.166666666666667
16397 11 1 0 12 0 0 0
1653 26 3 1 28 0.0384615384615385 0.333333333333333 0.0357142857142857
16531 10 1 0 11 0 0 0
16713 31 2 1 32 0.032258064516129 0.5 0.03125
16838 15 1 0 16 0 0 0
16942 2 2 0 4 0 0 0
16993 2 1 0 3 0 0 0
17263 3 1 0 4 0 0 0
1741 9 2 2 9 0.222222222222222 1 0.222222222222222
17435 2 1 0 3 0 0 0
17511 10 2 0 12 0 0 0
17529 6 1 0 7 0 0 0
17554 9 2 2 9 0.222222222222222 1 0.222222222222222
17579 9 8 5 12 0.555555555555556 0.625 0.416666666666667
1764 16 2 1 17 0.0625 0.5 0.0588235294117647
17676 34 6 2 38 0.0588235294117647 0.333333333333333 0.0526315789473684
17716 3 1 1 3 0.333333333333333 1 0.333333333333333
17828 3 1 0 4 0 0 0
17832 4 13 1 16 0.25 0.0769230769230769 0.0625
17843 2 1 1 2 0.5 1 0.5
17853 1 1 0 2 0 0 0
17934 2 7 1 8 0.5 0.142857142857143 0.125
1797 2 3 2 3 1 0.666666666666667 0.666666666666667
1798 3 2 0 5 0 0 0
18015 2 2 2 2 1 1 1
18062 1 1 0 2 0 0 0
18126 4 1 1 4 0.25 1 0.25
18182 3 1 0 4 0 0 0
18185 3 2 1 4 0.333333333333333 0.5 0.25
18206 2 2 0 4 0 0 0
18210 2 1 0 3 0 0 0
18266 3 1 1 3 0.333333333333333 1 0.333333333333333
18288 3 1 1 3 0.333333333333333 1 0.333333333333333
18344 1 1 0 2 0 0 0
1835 5 2 2 5 0.4 1 0.4
18422 5 2 2 5 0.4 1 0.4
1853 95 14 12 97 0.126315789473684 0.857142857142857 0.123711340206186
18592 29 9 7 31 0.241379310344828 0.777777777777778 0.225806451612903
18666 2 2 0 4 0 0 0
1879 1 1 1 1 1 1 1
1880 13 3 2 14 0.153846153846154 0.666666666666667 0.142857142857143
1881 1 1 1 1 1 1 1
1887 5 1 1 5 0.2 1 0.2
1901 137 3 3 137 0.0218978102189781 1 0.0218978102189781
19021 1 1 0 2 0 0 0
1916 17 5 3 19 0.176470588235294 0.6 0.157894736842105
19165 2 1 0 3 0 0 0
1930 6 2 1 7 0.166666666666667 0.5 0.142857142857143
19318 31 9 4 36 0.129032258064516 0.444444444444444 0.111111111111111
19401 28 2 2 28 0.0714285714285714 1 0.0714285714285714
195 7 2 2 7 0.285714285714286 1 0.285714285714286
1955 11 2 2 11 0.181818181818182 1 0.181818181818182
19782 12 1 1 12 0.0833333333333333 1 0.0833333333333333
20080 10 2 2 10 0.2 1 0.2
2018 3 3 1 5 0.333333333333333 0.333333333333333 0.2
20312 5 2 2 5 0.4 1 0.4
2042 17 8 1 24 0.0588235294117647 0.125 0.0416666666666667
20473 21 1 0 22 0 0 0
20495 45 6 4 47 0.0888888888888889 0.666666666666667 0.0851063829787234
20569 12 1 1 12 0.0833333333333333 1 0.0833333333333333
20597 2 1 0 3 0 0 0
20621 2 1 1 2 0.5 1 0.5
20633 14 8 2 20 0.142857142857143 0.25 0.1
20640 198 64 51 211 0.257575757575758 0.796875 0.241706161137441
20646 46 19 11 54 0.239130434782609 0.578947368421053 0.203703703703704
20650 5 1 1 5 0.2 1 0.2
20704 19 5 3 21 0.157894736842105 0.6 0.142857142857143
20712 6 2 0 8 0 0 0
20718 28 10 4 34 0.142857142857143 0.4 0.117647058823529
20745 1 3 0 4 0 0 0
20794 2 1 0 3 0 0 0
20834 33 5 2 36 0.0606060606060606 0.4 0.0555555555555556
20847 36 10 8 38 0.222222222222222 0.8 0.210526315789474
209 1252 7 5 1254 0.00399361022364217 0.714285714285714 0.00398724082934609
20900 2 1 0 3 0 0 0
20912 3 5 0 8 0 0 0
20965 46 39 39 46 0.847826086956522 1 0.847826086956522
210 9 1 1 9 0.111111111111111 1 0.111111111111111
21055 20 1 0 21 0 0 0
2107 1 1 1 1 1 1 1
2110 41 8 1 48 0.024390243902439 0.125 0.0208333333333333
21119 6 1 1 6 0.166666666666667 1 0.166666666666667
21155 40 11 8 43 0.2 0.727272727272727 0.186046511627907
2116 29 2 1 30 0.0344827586206897 0.5 0.0333333333333333
21221 26 8 5 29 0.192307692307692 0.625 0.172413793103448
2128 2 1 1 2 0.5 1 0.5
21280 6 1 0 7 0 0 0
21385 33 10 7 36 0.212121212121212 0.7 0.194444444444444
2153 39 10 10 39 0.256410256410256 1 0.256410256410256
21844 12 1 1 12 0.0833333333333333 1 0.0833333333333333
21947 20 2 2 20 0.1 1 0.1
22 1 1 1 1 1 1 1
2200 45 3 3 45 0.0666666666666667 1 0.0666666666666667
22166 2 1 0 3 0 0 0
22388 7 5 5 7 0.714285714285714 1 0.714285714285714
224 5 6 2 9 0.4 0.333333333333333 0.222222222222222
22548 21 2 1 22 0.0476190476190476 0.5 0.0454545454545455
226 21 1 1 21 0.0476190476190476 1 0.0476190476190476
22767 2 1 1 2 0.5 1 0.5
23265 20 1 1 20 0.05 1 0.05
23393 36 3 2 37 0.0555555555555556 0.666666666666667 0.0540540540540541
23504 26 8 2 32 0.0769230769230769 0.25 0.0625
23541 2 2 1 3 0.5 0.5 0.333333333333333
23554 2 1 1 2 0.5 1 0.5
23596 2 1 1 2 0.5 1 0.5
23600 3 2 2 3 0.666666666666667 1 0.666666666666667
23624 2 1 1 2 0.5 1 0.5
23634 4 2 2 4 0.5 1 0.5
23654 2 2 2 2 1 1 1
23754 1 1 0 2 0 0 0
23774 3 2 1 4 0.333333333333333 0.5 0.25
23775 2 1 0 3 0 0 0
23787 2 2 1 3 0.5 0.5 0.333333333333333
2381 30 3 2 31 0.0666666666666667 0.666666666666667 0.0645161290322581
23836 1 1 1 1 1 1 1
23902 2 2 0 4 0 0 0
23910 2 4 1 5 0.5 0.25 0.2
23911 2 7 2 7 1 0.285714285714286 0.285714285714286
23912 1 1 0 2 0 0 0
23966 4 2 0 6 0 0 0
24 9 5 3 11 0.333333333333333 0.6 0.272727272727273
24218 13 1 0 14 0 0 0
24226 3 1 0 4 0 0 0
24229 3 1 1 3 0.333333333333333 1 0.333333333333333
24311 1 1 0 2 0 0 0
24334 2 1 1 2 0.5 1 0.5
24475 3 3 3 3 1 1 1
24489 6 3 3 6 0.5 1 0.5
24490 9 6 6 9 0.666666666666667 1 0.666666666666667
24514 1 1 1 1 1 1 1
24587 34 6 2 38 0.0588235294117647 0.333333333333333 0.0526315789473684
24724 36 4 4 36 0.111111111111111 1 0.111111111111111
24730 43 6 4 45 0.0930232558139535 0.666666666666667 0.0888888888888889
24776 5 2 1 6 0.2 0.5 0.166666666666667
24875 27 12 5 34 0.185185185185185 0.416666666666667 0.147058823529412
2497 210 59 41 228 0.195238095238095 0.694915254237288 0.179824561403509
24973 2 1 0 3 0 0 0
250 3 4 0 7 0 0 0
2500 28 48 10 66 0.357142857142857 0.208333333333333 0.151515151515152
25058 2 1 1 2 0.5 1 0.5
2506 3 1 1 3 0.333333333333333 1 0.333333333333333
25061 21 1 0 22 0 0 0
2510 17 7 3 21 0.176470588235294 0.428571428571429 0.142857142857143
25108 13 4 2 15 0.153846153846154 0.5 0.133333333333333
25137 6 4 3 7 0.5 0.75 0.428571428571429
2514 18 4 2 20 0.111111111111111 0.5 0.1
2515 6 1 1 6 0.166666666666667 1 0.166666666666667
25152 39 4 2 41 0.0512820512820513 0.5 0.0487804878048781
2516 293 46 31 308 0.10580204778157 0.673913043478261 0.100649350649351
2518 39 9 3 45 0.0769230769230769 0.333333333333333 0.0666666666666667
2519 25 4 1 28 0.04 0.25 0.0357142857142857
25192 19 6 3 22 0.157894736842105 0.5 0.136363636363636
25208 5 1 0 6 0 0 0
25220 17 2 2 17 0.117647058823529 1 0.117647058823529
25232 207 9 9 207 0.0434782608695652 1 0.0434782608695652
2527 10 6 2 14 0.2 0.333333333333333 0.142857142857143
25358 18 8 2 24 0.111111111111111 0.25 0.0833333333333333
25384 8 2 0 10 0 0 0
25473 4 1 1 4 0.25 1 0.25
2549 3 2 1 4 0.333333333333333 0.5 0.25
25538 2 1 0 3 0 0 0
25560 31 13 11 33 0.354838709677419 0.846153846153846 0.333333333333333
25689 5 2 1 6 0.2 0.5 0.166666666666667
2594 5 1 0 6 0 0 0
2595 2 1 0 3 0 0 0
2602 2 1 1 2 0.5 1 0.5
2603 30 11 8 33 0.266666666666667 0.727272727272727 0.242424242424242
2607 29 4 4 29 0.137931034482759 1 0.137931034482759
2611 47 11 9 49 0.191489361702128 0.818181818181818 0.183673469387755
2614 9 1 1 9 0.111111111111111 1 0.111111111111111
26415 22 3 0 25 0 0 0
26943 26 5 4 27 0.153846153846154 0.8 0.148148148148148
2697 4 1 1 4 0.25 1 0.25
27 2 1 1 2 0.5 1 0.5
27319 23 2 2 23 0.0869565217391304 1 0.0869565217391304
27446 5 1 0 6 0 0 0
27678 7 1 1 7 0.142857142857143 1 0.142857142857143
27750 13 12 11 14 0.846153846153846 0.916666666666667 0.785714285714286
278 7 7 1 13 0.142857142857143 0.142857142857143 0.0769230769230769
27841 1 1 1 1 1 1 1
2819 23 4 0 27 0 0 0
2847 2 1 1 2 0.5 1 0.5
28472 1 1 1 1 1 1 1
2852 39 4 4 39 0.102564102564103 1 0.102564102564103
2857 143 10 7 146 0.048951048951049 0.7 0.0479452054794521
286 318 48 27 339 0.0849056603773585 0.5625 0.079646017699115
2861 8 2 2 8 0.25 1 0.25
28678 2 1 1 2 0.5 1 0.5
28716 37 1 1 37 0.027027027027027 1 0.027027027027027
28725 4 1 0 5 0 0 0
28788 42 3 3 42 0.0714285714285714 1 0.0714285714285714
28814 1 1 1 1 1 1 1
2884 6 2 2 6 0.333333333333333 1 0.333333333333333
28855 6 1 1 6 0.166666666666667 1 0.166666666666667
28857 6 2 1 7 0.166666666666667 0.5 0.142857142857143
2895 9 2 2 9 0.222222222222222 1 0.222222222222222
290 2 1 0 3 0 0 0
2905 26 1 0 27 0 0 0
2907 69 6 3 72 0.0434782608695652 0.5 0.0416666666666667
29134 3 1 0 4 0 0 0
2914 545 125 66 604 0.121100917431193 0.528 0.109271523178808
2915 19 9 1 27 0.0526315789473684 0.111111111111111 0.037037037037037
292 1 1 1 1 1 1 1
29208 26 3 2 27 0.0769230769230769 0.666666666666667 0.0740740740740741
29216 1 2 1 2 1 0.5 0.5
29243 2 1 1 2 0.5 1 0.5
29259 7 4 4 7 0.571428571428571 1 0.571428571428571
293 124 41 31 134 0.25 0.75609756097561 0.23134328358209
29317 1 2 1 2 1 0.5 0.5
29402 8 1 1 8 0.125 1 0.125
29422 19 1 1 19 0.0526315789473684 1 0.0526315789473684
29432 2 1 1 2 0.5 1 0.5
29449 4 4 1 7 0.25 0.25 0.142857142857143
29452 3 3 0 6 0 0 0
29527 35 4 3 36 0.0857142857142857 0.75 0.0833333333333333
29632 7 2 0 9 0 0 0
29636 31 5 4 32 0.129032258064516 0.8 0.125
29668 26 2 1 27 0.0384615384615385 0.5 0.037037037037037
29686 281 73 67 287 0.238434163701068 0.917808219178082 0.233449477351916
29748 32 2 2 32 0.0625 1 0.0625
29838 13 3 1 15 0.0769230769230769 0.333333333333333 0.0666666666666667
29877 5 3 1 7 0.2 0.333333333333333 0.142857142857143
29904 2 1 1 2 0.5 1 0.5
3 5 1 0 6 0 0 0
30071 21 86 10 97 0.476190476190476 0.116279069767442 0.103092783505155
30128 3 3 2 4 0.666666666666667 0.666666666666667 0.5
30132 9 2 2 9 0.222222222222222 1 0.222222222222222
30653 15 2 1 16 0.0666666666666667 0.5 0.0625
3066 7 2 1 8 0.142857142857143 0.5 0.125
30834 4 2 2 4 0.5 1 0.5
30913 14 1 0 15 0 0 0
30947 3 1 1 3 0.333333333333333 1 0.333333333333333
31065 2 2 0 4 0 0 0
31103 3 3 0 6 0 0 0
31127 2 1 1 2 0.5 1 0.5
31246 6 1 1 6 0.166666666666667 1 0.166666666666667
31265 1 1 1 1 1 1 1
31283 55 4 2 57 0.0363636363636364 0.5 0.0350877192982456
31333 3 2 2 3 0.666666666666667 1 0.666666666666667
31383 17 7 3 21 0.176470588235294 0.428571428571429 0.142857142857143
31424 8 2 1 9 0.125 0.5 0.111111111111111
31458 34 2 1 35 0.0294117647058824 0.5 0.0285714285714286
31477 9 1 1 9 0.111111111111111 1 0.111111111111111
31479 5 1 1 5 0.2 1 0.2
31513 2 1 1 2 0.5 1 0.5
31708 4 1 1 4 0.25 1 0.25
31859 2 1 0 3 0 0 0
31985 5 1 0 6 0 0 0
32034 6 2 1 7 0.166666666666667 0.5 0.142857142857143
3212 43 1 1 43 0.0232558139534884 1 0.0232558139534884
3213 26 4 2 28 0.0769230769230769 0.5 0.0714285714285714
3221 1 1 1 1 1 1 1
32361 6 1 1 6 0.166666666666667 1 0.166666666666667
3243 13 4 1 16 0.0769230769230769 0.25 0.0625
32459 3 1 1 3 0.333333333333333 1 0.333333333333333
3246 118 15 10 123 0.0847457627118644 0.666666666666667 0.0813008130081301
3248 32 11 5 38 0.15625 0.454545454545455 0.131578947368421
3249 39 7 3 43 0.0769230769230769 0.428571428571429 0.0697674418604651
3257 329 146 66 409 0.200607902735562 0.452054794520548 0.161369193154034
3265 59 12 8 63 0.135593220338983 0.666666666666667 0.126984126984127
3268 1 1 1 1 1 1 1
3277 102 1 0 103 0 0 0
3292 308 8 6 310 0.0194805194805195 0.75 0.0193548387096774
32978 3 1 1 3 0.333333333333333 1 0.333333333333333
3301 47 2 1 48 0.0212765957446809 0.5 0.0208333333333333
3303 517 2 1 518 0.00193423597678917 0.5 0.00193050193050193
3320 415 14 8 421 0.0192771084337349 0.571428571428571 0.0190023752969121
3327 40 8 7 41 0.175 0.875 0.170731707317073
3333 144 5 3 146 0.0208333333333333 0.6 0.0205479452054795
3343 16 6 3 19 0.1875 0.5 0.157894736842105
33437 1 8 1 8 1 0.125 0.125
3344 29 12 3 38 0.103448275862069 0.25 0.0789473684210526
3352 59 3 1 61 0.0169491525423729 0.333333333333333 0.0163934426229508
3356 1328 25 22 1331 0.016566265060241 0.88 0.0165289256198347
33956 5 1 1 5 0.2 1 0.2
34081 2 1 1 2 0.5 1 0.5
34225 2 3 1 4 0.5 0.333333333333333 0.25
34243 1 1 1 1 1 1 1
34288 6 4 2 8 0.333333333333333 0.5 0.25
34309 22 32 6 48 0.272727272727273 0.1875 0.125
34419 5 4 2 7 0.4 0.5 0.285714285714286
34623 1 1 1 1 1 1 1
34631 2 2 1 3 0.5 0.5 0.333333333333333
34763 48 13 5 56 0.104166666666667 0.384615384615385 0.0892857142857143
34771 4 2 2 4 0.5 1 0.5
34960 2 1 1 2 0.5 1 0.5
35003 2 1 1 2 0.5 1 0.5
35028 23 1 0 24 0 0 0
35045 1 1 0 2 0 0 0
35244 13 7 3 17 0.230769230769231 0.428571428571429 0.176470588235294
35292 3 1 0 4 0 0 0
35406 3 1 1 3 0.333333333333333 1 0.333333333333333
35425 5 1 1 5 0.2 1 0.2
35485 9 1 0 10 0 0 0
3549 833 60 42 851 0.0504201680672269 0.7 0.0493537015276146
3551 1 1 0 2 0 0 0
3557 86 23 14 95 0.162790697674419 0.608695652173913 0.147368421052632
35612 2 2 0 4 0 0 0
35706 10 2 1 11 0.1 0.5 0.0909090909090909
3597 9 1 1 9 0.111111111111111 1 0.111111111111111
3662 13 1 1 13 0.0769230769230769 1 0.0769230769230769
3671 2 1 1 2 0.5 1 0.5
3741 236 1 0 237 0 0 0
3758 35 3 0 38 0 0 0
376 12 1 1 12 0.0833333333333333 1 0.0833333333333333
378 3 1 1 3 0.333333333333333 1 0.333333333333333
3790 2 1 1 2 0.5 1 0.5
38083 1 1 1 1 1 1 1
38128 1 1 1 1 1 1 1
3825 1 2 0 3 0 0 0
3836 4 9 1 12 0.25 0.111111111111111 0.0833333333333333
39122 3 1 1 3 0.333333333333333 1 0.333333333333333
39211 1 1 1 1 1 1 1
39301 2 1 1 2 0.5 1 0.5
39469 8 2 2 8 0.25 1 0.25
39764 4 1 1 4 0.25 1 0.25
39854 1 1 0 2 0 0 0
3999 1 1 1 1 1 1 1
4134 61 2 0 63 0 0 0
41539 1 1 1 1 1 1 1
41670 1 1 0 2 0 0 0
42 76 2 2 76 0.0263157894736842 1 0.0263157894736842
4436 86 10 9 87 0.104651162790698 0.9 0.103448275862069
4538 19 7 5 21 0.263157894736842 0.714285714285714 0.238095238095238
4555 1 4 0 5 0 0 0
4589 165 18 13 170 0.0787878787878788 0.722222222222222 0.0764705882352941
4608 3 2 1 4 0.333333333333333 0.5 0.25
4618 18 6 1 23 0.0555555555555556 0.166666666666667 0.0434782608695652
4621 24 3 2 25 0.0833333333333333 0.666666666666667 0.08
4645 13 1 1 13 0.0769230769230769 1 0.0769230769230769
4651 28 7 4 31 0.142857142857143 0.571428571428571 0.129032258064516
4673 8 1 1 8 0.125 1 0.125
4675 8 6 2 12 0.25 0.333333333333333 0.166666666666667
4677 5 8 3 10 0.6 0.375 0.3
4678 8 7 2 13 0.25 0.285714285714286 0.153846153846154
4680 10 6 2 14 0.2 0.333333333333333 0.142857142857143
4685 8 7 3 12 0.375 0.428571428571429 0.25
4688 10 7 3 14 0.3 0.428571428571429 0.214285714285714
4691 8 13 4 17 0.5 0.307692307692308 0.235294117647059
4697 1 17 1 17 1 0.0588235294117647 0.0588235294117647
4702 6 4 2 8 0.333333333333333 0.5 0.25
4713 85 5 5 85 0.0588235294117647 1 0.0588235294117647
4716 90 38 12 116 0.133333333333333 0.315789473684211 0.103448275862069
4717 3 2 2 3 0.666666666666667 1 0.666666666666667
4718 3 4 1 6 0.333333333333333 0.25 0.166666666666667
4721 11 6 0 17 0 0 0
4725 120 39 13 146 0.108333333333333 0.333333333333333 0.089041095890411
4738 1 1 1 1 1 1 1
4741 9 2 1 10 0.111111111111111 0.5 0.1
4747 9 2 0 11 0 0 0
4750 38 4 1 41 0.0263157894736842 0.25 0.024390243902439
4774 2 2 2 2 1 1 1
4775 43 1 1 43 0.0232558139534884 1 0.0232558139534884
4777 26 8 5 29 0.192307692307692 0.625 0.172413793103448
4780 27 2 1 28 0.037037037037037 0.5 0.0357142857142857
4782 2 2 0 4 0 0 0
4787 6 5 0 11 0 0 0
4788 95 9 2 102 0.0210526315789474 0.222222222222222 0.0196078431372549
4795 32 3 0 35 0 0 0
48 1 1 1 1 1 1 1
4818 3 1 0 4 0 0 0
5050 16 3 3 16 0.1875 1 0.1875
513 35 7 5 37 0.142857142857143 0.714285714285714 0.135135135135135
5381 13 1 0 14 0 0 0
5385 13 7 5 15 0.384615384615385 0.714285714285714 0.333333333333333
5401 3 1 1 3 0.333333333333333 1 0.333333333333333
5408 29 2 2 29 0.0689655172413793 1 0.0689655172413793
5410 48 5 1 52 0.0208333333333333 0.2 0.0192307692307692
5417 175 31 25 181 0.142857142857143 0.806451612903226 0.138121546961326
5418 7 1 1 7 0.142857142857143 1 0.142857142857143
5430 66 18 12 72 0.181818181818182 0.666666666666667 0.166666666666667
5459 218 10 9 219 0.0412844036697248 0.9 0.0410958904109589
5466 66 2 1 67 0.0151515151515152 0.5 0.0149253731343284
5486 39 2 0 41 0 0 0
5511 160 22 17 165 0.10625 0.772727272727273 0.103030303030303
553 39 13 9 43 0.230769230769231 0.692307692307692 0.209302325581395
5533 6 1 1 6 0.166666666666667 1 0.166666666666667
5537 30 2 1 31 0.0333333333333333 0.5 0.032258064516129
5539 32 42 16 58 0.5 0.380952380952381 0.275862068965517
5549 3 2 2 3 0.666666666666667 1 0.666666666666667
5550 4 3 1 6 0.25 0.333333333333333 0.166666666666667
5568 94 4 3 95 0.0319148936170213 0.75 0.0315789473684211
559 55 14 13 56 0.236363636363636 0.928571428571429 0.232142857142857
5602 15 3 2 16 0.133333333333333 0.666666666666667 0.125
5609 2 12 0 14 0 0 0
5623 1 3 0 4 0 0 0
5669 37 3 0 40 0 0 0
5693 10 2 0 12 0 0 0
57 19 2 2 19 0.105263157894737 1 0.105263157894737
5713 111 2 1 112 0.00900900900900901 0.5 0.00892857142857143
577 106 1 1 106 0.00943396226415094 1 0.00943396226415094
6057 5 2 1 6 0.2 0.5 0.166666666666667
6062 10 3 0 13 0 0 0
6066 3 2 1 4 0.333333333333333 0.5 0.25
6140 112 1 0 113 0 0 0
6163 9 2 0 11 0 0 0
6182 1 1 1 1 1 1 1
6263 3 1 1 3 0.333333333333333 1 0.333333333333333
6320 197 1 1 197 0.0050761421319797 1 0.0050761421319797
6342 4 1 0 5 0 0 0
6360 9 2 2 9 0.222222222222222 1 0.222222222222222
6435 3 9 0 12 0 0 0
6453 383 42 31 394 0.0809399477806789 0.738095238095238 0.0786802030456853
6509 37 7 6 38 0.162162162162162 0.857142857142857 0.157894736842105
65500 3 2 0 5 0 0 0
6596 24 1 1 24 0.0416666666666667 1 0.0416666666666667
6619 13 1 0 14 0 0 0
6629 2 1 1 2 0.5 1 0.5
6648 22 2 1 23 0.0454545454545455 0.5 0.0434782608695652
6666 34 16 9 41 0.264705882352941 0.5625 0.219512195121951
6667 456 81 78 459 0.171052631578947 0.962962962962963 0.169934640522876
668 38 9 5 42 0.131578947368421 0.555555555555556 0.119047619047619
6695 107 12 10 109 0.0934579439252336 0.833333333333333 0.0917431192660551
6696 5 3 1 7 0.2 0.333333333333333 0.142857142857143
6706 7 4 3 8 0.428571428571429 0.75 0.375
6730 612 7 6 613 0.00980392156862745 0.857142857142857 0.00978792822185971
6762 142 29 21 150 0.147887323943662 0.724137931034483 0.14
6770 40 12 4 48 0.1 0.333333333333333 0.0833333333333333
6772 10 3 3 10 0.3 1 0.3
6774 66 10 8 68 0.121212121212121 0.8 0.117647058823529
680 44 10 8 46 0.181818181818182 0.8 0.173913043478261
6802 9 1 1 9 0.111111111111111 1 0.111111111111111
6830 123 88 28 183 0.227642276422764 0.318181818181818 0.153005464480874
6881 60 3 2 61 0.0333333333333333 0.666666666666667 0.0327868852459016
6893 5 1 0 6 0 0 0
6895 8 1 1 8 0.125 1 0.125
6939 536 41 19 558 0.0354477611940298 0.463414634146341 0.0340501792114695
7018 2053 7 4 2056 0.00194836824159766 0.571428571428571 0.00194552529182879
7019 1 1 1 1 1 1 1
7065 12 2 1 13 0.0833333333333333 0.5 0.0769230769230769
7066 23 2 2 23 0.0869565217391304 1 0.0869565217391304
719 11 1 1 11 0.0909090909090909 1 0.0909090909090909
7470 32 1 1 32 0.03125 1 0.03125
7500 68 5 3 70 0.0441176470588235 0.6 0.0428571428571429
7514 21 9 5 25 0.238095238095238 0.555555555555556 0.2
7516 4 1 0 5 0 0 0
7521 4 3 1 6 0.25 0.333333333333333 0.166666666666667
7522 7 6 2 11 0.285714285714286 0.333333333333333 0.181818181818182
7530 2 3 0 5 0 0 0
7539 24 10 7 27 0.291666666666667 0.7 0.259259259259259
7570 3 4 1 6 0.333333333333333 0.25 0.166666666666667
7575 298 54 48 304 0.161073825503356 0.888888888888889 0.157894736842105
7610 19 3 1 21 0.0526315789473684 0.333333333333333 0.0476190476190476
766 15 5 4 16 0.266666666666667 0.8 0.25
7660 37 28 14 51 0.378378378378378 0.5 0.274509803921569
7665 2 1 1 2 0.5 1 0.5
7667 3 1 0 4 0 0 0
7668 9 1 0 10 0 0 0
7670 17 2 1 18 0.0588235294117647 0.5 0.0555555555555556
7671 4 33 3 34 0.75 0.0909090909090909 0.0882352941176471
7682 10 3 2 11 0.2 0.666666666666667 0.181818181818182
7687 4 2 1 5 0.25 0.5 0.2
7781 4 3 1 6 0.25 0.333333333333333 0.166666666666667
7786 6 1 0 7 0 0 0
786 43 7 1 49 0.0232558139534884 0.142857142857143 0.0204081632653061
790 2 1 1 2 0.5 1 0.5
7949 9 2 0 11 0 0 0
8002 33 4 2 35 0.0606060606060606 0.5 0.0571428571428571
81 16 1 1 16 0.0625 1 0.0625
8121 35 7 4 38 0.114285714285714 0.571428571428571 0.105263157894737
8158 2 1 0 3 0 0 0
8195 165 7 6 166 0.0363636363636364 0.857142857142857 0.036144578313253
8201 7 2 1 8 0.142857142857143 0.5 0.125
8220 508 12 12 508 0.0236220472440945 1 0.0236220472440945
8226 3 3 1 5 0.333333333333333 0.333333333333333 0.2
8237 6 3 2 7 0.333333333333333 0.666666666666667 0.285714285714286
8246 141 1 0 142 0 0 0
8256 1 1 1 1 1 1 1
8267 2 1 1 2 0.5 1 0.5
8286 1 1 0 2 0 0 0
8299 9 1 0 10 0 0 0
8319 28 12 7 33 0.25 0.583333333333333 0.212121212121212
8346 3 1 1 3 0.333333333333333 1 0.333333333333333
8364 9 1 0 10 0 0 0
8365 63 17 13 67 0.206349206349206 0.764705882352941 0.194029850746269
8368 6 1 1 6 0.166666666666667 1 0.166666666666667
8419 191 3 2 192 0.0104712041884817 0.666666666666667 0.0104166666666667
8426 240 8 6 242 0.025 0.75 0.0247933884297521
8447 323 17 15 325 0.0464396284829721 0.882352941176471 0.0461538461538462
8469 30 9 7 32 0.233333333333333 0.777777777777778 0.21875
8473 17 3 0 20 0 0 0
8481 2 1 0 3 0 0 0
8495 2 3 2 3 1 0.666666666666667 0.666666666666667
8501 33 9 9 33 0.272727272727273 1 0.272727272727273
8508 3 1 1 3 0.333333333333333 1 0.333333333333333
8517 18 1 1 18 0.0555555555555556 1 0.0555555555555556
852 117 1 1 117 0.00854700854700855 1 0.00854700854700855
8527 14 2 2 14 0.142857142857143 1 0.142857142857143
855 19 1 0 20 0 0 0
8560 59 15 10 64 0.169491525423729 0.666666666666667 0.15625
8586 59 4 3 60 0.0508474576271186 0.75 0.05
8591 23 3 2 24 0.0869565217391304 0.666666666666667 0.0833333333333333
8657 78 3 2 79 0.0256410256410256 0.666666666666667 0.0253164556962025
8664 9 1 0 10 0 0 0
8665 18 13 6 25 0.333333333333333 0.461538461538462 0.24
8674 41 3 3 41 0.0731707317073171 1 0.0731707317073171
8728 1 1 1 1 1 1 1
8737 32 6 4 34 0.125 0.666666666666667 0.117647058823529
8758 7 5 3 9 0.428571428571429 0.6 0.333333333333333
8763 134 36 33 137 0.246268656716418 0.916666666666667 0.240875912408759
8767 41 16 9 48 0.219512195121951 0.5625 0.1875
8820 37 26 5 58 0.135135135135135 0.192307692307692 0.0862068965517241
8881 131 7 6 132 0.0458015267175573 0.857142857142857 0.0454545454545455
8897 52 7 4 55 0.0769230769230769 0.571428571428571 0.0727272727272727
8903 10 2 0 12 0 0 0
8921 1 1 0 2 0 0 0
8943 17 2 1 18 0.0588235294117647 0.5 0.0555555555555556
8954 19 5 2 22 0.105263157894737 0.4 0.0909090909090909
8966 61 1 1 61 0.0163934426229508 1 0.0163934426229508
8970 2 1 1 2 0.5 1 0.5
8975 65 3 2 66 0.0307692307692308 0.666666666666667 0.0303030303030303
8978 4 3 1 6 0.25 0.333333333333333 0.166666666666667
9009 115 5 3 117 0.0260869565217391 0.6 0.0256410256410256
9052 3 2 0 5 0 0 0
9080 8 4 2 10 0.25 0.5 0.2
9085 6 1 1 6 0.166666666666667 1 0.166666666666667
9112 7 1 1 7 0.142857142857143 1 0.142857142857143
9150 29 3 3 29 0.103448275862069 1 0.103448275862069
9153 29 2 1 30 0.0344827586206897 0.5 0.0333333333333333
9162 2 1 0 3 0 0 0
9264 55 39 8 86 0.145454545454545 0.205128205128205 0.0930232558139535
9270 35 8 7 36 0.2 0.875 0.194444444444444
9299 35 1 1 35 0.0285714285714286 1 0.0285714285714286
9316 37 1 0 38 0 0 0
9340 6 3 0 9 0 0 0
9406 1 1 0 2 0 0 0
9416 17 1 0 18 0 0 0
9505 69 4 3 70 0.0434782608695652 0.75 0.0428571428571429
9541 8 3 0 11 0 0 0
9583 32 1 0 33 0 0 0
9595 9 4 2 11 0.222222222222222 0.5 0.181818181818182
9600 7 9 2 14 0.285714285714286 0.222222222222222 0.142857142857143
9607 7 2 0 9 0 0 0
9619 2 2 2 2 1 1 1
9621 3 8 2 9 0.666666666666667 0.25 0.222222222222222
9622 6 1 1 6 0.166666666666667 1 0.166666666666667
9687 2 1 1 2 0.5 1 0.5
9700 4 2 2 4 0.5 1 0.5
9758 1 1 0 2 0 0 0
9800 37 1 0 38 0 0 0
9821 2 2 2 2 1 1 1
9844 2 1 0 3 0 0 0
9875 3 1 0 4 0 0 0
9901 23 2 0 25 0 0 0
9919 18 1 0 19 0 0 0
9995 3 2 2 3 0.666666666666667 1 0.666666666666667
