#ASN num_v4adj num_v6adj num_intersect(v4v6adj) num_union(adj) fr_v4(num_intersect/num_v4adj) fr_v6(num_intersect/num_v6adj) fr_intersect(num_intersect/num_union)
10013 1 2 1 2 1 0.5 0.5
10015 8 2 0 10 0 0 0
10021 17 3 2 18 0.117647058823529 0.666666666666667 0.111111111111111
10026 453 26 22 457 0.0485651214128035 0.846153846153846 0.0481400437636762
10030 3 1 1 3 0.333333333333333 1 0.333333333333333
101 32 12 9 35 0.28125 0.75 0.257142857142857
10105 3 1 0 4 0 0 0
102 3 1 1 3 0.333333333333333 1 0.333333333333333
10204 5 4 1 8 0.2 0.25 0.125
10217 18 3 3 18 0.166666666666667 1 0.166666666666667
10248 1 1 1 1 1 1 1
10269 2 1 0 3 0 0 0
10310 141 11 9 143 0.0638297872340425 0.818181818181818 0.0629370629370629
10318 6 1 0 7 0 0 0
10326 7 2 1 8 0.142857142857143 0.5 0.125
10343 2 1 1 2 0.5 1 0.5
10405 3 1 0 4 0 0 0
10429 98 1 1 98 0.0102040816326531 1 0.0102040816326531
10430 10 1 1 10 0.1 1 0.1
10466 28 3 3 28 0.107142857142857 1 0.107142857142857
10490 33 5 3 35 0.0909090909090909 0.6 0.0857142857142857
10533 1 3 1 3 1 0.333333333333333 0.333333333333333
10566 1 1 0 2 0 0 0
10569 1 1 1 1 1 1 1
10578 27 5 5 27 0.185185185185185 1 0.185185185185185
10586 5 2 0 7 0 0 0
10596 1 1 1 1 1 1 1
10745 2 7 0 9 0 0 0
10764 13 2 1 14 0.0769230769230769 0.5 0.0714285714285714
10835 25 1 1 25 0.04 1 0.04
10848 33 2 2 33 0.0606060606060606 1 0.0606060606060606
10886 40 18 9 49 0.225 0.5 0.183673469387755
109 21 3 0 24 0 0 0
10996 5 1 0 6 0 0 0
1101 1 1 1 1 1 1 1
1103 206 83 78 211 0.378640776699029 0.939759036144578 0.369668246445498
11051 12 2 2 12 0.166666666666667 1 0.166666666666667
11096 43 2 2 43 0.0465116279069767 1 0.0465116279069767
111 2 2 1 3 0.5 0.5 0.333333333333333
11164 87 6 5 88 0.0574712643678161 0.833333333333333 0.0568181818181818
11170 1 2 0 3 0 0 0
1120 18 5 4 19 0.222222222222222 0.8 0.210526315789474
1125 3 3 3 3 1 1 1
1126 41 10 6 45 0.146341463414634 0.6 0.133333333333333
11260 23 3 3 23 0.130434782608696 1 0.130434782608696
11274 11 4 3 12 0.272727272727273 0.75 0.25
11279 3 1 1 3 0.333333333333333 1 0.333333333333333
11317 8 2 2 8 0.25 1 0.25
1132 2 2 2 2 1 1 1
11340 8 1 1 8 0.125 1 0.125
1140 29 11 6 34 0.206896551724138 0.545454545454545 0.176470588235294
11404 59 3 3 59 0.0508474576271186 1 0.0508474576271186
11457 6 1 0 7 0 0 0
11508 4 2 2 4 0.5 1 0.5
11522 6 3 2 7 0.333333333333333 0.666666666666667 0.285714285714286
11537 133 73 63 143 0.473684210526316 0.863013698630137 0.440559440559441
11556 37 2 1 38 0.027027027027027 0.5 0.0263157894736842
11588 6 1 1 6 0.166666666666667 1 0.166666666666667
11590 8 2 1 9 0.125 0.5 0.111111111111111
11666 232 12 10 234 0.0431034482758621 0.833333333333333 0.0427350427350427
11686 50 3 3 50 0.06 1 0.06
11694 3 1 1 3 0.333333333333333 1 0.333333333333333
11706 8 3 2 9 0.25 0.666666666666667 0.222222222222222
11734 4 1 0 5 0 0 0
11758 16 1 1 16 0.0625 1 0.0625
11815 3 1 0 4 0 0 0
11847 6 1 0 7 0 0 0
11960 5 4 4 5 0.8 1 0.8
12 4 1 1 4 0.25 1 0.25
1200 45 15 11 49 0.244444444444444 0.733333333333333 0.224489795918367
12008 37 3 3 37 0.0810810810810811 1 0.0810810810810811
12036 3 2 1 4 0.333333333333333 0.5 0.25
12041 45 22 15 52 0.333333333333333 0.681818181818182 0.288461538461538
12046 3 1 1 3 0.333333333333333 1 0.333333333333333
1206 1 1 1 1 1 1 1
1207 1 1 1 1 1 1 1
12111 22 1 1 22 0.0454545454545455 1 0.0454545454545455
12129 31 2 2 31 0.0645161290322581 1 0.0645161290322581
1213 7 4 4 7 0.571428571428571 1 0.571428571428571
12188 19 4 4 19 0.210526315789474 1 0.210526315789474
1221 139 1 0 140 0 0 0
1224 3 1 1 3 0.333333333333333 1 0.333333333333333
12251 5 1 1 5 0.2 1 0.2
12287 2 1 1 2 0.5 1 0.5
12293 3 1 1 3 0.333333333333333 1 0.333333333333333
12301 110 16 10 116 0.0909090909090909 0.625 0.0862068965517241
12303 4 2 2 4 0.5 1 0.5
12306 85 20 17 88 0.2 0.85 0.193181818181818
12312 59 9 8 60 0.135593220338983 0.888888888888889 0.133333333333333
12316 3 1 1 3 0.333333333333333 1 0.333333333333333
12322 66 13 12 67 0.181818181818182 0.923076923076923 0.17910447761194
12329 9 3 2 10 0.222222222222222 0.666666666666667 0.2
12335 10 1 1 10 0.1 1 0.1
12337 61 22 19 64 0.311475409836066 0.863636363636364 0.296875
12347 9 3 3 9 0.333333333333333 1 0.333333333333333
12348 23 1 1 23 0.0434782608695652 1 0.0434782608695652
12350 180 5 5 180 0.0277777777777778 1 0.0277777777777778
12353 3 3 2 4 0.666666666666667 0.666666666666667 0.5
12355 40 14 11 43 0.275 0.785714285714286 0.255813953488372
1237 34 4 2 36 0.0588235294117647 0.5 0.0555555555555556
12371 2 1 0 3 0 0 0
12374 4 1 1 4 0.25 1 0.25
12381 4 1 1 4 0.25 1 0.25
12386 14 3 3 14 0.214285714285714 1 0.214285714285714
12389 1013 17 14 1016 0.0138203356367226 0.823529411764706 0.0137795275590551
1239 1404 3 0 1407 0 0 0
12399 292 1 1 292 0.00342465753424658 1 0.00342465753424658
12401 14 3 2 15 0.142857142857143 0.666666666666667 0.133333333333333
12414 48 18 11 55 0.229166666666667 0.611111111111111 0.2
12452 41 14 8 47 0.195121951219512 0.571428571428571 0.170212765957447
12466 3 3 2 4 0.666666666666667 0.666666666666667 0.5
12476 8 1 0 9 0 0 0
1248 45 16 11 50 0.244444444444444 0.6875 0.22
12496 48 1 0 49 0 0 0
12502 3 2 1 4 0.333333333333333 0.5 0.25
1251 10 2 2 10 0.2 1 0.2
12533 2 1 0 3 0 0 0
12552 84 9 8 85 0.0952380952380952 0.888888888888889 0.0941176470588235
12566 15 4 4 15 0.266666666666667 1 0.266666666666667
1257 126 58 30 154 0.238095238095238 0.517241379310345 0.194805194805195
12573 40 19 14 45 0.35 0.736842105263158 0.311111111111111
12594 2 2 2 2 1 1 1
12597 4 1 1 4 0.25 1 0.25
12605 19 3 2 20 0.105263157894737 0.666666666666667 0.1
12611 46 21 13 54 0.282608695652174 0.619047619047619 0.240740740740741
12614 3 1 1 3 0.333333333333333 1 0.333333333333333
12634 42 17 10 49 0.238095238095238 0.588235294117647 0.204081632653061
12637 74 31 29 76 0.391891891891892 0.935483870967742 0.381578947368421
12638 2 3 0 5 0 0 0
12654 45 22 15 52 0.333333333333333 0.681818181818182 0.288461538461538
12657 2 1 0 3 0 0 0
12684 4 2 1 5 0.25 0.5 0.2
12709 3 1 0 4 0 0 0
12714 43 13 8 48 0.186046511627907 0.615384615384615 0.166666666666667
1273 282 79 52 309 0.184397163120567 0.658227848101266 0.168284789644013
12731 59 19 13 65 0.220338983050847 0.684210526315789 0.2
12732 19 9 8 20 0.421052631578947 0.888888888888889 0.4
12759 31 10 7 34 0.225806451612903 0.7 0.205882352941176
12767 14 3 2 15 0.142857142857143 0.666666666666667 0.133333333333333
12769 4 1 1 4 0.25 1 0.25
12778 12 2 1 13 0.0833333333333333 0.5 0.0769230769230769
12779 93 24 18 99 0.193548387096774 0.75 0.181818181818182
12782 2 1 1 2 0.5 1 0.5
1280 41 28 19 50 0.463414634146341 0.678571428571429 0.38
12816 1 1 1 1 1 1 1
12817 2 2 2 2 1 1 1
12822 3 1 1 3 0.333333333333333 1 0.333333333333333
12835 10 4 3 11 0.3 0.75 0.272727272727273
12850 18 5 5 18 0.277777777777778 1 0.277777777777778
12853 2 3 1 4 0.5 0.333333333333333 0.25
12859 600 225 214 611 0.356666666666667 0.951111111111111 0.350245499181669
12871 40 19 10 49 0.25 0.526315789473684 0.204081632653061
12874 221 2 2 221 0.00904977375565611 1 0.00904977375565611
12895 10 1 1 10 0.1 1 0.1
12902 43 11 7 47 0.162790697674419 0.636363636363636 0.148936170212766
12931 4 2 2 4 0.5 1 0.5
12956 121 15 13 123 0.107438016528926 0.866666666666667 0.105691056910569
12964 2 1 1 2 0.5 1 0.5
12968 140 16 11 145 0.0785714285714286 0.6875 0.0758620689655172
12969 17 1 0 18 0 0 0
12989 559 30 28 561 0.0500894454382826 0.933333333333333 0.0499108734402852
1299 564 86 81 569 0.143617021276596 0.941860465116279 0.142355008787346
13000 8 3 3 8 0.375 1 0.375
13030 1084 323 310 1097 0.285977859778598 0.959752321981424 0.282588878760255
13039 5 2 1 6 0.2 0.5 0.166666666666667
13041 8 2 2 8 0.25 1 0.25
13045 4 1 1 4 0.25 1 0.25
13049 11 1 1 11 0.0909090909090909 1 0.0909090909090909
13062 14 2 1 15 0.0714285714285714 0.5 0.0666666666666667
13092 4 1 1 4 0.25 1 0.25
131 2 1 1 2 0.5 1 0.5
13105 23 5 3 25 0.130434782608696 0.6 0.12
131075 1 1 1 1 1 1 1
13110 7 2 2 7 0.285714285714286 1 0.285714285714286
13115 4 2 2 4 0.5 1 0.5
1312 3 2 2 3 0.666666666666667 1 0.666666666666667
13132 21 12 8 25 0.380952380952381 0.666666666666667 0.32
13184 42 18 9 51 0.214285714285714 0.5 0.176470588235294
13189 31 8 8 31 0.258064516129032 1 0.258064516129032
13193 56 20 16 60 0.285714285714286 0.8 0.266666666666667
13210 2 1 1 2 0.5 1 0.5
13214 8 2 2 8 0.25 1 0.25
13237 497 105 89 513 0.17907444668008 0.847619047619048 0.173489278752437
13238 30 1 1 30 0.0333333333333333 1 0.0333333333333333
13243 4 1 1 4 0.25 1 0.25
13284 16 9 6 19 0.375 0.666666666666667 0.315789473684211
13293 21 3 3 21 0.142857142857143 1 0.142857142857143
13319 7 6 3 10 0.428571428571429 0.5 0.3
13448 7 4 3 8 0.428571428571429 0.75 0.375
13536 9 1 0 10 0 0 0
13576 20 1 0 21 0 0 0
13645 15 2 1 16 0.0666666666666667 0.5 0.0625
13647 2 1 1 2 0.5 1 0.5
13657 8 2 2 8 0.25 1 0.25
13680 60 17 14 63 0.233333333333333 0.823529411764706 0.222222222222222
137 23 10 10 23 0.434782608695652 1 0.434782608695652
13714 2 1 1 2 0.5 1 0.5
13768 163 3 3 163 0.0184049079754601 1 0.0184049079754601
13810 2 1 1 2 0.5 1 0.5
13855 4 1 0 5 0 0 0
13867 3 2 1 4 0.333333333333333 0.5 0.25
13868 5 1 0 6 0 0 0
13901 2 1 1 2 0.5 1 0.5
13910 4 1 0 5 0 0 0
13911 3 1 0 4 0 0 0
13945 2 1 0 3 0 0 0
14 5 2 2 5 0.4 1 0.4
14026 6 1 1 6 0.166666666666667 1 0.166666666666667
1406 1 1 1 1 1 1 1
14080 13 2 2 13 0.153846153846154 1 0.153846153846154
14085 5 2 2 5 0.4 1 0.4
14103 7 1 0 8 0 0 0
1424 1 1 1 1 1 1 1
14259 31 3 3 31 0.0967741935483871 1 0.0967741935483871
1426 1 1 1 1 1 1 1
14262 3 2 2 3 0.666666666666667 1 0.666666666666667
14277 4 5 1 8 0.25 0.2 0.125
14325 11 2 2 11 0.181818181818182 1 0.181818181818182
14383 4 1 1 4 0.25 1 0.25
14492 46 1 1 46 0.0217391304347826 1 0.0217391304347826
14511 1 2 0 3 0 0 0
14589 24 7 6 25 0.25 0.857142857142857 0.24
14595 6 1 0 7 0 0 0
14609 14 1 1 14 0.0714285714285714 1 0.0714285714285714
14627 5 1 1 5 0.2 1 0.2
14650 1 2 1 2 1 0.5 0.5
14868 13 1 1 13 0.0769230769230769 1 0.0769230769230769
14907 3 2 2 3 0.666666666666667 1 0.666666666666667
15003 7 1 1 7 0.142857142857143 1 0.142857142857143
15022 1 1 1 1 1 1 1
15088 2 1 0 3 0 0 0
15169 119 50 30 139 0.252100840336134 0.6 0.215827338129496
15189 7 2 2 7 0.285714285714286 1 0.285714285714286
15216 2 1 0 3 0 0 0
15226 4 2 0 6 0 0 0
15296 7 1 1 7 0.142857142857143 1 0.142857142857143
15318 2 1 0 3 0 0 0
15373 2 1 1 2 0.5 1 0.5
15412 415 13 10 418 0.0240963855421687 0.769230769230769 0.0239234449760766
15436 12 3 3 12 0.25 1 0.25
15444 305 19 13 311 0.0426229508196721 0.684210526315789 0.0418006430868167
15451 2 1 0 3 0 0 0
15456 3 1 1 3 0.333333333333333 1 0.333333333333333
15469 7 5 3 9 0.428571428571429 0.6 0.333333333333333
15474 1 1 1 1 1 1 1
15479 13 2 2 13 0.153846153846154 1 0.153846153846154
15498 10 4 4 10 0.4 1 0.4
15525 15 1 0 16 0 0 0
15533 36 5 4 37 0.111111111111111 0.8 0.108108108108108
15557 136 2 2 136 0.0147058823529412 1 0.0147058823529412
15576 35 6 6 35 0.171428571428571 1 0.171428571428571
15589 38 6 4 40 0.105263157894737 0.666666666666667 0.1
15598 127 29 23 133 0.181102362204724 0.793103448275862 0.172932330827068
15600 51 12 11 52 0.215686274509804 0.916666666666667 0.211538461538462
15606 24 14 5 33 0.208333333333333 0.357142857142857 0.151515151515152
15623 36 7 5 38 0.138888888888889 0.714285714285714 0.131578947368421
15653 2 1 0 3 0 0 0
15657 2 1 1 2 0.5 1 0.5
15685 34 17 14 37 0.411764705882353 0.823529411764706 0.378378378378378
15694 92 1 1 92 0.0108695652173913 1 0.0108695652173913
15696 2 1 0 3 0 0 0
15703 44 1 1 44 0.0227272727272727 1 0.0227272727272727
15716 7 2 2 7 0.285714285714286 1 0.285714285714286
15725 4 3 2 5 0.5 0.666666666666667 0.4
15726 2 1 1 2 0.5 1 0.5
15744 12 1 1 12 0.0833333333333333 1 0.0833333333333333
15772 59 1 1 59 0.0169491525423729 1 0.0169491525423729
15782 13 3 2 14 0.153846153846154 0.666666666666667 0.142857142857143
15798 2 1 0 3 0 0 0
15805 21 6 4 23 0.19047619047619 0.666666666666667 0.173913043478261
15806 12 1 1 12 0.0833333333333333 1 0.0833333333333333
15825 1 1 0 2 0 0 0
15830 115 1 0 116 0 0 0
15835 34 3 3 34 0.0882352941176471 1 0.0882352941176471
15879 44 18 13 49 0.295454545454545 0.722222222222222 0.26530612244898
15894 2 1 1 2 0.5 1 0.5
159 2 1 1 2 0.5 1 0.5
15919 9 1 1 9 0.111111111111111 1 0.111111111111111
15965 4 1 1 4 0.25 1 0.25
16004 11 6 5 12 0.454545454545455 0.833333333333333 0.416666666666667
16016 22 4 4 22 0.181818181818182 1 0.181818181818182
16030 8 10 1 17 0.125 0.1 0.0588235294117647
16073 7 1 1 7 0.142857142857143 1 0.142857142857143
16086 25 26 10 41 0.4 0.384615384615385 0.24390243902439
16097 55 16 11 60 0.2 0.6875 0.183333333333333
16117 3 1 1 3 0.333333333333333 1 0.333333333333333
16128 16 4 3 17 0.1875 0.75 0.176470588235294
16131 39 17 10 46 0.256410256410256 0.588235294117647 0.217391304347826
16150 269 14 11 272 0.0408921933085502 0.785714285714286 0.0404411764705882
16171 4 2 1 5 0.25 0.5 0.2
16178 6 1 0 7 0 0 0
16186 6 3 2 7 0.333333333333333 0.666666666666667 0.285714285714286
16206 17 2 0 19 0 0 0
16210 8 3 3 8 0.375 1 0.375
16215 20 8 8 20 0.4 1 0.4
16237 38 9 5 42 0.131578947368421 0.555555555555556 0.119047619047619
16242 10 1 1 10 0.1 1 0.1
16243 45 20 15 50 0.333333333333333 0.75 0.3
16245 22 4 3 23 0.136363636363636 0.75 0.130434782608696
16246 7 1 1 7 0.142857142857143 1 0.142857142857143
16265 78 25 21 82 0.269230769230769 0.84 0.25609756097561
16276 74 16 11 79 0.148648648648649 0.6875 0.139240506329114
16316 5 4 3 6 0.6 0.75 0.5
16326 1 2 1 2 1 0.5 0.5
16347 9 3 3 9 0.333333333333333 1 0.333333333333333
16397 25 3 2 26 0.08 0.666666666666667 0.0769230769230769
1653 30 3 3 30 0.1 1 0.1
16531 4 2 1 5 0.25 0.5 0.2
1659 10 3 2 11 0.2 0.666666666666667 0.181818181818182
16668 7 4 2 9 0.285714285714286 0.5 0.222222222222222
16724 4 2 2 4 0.5 1 0.5
16735 92 13 11 94 0.119565217391304 0.846153846153846 0.117021276595745
16807 3 2 0 5 0 0 0
16838 11 1 0 12 0 0 0
16866 3 3 2 4 0.666666666666667 0.666666666666667 0.5
16876 2 2 2 2 1 1 1
16942 5 1 1 5 0.2 1 0.2
17048 4 1 1 4 0.25 1 0.25
1706 5 1 1 5 0.2 1 0.2
17061 2 1 0 3 0 0 0
17204 2 1 0 3 0 0 0
1734 1 2 1 2 1 0.5 0.5
174 2502 38 36 2504 0.0143884892086331 0.947368421052632 0.0143769968051118
1741 9 4 3 10 0.333333333333333 0.75 0.3
17412 3 1 0 4 0 0 0
17435 1 1 1 1 1 1 1
17439 5 1 0 6 0 0 0
17451 65 3 2 66 0.0307692307692308 0.666666666666667 0.0303030303030303
17464 2 1 1 2 0.5 1 0.5
17498 3 1 1 3 0.333333333333333 1 0.333333333333333
17529 7 3 2 8 0.285714285714286 0.666666666666667 0.25
17554 9 3 2 10 0.222222222222222 0.666666666666667 0.2
17579 14 12 7 19 0.5 0.583333333333333 0.368421052631579
1759 29 3 2 30 0.0689655172413793 0.666666666666667 0.0666666666666667
1764 70 20 15 75 0.214285714285714 0.75 0.2
17645 7 1 1 7 0.142857142857143 1 0.142857142857143
17660 31 7 6 32 0.193548387096774 0.857142857142857 0.1875
17671 4 1 1 4 0.25 1 0.25
17676 38 2 2 38 0.0526315789473684 1 0.0526315789473684
17705 4 1 1 4 0.25 1 0.25
17707 7 1 0 8 0 0 0
17709 15 1 0 16 0 0 0
17727 4 1 1 4 0.25 1 0.25
17741 3 2 1 4 0.333333333333333 0.5 0.25
17746 17 1 1 17 0.0588235294117647 1 0.0588235294117647
17820 14 1 1 14 0.0714285714285714 1 0.0714285714285714
17832 1 3 0 4 0 0 0
17885 1 1 0 2 0 0 0
17886 1 1 1 1 1 1 1
17888 19 2 2 19 0.105263157894737 1 0.105263157894737
17893 1 1 0 2 0 0 0
17920 7 1 1 7 0.142857142857143 1 0.142857142857143
17934 3 3 3 3 1 1 1
17955 4 2 1 5 0.25 0.5 0.2
1797 3 4 3 4 1 0.75 0.75
17977 2 1 1 2 0.5 1 0.5
1798 3 3 0 6 0 0 0
17990 5 1 1 5 0.2 1 0.2
18001 8 2 0 10 0 0 0
18007 5 2 2 5 0.4 1 0.4
18011 1 1 0 2 0 0 0
18070 2 1 1 2 0.5 1 0.5
18119 4 3 1 6 0.25 0.333333333333333 0.166666666666667
18126 3 1 1 3 0.333333333333333 1 0.333333333333333
18146 2 3 0 5 0 0 0
18149 4 4 3 5 0.75 0.75 0.6
18182 2 1 0 3 0 0 0
18185 5 2 2 5 0.4 1 0.4
18203 2 3 2 3 1 0.666666666666667 0.666666666666667
18206 2 1 0 3 0 0 0
18218 1 1 0 2 0 0 0
18266 3 1 1 3 0.333333333333333 1 0.333333333333333
18344 1 2 0 3 0 0 0
1835 8 2 1 9 0.125 0.5 0.111111111111111
1836 62 10 8 64 0.129032258064516 0.8 0.125
18366 2 3 0 5 0 0 0
18369 1 1 0 2 0 0 0
18398 52 2 1 53 0.0192307692307692 0.5 0.0188679245283019
18407 1 1 1 1 1 1 1
18422 5 1 1 5 0.2 1 0.2
18450 5 1 1 5 0.2 1 0.2
1850 2 1 1 2 0.5 1 0.5
18508 6 5 2 9 0.333333333333333 0.4 0.222222222222222
1853 124 38 37 125 0.298387096774194 0.973684210526316 0.296
18592 22 10 7 25 0.318181818181818 0.7 0.28
18666 1 1 1 1 1 1 1
18750 2 1 1 2 0.5 1 0.5
18779 11 3 3 11 0.272727272727273 1 0.272727272727273
1880 18 5 3 20 0.166666666666667 0.6 0.15
1881 1 1 1 1 1 1 1
1887 8 1 1 8 0.125 1 0.125
19021 3 2 1 4 0.333333333333333 0.5 0.25
19073 2 1 0 3 0 0 0
19080 111 4 3 112 0.027027027027027 0.75 0.0267857142857143
19089 93 3 3 93 0.032258064516129 1 0.032258064516129
19151 780 226 197 809 0.252564102564103 0.871681415929204 0.243510506798517
1916 138 22 22 138 0.159420289855072 1 0.159420289855072
19192 2 1 1 2 0.5 1 0.5
19255 4 5 1 8 0.25 0.2 0.125
1930 23 8 7 24 0.304347826086957 0.875 0.291666666666667
19384 8 1 0 9 0 0 0
19401 50 19 19 50 0.38 1 0.38
195 8 2 1 9 0.125 0.5 0.111111111111111
1955 12 3 3 12 0.25 1 0.25
19557 6 1 0 7 0 0 0
19624 4 1 1 4 0.25 1 0.25
196613 2 2 2 2 1 1 1
196621 5 2 2 5 0.4 1 0.4
1967 1 1 1 1 1 1 1
19740 15 3 3 15 0.2 1 0.2
19782 19 1 1 19 0.0526315789473684 1 0.0526315789473684
19783 2 1 0 3 0 0 0
19855 50 2 1 51 0.02 0.5 0.0196078431372549
19872 1 1 1 1 1 1 1
1998 5 1 1 5 0.2 1 0.2
20080 18 5 5 18 0.277777777777778 1 0.277777777777778
20130 2 1 1 2 0.5 1 0.5
20144 17 9 8 18 0.470588235294118 0.888888888888889 0.444444444444444
2018 4 1 1 4 0.25 1 0.25
20205 2 1 0 3 0 0 0
20225 10 1 0 11 0 0 0
20308 1 1 1 1 1 1 1
20312 8 4 4 8 0.5 1 0.5
20341 1 1 0 2 0 0 0
20381 2 2 1 3 0.5 0.5 0.333333333333333
2042 15 5 4 16 0.266666666666667 0.8 0.25
20436 2 1 0 3 0 0 0
2044 16 3 3 16 0.1875 1 0.1875
20473 25 4 3 26 0.12 0.75 0.115384615384615
20495 54 11 8 57 0.148148148148148 0.727272727272727 0.140350877192982
20507 38 8 5 41 0.131578947368421 0.625 0.121951219512195
20547 44 6 5 45 0.113636363636364 0.833333333333333 0.111111111111111
2055 2 1 1 2 0.5 1 0.5
20552 7 1 0 8 0 0 0
20555 4 3 3 4 0.75 1 0.75
20562 344 9 9 344 0.0261627906976744 1 0.0261627906976744
20569 12 5 4 13 0.333333333333333 0.8 0.307692307692308
20570 3 1 1 3 0.333333333333333 1 0.333333333333333
20597 8 1 1 8 0.125 1 0.125
20608 3 2 0 5 0 0 0
20612 5 2 1 6 0.2 0.5 0.166666666666667
20621 5 3 2 6 0.4 0.666666666666667 0.333333333333333
20626 1 1 1 1 1 1 1
20633 23 15 8 30 0.347826086956522 0.533333333333333 0.266666666666667
20634 43 1 1 43 0.0232558139534884 1 0.0232558139534884
20640 205 102 73 234 0.35609756097561 0.715686274509804 0.311965811965812
20650 5 1 1 5 0.2 1 0.2
20704 23 6 6 23 0.260869565217391 1 0.260869565217391
20707 2 2 2 2 1 1 1
20712 16 5 4 17 0.25 0.8 0.235294117647059
20718 31 15 3 43 0.0967741935483871 0.2 0.0697674418604651
20766 11 1 1 11 0.0909090909090909 1 0.0909090909090909
20773 29 17 12 34 0.413793103448276 0.705882352941177 0.352941176470588
20783 6 2 0 8 0 0 0
20836 13 1 0 14 0 0 0
20845 2 2 2 2 1 1 1
20847 34 18 11 41 0.323529411764706 0.611111111111111 0.268292682926829
20857 28 2 1 29 0.0357142857142857 0.5 0.0344827586206897
209 1445 26 24 1447 0.0166089965397924 0.923076923076923 0.0165860400829302
20912 12 9 6 15 0.5 0.666666666666667 0.4
20932 369 16 14 371 0.037940379403794 0.875 0.0377358490566038
20940 128 5 3 130 0.0234375 0.6 0.0230769230769231
20953 33 9 6 36 0.181818181818182 0.666666666666667 0.166666666666667
20965 53 42 42 53 0.792452830188679 1 0.792452830188679
20968 1 1 1 1 1 1 1
210 11 2 2 11 0.181818181818182 1 0.181818181818182
21011 119 15 13 121 0.109243697478992 0.866666666666667 0.107438016528926
21013 40 19 11 48 0.275 0.578947368421053 0.229166666666667
21017 1 1 1 1 1 1 1
21055 43 9 7 45 0.162790697674419 0.777777777777778 0.155555555555556
2107 1 2 1 2 1 0.5 0.5
2108 1 1 1 1 1 1 1
2110 49 2 2 49 0.0408163265306122 1 0.0408163265306122
21155 45 16 13 48 0.288888888888889 0.8125 0.270833333333333
21159 3 2 2 3 0.666666666666667 1 0.666666666666667
2116 30 7 7 30 0.233333333333333 1 0.233333333333333
21174 3 1 0 4 0 0 0
2119 448 1 1 448 0.00223214285714286 1 0.00223214285714286
21195 21 4 4 21 0.19047619047619 1 0.19047619047619
21213 13 4 4 13 0.307692307692308 1 0.307692307692308
21219 222 15 8 229 0.036036036036036 0.533333333333333 0.0349344978165939
21221 35 15 9 41 0.257142857142857 0.6 0.219512195121951
21263 33 18 12 39 0.363636363636364 0.666666666666667 0.307692307692308
2128 4 2 2 4 0.5 1 0.5
21320 6 1 1 6 0.166666666666667 1 0.166666666666667
21371 49 14 9 54 0.183673469387755 0.642857142857143 0.166666666666667
21385 120 26 19 127 0.158333333333333 0.730769230769231 0.149606299212598
21392 37 11 7 41 0.189189189189189 0.636363636363636 0.170731707317073
21396 36 11 8 39 0.222222222222222 0.727272727272727 0.205128205128205
21409 42 1 0 43 0 0 0
21414 70 6 2 74 0.0285714285714286 0.333333333333333 0.027027027027027
21497 11 1 1 11 0.0909090909090909 1 0.0909090909090909
21499 3 1 1 3 0.333333333333333 1 0.333333333333333
21513 15 3 3 15 0.2 1 0.2
2152 92 4 4 92 0.0434782608695652 1 0.0434782608695652
21527 7 1 1 7 0.142857142857143 1 0.142857142857143
2153 42 15 14 43 0.333333333333333 0.933333333333333 0.325581395348837
21548 25 1 1 25 0.04 1 0.04
21719 5 1 0 6 0 0 0
21737 8 1 0 9 0 0 0
21788 12 5 5 12 0.416666666666667 1 0.416666666666667
21816 2 1 1 2 0.5 1 0.5
21844 20 3 3 20 0.15 1 0.15
21856 1 1 1 1 1 1 1
21911 7 3 3 7 0.428571428571429 1 0.428571428571429
21928 4 3 1 6 0.25 0.333333333333333 0.166666666666667
21947 28 3 3 28 0.107142857142857 1 0.107142857142857
21968 2 1 0 3 0 0 0
21976 20 2 2 20 0.1 1 0.1
2200 54 5 4 55 0.0740740740740741 0.8 0.0727272727272727
22047 1 1 1 1 1 1 1
22070 4 1 0 5 0 0 0
22095 4 1 1 4 0.25 1 0.25
22192 2 1 1 2 0.5 1 0.5
22212 185 14 11 188 0.0594594594594595 0.785714285714286 0.0585106382978723
22284 8 1 0 9 0 0 0
22298 16 1 1 16 0.0625 1 0.0625
22302 8 2 2 8 0.25 1 0.25
22335 24 3 3 24 0.125 1 0.125
22351 39 2 2 39 0.0512820512820513 1 0.0512820512820513
22356 37 2 2 37 0.0540540540540541 1 0.0540540540540541
22388 9 8 8 9 0.888888888888889 1 0.888888888888889
224 5 2 2 5 0.4 1 0.4
22404 2 1 0 3 0 0 0
22431 8 3 2 9 0.25 0.666666666666667 0.222222222222222
22438 3 2 1 4 0.333333333333333 0.5 0.25
22439 3 1 1 3 0.333333333333333 1 0.333333333333333
225 2 1 1 2 0.5 1 0.5
22548 80 17 17 80 0.2125 1 0.2125
22577 9 3 3 9 0.333333333333333 1 0.333333333333333
22581 2 1 1 2 0.5 1 0.5
226 32 4 4 32 0.125 1 0.125
22645 9 1 1 9 0.111111111111111 1 0.111111111111111
22652 8 1 1 8 0.125 1 0.125
22767 1 1 1 1 1 1 1
22773 281 1 1 281 0.00355871886120996 1 0.00355871886120996
22822 739 11 11 739 0.0148849797023004 1 0.0148849797023004
22829 19 3 3 19 0.157894736842105 1 0.157894736842105
22911 11 2 1 12 0.0909090909090909 0.5 0.0833333333333333
22937 2 1 0 3 0 0 0
22958 6 2 2 6 0.333333333333333 1 0.333333333333333
23007 2 1 1 2 0.5 1 0.5
23028 5 3 1 7 0.2 0.333333333333333 0.142857142857143
23033 8 1 1 8 0.125 1 0.125
23127 2 1 0 3 0 0 0
23148 352 2 2 352 0.00568181818181818 1 0.00568181818181818
23171 2 1 1 2 0.5 1 0.5
23308 13 4 4 13 0.307692307692308 1 0.307692307692308
23316 2 1 1 2 0.5 1 0.5
23342 49 8 7 50 0.142857142857143 0.875 0.14
23352 37 5 2 40 0.0540540540540541 0.4 0.05
23456 173 11 5 179 0.0289017341040462 0.454545454545455 0.0279329608938547
23504 28 7 3 32 0.107142857142857 0.428571428571429 0.09375
23518 2 1 1 2 0.5 1 0.5
23541 9 1 0 10 0 0 0
23577 7 1 0 8 0 0 0
23596 3 2 2 3 0.666666666666667 1 0.666666666666667
23600 3 2 2 3 0.666666666666667 1 0.666666666666667
23624 2 1 1 2 0.5 1 0.5
23634 5 4 4 5 0.8 1 0.8
23637 3 1 0 4 0 0 0
23655 21 2 2 21 0.0952380952380952 1 0.0952380952380952
23661 3 1 1 3 0.333333333333333 1 0.333333333333333
237 34 2 2 34 0.0588235294117647 1 0.0588235294117647
23754 4 1 0 5 0 0 0
23774 4 3 2 5 0.5 0.666666666666667 0.4
2381 28 5 5 28 0.178571428571429 1 0.178571428571429
23836 1 1 1 1 1 1 1
23838 3 1 0 4 0 0 0
23862 2 1 1 2 0.5 1 0.5
23889 3 1 1 3 0.333333333333333 1 0.333333333333333
23902 2 1 0 3 0 0 0
23905 3 1 0 4 0 0 0
23910 3 4 1 6 0.333333333333333 0.25 0.166666666666667
23911 8 18 5 21 0.625 0.277777777777778 0.238095238095238
23912 1 1 0 2 0 0 0
23930 31 4 3 32 0.0967741935483871 0.75 0.09375
23936 3 1 1 3 0.333333333333333 1 0.333333333333333
23947 35 1 1 35 0.0285714285714286 1 0.0285714285714286
23953 3 1 0 4 0 0 0
23966 6 1 0 7 0 0 0
24 11 8 5 14 0.454545454545455 0.625 0.357142857142857
24005 3 1 1 3 0.333333333333333 1 0.333333333333333
24047 4 2 2 4 0.5 1 0.5
24129 5 2 1 6 0.2 0.5 0.166666666666667
24130 27 3 2 28 0.0740740740740741 0.666666666666667 0.0714285714285714
24151 12 3 1 14 0.0833333333333333 0.333333333333333 0.0714285714285714
24175 3 2 2 3 0.666666666666667 1 0.666666666666667
24203 26 1 1 26 0.0384615384615385 1 0.0384615384615385
24211 1 1 0 2 0 0 0
24212 3 1 0 4 0 0 0
24218 22 8 6 24 0.272727272727273 0.75 0.25
24220 4 1 1 4 0.25 1 0.25
24226 2 2 0 4 0 0 0
24229 5 1 1 5 0.2 1 0.2
24238 9 2 1 10 0.111111111111111 0.5 0.1
24287 4 3 3 4 0.75 1 0.75
24311 1 1 0 2 0 0 0
24321 2 1 1 2 0.5 1 0.5
24334 2 1 1 2 0.5 1 0.5
24390 2 1 1 2 0.5 1 0.5
24424 2 1 0 3 0 0 0
24437 1 1 1 1 1 1 1
24475 4 4 4 4 1 1 1
24489 8 9 7 10 0.875 0.777777777777778 0.7
24490 8 8 6 10 0.75 0.75 0.6
24514 6 2 2 6 0.333333333333333 1 0.333333333333333
24530 1 1 0 2 0 0 0
24541 3 3 1 5 0.333333333333333 0.333333333333333 0.2
24557 4 3 3 4 0.75 1 0.75
24586 32 12 7 37 0.21875 0.583333333333333 0.189189189189189
24594 27 7 5 29 0.185185185185185 0.714285714285714 0.172413793103448
24629 2 1 1 2 0.5 1 0.5
24638 21 2 2 21 0.0952380952380952 1 0.0952380952380952
24642 36 9 6 39 0.166666666666667 0.666666666666667 0.153846153846154
24679 30 14 8 36 0.266666666666667 0.571428571428571 0.222222222222222
24724 130 32 26 136 0.2 0.8125 0.191176470588235
24730 52 1 1 52 0.0192307692307692 1 0.0192307692307692
24739 49 16 7 58 0.142857142857143 0.4375 0.120689655172414
24776 7 1 0 8 0 0 0
24785 112 21 14 119 0.125 0.666666666666667 0.117647058823529
24796 8 2 2 8 0.25 1 0.25
2484 2 1 1 2 0.5 1 0.5
24863 20 3 3 20 0.15 1 0.15
24875 45 18 9 54 0.2 0.5 0.166666666666667
24889 14 5 5 14 0.357142857142857 1 0.357142857142857
24900 1 1 1 1 1 1 1
24940 28 12 9 31 0.321428571428571 0.75 0.290322580645161
2495 12 1 1 12 0.0833333333333333 1 0.0833333333333333
24953 21 2 2 21 0.0952380952380952 1 0.0952380952380952
24963 56 12 9 59 0.160714285714286 0.75 0.152542372881356
2497 253 73 58 268 0.229249011857708 0.794520547945205 0.216417910447761
24971 20 6 5 21 0.25 0.833333333333333 0.238095238095238
24973 3 2 0 5 0 0 0
2499 1 1 1 1 1 1 1
25 2 1 1 2 0.5 1 0.5
2500 30 38 16 52 0.533333333333333 0.421052631578947 0.307692307692308
25058 2 1 1 2 0.5 1 0.5
2506 2 1 1 2 0.5 1 0.5
25061 39 4 4 39 0.102564102564103 1 0.102564102564103
25074 97 23 18 102 0.185567010309278 0.782608695652174 0.176470588235294
25091 38 1 1 38 0.0263157894736842 1 0.0263157894736842
25098 15 2 2 15 0.133333333333333 1 0.133333333333333
2510 15 3 2 16 0.133333333333333 0.666666666666667 0.125
25137 19 6 6 19 0.315789473684211 1 0.315789473684211
2514 17 2 2 17 0.117647058823529 1 0.117647058823529
25148 7 1 1 7 0.142857142857143 1 0.142857142857143
2515 6 2 2 6 0.333333333333333 1 0.333333333333333
25151 20 1 0 21 0 0 0
25152 64 14 11 67 0.171875 0.785714285714286 0.164179104477612
2516 322 44 39 327 0.12111801242236 0.886363636363636 0.119266055045872
25164 2 1 1 2 0.5 1 0.5
2518 10 4 3 11 0.3 0.75 0.272727272727273
25182 31 9 5 35 0.161290322580645 0.555555555555556 0.142857142857143
2519 29 6 5 30 0.172413793103448 0.833333333333333 0.166666666666667
25192 26 14 11 29 0.423076923076923 0.785714285714286 0.379310344827586
25234 3 4 2 5 0.666666666666667 0.5 0.4
2527 12 5 3 14 0.25 0.6 0.214285714285714
25279 25 15 11 29 0.44 0.733333333333333 0.379310344827586
25286 23 1 1 23 0.0434782608695652 1 0.0434782608695652
25295 2 1 1 2 0.5 1 0.5
25358 17 10 5 22 0.294117647058824 0.5 0.227272727272727
25372 5 1 1 5 0.2 1 0.2
25384 9 2 1 10 0.111111111111111 0.5 0.1
25409 2 1 1 2 0.5 1 0.5
25415 4 2 2 4 0.5 1 0.5
25441 15 2 2 15 0.133333333333333 1 0.133333333333333
25459 33 6 6 33 0.181818181818182 1 0.181818181818182
25466 33 12 9 36 0.272727272727273 0.75 0.25
25473 5 3 3 5 0.6 1 0.6
25486 5 2 2 5 0.4 1 0.4
2549 2 2 1 3 0.5 0.5 0.333333333333333
25512 21 3 3 21 0.142857142857143 1 0.142857142857143
25525 62 19 18 63 0.290322580645161 0.947368421052632 0.285714285714286
25532 7 1 1 7 0.142857142857143 1 0.142857142857143
25538 2 2 0 4 0 0 0
25560 34 109 22 121 0.647058823529412 0.201834862385321 0.181818181818182
25563 5 1 1 5 0.2 1 0.2
25577 83 6 5 84 0.0602409638554217 0.833333333333333 0.0595238095238095
25588 3 1 0 4 0 0 0
25596 47 10 6 51 0.127659574468085 0.6 0.117647058823529
2561 3 2 2 3 0.666666666666667 1 0.666666666666667
25689 12 1 1 12 0.0833333333333333 1 0.0833333333333333
2576 2 1 1 2 0.5 1 0.5
25795 12 3 3 12 0.25 1 0.25
25818 23 5 3 25 0.130434782608696 0.6 0.12
25829 2 1 1 2 0.5 1 0.5
2586 14 1 1 14 0.0714285714285714 1 0.0714285714285714
2588 28 2 2 28 0.0714285714285714 1 0.0714285714285714
25885 7 1 1 7 0.142857142857143 1 0.142857142857143
25899 28 1 1 28 0.0357142857142857 1 0.0357142857142857
2594 5 1 0 6 0 0 0
2595 3 1 0 4 0 0 0
2597 2 2 2 2 1 1 1
26 5 2 2 5 0.4 1 0.4
2602 4 3 3 4 0.75 1 0.75
2603 107 32 23 116 0.214953271028037 0.71875 0.198275862068966
26046 1 1 1 1 1 1 1
2607 43 10 10 43 0.232558139534884 1 0.232558139534884
2609 3 1 0 4 0 0 0
2611 58 12 10 60 0.172413793103448 0.833333333333333 0.166666666666667
2614 16 1 1 16 0.0625 1 0.0625
262684 1 1 1 1 1 1 1
26299 5 2 2 5 0.4 1 0.4
26347 9 2 2 9 0.222222222222222 1 0.222222222222222
2637 5 1 1 5 0.2 1 0.2
26415 59 7 1 65 0.0169491525423729 0.142857142857143 0.0153846153846154
26496 7 2 2 7 0.285714285714286 1 0.285714285714286
26592 26 3 2 27 0.0769230769230769 0.666666666666667 0.0740740740740741
26610 2 1 1 2 0.5 1 0.5
26622 9 2 1 10 0.111111111111111 0.5 0.1
26677 42 1 1 42 0.0238095238095238 1 0.0238095238095238
26711 3 2 2 3 0.666666666666667 1 0.666666666666667
26773 13 4 4 13 0.307692307692308 1 0.307692307692308
26785 3 2 1 4 0.333333333333333 0.5 0.25
26788 17 1 1 17 0.0588235294117647 1 0.0588235294117647
26888 2 2 2 2 1 1 1
26935 10 1 1 10 0.1 1 0.1
26949 1 1 0 2 0 0 0
2697 6 1 1 6 0.166666666666667 1 0.166666666666667
26978 13 3 1 15 0.0769230769230769 0.333333333333333 0.0666666666666667
2698 6 2 2 6 0.333333333333333 1 0.333333333333333
27 2 1 1 2 0.5 1 0.5
271 13 1 1 13 0.0769230769230769 1 0.0769230769230769
2714 1 1 1 1 1 1 1
2716 5 1 1 5 0.2 1 0.2
27319 77 26 23 80 0.298701298701299 0.884615384615385 0.2875
27321 3 3 2 4 0.666666666666667 0.666666666666667 0.5
27325 8 2 0 10 0 0 0
27400 3 1 1 3 0.333333333333333 1 0.333333333333333
27446 4 1 0 5 0 0 0
27524 53 4 3 54 0.0566037735849057 0.75 0.0555555555555556
27552 11 1 1 11 0.0909090909090909 1 0.0909090909090909
27589 8 2 2 8 0.25 1 0.25
27630 2 1 1 2 0.5 1 0.5
27664 83 3 3 83 0.036144578313253 1 0.036144578313253
27678 10 2 2 10 0.2 1 0.2
27686 2 1 1 2 0.5 1 0.5
27693 4 1 1 4 0.25 1 0.25
27725 1 1 1 1 1 1 1
27750 19 15 14 20 0.736842105263158 0.933333333333333 0.7
27767 1 1 0 2 0 0 0
27770 1 1 0 2 0 0 0
27781 4 1 0 5 0 0 0
278 8 6 1 13 0.125 0.166666666666667 0.0769230769230769
27807 14 3 3 14 0.214285714285714 1 0.214285714285714
27814 4 1 0 5 0 0 0
27817 4 2 2 4 0.5 1 0.5
27820 3 1 0 4 0 0 0
27841 3 1 1 3 0.333333333333333 1 0.333333333333333
27893 3 1 0 4 0 0 0
27912 2 1 0 3 0 0 0
27929 5 2 2 5 0.4 1 0.4
27933 2 1 1 2 0.5 1 0.5
27970 1 1 1 1 1 1 1
27986 11 2 2 11 0.181818181818182 1 0.181818181818182
28000 1 1 1 1 1 1 1
28001 5 2 2 5 0.4 1 0.4
2819 35 3 2 36 0.0571428571428571 0.666666666666667 0.0555555555555556
28262 2 1 1 2 0.5 1 0.5
2828 835 15 15 835 0.0179640718562874 1 0.0179640718562874
28296 3 1 1 3 0.333333333333333 1 0.333333333333333
28299 7 3 2 8 0.285714285714286 0.666666666666667 0.25
28360 5 1 1 5 0.2 1 0.2
28362 1 1 1 1 1 1 1
2847 4 3 3 4 0.75 1 0.75
2848 15 2 1 16 0.0666666666666667 0.5 0.0625
28497 5 2 2 5 0.4 1 0.4
28499 3 2 1 4 0.333333333333333 0.5 0.25
28511 4 2 1 5 0.25 0.5 0.2
2852 92 11 9 94 0.0978260869565217 0.818181818181818 0.0957446808510638
2857 36 31 12 55 0.333333333333333 0.387096774193548 0.218181818181818
28571 6 2 2 6 0.333333333333333 1 0.333333333333333
286 352 163 86 429 0.244318181818182 0.52760736196319 0.2004662004662
28606 1 1 0 2 0 0 0
28618 5 3 1 7 0.2 0.333333333333333 0.142857142857143
28677 2 1 1 2 0.5 1 0.5
28678 2 1 1 2 0.5 1 0.5
28697 5 1 0 6 0 0 0
28716 50 1 1 50 0.02 1 0.02
28717 19 3 3 19 0.157894736842105 1 0.157894736842105
28725 1 2 0 3 0 0 0
28747 3 2 2 3 0.666666666666667 1 0.666666666666667
28753 39 16 11 44 0.282051282051282 0.6875 0.25
28762 10 2 2 10 0.2 1 0.2
28788 42 13 10 45 0.238095238095238 0.769230769230769 0.222222222222222
28792 9 1 1 9 0.111111111111111 1 0.111111111111111
28809 105 3 2 106 0.019047619047619 0.666666666666667 0.0188679245283019
28824 2 1 0 3 0 0 0
2884 4 2 2 4 0.5 1 0.5
28847 1 1 1 1 1 1 1
28855 11 5 5 11 0.454545454545455 1 0.454545454545455
28857 8 4 4 8 0.5 1 0.5
28859 4 1 1 4 0.25 1 0.25
28878 45 16 11 50 0.244444444444444 0.6875 0.22
28929 46 10 9 47 0.195652173913043 0.9 0.191489361702128
2895 258 4 3 259 0.0116279069767442 0.75 0.0115830115830116
29003 6 1 1 6 0.166666666666667 1 0.166666666666667
29009 33 7 4 36 0.121212121212121 0.571428571428571 0.111111111111111
29014 7 1 1 7 0.142857142857143 1 0.142857142857143
29017 59 8 6 61 0.101694915254237 0.75 0.0983606557377049
2905 34 2 0 36 0 0 0
29056 24 4 4 24 0.166666666666667 1 0.166666666666667
2906 6 4 3 7 0.5 0.75 0.428571428571429
29066 39 18 12 45 0.307692307692308 0.666666666666667 0.266666666666667
2907 83 5 5 83 0.0602409638554217 1 0.0602409638554217
29073 82 9 6 85 0.0731707317073171 0.666666666666667 0.0705882352941176
29076 91 17 11 97 0.120879120879121 0.647058823529412 0.11340206185567
29113 73 14 12 75 0.164383561643836 0.857142857142857 0.16
29134 8 5 5 8 0.625 1 0.625
2914 628 202 148 682 0.235668789808917 0.732673267326733 0.217008797653959
29140 18 14 7 25 0.388888888888889 0.5 0.28
29147 1 1 1 1 1 1 1
29169 11 2 2 11 0.181818181818182 1 0.181818181818182
29208 288 176 85 379 0.295138888888889 0.482954545454545 0.224274406332454
29216 1 1 1 1 1 1 1
29222 38 3 2 39 0.0526315789473684 0.666666666666667 0.0512820512820513
29240 1 1 1 1 1 1 1
29243 2 1 1 2 0.5 1 0.5
29259 4 2 2 4 0.5 1 0.5
29276 1 1 0 2 0 0 0
29278 14 3 3 14 0.214285714285714 1 0.214285714285714
293 160 22 21 161 0.13125 0.954545454545455 0.130434782608696
29311 4 1 1 4 0.25 1 0.25
29317 1 2 1 2 1 0.5 0.5
29321 9 4 4 9 0.444444444444444 1 0.444444444444444
29329 18 3 2 19 0.111111111111111 0.666666666666667 0.105263157894737
29396 35 10 8 37 0.228571428571429 0.8 0.216216216216216
29405 13 2 2 13 0.153846153846154 1 0.153846153846154
29422 25 3 2 26 0.08 0.666666666666667 0.0769230769230769
29432 2 1 1 2 0.5 1 0.5
29449 51 23 18 56 0.352941176470588 0.782608695652174 0.321428571428571
29452 22 5 4 23 0.181818181818182 0.8 0.173913043478261
29488 3 2 2 3 0.666666666666667 1 0.666666666666667
29527 40 11 9 42 0.225 0.818181818181818 0.214285714285714
29542 5 3 1 7 0.2 0.333333333333333 0.142857142857143
29550 50 5 5 50 0.1 1 0.1
29608 16 4 4 16 0.25 1 0.25
29611 33 9 7 35 0.212121212121212 0.777777777777778 0.2
29632 41 5 4 42 0.0975609756097561 0.8 0.0952380952380952
29636 233 49 47 235 0.201716738197425 0.959183673469388 0.2
29651 11 3 3 11 0.272727272727273 1 0.272727272727273
29655 9 5 5 9 0.555555555555556 1 0.555555555555556
29659 3 1 1 3 0.333333333333333 1 0.333333333333333
29668 37 1 1 37 0.027027027027027 1 0.027027027027027
29670 8 4 2 10 0.25 0.5 0.2
29671 4 3 3 4 0.75 1 0.75
29680 4 1 1 4 0.25 1 0.25
29684 7 1 1 7 0.142857142857143 1 0.142857142857143
29686 320 139 112 347 0.35 0.805755395683453 0.322766570605187
29744 1 1 0 2 0 0 0
29748 30 12 8 34 0.266666666666667 0.666666666666667 0.235294117647059
29763 1 1 1 1 1 1 1
29789 1 1 1 1 1 1 1
29791 217 12 9 220 0.0414746543778802 0.75 0.0409090909090909
29838 37 6 4 39 0.108108108108108 0.666666666666667 0.102564102564103
29904 1 1 1 1 1 1 1
3 7 1 0 8 0 0 0
30008 4 1 1 4 0.25 1 0.25
30058 10 2 2 10 0.2 1 0.2
30059 3 3 2 4 0.666666666666667 0.666666666666667 0.5
30071 10 104 7 107 0.7 0.0673076923076923 0.0654205607476635
30075 2 1 0 3 0 0 0
30094 66 2 2 66 0.0303030303030303 1 0.0303030303030303
30124 6 2 2 6 0.333333333333333 1 0.333333333333333
30126 4 2 1 5 0.25 0.5 0.2
30128 3 2 1 4 0.333333333333333 0.5 0.25
30132 40 62 21 81 0.525 0.338709677419355 0.259259259259259
30160 11 1 0 12 0 0 0
30176 14 2 1 15 0.0714285714285714 0.5 0.0666666666666667
30217 5 1 1 5 0.2 1 0.2
30221 2 1 0 3 0 0 0
30225 1 1 0 2 0 0 0
30259 3 1 1 3 0.333333333333333 1 0.333333333333333
30340 18 1 1 18 0.0555555555555556 1 0.0555555555555556
30362 2 1 0 3 0 0 0
3043 28 6 5 29 0.178571428571429 0.833333333333333 0.172413793103448
30528 6 4 3 7 0.5 0.75 0.428571428571429
30619 10 1 1 10 0.1 1 0.1
30653 31 11 8 34 0.258064516129032 0.727272727272727 0.235294117647059
30700 5 2 2 5 0.4 1 0.4
30708 1 1 1 1 1 1 1
30740 39 8 6 41 0.153846153846154 0.75 0.146341463414634
30781 150 25 20 155 0.133333333333333 0.8 0.129032258064516
30795 3 2 2 3 0.666666666666667 1 0.666666666666667
30833 12 2 1 13 0.0833333333333333 0.5 0.0769230769230769
30844 309 8 8 309 0.0258899676375405 1 0.0258899676375405
30880 8 2 1 9 0.125 0.5 0.111111111111111
30889 42 11 6 47 0.142857142857143 0.545454545454545 0.127659574468085
30890 147 26 19 154 0.129251700680272 0.730769230769231 0.123376623376623
30925 23 9 6 26 0.260869565217391 0.666666666666667 0.230769230769231
30961 4 2 2 4 0.5 1 0.5
30971 8 3 3 8 0.375 1 0.375
30975 7 6 2 11 0.285714285714286 0.333333333333333 0.181818181818182
31027 38 2 1 39 0.0263157894736842 0.5 0.0256410256410256
31065 4 1 1 4 0.25 1 0.25
31078 4 3 3 4 0.75 1 0.75
31103 21 2 2 21 0.0952380952380952 1 0.0952380952380952
31117 12 5 4 13 0.333333333333333 0.8 0.307692307692308
31122 9 2 2 9 0.222222222222222 1 0.222222222222222
31127 2 3 1 4 0.5 0.333333333333333 0.25
31147 8 2 2 8 0.25 1 0.25
31148 6 1 1 6 0.166666666666667 1 0.166666666666667
31229 6 2 1 7 0.166666666666667 0.5 0.142857142857143
31252 60 18 14 64 0.233333333333333 0.777777777777778 0.21875
31261 24 1 1 24 0.0416666666666667 1 0.0416666666666667
31283 50 4 4 50 0.08 1 0.08
31333 9 3 3 9 0.333333333333333 1 0.333333333333333
31334 53 1 0 54 0 0 0
31383 24 8 4 28 0.166666666666667 0.5 0.142857142857143
3140 1 1 1 1 1 1 1
31400 29 3 3 29 0.103448275862069 1 0.103448275862069
31424 24 5 5 24 0.208333333333333 1 0.208333333333333
31442 2 2 1 3 0.5 0.5 0.333333333333333
31458 56 8 7 57 0.125 0.875 0.12280701754386
31477 237 4 4 237 0.0168776371308017 1 0.0168776371308017
31479 3 1 1 3 0.333333333333333 1 0.333333333333333
31513 3 1 1 3 0.333333333333333 1 0.333333333333333
31529 59 22 16 65 0.271186440677966 0.727272727272727 0.246153846153846
31530 6 1 1 6 0.166666666666667 1 0.166666666666667
31615 5 1 0 6 0 0 0
31621 6 2 1 7 0.166666666666667 0.5 0.142857142857143
31677 4 2 0 6 0 0 0
31688 9 3 3 9 0.333333333333333 1 0.333333333333333
31708 29 10 8 31 0.275862068965517 0.8 0.258064516129032
31736 12 2 2 12 0.166666666666667 1 0.166666666666667
31877 11 1 1 11 0.0909090909090909 1 0.0909090909090909
31939 4 1 1 4 0.25 1 0.25
32 6 1 1 6 0.166666666666667 1 0.166666666666667
32034 5 2 2 5 0.4 1 0.4
3209 147 3 3 147 0.0204081632653061 1 0.0204081632653061
3212 24 1 1 24 0.0416666666666667 1 0.0416666666666667
3213 42 11 9 44 0.214285714285714 0.818181818181818 0.204545454545455
3215 100 2 2 100 0.02 1 0.02
3221 1 1 1 1 1 1 1
3223 1 1 1 1 1 1 1
32329 3 1 1 3 0.333333333333333 1 0.333333333333333
32335 4 1 1 4 0.25 1 0.25
32346 2 2 2 2 1 1 1
32354 18 6 4 20 0.222222222222222 0.666666666666667 0.2
32360 3 1 0 4 0 0 0
32361 7 1 0 8 0 0 0
3243 18 4 2 20 0.111111111111111 0.5 0.1
32440 24 2 2 24 0.0833333333333333 1 0.0833333333333333
3248 60 22 16 66 0.266666666666667 0.727272727272727 0.242424242424242
3249 60 12 9 63 0.15 0.75 0.142857142857143
3257 636 313 176 773 0.276729559748428 0.562300319488818 0.227684346701164
32592 18 3 3 18 0.166666666666667 1 0.166666666666667
3261 32 1 1 32 0.03125 1 0.03125
32613 13 2 2 13 0.153846153846154 1 0.153846153846154
3265 36 14 10 40 0.277777777777778 0.714285714285714 0.25
3267 467 11 8 470 0.0171306209850107 0.727272727272727 0.0170212765957447
32678 3 3 2 4 0.666666666666667 0.666666666666667 0.5
3269 134 1 1 134 0.00746268656716418 1 0.00746268656716418
32748 39 9 8 40 0.205128205128205 0.888888888888889 0.2
3277 86 1 1 86 0.0116279069767442 1 0.0116279069767442
32782 4 1 0 5 0 0 0
32809 1 1 0 2 0 0 0
32825 2 1 0 3 0 0 0
32890 4 1 1 4 0.25 1 0.25
32915 3 1 0 4 0 0 0
3292 436 23 23 436 0.0527522935779817 1 0.0527522935779817
32978 1 1 1 1 1 1 1
3301 67 5 3 69 0.0447761194029851 0.6 0.0434782608695652
3302 47 1 1 47 0.0212765957446809 1 0.0212765957446809
3303 519 24 20 523 0.0385356454720617 0.833333333333333 0.0382409177820268
33071 9 2 2 9 0.222222222222222 1 0.222222222222222
33075 2 1 1 2 0.5 1 0.5
33079 4 1 1 4 0.25 1 0.25
3308 23 1 1 23 0.0434782608695652 1 0.0434782608695652
33080 4 1 1 4 0.25 1 0.25
33081 4 2 1 5 0.25 0.5 0.2
33082 1 1 1 1 1 1 1
33152 1 1 0 2 0 0 0
3316 18 3 3 18 0.166666666666667 1 0.166666666666667
33189 9 1 1 9 0.111111111111111 1 0.111111111111111
3320 531 20 16 535 0.0301318267419962 0.8 0.0299065420560748
3327 95 24 18 101 0.189473684210526 0.75 0.178217821782178
33310 2 1 0 3 0 0 0
3333 168 3 3 168 0.0178571428571429 1 0.0178571428571429
33362 3 1 0 4 0 0 0
33437 2 9 1 10 0.5 0.111111111111111 0.1
3344 8 4 2 10 0.25 0.5 0.2
33475 3 1 1 3 0.333333333333333 1 0.333333333333333
33517 7 2 2 7 0.285714285714286 1 0.285714285714286
3352 75 3 1 77 0.0133333333333333 0.333333333333333 0.012987012987013
3356 2634 109 96 2647 0.0364464692482916 0.880733944954128 0.0362674726105025
33597 29 1 1 29 0.0344827586206897 1 0.0344827586206897
3363 2 1 1 2 0.5 1 0.5
33642 2 1 1 2 0.5 1 0.5
33789 2 2 2 2 1 1 1
33843 41 21 13 49 0.317073170731707 0.619047619047619 0.26530612244898
33845 15 3 3 15 0.2 1 0.2
33868 7 1 1 7 0.142857142857143 1 0.142857142857143
33873 23 1 1 23 0.0434782608695652 1 0.0434782608695652
33876 1 1 1 1 1 1 1
33885 14 5 5 14 0.357142857142857 1 0.357142857142857
33891 46 18 12 52 0.260869565217391 0.666666666666667 0.230769230769231
33930 2 1 0 3 0 0 0
33965 13 2 2 13 0.153846153846154 1 0.153846153846154
33984 2 1 1 2 0.5 1 0.5
34011 22 14 8 28 0.363636363636364 0.571428571428571 0.285714285714286
34019 11 5 3 13 0.272727272727273 0.6 0.230769230769231
34021 9 3 2 10 0.222222222222222 0.666666666666667 0.2
34080 6 3 3 6 0.5 1 0.5
34081 3 2 2 3 0.666666666666667 1 0.666666666666667
34108 5 4 2 7 0.4 0.5 0.285714285714286
34109 12 1 0 13 0 0 0
34123 34 3 2 35 0.0588235294117647 0.666666666666667 0.0571428571428571
34139 2 1 1 2 0.5 1 0.5
34141 26 1 1 26 0.0384615384615385 1 0.0384615384615385
34146 14 3 3 14 0.214285714285714 1 0.214285714285714
34183 3 2 2 3 0.666666666666667 1 0.666666666666667
34225 51 4 3 52 0.0588235294117647 0.75 0.0576923076923077
34240 2 2 2 2 1 1 1
34244 4 1 1 4 0.25 1 0.25
34245 46 1 1 46 0.0217391304347826 1 0.0217391304347826
34270 41 4 4 41 0.0975609756097561 1 0.0975609756097561
34279 14 2 2 14 0.142857142857143 1 0.142857142857143
34288 10 5 5 10 0.5 1 0.5
34305 62 10 9 63 0.145161290322581 0.9 0.142857142857143
34309 55 191 28 218 0.509090909090909 0.146596858638743 0.128440366972477
34313 23 6 5 24 0.217391304347826 0.833333333333333 0.208333333333333
34372 3 1 1 3 0.333333333333333 1 0.333333333333333
34419 26 8 2 32 0.0769230769230769 0.25 0.0625
34427 3 1 1 3 0.333333333333333 1 0.333333333333333
34486 35 4 3 36 0.0857142857142857 0.75 0.0833333333333333
34505 3 2 2 3 0.666666666666667 1 0.666666666666667
34549 7 4 3 8 0.428571428571429 0.75 0.375
34554 15 5 5 15 0.333333333333333 1 0.333333333333333
34567 11 3 2 12 0.181818181818182 0.666666666666667 0.166666666666667
34574 3 1 0 4 0 0 0
34594 19 3 3 19 0.157894736842105 1 0.157894736842105
34602 11 4 2 13 0.181818181818182 0.5 0.153846153846154
34623 1 1 1 1 1 1 1
34683 2 1 1 2 0.5 1 0.5
34695 716 135 123 728 0.171787709497207 0.911111111111111 0.168956043956044
34718 11 1 0 12 0 0 0
34744 3 1 1 3 0.333333333333333 1 0.333333333333333
34752 3 1 1 3 0.333333333333333 1 0.333333333333333
34763 63 10 6 67 0.0952380952380952 0.6 0.0895522388059701
34781 16 1 1 16 0.0625 1 0.0625
34784 3 1 1 3 0.333333333333333 1 0.333333333333333
34863 2 2 2 2 1 1 1
34878 2 1 1 2 0.5 1 0.5
3491 431 4 4 431 0.00928074245939675 1 0.00928074245939675
34912 2 1 0 3 0 0 0
34953 4 1 1 4 0.25 1 0.25
34968 34 10 7 37 0.205882352941176 0.7 0.189189189189189
34997 10 3 3 10 0.3 1 0.3
35 2 1 0 3 0 0 0
35028 38 6 5 39 0.131578947368421 0.833333333333333 0.128205128205128
35070 8 3 3 8 0.375 1 0.375
35087 9 2 2 9 0.222222222222222 1 0.222222222222222
35236 7 5 4 8 0.571428571428571 0.8 0.5
35244 24 22 13 33 0.541666666666667 0.590909090909091 0.393939393939394
35272 1 1 0 2 0 0 0
35283 9 1 1 9 0.111111111111111 1 0.111111111111111
35310 1 1 0 2 0 0 0
35320 111 17 9 119 0.0810810810810811 0.529411764705882 0.0756302521008403
35339 6 2 2 6 0.333333333333333 1 0.333333333333333
35366 32 16 9 39 0.28125 0.5625 0.230769230769231
35383 2 1 0 3 0 0 0
35393 13 2 2 13 0.153846153846154 1 0.153846153846154
35425 14 3 3 14 0.214285714285714 1 0.214285714285714
35470 10 4 2 12 0.2 0.5 0.166666666666667
3549 1374 157 146 1385 0.106259097525473 0.929936305732484 0.105415162454874
35492 3 3 3 3 1 1 1
3551 1 2 1 2 1 0.5 0.5
35548 5 2 2 5 0.4 1 0.4
3557 24 8 8 24 0.333333333333333 1 0.333333333333333
35574 8 3 2 9 0.25 0.666666666666667 0.222222222222222
35592 6 4 4 6 0.666666666666667 1 0.666666666666667
35609 2 1 1 2 0.5 1 0.5
3561 422 4 4 422 0.00947867298578199 1 0.00947867298578199
35612 8 2 0 10 0 0 0
35627 7 3 2 8 0.285714285714286 0.666666666666667 0.25
35703 3 1 1 3 0.333333333333333 1 0.333333333333333
35705 4 1 1 4 0.25 1 0.25
35706 17 7 3 21 0.176470588235294 0.428571428571429 0.142857142857143
35745 7 3 2 8 0.285714285714286 0.666666666666667 0.25
35819 14 2 2 14 0.142857142857143 1 0.142857142857143
3582 3 2 2 3 0.666666666666667 1 0.666666666666667
35826 2 1 1 2 0.5 1 0.5
35908 24 1 1 24 0.0416666666666667 1 0.0416666666666667
3597 8 2 2 8 0.25 1 0.25
35974 2 1 1 2 0.5 1 0.5
36017 2 1 0 3 0 0 0
3603 2 1 1 2 0.5 1 0.5
36086 6 3 3 6 0.5 1 0.5
36221 1 1 1 1 1 1 1
36229 1 1 1 1 1 1 1
36236 15 1 1 15 0.0666666666666667 1 0.0666666666666667
36252 2 2 2 2 1 1 1
36351 21 5 5 21 0.238095238095238 1 0.238095238095238
36383 1 1 0 2 0 0 0
36384 1 1 1 1 1 1 1
3640 4 1 1 4 0.25 1 0.25
36412 4 2 2 4 0.5 1 0.5
36472 3 1 1 3 0.333333333333333 1 0.333333333333333
36483 4 1 1 4 0.25 1 0.25
36563 2 1 1 2 0.5 1 0.5
3661 7 5 1 11 0.142857142857143 0.2 0.0909090909090909
3662 17 8 7 18 0.411764705882353 0.875 0.388888888888889
3663 7 2 1 8 0.142857142857143 0.5 0.125
36671 2 1 1 2 0.5 1 0.5
36692 53 4 4 53 0.0754716981132075 1 0.0754716981132075
3676 6 1 1 6 0.166666666666667 1 0.166666666666667
36786 1 1 1 1 1 1 1
36797 1 1 1 1 1 1 1
3681 4 1 1 4 0.25 1 0.25
36856 12 4 2 14 0.166666666666667 0.5 0.142857142857143
36944 35 5 4 36 0.114285714285714 0.8 0.111111111111111
37074 1 1 0 2 0 0 0
3714 4 1 1 4 0.25 1 0.25
3741 105 1 1 105 0.00952380952380952 1 0.00952380952380952
3742 17 2 2 17 0.117647058823529 1 0.117647058823529
3754 43 4 4 43 0.0930232558139535 1 0.0930232558139535
3758 52 1 1 52 0.0192307692307692 1 0.0192307692307692
376 23 4 4 23 0.173913043478261 1 0.173913043478261
378 2 1 1 2 0.5 1 0.5
37918 2 1 1 2 0.5 1 0.5
38005 2 2 2 2 1 1 1
38018 7 5 4 8 0.571428571428571 0.8 0.5
38022 35 9 9 35 0.257142857142857 1 0.257142857142857
38037 2 1 1 2 0.5 1 0.5
38040 12 2 2 12 0.166666666666667 1 0.166666666666667
38044 2 1 1 2 0.5 1 0.5
38082 47 10 9 48 0.191489361702128 0.9 0.1875
38128 1 1 0 2 0 0 0
38158 4 4 4 4 1 1 1
38182 9 1 1 9 0.111111111111111 1 0.111111111111111
38229 1 1 1 1 1 1 1
3825 1 1 0 2 0 0 0
38299 2 1 1 2 0.5 1 0.5
38321 2 1 1 2 0.5 1 0.5
38322 6 2 2 6 0.333333333333333 1 0.333333333333333
3836 7 2 1 8 0.142857142857143 0.5 0.125
38462 3 3 2 4 0.666666666666667 0.666666666666667 0.5
38477 2 1 1 2 0.5 1 0.5
3851 3 1 0 4 0 0 0
3856 84 15 11 88 0.130952380952381 0.733333333333333 0.125
38566 4 2 2 4 0.5 1 0.5
38629 2 1 1 2 0.5 1 0.5
38639 2 2 2 2 1 1 1
38646 2 2 1 3 0.5 0.5 0.333333333333333
38652 2 1 1 2 0.5 1 0.5
38710 4 1 0 5 0 0 0
38711 1 1 1 1 1 1 1
38727 3 1 1 3 0.333333333333333 1 0.333333333333333
38759 3 11 2 12 0.666666666666667 0.181818181818182 0.166666666666667
38794 11 1 1 11 0.0909090909090909 1 0.0909090909090909
38796 1 1 0 2 0 0 0
38826 4 1 1 4 0.25 1 0.25
38858 4 1 1 4 0.25 1 0.25
38915 8 1 1 8 0.125 1 0.125
38922 13 1 1 13 0.0769230769230769 1 0.0769230769230769
38930 31 4 3 32 0.0967741935483871 0.75 0.09375
39029 4 2 2 4 0.5 1 0.5
39040 14 2 2 14 0.142857142857143 1 0.142857142857143
39091 5 1 1 5 0.2 1 0.2
39093 3 2 1 4 0.333333333333333 0.5 0.25
39102 17 1 1 17 0.0588235294117647 1 0.0588235294117647
39117 7 1 1 7 0.142857142857143 1 0.142857142857143
39122 9 1 1 9 0.111111111111111 1 0.111111111111111
39145 12 4 4 12 0.333333333333333 1 0.333333333333333
39211 4 2 1 5 0.25 0.5 0.2
39288 2 1 1 2 0.5 1 0.5
39301 6 2 1 7 0.166666666666667 0.5 0.142857142857143
39309 25 9 5 29 0.2 0.555555555555556 0.172413793103448
3931 2 1 0 3 0 0 0
393220 2 2 2 2 1 1 1
393224 1 1 0 2 0 0 0
39326 237 29 25 241 0.105485232067511 0.862068965517241 0.103734439834025
39342 2 1 1 2 0.5 1 0.5
3943 4 3 3 4 0.75 1 0.75
39472 2 1 1 2 0.5 1 0.5
3949 2 1 1 2 0.5 1 0.5
39520 2 1 0 3 0 0 0
39537 2 1 0 3 0 0 0
39545 4 2 2 4 0.5 1 0.5
39554 5 2 2 5 0.4 1 0.4
39556 31 11 7 35 0.225806451612903 0.636363636363636 0.2
39560 2 1 1 2 0.5 1 0.5
39570 3 4 2 5 0.666666666666667 0.5 0.4
39572 3 1 1 3 0.333333333333333 1 0.333333333333333
39598 7 1 1 7 0.142857142857143 1 0.142857142857143
39602 4 1 0 5 0 0 0
39637 28 8 6 30 0.214285714285714 0.75 0.2
39700 7 3 1 9 0.142857142857143 0.333333333333333 0.111111111111111
39737 81 15 9 87 0.111111111111111 0.6 0.103448275862069
39761 2 2 2 2 1 1 1
39787 6 2 1 7 0.166666666666667 0.5 0.142857142857143
39792 711 30 24 717 0.0337552742616034 0.8 0.0334728033472803
39837 4 2 2 4 0.5 1 0.5
39839 3 2 2 3 0.666666666666667 1 0.666666666666667
39854 1 1 1 1 1 1 1
39875 2 1 1 2 0.5 1 0.5
39905 7 3 3 7 0.428571428571429 1 0.428571428571429
39912 347 7 7 347 0.0201729106628242 1 0.0201729106628242
3999 2 1 1 2 0.5 1 0.5
40009 52 5 4 53 0.0769230769230769 0.8 0.0754716981132075
40068 12 2 2 12 0.166666666666667 1 0.166666666666667
40193 15 8 6 17 0.4 0.75 0.352941176470588
40220 13 5 5 13 0.384615384615385 1 0.384615384615385
40387 21 2 2 21 0.0952380952380952 1 0.0952380952380952
4043 2 1 0 3 0 0 0
40475 14 1 1 14 0.0714285714285714 1 0.0714285714285714
40490 2 1 1 2 0.5 1 0.5
40528 12 8 8 12 0.666666666666667 1 0.666666666666667
40581 7 2 1 8 0.142857142857143 0.5 0.125
40589 2 1 1 2 0.5 1 0.5
40630 2 1 0 3 0 0 0
40679 1 1 1 1 1 1 1
40832 1 1 1 1 1 1 1
40912 2 1 1 2 0.5 1 0.5
40943 2 1 0 3 0 0 0
41012 31 6 5 32 0.161290322580645 0.833333333333333 0.15625
41045 33 12 9 36 0.272727272727273 0.75 0.25
41075 3 4 1 6 0.333333333333333 0.25 0.166666666666667
41145 13 1 0 14 0 0 0
41176 2 1 0 3 0 0 0
41323 4 1 1 4 0.25 1 0.25
4134 111 2 0 113 0 0 0
41391 7 3 2 8 0.285714285714286 0.666666666666667 0.25
41412 5 1 1 5 0.2 1 0.2
41458 5 1 1 5 0.2 1 0.2
41495 5 1 1 5 0.2 1 0.2
4150 7 4 2 9 0.285714285714286 0.5 0.222222222222222
41572 7 2 2 7 0.285714285714286 1 0.285714285714286
4158 2 1 1 2 0.5 1 0.5
41589 6 1 1 6 0.166666666666667 1 0.166666666666667
41692 523 30 26 527 0.0497131931166348 0.866666666666667 0.0493358633776091
41693 6 1 0 7 0 0 0
41698 2 1 1 2 0.5 1 0.5
41705 2 1 0 3 0 0 0
41711 8 4 2 10 0.25 0.5 0.2
41773 2 1 1 2 0.5 1 0.5
41824 12 6 5 13 0.416666666666667 0.833333333333333 0.384615384615385
41828 2 1 1 2 0.5 1 0.5
41884 3 2 2 3 0.666666666666667 1 0.666666666666667
41887 12 5 3 14 0.25 0.6 0.214285714285714
41913 13 6 6 13 0.461538461538462 1 0.461538461538462
41960 8 1 0 9 0 0 0
42 112 16 14 114 0.125 0.875 0.12280701754386
42000 10 4 4 10 0.4 1 0.4
42017 5 1 0 6 0 0 0
42184 31 11 7 35 0.225806451612903 0.636363636363636 0.2
42227 9 5 5 9 0.555555555555556 1 0.555555555555556
42346 15 1 1 15 0.0666666666666667 1 0.0666666666666667
42369 26 4 3 27 0.115384615384615 0.75 0.111111111111111
42476 2 2 1 3 0.5 0.5 0.333333333333333
42477 3 1 1 3 0.333333333333333 1 0.333333333333333
42525 34 3 3 34 0.0882352941176471 1 0.0882352941176471
42579 9 2 2 9 0.222222222222222 1 0.222222222222222
42585 8 2 2 8 0.25 1 0.25
42605 22 17 10 29 0.454545454545455 0.588235294117647 0.344827586206897
42652 47 4 3 48 0.0638297872340425 0.75 0.0625
42678 2 1 1 2 0.5 1 0.5
42689 33 9 7 35 0.212121212121212 0.777777777777778 0.2
4270 6 4 2 8 0.333333333333333 0.5 0.25
42732 1 1 1 1 1 1 1
42772 2 1 0 3 0 0 0
42841 7 3 3 7 0.428571428571429 1 0.428571428571429
42909 23 5 4 24 0.173913043478261 0.8 0.166666666666667
42965 9 1 1 9 0.111111111111111 1 0.111111111111111
42979 16 2 2 16 0.125 1 0.125
43037 5 1 1 5 0.2 1 0.2
43070 5 1 1 5 0.2 1 0.2
43118 5 3 1 7 0.2 0.333333333333333 0.142857142857143
43128 1 1 1 1 1 1 1
43148 3 1 0 4 0 0 0
43190 3 1 1 3 0.333333333333333 1 0.333333333333333
4323 1296 16 16 1296 0.0123456790123457 1 0.0123456790123457
43289 4 1 1 4 0.25 1 0.25
43313 3 1 1 3 0.333333333333333 1 0.333333333333333
43333 8 3 3 8 0.375 1 0.375
43383 1 1 1 1 1 1 1
43447 1 1 1 1 1 1 1
43483 2 1 1 2 0.5 1 0.5
43602 2 2 2 2 1 1 1
43615 2 1 1 2 0.5 1 0.5
43629 2 1 1 2 0.5 1 0.5
43646 4 2 1 5 0.25 0.5 0.2
43655 2 1 1 2 0.5 1 0.5
43751 4 1 0 5 0 0 0
43782 3 3 0 6 0 0 0
43821 32 15 8 39 0.25 0.533333333333333 0.205128205128205
43843 6 2 2 6 0.333333333333333 1 0.333333333333333
43892 2 1 0 3 0 0 0
43893 6 2 2 6 0.333333333333333 1 0.333333333333333
43911 3 4 0 7 0 0 0
43930 3 1 0 4 0 0 0
43948 3 2 2 3 0.666666666666667 1 0.666666666666667
43950 3 2 1 4 0.333333333333333 0.5 0.25
43978 2 1 1 2 0.5 1 0.5
44034 12 4 4 12 0.333333333333333 1 0.333333333333333
44042 15 7 5 17 0.333333333333333 0.714285714285714 0.294117647058824
44065 2 1 1 2 0.5 1 0.5
44066 28 13 8 33 0.285714285714286 0.615384615384615 0.242424242424242
44146 8 3 3 8 0.375 1 0.375
44160 9 1 1 9 0.111111111111111 1 0.111111111111111
44212 3 1 1 3 0.333333333333333 1 0.333333333333333
44227 4 1 1 4 0.25 1 0.25
44237 29 3 3 29 0.103448275862069 1 0.103448275862069
44285 5 1 0 6 0 0 0
4434 6 1 0 7 0 0 0
44358 6 2 2 6 0.333333333333333 1 0.333333333333333
4436 162 45 40 167 0.246913580246914 0.888888888888889 0.239520958083832
44513 6 2 2 6 0.333333333333333 1 0.333333333333333
44514 7 3 1 9 0.142857142857143 0.333333333333333 0.111111111111111
44515 1 1 0 2 0 0 0
44581 11 4 2 13 0.181818181818182 0.5 0.153846153846154
44654 46 16 9 53 0.195652173913043 0.5625 0.169811320754717
44683 3 2 2 3 0.666666666666667 1 0.666666666666667
44706 9 6 5 10 0.555555555555556 0.833333333333333 0.5
44801 1 1 1 1 1 1 1
44806 2 2 2 2 1 1 1
44928 2 2 2 2 1 1 1
44953 11 3 3 11 0.272727272727273 1 0.272727272727273
44980 3 1 1 3 0.333333333333333 1 0.333333333333333
44993 2 2 1 3 0.5 0.5 0.333333333333333
45031 6 1 1 6 0.166666666666667 1 0.166666666666667
45131 1 1 1 1 1 1 1
45147 56 6 4 58 0.0714285714285714 0.666666666666667 0.0689655172413793
4515 44 2 2 44 0.0454545454545455 1 0.0454545454545455
45170 3 1 1 3 0.333333333333333 1 0.333333333333333
45177 4 1 0 5 0 0 0
45192 1 1 0 2 0 0 0
4528 5 1 1 5 0.2 1 0.2
45344 2 1 1 2 0.5 1 0.5
4538 53 3 3 53 0.0566037735849057 1 0.0566037735849057
45437 1 1 1 1 1 1 1
45438 1 1 1 1 1 1 1
45444 2 2 0 4 0 0 0
45456 1 2 0 3 0 0 0
45459 2 1 0 3 0 0 0
45483 3 1 1 3 0.333333333333333 1 0.333333333333333
45506 2 1 1 2 0.5 1 0.5
45522 2 1 0 3 0 0 0
4555 1 3 0 4 0 0 0
4557 11 2 2 11 0.181818181818182 1 0.181818181818182
45577 5 1 1 5 0.2 1 0.2
45638 3 1 1 3 0.333333333333333 1 0.333333333333333
45695 3 1 1 3 0.333333333333333 1 0.333333333333333
4589 707 133 128 712 0.181046676096181 0.962406015037594 0.179775280898876
45929 1 1 1 1 1 1 1
46 2 1 1 2 0.5 1 0.5
4600 5 2 2 5 0.4 1 0.4
4605 2 1 1 2 0.5 1 0.5
4608 5 1 0 6 0 0 0
46176 2 1 0 3 0 0 0
46177 10 1 1 10 0.1 1 0.1
4618 14 2 1 15 0.0714285714285714 0.5 0.0666666666666667
46208 5 2 2 5 0.4 1 0.4
4621 35 2 2 35 0.0571428571428571 1 0.0571428571428571
4622 2 1 0 3 0 0 0
4635 118 32 28 122 0.23728813559322 0.875 0.229508196721311
46357 2 1 1 2 0.5 1 0.5
4637 172 7 6 173 0.0348837209302326 0.857142857142857 0.0346820809248555
4641 9 2 2 9 0.222222222222222 1 0.222222222222222
4648 59 3 3 59 0.0508474576271186 1 0.0508474576271186
4651 39 9 6 42 0.153846153846154 0.666666666666667 0.142857142857143
4657 111 5 5 111 0.045045045045045 1 0.045045045045045
46609 5 2 2 5 0.4 1 0.4
46722 1 1 1 1 1 1 1
4673 8 2 2 8 0.25 1 0.25
4675 6 3 1 8 0.166666666666667 0.333333333333333 0.125
4677 5 1 1 5 0.2 1 0.2
46786 48 1 1 48 0.0208333333333333 1 0.0208333333333333
4680 9 4 2 11 0.222222222222222 0.5 0.181818181818182
4685 11 1 1 11 0.0909090909090909 1 0.0909090909090909
4691 2 12 1 13 0.5 0.0833333333333333 0.0769230769230769
46925 8 1 1 8 0.125 1 0.125
4697 3 8 3 8 1 0.375 0.375
4704 6 3 1 8 0.166666666666667 0.333333333333333 0.125
4711 2 1 1 2 0.5 1 0.5
4713 107 16 14 109 0.130841121495327 0.875 0.128440366972477
4716 18 8 2 24 0.111111111111111 0.25 0.0833333333333333
4717 1 2 1 2 1 0.5 0.5
4718 3 2 2 3 0.666666666666667 1 0.666666666666667
47201 1 1 0 2 0 0 0
47207 6 1 1 6 0.166666666666667 1 0.166666666666667
47227 2 1 1 2 0.5 1 0.5
4725 124 29 14 139 0.112903225806452 0.482758620689655 0.100719424460432
4739 86 18 14 90 0.162790697674419 0.777777777777778 0.155555555555556
4741 10 1 1 10 0.1 1 0.1
47447 6 3 3 6 0.5 1 0.5
4747 1 1 0 2 0 0 0
47473 1 2 1 2 1 0.5 0.5
47490 1 1 1 1 1 1 1
4750 50 2 0 52 0 0 0
47506 5 1 1 5 0.2 1 0.2
47533 2 1 1 2 0.5 1 0.5
4755 207 3 3 207 0.0144927536231884 1 0.0144927536231884
4760 5 2 2 5 0.4 1 0.4
4761 56 6 5 57 0.0892857142857143 0.833333333333333 0.087719298245614
47617 4 1 1 4 0.25 1 0.25
4766 380 1 1 380 0.00263157894736842 1 0.00263157894736842
4768 30 2 2 30 0.0666666666666667 1 0.0666666666666667
4770 15 2 1 16 0.0666666666666667 0.5 0.0625
4777 35 3 3 35 0.0857142857142857 1 0.0857142857142857
4780 29 3 2 30 0.0689655172413793 0.666666666666667 0.0666666666666667
47841 2 1 1 2 0.5 1 0.5
47869 3 1 1 3 0.333333333333333 1 0.333333333333333
4787 6 3 1 8 0.166666666666667 0.333333333333333 0.125
4788 120 9 9 120 0.075 1 0.075
47880 2 2 1 3 0.5 0.5 0.333333333333333
47885 1 2 0 3 0 0 0
47886 5 2 2 5 0.4 1 0.4
47887 9 2 2 9 0.222222222222222 1 0.222222222222222
47917 1 1 1 1 1 1 1
4795 27 5 2 30 0.0740740740740741 0.4 0.0666666666666667
47956 2 1 0 3 0 0 0
4796 2 1 1 2 0.5 1 0.5
47973 2 1 0 3 0 0 0
47998 2 1 1 2 0.5 1 0.5
4800 14 1 1 14 0.0714285714285714 1 0.0714285714285714
48039 7 3 2 8 0.285714285714286 0.666666666666667 0.25
48053 2 2 2 2 1 1 1
48118 2 1 1 2 0.5 1 0.5
48136 1 1 1 1 1 1 1
48144 2 2 1 3 0.5 0.5 0.333333333333333
48173 7 3 3 7 0.428571428571429 1 0.428571428571429
4818 3 1 1 3 0.333333333333333 1 0.333333333333333
48185 2 1 1 2 0.5 1 0.5
48191 5 1 0 6 0 0 0
48200 2 3 1 4 0.5 0.333333333333333 0.25
48218 2 1 1 2 0.5 1 0.5
48259 2 2 1 3 0.5 0.5 0.333333333333333
4826 216 30 26 220 0.12037037037037 0.866666666666667 0.118181818181818
48284 2 1 0 3 0 0 0
48285 7 1 1 7 0.142857142857143 1 0.142857142857143
48288 1 1 1 1 1 1 1
48315 2 1 1 2 0.5 1 0.5
48417 3 1 1 3 0.333333333333333 1 0.333333333333333
4842 5 1 1 5 0.2 1 0.2
4844 2 1 1 2 0.5 1 0.5
4845 3 1 1 3 0.333333333333333 1 0.333333333333333
48451 2 1 1 2 0.5 1 0.5
48484 16 15 7 24 0.4375 0.466666666666667 0.291666666666667
48514 3 3 1 5 0.333333333333333 0.333333333333333 0.2
48519 3 1 1 3 0.333333333333333 1 0.333333333333333
48528 2 1 1 2 0.5 1 0.5
48539 9 6 5 10 0.555555555555556 0.833333333333333 0.5
48564 2 1 1 2 0.5 1 0.5
48961 8 1 1 8 0.125 1 0.125
48972 1 1 1 1 1 1 1
48994 2 1 1 2 0.5 1 0.5
49026 1 1 1 1 1 1 1
49237 7 2 2 7 0.285714285714286 1 0.285714285714286
4927 18 7 6 19 0.333333333333333 0.857142857142857 0.315789473684211
49272 2 1 1 2 0.5 1 0.5
49334 1 1 1 1 1 1 1
49352 1 1 0 2 0 0 0
49409 2 1 0 3 0 0 0
49416 1 1 1 1 1 1 1
49463 2 2 1 3 0.5 0.5 0.333333333333333
49488 4 3 3 4 0.75 1 0.75
49544 26 9 6 29 0.230769230769231 0.666666666666667 0.206896551724138
49573 2 1 1 2 0.5 1 0.5
49624 2 1 1 2 0.5 1 0.5
49627 2 2 2 2 1 1 1
49630 1 1 1 1 1 1 1
49983 2 2 2 2 1 1 1
5050 20 7 7 20 0.35 1 0.35
5056 24 2 0 26 0 0 0
5078 18 1 1 18 0.0555555555555556 1 0.0555555555555556
513 47 11 11 47 0.234042553191489 1 0.234042553191489
52 2 2 2 2 1 1 1
53280 2 1 1 2 0.5 1 0.5
53299 1 1 1 1 1 1 1
5381 14 3 2 15 0.142857142857143 0.666666666666667 0.133333333333333
5385 54 4 4 54 0.0740740740740741 1 0.0740740740740741
5394 17 4 3 18 0.176470588235294 0.75 0.166666666666667
5400 210 17 13 214 0.0619047619047619 0.764705882352941 0.0607476635514019
5401 1 1 1 1 1 1 1
5403 20 8 7 21 0.35 0.875 0.333333333333333
5407 7 4 3 8 0.428571428571429 0.75 0.375
5408 31 5 3 33 0.0967741935483871 0.6 0.0909090909090909
5410 56 9 5 60 0.0892857142857143 0.555555555555556 0.0833333333333333
5413 224 10 10 224 0.0446428571428571 1 0.0446428571428571
5418 9 2 2 9 0.222222222222222 1 0.222222222222222
5421 2 3 2 3 1 0.666666666666667 0.666666666666667
543 1 1 1 1 1 1 1
5430 71 20 16 75 0.225352112676056 0.8 0.213333333333333
5432 33 2 1 34 0.0303030303030303 0.5 0.0294117647058824
5459 47 16 9 54 0.191489361702128 0.5625 0.166666666666667
5466 71 2 1 72 0.0140845070422535 0.5 0.0138888888888889
5483 70 3 2 71 0.0285714285714286 0.666666666666667 0.028169014084507
5486 27 2 0 29 0 0 0
5491 3 1 0 4 0 0 0
55 3 1 1 3 0.333333333333333 1 0.333333333333333
5507 38 8 8 38 0.210526315789474 1 0.210526315789474
5511 145 30 22 153 0.151724137931034 0.733333333333333 0.143790849673203
553 49 22 19 52 0.387755102040816 0.863636363636364 0.365384615384615
5537 27 2 2 27 0.0740740740740741 1 0.0740740740740741
5538 8 1 1 8 0.125 1 0.125
5539 53 63 24 92 0.452830188679245 0.380952380952381 0.260869565217391
5550 3 3 1 5 0.333333333333333 0.333333333333333 0.2
5560 10 2 2 10 0.2 1 0.2
5568 173 14 11 176 0.0635838150289017 0.785714285714286 0.0625
557 6 2 1 7 0.166666666666667 0.5 0.142857142857143
5577 36 21 12 45 0.333333333333333 0.571428571428571 0.266666666666667
558 24 1 1 24 0.0416666666666667 1 0.0416666666666667
5580 277 24 19 282 0.0685920577617329 0.791666666666667 0.0673758865248227
559 269 116 109 276 0.405204460966543 0.939655172413793 0.394927536231884
5602 32 8 6 34 0.1875 0.75 0.176470588235294
5607 1 1 1 1 1 1 1
5609 2 8 1 9 0.5 0.125 0.111111111111111
5610 23 1 1 23 0.0434782608695652 1 0.0434782608695652
5617 213 3 3 213 0.0140845070422535 1 0.0140845070422535
5645 18 6 4 20 0.222222222222222 0.666666666666667 0.2
5661 5 1 1 5 0.2 1 0.2
567 10 2 2 10 0.2 1 0.2
5692 1 1 0 2 0 0 0
57 29 7 6 30 0.206896551724138 0.857142857142857 0.2
5707 3 1 1 3 0.333333333333333 1 0.333333333333333
5713 66 4 3 67 0.0454545454545455 0.75 0.0447761194029851
5726 13 1 1 13 0.0769230769230769 1 0.0769230769230769
5752 2 1 0 3 0 0 0
5764 7 1 1 7 0.142857142857143 1 0.142857142857143
577 136 2 1 137 0.00735294117647059 0.5 0.0072992700729927
5786 2 1 1 2 0.5 1 0.5
59 6 3 3 6 0.5 1 0.5
600 36 3 3 36 0.0833333333333333 1 0.0833333333333333
6057 7 5 4 8 0.571428571428571 0.8 0.5
6062 10 2 0 12 0 0 0
6066 1 1 0 2 0 0 0
6083 30 14 11 33 0.366666666666667 0.785714285714286 0.333333333333333
6106 2 1 1 2 0.5 1 0.5
6122 10 1 1 10 0.1 1 0.1
6128 317 2 2 317 0.00630914826498423 1 0.00630914826498423
6147 1 9 1 9 1 0.111111111111111 0.111111111111111
6181 49 2 2 49 0.0408163265306122 1 0.0408163265306122
6182 1 1 1 1 1 1 1
6245 2 1 0 3 0 0 0
6262 1 1 1 1 1 1 1
6263 3 1 1 3 0.333333333333333 1 0.333333333333333
6315 7 1 1 7 0.142857142857143 1 0.142857142857143
6327 178 1 1 178 0.00561797752808989 1 0.00561797752808989
6337 4 1 0 5 0 0 0
6360 7 3 2 8 0.285714285714286 0.666666666666667 0.25
6366 3 1 1 3 0.333333333333333 1 0.333333333333333
6406 1 1 1 1 1 1 1
6435 3 7 2 8 0.666666666666667 0.285714285714286 0.25
6453 537 108 93 552 0.173184357541899 0.861111111111111 0.168478260869565
6456 15 2 2 15 0.133333333333333 1 0.133333333333333
65001 3 1 0 4 0 0 0
65071 1 2 1 2 1 0.5 0.5
65075 1 1 0 2 0 0 0
6509 25 9 8 26 0.32 0.888888888888889 0.307692307692308
65104 1 1 1 1 1 1 1
6536 16 2 1 17 0.0625 0.5 0.0588235294117647
65528 1 1 0 2 0 0 0
65530 1 1 0 2 0 0 0
6619 24 8 6 26 0.25 0.75 0.230769230769231
6629 3 1 1 3 0.333333333333333 1 0.333333333333333
6648 46 7 6 47 0.130434782608696 0.857142857142857 0.127659574468085
6656 39 8 6 41 0.153846153846154 0.75 0.146341463414634
6661 77 4 4 77 0.051948051948052 1 0.051948051948052
6667 515 139 133 521 0.258252427184466 0.956834532374101 0.255278310940499
6677 54 4 3 55 0.0555555555555556 0.75 0.0545454545454545
668 30 7 2 35 0.0666666666666667 0.285714285714286 0.0571428571428571
6690 25 2 2 25 0.08 1 0.08
6695 245 83 74 254 0.302040816326531 0.891566265060241 0.291338582677165
6702 14 1 1 14 0.0714285714285714 1 0.0714285714285714
6706 8 3 3 8 0.375 1 0.375
6724 35 20 15 40 0.428571428571429 0.75 0.375
6730 543 9 6 546 0.0110497237569061 0.666666666666667 0.010989010989011
6734 13 4 3 14 0.230769230769231 0.75 0.214285714285714
6760 33 4 3 34 0.0909090909090909 0.75 0.0882352941176471
6762 193 62 54 201 0.27979274611399 0.870967741935484 0.26865671641791
6770 37 15 6 46 0.162162162162162 0.4 0.130434782608696
6772 20 6 6 20 0.3 1 0.3
6774 78 14 12 80 0.153846153846154 0.857142857142857 0.15
6775 6 4 4 6 0.666666666666667 1 0.666666666666667
6799 22 1 0 23 0 0 0
680 66 20 17 69 0.257575757575758 0.85 0.246376811594203
6802 7 2 2 7 0.285714285714286 1 0.285714285714286
681 2 1 1 2 0.5 1 0.5
6824 4 1 1 4 0.25 1 0.25
683 2 1 1 2 0.5 1 0.5
6830 369 28 19 378 0.0514905149051491 0.678571428571429 0.0502645502645503
6838 1 1 1 1 1 1 1
6855 19 1 1 19 0.0526315789473684 1 0.0526315789473684
6881 88 35 33 90 0.375 0.942857142857143 0.366666666666667
6893 2 1 1 2 0.5 1 0.5
6895 5 1 1 5 0.2 1 0.2
6908 97 20 17 100 0.175257731958763 0.85 0.17
6939 1305 664 447 1522 0.342528735632184 0.673192771084337 0.293692509855453
6966 3 1 1 3 0.333333333333333 1 0.333333333333333
6968 3 1 1 3 0.333333333333333 1 0.333333333333333
701 2073 24 18 2079 0.00868306801736614 0.75 0.00865800865800866
7012 18 3 2 19 0.111111111111111 0.666666666666667 0.105263157894737
7018 2283 19 15 2287 0.00657030223390276 0.789473684210526 0.00655881066899869
7019 1 1 1 1 1 1 1
7055 3 1 1 3 0.333333333333333 1 0.333333333333333
7065 17 3 2 18 0.117647058823529 0.666666666666667 0.111111111111111
7066 19 3 3 19 0.157894736842105 1 0.157894736842105
7078 3 2 1 4 0.333333333333333 0.5 0.25
7081 43 10 3 50 0.0697674418604651 0.3 0.06
71 13 2 1 14 0.0769230769230769 0.5 0.0714285714285714
7106 8 1 0 9 0 0 0
714 12 2 2 12 0.166666666666667 1 0.166666666666667
719 26 3 3 26 0.115384615384615 1 0.115384615384615
7195 1 1 0 2 0 0 0
72 9 1 0 10 0 0 0
7303 75 2 2 75 0.0266666666666667 1 0.0266666666666667
7377 2 1 1 2 0.5 1 0.5
7385 189 7 6 190 0.0317460317460317 0.857142857142857 0.0315789473684211
7412 1 1 0 2 0 0 0
7470 36 2 2 36 0.0555555555555556 1 0.0555555555555556
7473 140 28 23 145 0.164285714285714 0.821428571428571 0.158620689655172
7477 1 1 1 1 1 1 1
7491 8 1 0 9 0 0 0
7500 58 10 7 61 0.120689655172414 0.7 0.114754098360656
7503 4 3 1 6 0.25 0.333333333333333 0.166666666666667
7511 3 1 0 4 0 0 0
7514 17 6 4 19 0.235294117647059 0.666666666666667 0.210526315789474
7516 5 1 0 6 0 0 0
7521 5 2 1 6 0.2 0.5 0.166666666666667
7522 6 4 1 9 0.166666666666667 0.25 0.111111111111111
7527 6 1 1 6 0.166666666666667 1 0.166666666666667
7529 19 3 2 20 0.105263157894737 0.666666666666667 0.1
7530 2 2 1 3 0.5 0.5 0.333333333333333
7539 24 9 8 25 0.333333333333333 0.888888888888889 0.32
7543 17 2 1 18 0.0588235294117647 0.5 0.0555555555555556
7545 16 1 0 17 0 0 0
7575 247 19 19 247 0.0769230769230769 1 0.0769230769230769
7587 1 2 1 2 1 0.5 0.5
7594 4 3 1 6 0.25 0.333333333333333 0.166666666666667
7599 1 1 0 2 0 0 0
760 3 2 2 3 0.666666666666667 1 0.666666666666667
7602 7 1 0 8 0 0 0
7606 49 7 4 52 0.0816326530612245 0.571428571428571 0.0769230769230769
7615 1 1 1 1 1 1 1
7629 3 2 0 5 0 0 0
7657 10 1 1 10 0.1 1 0.1
766 18 6 5 19 0.277777777777778 0.833333333333333 0.263157894736842
7660 42 25 20 47 0.476190476190476 0.8 0.425531914893617
7665 1 1 1 1 1 1 1
7667 4 2 1 5 0.25 0.5 0.2
7668 10 2 1 11 0.1 0.5 0.0909090909090909
7670 21 4 2 23 0.0952380952380952 0.5 0.0869565217391304
7671 3 1 1 3 0.333333333333333 1 0.333333333333333
7682 11 3 2 12 0.181818181818182 0.666666666666667 0.166666666666667
7687 4 1 1 4 0.25 1 0.25
7693 24 3 2 25 0.0833333333333333 0.666666666666667 0.08
7718 17 2 2 17 0.117647058823529 1 0.117647058823529
7753 6 1 1 6 0.166666666666667 1 0.166666666666667
7781 6 8 3 11 0.5 0.375 0.272727272727273
7784 36 3 3 36 0.0833333333333333 1 0.0833333333333333
7786 9 3 2 10 0.222222222222222 0.666666666666667 0.2
7843 51 1 1 51 0.0196078431372549 1 0.0196078431372549
7847 2 1 1 2 0.5 1 0.5
786 61 13 10 64 0.163934426229508 0.769230769230769 0.15625
7860 1 1 1 1 1 1 1
790 1 1 0 2 0 0 0
7908 37 3 2 38 0.0540540540540541 0.666666666666667 0.0526315789473684
7922 83 11 11 83 0.132530120481928 1 0.132530120481928
7941 3 1 1 3 0.333333333333333 1 0.333333333333333
7949 10 2 0 12 0 0 0
8001 325 12 12 325 0.0369230769230769 1 0.0369230769230769
8002 54 5 4 55 0.0740740740740741 0.8 0.0727272727272727
8015 8 2 1 9 0.125 0.5 0.111111111111111
8018 2 1 0 3 0 0 0
8025 6 1 0 7 0 0 0
803 25 2 2 25 0.08 1 0.08
8038 1 2 1 2 1 0.5 0.5
8047 26 3 3 26 0.115384615384615 1 0.115384615384615
8057 10 1 0 11 0 0 0
8075 79 8 7 80 0.0886075949367089 0.875 0.0875
8092 13 5 5 13 0.384615384615385 1 0.384615384615385
81 29 2 1 30 0.0344827586206897 0.5 0.0333333333333333
8111 5 2 2 5 0.4 1 0.4
812 125 1 1 125 0.008 1 0.008
8121 66 13 8 71 0.121212121212121 0.615384615384615 0.112676056338028
8158 2 1 1 2 0.5 1 0.5
8190 62 1 1 62 0.0161290322580645 1 0.0161290322580645
8201 9 2 2 9 0.222222222222222 1 0.222222222222222
8218 243 31 29 245 0.119341563786008 0.935483870967742 0.118367346938776
8220 547 11 10 548 0.0182815356489945 0.909090909090909 0.0182481751824818
8224 10 7 5 12 0.5 0.714285714285714 0.416666666666667
8226 6 3 0 9 0 0 0
8237 10 6 5 11 0.5 0.833333333333333 0.454545454545455
8240 3 1 0 4 0 0 0
8246 203 3 0 206 0 0 0
8251 10 7 5 12 0.5 0.714285714285714 0.416666666666667
8256 1 1 1 1 1 1 1
8262 37 1 1 37 0.027027027027027 1 0.027027027027027
8267 2 1 1 2 0.5 1 0.5
8282 9 1 1 9 0.111111111111111 1 0.111111111111111
8283 6 4 3 7 0.5 0.75 0.428571428571429
8286 2 1 0 3 0 0 0
8299 12 1 0 13 0 0 0
8308 51 3 3 51 0.0588235294117647 1 0.0588235294117647
8312 14 1 1 14 0.0714285714285714 1 0.0714285714285714
8319 50 17 14 53 0.28 0.823529411764706 0.264150943396226
8330 10 2 2 10 0.2 1 0.2
8331 266 1 1 266 0.0037593984962406 1 0.0037593984962406
8346 6 2 2 6 0.333333333333333 1 0.333333333333333
8358 14 1 1 14 0.0714285714285714 1 0.0714285714285714
8359 698 41 31 708 0.0444126074498567 0.75609756097561 0.0437853107344633
8364 10 1 1 10 0.1 1 0.1
8365 141 107 47 201 0.333333333333333 0.439252336448598 0.233830845771144
8368 40 16 11 45 0.275 0.6875 0.244444444444444
8374 7 3 3 7 0.428571428571429 1 0.428571428571429
8387 17 4 3 18 0.176470588235294 0.75 0.166666666666667
8391 22 16 8 30 0.363636363636364 0.5 0.266666666666667
8396 1 1 0 2 0 0 0
8412 20 4 3 21 0.15 0.75 0.142857142857143
8419 272 4 4 272 0.0147058823529412 1 0.0147058823529412
8422 98 18 14 102 0.142857142857143 0.777777777777778 0.137254901960784
8426 500 22 20 502 0.04 0.909090909090909 0.0398406374501992
8442 25 18 10 33 0.4 0.555555555555556 0.303030303030303
8447 599 99 82 616 0.136894824707846 0.828282828282828 0.133116883116883
8452 38 4 4 38 0.105263157894737 1 0.105263157894737
8455 2 4 1 5 0.5 0.25 0.2
8462 3 2 2 3 0.666666666666667 1 0.666666666666667
8468 643 14 13 644 0.0202177293934681 0.928571428571429 0.0201863354037267
8469 32 18 14 36 0.4375 0.777777777777778 0.388888888888889
8473 63 10 5 68 0.0793650793650794 0.5 0.0735294117647059
8481 2 1 1 2 0.5 1 0.5
8492 751 3 3 751 0.00399467376830892 1 0.00399467376830892
8495 24 5 4 25 0.166666666666667 0.8 0.16
8501 35 13 13 35 0.371428571428571 1 0.371428571428571
8508 1 1 1 1 1 1 1
8517 17 2 2 17 0.117647058823529 1 0.117647058823529
8518 5 1 1 5 0.2 1 0.2
8522 3 2 2 3 0.666666666666667 1 0.666666666666667
8527 21 4 4 21 0.19047619047619 1 0.19047619047619
8529 7 1 1 7 0.142857142857143 1 0.142857142857143
8535 5 3 3 5 0.6 1 0.6
8545 4 9 2 11 0.5 0.222222222222222 0.181818181818182
855 34 1 1 34 0.0294117647058824 1 0.0294117647058824
8551 236 13 10 239 0.0423728813559322 0.769230769230769 0.0418410041841004
8560 79 30 23 86 0.291139240506329 0.766666666666667 0.267441860465116
8565 15 5 4 16 0.266666666666667 0.8 0.25
8567 2 1 1 2 0.5 1 0.5
8582 50 20 14 56 0.28 0.7 0.25
8586 60 10 7 63 0.116666666666667 0.7 0.111111111111111
8591 47 10 8 49 0.170212765957447 0.8 0.163265306122449
8596 94 10 10 94 0.106382978723404 1 0.106382978723404
8607 42 5 4 43 0.0952380952380952 0.8 0.0930232558139535
8624 1 1 1 1 1 1 1
8648 33 17 10 40 0.303030303030303 0.588235294117647 0.25
8657 99 14 12 101 0.121212121212121 0.857142857142857 0.118811881188119
8664 12 5 4 13 0.333333333333333 0.8 0.307692307692308
8674 48 7 6 49 0.125 0.857142857142857 0.122448979591837
8676 6 2 2 6 0.333333333333333 1 0.333333333333333
8677 9 1 1 9 0.111111111111111 1 0.111111111111111
8681 42 7 3 46 0.0714285714285714 0.428571428571429 0.0652173913043478
8683 28 1 1 28 0.0357142857142857 1 0.0357142857142857
8708 263 2 1 264 0.00380228136882129 0.5 0.00378787878787879
8717 97 16 11 102 0.11340206185567 0.6875 0.107843137254902
8728 2 1 1 2 0.5 1 0.5
8737 30 5 2 33 0.0666666666666667 0.4 0.0606060606060606
8758 14 6 6 14 0.428571428571429 1 0.428571428571429
8763 172 58 56 174 0.325581395348837 0.96551724137931 0.32183908045977
8767 65 28 21 72 0.323076923076923 0.75 0.291666666666667
8771 8 1 0 9 0 0 0
8778 9 2 2 9 0.222222222222222 1 0.222222222222222
8781 54 6 5 55 0.0925925925925926 0.833333333333333 0.0909090909090909
8784 9 1 0 10 0 0 0
8804 44 14 9 49 0.204545454545455 0.642857142857143 0.183673469387755
8816 15 1 1 15 0.0666666666666667 1 0.0666666666666667
8820 8 3 2 9 0.25 0.666666666666667 0.222222222222222
8832 1 1 1 1 1 1 1
8844 37 2 2 37 0.0540540540540541 1 0.0540540540540541
8866 107 2 2 107 0.0186915887850467 1 0.0186915887850467
8878 4 3 3 4 0.75 1 0.75
8879 26 13 7 32 0.269230769230769 0.538461538461538 0.21875
8881 187 34 32 189 0.171122994652406 0.941176470588235 0.169312169312169
8890 2 1 1 2 0.5 1 0.5
8895 8 2 2 8 0.25 1 0.25
8897 58 15 7 66 0.120689655172414 0.466666666666667 0.106060606060606
8903 15 3 1 17 0.0666666666666667 0.333333333333333 0.0588235294117647
8915 3 1 1 3 0.333333333333333 1 0.333333333333333
8928 634 24 24 634 0.0378548895899054 1 0.0378548895899054
8934 2 1 1 2 0.5 1 0.5
8943 19 5 5 19 0.263157894736842 1 0.263157894736842
8953 23 1 0 24 0 0 0
8954 36 12 7 41 0.194444444444444 0.583333333333333 0.170731707317073
8966 101 1 1 101 0.0099009900990099 1 0.0099009900990099
8970 2 1 1 2 0.5 1 0.5
8978 3 2 2 3 0.666666666666667 1 0.666666666666667
9 4 1 1 4 0.25 1 0.25
9002 1406 413 398 1421 0.283072546230441 0.963680387409201 0.280084447572132
9008 5 3 3 5 0.6 1 0.6
9009 154 19 14 159 0.0909090909090909 0.736842105263158 0.0880503144654088
9022 3 1 1 3 0.333333333333333 1 0.333333333333333
9026 12 6 5 13 0.416666666666667 0.833333333333333 0.384615384615385
9031 66 12 9 69 0.136363636363636 0.75 0.130434782608696
9044 60 22 16 66 0.266666666666667 0.727272727272727 0.242424242424242
9063 50 18 13 55 0.26 0.722222222222222 0.236363636363636
9080 8 6 4 10 0.5 0.666666666666667 0.4
9085 9 1 1 9 0.111111111111111 1 0.111111111111111
9112 5 1 1 5 0.2 1 0.2
9119 94 14 10 98 0.106382978723404 0.714285714285714 0.102040816326531
9121 244 2 2 244 0.00819672131147541 1 0.00819672131147541
9129 4 1 0 5 0 0 0
9145 83 14 10 87 0.120481927710843 0.714285714285714 0.114942528735632
9150 28 8 5 31 0.178571428571429 0.625 0.161290322580645
9153 42 7 7 42 0.166666666666667 1 0.166666666666667
9162 1 1 1 1 1 1 1
9167 22 1 1 22 0.0454545454545455 1 0.0454545454545455
9188 3 2 1 4 0.333333333333333 0.5 0.25
9191 50 8 6 52 0.12 0.75 0.115384615384615
9211 44 14 10 48 0.227272727272727 0.714285714285714 0.208333333333333
9231 2 2 1 3 0.5 0.5 0.333333333333333
9264 29 16 7 38 0.241379310344828 0.4375 0.184210526315789
9268 9 2 1 10 0.111111111111111 0.5 0.1
9270 27 5 3 29 0.111111111111111 0.6 0.103448275862069
9293 24 1 1 24 0.0416666666666667 1 0.0416666666666667
9299 49 2 1 50 0.0204081632653061 0.5 0.02
9304 198 8 7 199 0.0353535353535354 0.875 0.0351758793969849
9329 13 2 2 13 0.153846153846154 1 0.153846153846154
9340 1 5 0 6 0 0 0
9354 14 1 1 14 0.0714285714285714 1 0.0714285714285714
9365 6 1 1 6 0.166666666666667 1 0.166666666666667
9367 3 1 1 3 0.333333333333333 1 0.333333333333333
9406 2 1 0 3 0 0 0
9431 2 2 2 2 1 1 1
9433 3 3 1 5 0.333333333333333 0.333333333333333 0.2
9445 1 1 1 1 1 1 1
9476 7 1 0 8 0 0 0
9482 21 4 4 21 0.19047619047619 1 0.19047619047619
9497 36 6 6 36 0.166666666666667 1 0.166666666666667
9498 229 3 3 229 0.0131004366812227 1 0.0131004366812227
9503 32 7 5 34 0.15625 0.714285714285714 0.147058823529412
9505 114 11 9 116 0.0789473684210526 0.818181818181818 0.0775862068965517
9534 9 2 2 9 0.222222222222222 1 0.222222222222222
9541 6 1 0 7 0 0 0
9549 3 1 1 3 0.333333333333333 1 0.333333333333333
9555 2 1 0 3 0 0 0
9583 37 2 2 37 0.0540540540540541 1 0.0540540540540541
9584 11 2 1 12 0.0909090909090909 0.5 0.0833333333333333
9595 6 5 3 8 0.5 0.6 0.375
9600 5 3 3 5 0.6 1 0.6
9601 10 1 1 10 0.1 1 0.1
9607 6 4 1 9 0.166666666666667 0.25 0.111111111111111
9612 1 1 0 2 0 0 0
9619 2 2 2 2 1 1 1
9621 3 1 1 3 0.333333333333333 1 0.333333333333333
9622 7 5 2 10 0.285714285714286 0.4 0.2
9700 7 3 2 8 0.285714285714286 0.666666666666667 0.25
9732 2 2 1 3 0.5 0.5 0.333333333333333
9737 7 1 1 7 0.142857142857143 1 0.142857142857143
9738 10 1 0 11 0 0 0
9794 5 1 1 5 0.2 1 0.2
9800 3 2 0 5 0 0 0
9821 5 2 2 5 0.4 1 0.4
9829 17 2 2 17 0.117647058823529 1 0.117647058823529
9892 3 1 1 3 0.333333333333333 1 0.333333333333333
9896 2 1 1 2 0.5 1 0.5
9901 24 7 4 27 0.166666666666667 0.571428571428571 0.148148148148148
9911 21 1 1 21 0.0476190476190476 1 0.0476190476190476
9919 15 1 0 16 0 0 0
9924 51 1 0 52 0 0 0
9930 12 4 4 12 0.333333333333333 1 0.333333333333333
9937 1 1 0 2 0 0 0
9999 2 1 0 3 0 0 0
