#ASN num_v4adj num_v6adj num_intersect(v4v6adj) num_union(adj) fr_v4(num_intersect/num_v4adj) fr_v6(num_intersect/num_v6adj) fr_intersect(num_intersect/num_union)
10013 3 9 1 11 0.333333333333333 0.111111111111111 0.0909090909090909
10015 13 1 0 14 0 0 0
10063 3 1 1 3 0.333333333333333 1 0.333333333333333
10204 8 2 1 9 0.125 0.5 0.111111111111111
10318 3 3 0 6 0 0 0
10429 19 2 1 20 0.0526315789473684 0.5 0.05
10886 27 2 2 27 0.0740740740740741 1 0.0740740740740741
109 9 27 1 35 0.111111111111111 0.037037037037037 0.0285714285714286
1103 146 39 34 151 0.232876712328767 0.871794871794872 0.225165562913907
11340 6 1 0 7 0 0 0
11537 75 34 26 83 0.346666666666667 0.764705882352941 0.313253012048193
11630 3 4 0 7 0 0 0
11990 3 1 0 4 0 0 0
1200 26 9 6 29 0.230769230769231 0.666666666666667 0.206896551724138
12008 20 1 1 20 0.05 1 0.05
12111 26 1 1 26 0.0384615384615385 1 0.0384615384615385
1213 6 3 3 6 0.5 1 0.5
12199 1 4 0 5 0 0 0
1221 86 5 1 90 0.0116279069767442 0.2 0.0111111111111111
12312 31 2 2 31 0.0645161290322581 1 0.0645161290322581
12337 26 10 7 29 0.269230769230769 0.7 0.241379310344828
12353 4 2 0 6 0 0 0
12355 3 1 0 4 0 0 0
1237 33 3 2 34 0.0606060606060606 0.666666666666667 0.0588235294117647
12371 3 1 0 4 0 0 0
12399 26 1 1 26 0.0384615384615385 1 0.0384615384615385
12401 9 2 1 10 0.111111111111111 0.5 0.1
12414 29 11 7 33 0.241379310344828 0.636363636363636 0.212121212121212
1251 4 5 1 8 0.25 0.2 0.125
12533 2 3 1 4 0.5 0.333333333333333 0.25
12558 12 2 1 13 0.0833333333333333 0.5 0.0769230769230769
1257 103 6 0 109 0 0 0
12600 8 1 1 8 0.125 1 0.125
12611 24 10 7 27 0.291666666666667 0.7 0.259259259259259
12634 29 11 7 33 0.241379310344828 0.636363636363636 0.212121212121212
12637 3 3 0 6 0 0 0
12638 2 3 0 5 0 0 0
12657 1 2 1 2 1 0.5 0.5
1273 281 54 27 308 0.096085409252669 0.5 0.0876623376623377
12731 28 7 3 32 0.107142857142857 0.428571428571429 0.09375
12732 13 2 1 14 0.0769230769230769 0.5 0.0714285714285714
12767 4 1 0 5 0 0 0
12779 59 15 7 67 0.11864406779661 0.466666666666667 0.104477611940299
12793 172 6 5 173 0.0290697674418605 0.833333333333333 0.0289017341040462
12817 2 1 1 2 0.5 1 0.5
12831 6 2 1 7 0.166666666666667 0.5 0.142857142857143
12853 1 6 0 7 0 0 0
12859 239 59 51 247 0.213389121338912 0.864406779661017 0.206477732793522
12871 31 14 9 36 0.290322580645161 0.642857142857143 0.25
12902 30 11 7 34 0.233333333333333 0.636363636363636 0.205882352941176
12931 2 1 1 2 0.5 1 0.5
12956 237 5 5 237 0.0210970464135021 1 0.0210970464135021
12968 58 5 0 63 0 0 0
1299 320 18 15 323 0.046875 0.833333333333333 0.0464396284829721
13 1 1 1 1 1 1 1
13046 12 1 1 12 0.0833333333333333 1 0.0833333333333333
13058 2 1 0 3 0 0 0
13092 3 1 1 3 0.333333333333333 1 0.333333333333333
13110 5 4 1 8 0.2 0.25 0.125
13115 4 1 0 5 0 0 0
13129 45 1 1 45 0.0222222222222222 1 0.0222222222222222
13189 19 1 1 19 0.0526315789473684 1 0.0526315789473684
13193 23 11 3 31 0.130434782608696 0.272727272727273 0.0967741935483871
13272 1 1 1 1 1 1 1
13300 1 2 1 2 1 0.5 0.5
13645 31 3 0 34 0 0 0
137 10 1 1 10 0.1 1 0.1
13944 2 6 0 8 0 0 0
14277 10 8 2 16 0.2 0.25 0.125
145 8 9 0 17 0 0 0
15180 5 4 0 9 0 0 0
15440 7 2 0 9 0 0 0
15444 256 25 19 262 0.07421875 0.76 0.0725190839694656
15469 1 1 0 2 0 0 0
15498 8 2 0 10 0 0 0
15501 2 2 2 2 1 1 1
15557 48 1 0 49 0 0 0
15589 36 9 2 43 0.0555555555555556 0.222222222222222 0.0465116279069767
15600 36 5 4 37 0.111111111111111 0.8 0.108108108108108
15623 17 3 2 18 0.117647058823529 0.666666666666667 0.111111111111111
15685 10 1 1 10 0.1 1 0.1
15703 88 7 7 88 0.0795454545454545 1 0.0795454545454545
15798 2 1 0 3 0 0 0
15897 1 2 0 3 0 0 0
15919 6 1 1 6 0.166666666666667 1 0.166666666666667
16004 9 3 1 11 0.111111111111111 0.333333333333333 0.0909090909090909
16023 3 1 0 4 0 0 0
16034 23 6 2 27 0.0869565217391304 0.333333333333333 0.0740740740740741
16086 25 7 4 28 0.16 0.571428571428571 0.142857142857143
16091 1 1 0 2 0 0 0
16128 12 3 3 12 0.25 1 0.25
16131 29 7 3 33 0.103448275862069 0.428571428571429 0.0909090909090909
16150 118 9 5 122 0.0423728813559322 0.555555555555556 0.040983606557377
16186 5 9 1 13 0.2 0.111111111111111 0.0769230769230769
16215 9 4 3 10 0.333333333333333 0.75 0.3
16237 22 4 2 24 0.0909090909090909 0.5 0.0833333333333333
16245 14 4 2 16 0.142857142857143 0.5 0.125
16260 24 1 1 24 0.0416666666666667 1 0.0416666666666667
16265 33 1 1 33 0.0303030303030303 1 0.0303030303030303
16276 14 2 2 14 0.142857142857143 1 0.142857142857143
1653 26 2 1 27 0.0384615384615385 0.5 0.037037037037037
16531 7 1 0 8 0 0 0
16713 24 3 1 26 0.0416666666666667 0.333333333333333 0.0384615384615385
16838 7 2 0 9 0 0 0
17263 4 1 0 5 0 0 0
1741 9 2 2 9 0.222222222222222 1 0.222222222222222
17511 7 3 1 9 0.142857142857143 0.333333333333333 0.111111111111111
17527 4 7 2 9 0.5 0.285714285714286 0.222222222222222
17529 6 1 0 7 0 0 0
17579 9 6 6 9 0.666666666666667 1 0.666666666666667
1759 24 1 1 24 0.0416666666666667 1 0.0416666666666667
17709 9 1 0 10 0 0 0
17828 2 1 0 3 0 0 0
17832 6 11 0 17 0 0 0
17934 2 4 1 5 0.5 0.25 0.2
17935 1 1 0 2 0 0 0
1797 1 3 0 4 0 0 0
1798 4 2 0 6 0 0 0
18185 5 2 2 5 0.4 1 0.4
18266 3 1 1 3 0.333333333333333 1 0.333333333333333
1835 6 2 2 6 0.333333333333333 1 0.333333333333333
18422 4 1 1 4 0.25 1 0.25
1853 91 14 12 93 0.131868131868132 0.857142857142857 0.129032258064516
18666 2 1 0 3 0 0 0
1897 1 2 0 3 0 0 0
1916 16 7 2 21 0.125 0.285714285714286 0.0952380952380952
1930 6 12 3 15 0.5 0.25 0.2
195 8 1 1 8 0.125 1 0.125
1955 10 1 1 10 0.1 1 0.1
19782 7 1 1 7 0.142857142857143 1 0.142857142857143
20080 8 2 2 8 0.25 1 0.25
20312 7 1 1 7 0.142857142857143 1 0.142857142857143
2042 9 10 1 18 0.111111111111111 0.1 0.0555555555555556
2044 13 1 0 14 0 0 0
20473 5 1 0 6 0 0 0
20495 90 8 5 93 0.0555555555555556 0.625 0.0537634408602151
20569 6 2 1 7 0.166666666666667 0.5 0.142857142857143
20612 3 1 0 4 0 0 0
20621 2 2 2 2 1 1 1
20640 167 41 33 175 0.197604790419162 0.804878048780488 0.188571428571429
20646 51 16 11 56 0.215686274509804 0.6875 0.196428571428571
20704 15 4 2 17 0.133333333333333 0.5 0.117647058823529
20712 5 1 0 6 0 0 0
20718 20 7 3 24 0.15 0.428571428571429 0.125
20745 2 5 0 7 0 0 0
20762 2 1 0 3 0 0 0
20794 3 3 1 5 0.333333333333333 0.333333333333333 0.2
20834 38 4 1 41 0.0263157894736842 0.25 0.024390243902439
20847 37 11 8 40 0.216216216216216 0.727272727272727 0.2
209 1146 1 1 1146 0.00087260034904014 1 0.00087260034904014
20900 2 1 0 3 0 0 0
20912 2 2 0 4 0 0 0
20965 41 32 32 41 0.780487804878049 1 0.780487804878049
210 8 1 1 8 0.125 1 0.125
2107 1 1 1 1 1 1 1
2108 1 1 1 1 1 1 1
2110 36 6 5 37 0.138888888888889 0.833333333333333 0.135135135135135
21119 7 2 0 9 0 0 0
21155 42 15 9 48 0.214285714285714 0.6 0.1875
2116 65 1 1 65 0.0153846153846154 1 0.0153846153846154
21221 31 5 4 32 0.129032258064516 0.8 0.125
2128 3 2 2 3 0.666666666666667 1 0.666666666666667
21385 29 13 7 35 0.241379310344828 0.538461538461538 0.2
21398 16 2 0 18 0 0 0
21501 3 1 0 4 0 0 0
2153 20 2 2 20 0.1 1 0.1
2200 44 5 3 46 0.0681818181818182 0.6 0.0652173913043478
22166 2 1 0 3 0 0 0
22335 26 2 1 27 0.0384615384615385 0.5 0.037037037037037
224 5 4 1 8 0.2 0.25 0.125
22548 4 1 0 5 0 0 0
226 18 1 1 18 0.0555555555555556 1 0.0555555555555556
22767 1 1 1 1 1 1 1
23393 26 4 2 28 0.0769230769230769 0.5 0.0714285714285714
23774 3 2 1 4 0.333333333333333 0.5 0.25
23787 2 2 1 3 0.5 0.5 0.333333333333333
23789 1 2 1 2 1 0.5 0.5
2381 22 1 1 22 0.0454545454545455 1 0.0454545454545455
2386 8 1 0 9 0 0 0
23910 1 2 1 2 1 0.5 0.5
23911 1 3 1 3 1 0.333333333333333 0.333333333333333
23912 1 1 0 2 0 0 0
24 9 1 1 9 0.111111111111111 1 0.111111111111111
24252 3 3 2 4 0.666666666666667 0.666666666666667 0.5
24587 43 13 9 47 0.209302325581395 0.692307692307692 0.191489361702128
24723 1 1 0 2 0 0 0
24730 38 7 5 40 0.131578947368421 0.714285714285714 0.125
24776 6 2 1 7 0.166666666666667 0.5 0.142857142857143
2486 8 1 1 8 0.125 1 0.125
24875 54 10 5 59 0.0925925925925926 0.5 0.0847457627118644
2497 204 56 39 221 0.191176470588235 0.696428571428571 0.176470588235294
24973 2 1 1 2 0.5 1 0.5
250 3 1 0 4 0 0 0
2500 26 53 11 68 0.423076923076923 0.207547169811321 0.161764705882353
2510 15 8 3 20 0.2 0.375 0.15
25108 13 1 1 13 0.0769230769230769 1 0.0769230769230769
25137 158 5 3 160 0.0189873417721519 0.6 0.01875
2514 16 6 4 18 0.25 0.666666666666667 0.222222222222222
25152 25 7 3 29 0.12 0.428571428571429 0.103448275862069
2516 300 46 34 312 0.113333333333333 0.739130434782609 0.108974358974359
2518 45 7 4 48 0.0888888888888889 0.571428571428571 0.0833333333333333
2519 24 3 0 27 0 0 0
25208 6 2 0 8 0 0 0
2523 5 1 0 6 0 0 0
25232 175 10 9 176 0.0514285714285714 0.9 0.0511363636363636
2527 8 8 2 14 0.25 0.25 0.142857142857143
25358 12 11 1 22 0.0833333333333333 0.0909090909090909 0.0454545454545455
25384 9 3 1 11 0.111111111111111 0.333333333333333 0.0909090909090909
2549 2 4 0 6 0 0 0
25492 6 3 1 8 0.166666666666667 0.333333333333333 0.125
25538 2 1 0 3 0 0 0
25560 132 12 8 136 0.0606060606060606 0.666666666666667 0.0588235294117647
2594 8 1 1 8 0.125 1 0.125
2595 3 2 1 4 0.333333333333333 0.5 0.25
2602 2 2 1 3 0.5 0.5 0.333333333333333
2603 36 10 7 39 0.194444444444444 0.7 0.179487179487179
2607 45 5 3 47 0.0666666666666667 0.6 0.0638297872340425
2609 3 1 0 4 0 0 0
2611 37 12 8 41 0.216216216216216 0.666666666666667 0.195121951219512
2614 10 2 1 11 0.1 0.5 0.0909090909090909
26415 14 2 0 16 0 0 0
27552 4 1 1 4 0.25 1 0.25
278 8 6 0 14 0 0 0
2819 17 3 0 20 0 0 0
2847 2 2 1 3 0.5 0.5 0.333333333333333
2852 8 3 3 8 0.375 1 0.375
28716 25 2 1 26 0.04 0.5 0.0384615384615385
28725 5 1 1 5 0.2 1 0.2
28747 181 5 5 181 0.0276243093922652 1 0.0276243093922652
28788 35 3 3 35 0.0857142857142857 1 0.0857142857142857
28855 9 2 2 9 0.222222222222222 1 0.222222222222222
2895 4 2 2 4 0.5 1 0.5
2905 26 2 1 27 0.0384615384615385 0.5 0.037037037037037
2907 58 6 3 61 0.0517241379310345 0.5 0.0491803278688525
2914 625 111 61 675 0.0976 0.54954954954955 0.0903703703703704
2915 34 8 3 39 0.0882352941176471 0.375 0.0769230769230769
29208 9 2 1 10 0.111111111111111 0.5 0.1
29216 1 3 1 3 1 0.333333333333333 0.333333333333333
29243 2 1 1 2 0.5 1 0.5
29259 5 2 2 5 0.4 1 0.4
293 114 24 14 124 0.12280701754386 0.583333333333333 0.112903225806452
29317 1 2 1 2 1 0.5 0.5
29377 1 8 0 9 0 0 0
29422 5 1 1 5 0.2 1 0.2
29432 1 1 1 1 1 1 1
29449 3 4 1 6 0.333333333333333 0.25 0.166666666666667
29452 5 1 0 6 0 0 0
29629 7 1 0 8 0 0 0
29632 4 1 0 5 0 0 0
29670 1 2 0 3 0 0 0
29686 296 56 50 302 0.168918918918919 0.892857142857143 0.165562913907285
29748 16 2 2 16 0.125 1 0.125
29838 10 4 1 13 0.1 0.25 0.0769230769230769
3 5 1 0 6 0 0 0
30071 3 35 3 35 1 0.0857142857142857 0.0857142857142857
30129 3 2 2 3 0.666666666666667 1 0.666666666666667
30653 13 2 0 15 0 0 0
31103 2 5 0 7 0 0 0
31265 1 1 1 1 1 1 1
3130 21 1 1 21 0.0476190476190476 1 0.0476190476190476
31383 15 8 5 18 0.333333333333333 0.625 0.277777777777778
31479 2 1 1 2 0.5 1 0.5
31508 24 3 2 25 0.0833333333333333 0.666666666666667 0.08
31985 5 1 0 6 0 0 0
3212 27 1 0 28 0 0 0
3221 1 1 1 1 1 1 1
3243 12 5 1 16 0.0833333333333333 0.2 0.0625
32459 3 1 1 3 0.333333333333333 1 0.333333333333333
3246 115 10 8 117 0.0695652173913043 0.8 0.0683760683760684
3248 9 5 2 12 0.222222222222222 0.4 0.166666666666667
3249 26 3 1 28 0.0384615384615385 0.333333333333333 0.0357142857142857
3257 252 121 47 326 0.186507936507937 0.388429752066116 0.144171779141104
3265 68 18 11 75 0.161764705882353 0.611111111111111 0.146666666666667
3274 3 2 0 5 0 0 0
3292 271 8 7 272 0.025830258302583 0.875 0.0257352941176471
32978 1 1 1 1 1 1 1
33 8 10 3 15 0.375 0.3 0.2
3301 31 1 1 31 0.032258064516129 1 0.032258064516129
3303 554 31 27 558 0.0487364620938628 0.870967741935484 0.0483870967741935
3320 343 17 7 353 0.0204081632653061 0.411764705882353 0.0198300283286119
3322 1 1 1 1 1 1 1
3327 17 6 2 21 0.117647058823529 0.333333333333333 0.0952380952380952
3333 136 29 26 139 0.191176470588235 0.896551724137931 0.18705035971223
3343 14 3 3 14 0.214285714285714 1 0.214285714285714
33437 1 2 1 2 1 0.5 0.5
3344 28 8 1 35 0.0357142857142857 0.125 0.0285714285714286
3352 59 5 1 63 0.0169491525423729 0.2 0.0158730158730159
34243 1 1 1 1 1 1 1
34288 2 2 0 4 0 0 0
3549 658 43 29 672 0.0440729483282675 0.674418604651163 0.0431547619047619
3557 86 14 10 90 0.116279069767442 0.714285714285714 0.111111111111111
3582 4 3 0 7 0 0 0
3597 9 2 0 11 0 0 0
3662 12 1 1 12 0.0833333333333333 1 0.0833333333333333
3741 163 1 0 164 0 0 0
3748 2 4 1 5 0.5 0.25 0.2
3758 32 5 0 37 0 0 0
376 12 1 1 12 0.0833333333333333 1 0.0833333333333333
3776 7 2 0 9 0 0 0
378 2 1 1 2 0.5 1 0.5
3786 298 3 1 300 0.00335570469798658 0.333333333333333 0.00333333333333333
3825 1 1 0 2 0 0 0
3836 6 3 0 9 0 0 0
4134 68 3 1 70 0.0147058823529412 0.333333333333333 0.0142857142857143
42 28 2 2 28 0.0714285714285714 1 0.0714285714285714
4436 58 3 3 58 0.0517241379310345 1 0.0517241379310345
4538 17 13 6 24 0.352941176470588 0.461538461538462 0.25
4555 1 7 0 8 0 0 0
4589 423 31 23 431 0.0543735224586288 0.741935483870968 0.0533642691415313
4608 3 1 1 3 0.333333333333333 1 0.333333333333333
4645 16 1 1 16 0.0625 1 0.0625
4651 27 2 0 29 0 0 0
4673 8 1 1 8 0.125 1 0.125
4675 6 7 2 11 0.333333333333333 0.285714285714286 0.181818181818182
4677 4 9 2 11 0.5 0.222222222222222 0.181818181818182
4678 5 9 2 12 0.4 0.222222222222222 0.166666666666667
4680 8 7 2 13 0.25 0.285714285714286 0.153846153846154
4685 6 8 3 11 0.5 0.375 0.272727272727273
4688 10 8 3 15 0.3 0.375 0.2
4691 8 13 4 17 0.5 0.307692307692308 0.235294117647059
4694 78 2 2 78 0.0256410256410256 1 0.0256410256410256
4697 1 25 1 25 1 0.04 0.04
4702 5 5 2 8 0.4 0.4 0.25
4713 87 2 2 87 0.0229885057471264 1 0.0229885057471264
4716 86 45 15 116 0.174418604651163 0.333333333333333 0.129310344827586
4717 4 3 2 5 0.5 0.666666666666667 0.4
4718 4 5 2 7 0.5 0.4 0.285714285714286
4721 7 6 0 13 0 0 0
4725 89 44 6 127 0.0674157303370786 0.136363636363636 0.047244094488189
4736 12 1 1 12 0.0833333333333333 1 0.0833333333333333
4741 3 1 0 4 0 0 0
4747 7 2 0 9 0 0 0
4750 33 1 0 34 0 0 0
4774 5 3 2 6 0.4 0.666666666666667 0.333333333333333
4777 28 7 5 30 0.178571428571429 0.714285714285714 0.166666666666667
4780 23 1 1 23 0.0434782608695652 1 0.0434782608695652
4788 72 4 3 73 0.0416666666666667 0.75 0.0410958904109589
4795 17 3 0 20 0 0 0
5050 10 1 1 10 0.1 1 0.1
513 37 12 6 43 0.162162162162162 0.5 0.13953488372093
5381 14 4 0 18 0 0 0
5385 11 4 1 14 0.0909090909090909 0.25 0.0714285714285714
5408 30 3 3 30 0.1 1 0.1
5410 39 7 1 45 0.0256410256410256 0.142857142857143 0.0222222222222222
5417 160 28 24 164 0.15 0.857142857142857 0.146341463414634
5418 7 2 2 7 0.285714285714286 1 0.285714285714286
5424 6 7 1 12 0.166666666666667 0.142857142857143 0.0833333333333333
5430 48 16 9 55 0.1875 0.5625 0.163636363636364
5459 171 4 4 171 0.0233918128654971 1 0.0233918128654971
5466 55 1 0 56 0 0 0
5486 27 2 0 29 0 0 0
5511 188 39 11 216 0.0585106382978723 0.282051282051282 0.0509259259259259
553 34 11 8 37 0.235294117647059 0.727272727272727 0.216216216216216
5537 13 2 1 14 0.0769230769230769 0.5 0.0714285714285714
5539 35 38 11 62 0.314285714285714 0.289473684210526 0.17741935483871
5550 4 2 2 4 0.5 1 0.5
5568 83 3 3 83 0.036144578313253 1 0.036144578313253
559 47 15 12 50 0.25531914893617 0.8 0.24
5602 16 4 3 17 0.1875 0.75 0.176470588235294
5609 2 18 1 19 0.5 0.0555555555555556 0.0526315789473684
5617 82 3 0 85 0 0 0
5623 1 3 0 4 0 0 0
5669 70 2 1 71 0.0142857142857143 0.5 0.0140845070422535
5693 8 3 2 9 0.25 0.666666666666667 0.222222222222222
6062 8 3 0 11 0 0 0
6066 4 1 0 5 0 0 0
6163 9 2 0 11 0 0 0
6342 4 4 0 8 0 0 0
6360 9 1 1 9 0.111111111111111 1 0.111111111111111
6435 3 20 0 23 0 0 0
6453 282 19 17 284 0.0602836879432624 0.894736842105263 0.0598591549295775
6461 608 4 4 608 0.00657894736842105 1 0.00657894736842105
6509 39 4 4 39 0.102564102564103 1 0.102564102564103
6619 10 1 1 10 0.1 1 0.1
6666 26 6 2 30 0.0769230769230769 0.333333333333333 0.0666666666666667
6667 387 52 50 389 0.129198966408269 0.961538461538462 0.12853470437018
6677 11 1 1 11 0.0909090909090909 1 0.0909090909090909
668 40 7 2 45 0.05 0.285714285714286 0.0444444444444444
6695 79 1 1 79 0.0126582278481013 1 0.0126582278481013
6696 17 4 2 19 0.117647058823529 0.5 0.105263157894737
6706 4 2 1 5 0.25 0.5 0.2
6730 196 7 6 197 0.0306122448979592 0.857142857142857 0.0304568527918782
6762 132 13 12 133 0.0909090909090909 0.923076923076923 0.0902255639097744
6770 20 3 3 20 0.15 1 0.15
6772 8 2 2 8 0.25 1 0.25
680 47 10 8 49 0.170212765957447 0.8 0.163265306122449
6802 5 1 1 5 0.2 1 0.2
6830 79 91 23 147 0.291139240506329 0.252747252747253 0.156462585034014
6895 32 1 1 32 0.03125 1 0.03125
6939 415 47 14 448 0.0337349397590361 0.297872340425532 0.03125
7018 1950 5 2 1953 0.00102564102564103 0.4 0.00102406554019457
7065 9 1 1 9 0.111111111111111 1 0.111111111111111
71 11 2 0 13 0 0 0
7500 68 4 3 69 0.0441176470588235 0.75 0.0434782608695652
7514 17 9 5 21 0.294117647058824 0.555555555555556 0.238095238095238
7516 6 1 0 7 0 0 0
7521 3 3 1 5 0.333333333333333 0.333333333333333 0.2
7522 4 5 2 7 0.5 0.4 0.285714285714286
7530 2 2 0 4 0 0 0
7539 25 4 4 25 0.16 1 0.16
7570 5 1 1 5 0.2 1 0.2
7575 66 9 8 67 0.121212121212121 0.888888888888889 0.119402985074627
7580 1 4 0 5 0 0 0
7610 22 2 1 23 0.0454545454545455 0.5 0.0434782608695652
766 15 5 3 17 0.2 0.6 0.176470588235294
7660 30 32 15 47 0.5 0.46875 0.319148936170213
7665 2 1 1 2 0.5 1 0.5
7667 3 6 3 6 1 0.5 0.5
7668 9 1 1 9 0.111111111111111 1 0.111111111111111
7670 13 2 2 13 0.153846153846154 1 0.153846153846154
7671 5 37 3 39 0.6 0.0810810810810811 0.0769230769230769
7682 10 3 2 11 0.2 0.666666666666667 0.181818181818182
7687 4 2 1 5 0.25 0.5 0.2
7786 5 1 0 6 0 0 0
786 40 10 3 47 0.075 0.3 0.0638297872340425
790 2 4 1 5 0.5 0.25 0.2
8002 25 3 0 28 0 0 0
8070 1 1 0 2 0 0 0
81 11 2 0 13 0 0 0
8121 19 2 0 21 0 0 0
8175 4 2 0 6 0 0 0
8195 29 4 2 31 0.0689655172413793 0.5 0.0645161290322581
8220 735 10 10 735 0.0136054421768707 1 0.0136054421768707
8237 9 3 0 12 0 0 0
8256 1 1 1 1 1 1 1
8267 2 2 0 4 0 0 0
8319 30 5 3 32 0.1 0.6 0.09375
8365 28 9 7 30 0.25 0.777777777777778 0.233333333333333
8419 18 2 1 19 0.0555555555555556 0.5 0.0526315789473684
8426 212 1 0 213 0 0 0
8447 80 15 5 90 0.0625 0.333333333333333 0.0555555555555556
8469 29 7 5 31 0.172413793103448 0.714285714285714 0.161290322580645
8472 49 8 2 55 0.0408163265306122 0.25 0.0363636363636364
8481 3 1 0 4 0 0 0
8501 32 5 5 32 0.15625 1 0.15625
8514 42 4 1 45 0.0238095238095238 0.25 0.0222222222222222
8517 16 1 1 16 0.0625 1 0.0625
8554 8 1 1 8 0.125 1 0.125
8560 46 14 10 50 0.217391304347826 0.714285714285714 0.2
8565 7 1 0 8 0 0 0
8591 19 4 2 21 0.105263157894737 0.5 0.0952380952380952
8657 56 3 1 58 0.0178571428571429 0.333333333333333 0.0172413793103448
8664 17 2 0 19 0 0 0
8665 16 10 6 20 0.375 0.6 0.3
8674 40 2 2 40 0.05 1 0.05
8676 5 1 0 6 0 0 0
8708 133 8 5 136 0.037593984962406 0.625 0.0367647058823529
8728 1 1 1 1 1 1 1
8737 31 9 4 36 0.129032258064516 0.444444444444444 0.111111111111111
8758 8 4 0 12 0 0 0
8763 112 27 23 116 0.205357142857143 0.851851851851852 0.198275862068966
8767 21 5 3 23 0.142857142857143 0.6 0.130434782608696
8781 2 1 1 2 0.5 1 0.5
8823 5 2 2 5 0.4 1 0.4
8881 88 1 1 88 0.0113636363636364 1 0.0113636363636364
8903 8 5 0 13 0 0 0
8921 1 2 0 3 0 0 0
8925 3 1 0 4 0 0 0
8943 8 1 0 9 0 0 0
8954 21 9 5 25 0.238095238095238 0.555555555555556 0.2
8966 25 1 1 25 0.04 1 0.04
8970 2 1 1 2 0.5 1 0.5
8973 3 1 0 4 0 0 0
8975 58 3 1 60 0.0172413793103448 0.333333333333333 0.0166666666666667
9044 78 1 1 78 0.0128205128205128 1 0.0128205128205128
9080 6 1 0 7 0 0 0
9112 5 4 1 8 0.2 0.25 0.125
9150 26 2 1 27 0.0384615384615385 0.5 0.037037037037037
9153 34 1 1 34 0.0294117647058824 1 0.0294117647058824
9186 21 1 0 22 0 0 0
9264 54 28 9 73 0.166666666666667 0.321428571428571 0.123287671232877
9270 34 8 5 37 0.147058823529412 0.625 0.135135135135135
9316 20 1 0 21 0 0 0
9406 1 1 0 2 0 0 0
9407 1 4 1 4 1 0.25 0.25
9416 16 2 0 18 0 0 0
9505 41 2 1 42 0.024390243902439 0.5 0.0238095238095238
9583 17 1 0 18 0 0 0
9595 7 4 2 9 0.285714285714286 0.5 0.222222222222222
9600 6 10 2 14 0.333333333333333 0.2 0.142857142857143
9607 8 3 0 11 0 0 0
9612 2 3 0 5 0 0 0
9619 2 2 2 2 1 1 1
9621 2 7 1 8 0.5 0.142857142857143 0.125
9622 8 1 1 8 0.125 1 0.125
9687 2 1 1 2 0.5 1 0.5
9701 3 1 0 4 0 0 0
9758 1 1 0 2 0 0 0
9821 4 1 1 4 0.25 1 0.25
9844 1 1 0 2 0 0 0
9995 3 2 2 3 0.666666666666667 1 0.666666666666667
