#ASN num_v4adj num_v6adj num_intersect(v4v6adj) num_union(adj) fr_v4(num_intersect/num_v4adj) fr_v6(num_intersect/num_v6adj) fr_intersect(num_intersect/num_union)
10013 3 8 1 10 0.333333333333333 0.125 0.1
10015 13 1 0 14 0 0 0
10204 5 2 1 6 0.2 0.5 0.166666666666667
10318 4 3 0 7 0 0 0
10343 2 1 1 2 0.5 1 0.5
10764 12 2 2 12 0.166666666666667 1 0.166666666666667
10886 27 2 2 27 0.0740740740740741 1 0.0740740740740741
109 9 29 1 37 0.111111111111111 0.0344827586206897 0.027027027027027
1103 146 40 34 152 0.232876712328767 0.85 0.223684210526316
11340 5 1 0 6 0 0 0
11537 76 29 27 78 0.355263157894737 0.931034482758621 0.346153846153846
1200 26 9 6 29 0.230769230769231 0.666666666666667 0.206896551724138
1205 1 1 0 2 0 0 0
12111 25 1 1 25 0.04 1 0.04
1213 6 4 3 7 0.5 0.75 0.428571428571429
12199 1 3 0 4 0 0 0
1221 88 4 1 91 0.0113636363636364 0.25 0.010989010989011
12312 35 2 2 35 0.0571428571428571 1 0.0571428571428571
12337 25 10 5 30 0.2 0.5 0.166666666666667
12353 4 4 1 7 0.25 0.25 0.142857142857143
12355 3 2 0 5 0 0 0
1237 32 2 1 33 0.03125 0.5 0.0303030303030303
12371 3 1 0 4 0 0 0
12401 8 6 1 13 0.125 0.166666666666667 0.0769230769230769
12414 30 10 8 32 0.266666666666667 0.8 0.25
1248 5 2 0 7 0 0 0
1251 5 4 1 8 0.2 0.25 0.125
12533 2 4 1 5 0.5 0.25 0.2
12558 14 3 1 16 0.0714285714285714 0.333333333333333 0.0625
12565 4 5 0 9 0 0 0
1257 193 6 2 197 0.0103626943005181 0.333333333333333 0.0101522842639594
12600 8 1 1 8 0.125 1 0.125
12611 25 8 6 27 0.24 0.75 0.222222222222222
12634 28 12 7 33 0.25 0.583333333333333 0.212121212121212
12638 2 3 0 5 0 0 0
12657 1 2 1 2 1 0.5 0.5
1273 269 21 17 273 0.0631970260223048 0.80952380952381 0.0622710622710623
12731 27 8 4 31 0.148148148148148 0.5 0.129032258064516
12732 13 2 2 13 0.153846153846154 1 0.153846153846154
12767 6 1 0 7 0 0 0
12779 59 15 7 67 0.11864406779661 0.466666666666667 0.104477611940299
12793 167 8 5 170 0.029940119760479 0.625 0.0294117647058824
12817 2 1 1 2 0.5 1 0.5
12853 1 7 1 7 1 0.142857142857143 0.142857142857143
12859 237 57 50 244 0.210970464135021 0.87719298245614 0.204918032786885
12871 24 14 7 31 0.291666666666667 0.5 0.225806451612903
12902 31 11 7 35 0.225806451612903 0.636363636363636 0.2
12931 2 1 1 2 0.5 1 0.5
12956 239 3 3 239 0.0125523012552301 1 0.0125523012552301
12968 61 5 2 64 0.0327868852459016 0.4 0.03125
1299 306 16 12 310 0.0392156862745098 0.75 0.0387096774193548
13 3 1 1 3 0.333333333333333 1 0.333333333333333
13039 2 1 1 2 0.5 1 0.5
13046 10 1 1 10 0.1 1 0.1
13058 2 2 0 4 0 0 0
13092 3 1 1 3 0.333333333333333 1 0.333333333333333
13110 5 9 1 13 0.2 0.111111111111111 0.0769230769230769
13129 104 1 1 104 0.00961538461538462 1 0.00961538461538462
13189 19 1 1 19 0.0526315789473684 1 0.0526315789473684
13193 23 11 3 31 0.130434782608696 0.272727272727273 0.0967741935483871
13272 1 1 1 1 1 1 1
13285 35 1 0 36 0 0 0
13300 1 1 1 1 1 1 1
13645 15 2 0 17 0 0 0
137 10 3 1 12 0.1 0.333333333333333 0.0833333333333333
13944 3 14 0 17 0 0 0
14277 10 9 2 17 0.2 0.222222222222222 0.117647058823529
145 8 7 0 15 0 0 0
15180 6 5 0 11 0 0 0
15440 5 2 0 7 0 0 0
15444 257 23 17 263 0.066147859922179 0.739130434782609 0.064638783269962
15450 4 3 0 7 0 0 0
15469 1 1 0 2 0 0 0
15498 10 3 0 13 0 0 0
15557 49 1 0 50 0 0 0
15589 37 19 2 54 0.0540540540540541 0.105263157894737 0.037037037037037
15600 36 5 4 37 0.111111111111111 0.8 0.108108108108108
15623 17 4 2 19 0.117647058823529 0.5 0.105263157894737
15685 11 1 1 11 0.0909090909090909 1 0.0909090909090909
15703 113 11 9 115 0.079646017699115 0.818181818181818 0.0782608695652174
15717 15 2 1 16 0.0666666666666667 0.5 0.0625
15897 2 1 0 3 0 0 0
15919 5 1 1 5 0.2 1 0.2
16004 9 4 1 12 0.111111111111111 0.25 0.0833333333333333
16023 4 2 0 6 0 0 0
16034 23 6 2 27 0.0869565217391304 0.333333333333333 0.0740740740740741
16086 24 5 3 26 0.125 0.6 0.115384615384615
16091 1 1 0 2 0 0 0
16131 26 6 2 30 0.0769230769230769 0.333333333333333 0.0666666666666667
16150 100 1 0 101 0 0 0
16186 7 5 1 11 0.142857142857143 0.2 0.0909090909090909
16215 9 4 3 10 0.333333333333333 0.75 0.3
16237 23 4 2 25 0.0869565217391304 0.5 0.08
16245 14 3 2 15 0.142857142857143 0.666666666666667 0.133333333333333
16260 22 4 1 25 0.0454545454545455 0.25 0.04
16265 32 1 1 32 0.03125 1 0.03125
1653 28 3 2 29 0.0714285714285714 0.666666666666667 0.0689655172413793
16531 8 1 0 9 0 0 0
16713 21 3 2 22 0.0952380952380952 0.666666666666667 0.0909090909090909
16838 7 2 0 9 0 0 0
17263 4 1 0 5 0 0 0
1741 10 2 2 10 0.2 1 0.2
17511 7 3 1 9 0.142857142857143 0.333333333333333 0.111111111111111
17527 4 7 2 9 0.5 0.285714285714286 0.222222222222222
17529 6 1 0 7 0 0 0
17579 7 6 5 8 0.714285714285714 0.833333333333333 0.625
1759 25 1 1 25 0.04 1 0.04
17709 10 1 0 11 0 0 0
17828 2 1 0 3 0 0 0
17832 6 11 0 17 0 0 0
17934 2 5 1 6 0.5 0.2 0.166666666666667
17935 1 1 0 2 0 0 0
1797 1 2 0 3 0 0 0
1798 4 3 0 7 0 0 0
18185 5 2 2 5 0.4 1 0.4
1835 9 3 3 9 0.333333333333333 1 0.333333333333333
1853 91 16 13 94 0.142857142857143 0.8125 0.138297872340426
18592 20 2 2 20 0.1 1 0.1
18666 2 1 0 3 0 0 0
1897 3 2 0 5 0 0 0
1916 16 6 2 20 0.125 0.333333333333333 0.1
1930 6 16 2 20 0.333333333333333 0.125 0.1
195 8 1 1 8 0.125 1 0.125
1955 10 3 1 12 0.1 0.333333333333333 0.0833333333333333
19782 7 1 1 7 0.142857142857143 1 0.142857142857143
20080 11 3 3 11 0.272727272727273 1 0.272727272727273
20312 7 1 1 7 0.142857142857143 1 0.142857142857143
2042 10 8 1 17 0.1 0.125 0.0588235294117647
2044 12 1 0 13 0 0 0
20473 6 1 0 7 0 0 0
20495 89 9 6 92 0.0674157303370786 0.666666666666667 0.0652173913043478
20569 6 1 1 6 0.166666666666667 1 0.166666666666667
20612 4 1 1 4 0.25 1 0.25
20621 2 2 2 2 1 1 1
20646 49 13 11 51 0.224489795918367 0.846153846153846 0.215686274509804
20704 15 3 2 16 0.133333333333333 0.666666666666667 0.125
20712 6 1 0 7 0 0 0
20718 19 5 1 23 0.0526315789473684 0.2 0.0434782608695652
20745 2 5 0 7 0 0 0
20794 3 3 1 5 0.333333333333333 0.333333333333333 0.2
20834 40 5 0 45 0 0 0
20847 37 12 9 40 0.243243243243243 0.75 0.225
209 1107 1 1 1107 0.000903342366757001 1 0.000903342366757001
20900 2 1 0 3 0 0 0
20912 2 2 0 4 0 0 0
20965 41 32 32 41 0.780487804878049 1 0.780487804878049
210 9 1 1 9 0.111111111111111 1 0.111111111111111
2107 1 1 1 1 1 1 1
2108 1 1 1 1 1 1 1
2110 37 10 4 43 0.108108108108108 0.4 0.0930232558139535
21119 9 2 0 11 0 0 0
21155 39 16 9 46 0.230769230769231 0.5625 0.195652173913043
21193 3 1 0 4 0 0 0
21221 25 11 6 30 0.24 0.545454545454545 0.2
2128 3 1 1 3 0.333333333333333 1 0.333333333333333
21385 29 11 7 33 0.241379310344828 0.636363636363636 0.212121212121212
21398 22 2 0 24 0 0 0
2153 19 2 2 19 0.105263157894737 1 0.105263157894737
2200 44 5 3 46 0.0681818181818182 0.6 0.0652173913043478
22166 2 1 0 3 0 0 0
22335 26 2 1 27 0.0384615384615385 0.5 0.037037037037037
224 9 4 2 11 0.222222222222222 0.5 0.181818181818182
22548 4 1 0 5 0 0 0
226 18 1 1 18 0.0555555555555556 1 0.0555555555555556
22767 1 1 1 1 1 1 1
23393 26 3 1 28 0.0384615384615385 0.333333333333333 0.0357142857142857
23774 4 2 1 5 0.25 0.5 0.2
23787 2 2 1 3 0.5 0.5 0.333333333333333
23789 1 1 0 2 0 0 0
2381 18 2 2 18 0.111111111111111 1 0.111111111111111
23910 1 1 1 1 1 1 1
23911 1 2 1 2 1 0.5 0.5
23912 1 1 0 2 0 0 0
24 8 2 2 8 0.25 1 0.25
24252 2 2 2 2 1 1 1
24587 41 14 7 48 0.170731707317073 0.5 0.145833333333333
24723 2 1 0 3 0 0 0
24730 37 7 4 40 0.108108108108108 0.571428571428571 0.1
24776 5 2 1 6 0.2 0.5 0.166666666666667
2486 9 1 1 9 0.111111111111111 1 0.111111111111111
24875 51 10 6 55 0.117647058823529 0.6 0.109090909090909
2497 205 55 38 222 0.185365853658537 0.690909090909091 0.171171171171171
24973 2 1 1 2 0.5 1 0.5
250 2 1 0 3 0 0 0
2500 30 50 11 69 0.366666666666667 0.22 0.159420289855072
2510 14 7 3 18 0.214285714285714 0.428571428571429 0.166666666666667
25108 11 2 1 12 0.0909090909090909 0.5 0.0833333333333333
25137 119 6 4 121 0.0336134453781513 0.666666666666667 0.0330578512396694
2514 16 5 4 17 0.25 0.8 0.235294117647059
25152 24 6 3 27 0.125 0.5 0.111111111111111
2516 299 45 33 311 0.110367892976589 0.733333333333333 0.106109324758842
2518 57 7 4 60 0.0701754385964912 0.571428571428571 0.0666666666666667
2519 26 2 0 28 0 0 0
25208 6 2 0 8 0 0 0
2523 5 1 0 6 0 0 0
25232 150 8 6 152 0.04 0.75 0.0394736842105263
2527 8 8 2 14 0.25 0.25 0.142857142857143
25358 12 11 1 22 0.0833333333333333 0.0909090909090909 0.0454545454545455
25384 8 3 1 10 0.125 0.333333333333333 0.1
2549 2 4 0 6 0 0 0
25492 19 3 1 21 0.0526315789473684 0.333333333333333 0.0476190476190476
25538 2 1 0 3 0 0 0
25560 104 10 8 106 0.0769230769230769 0.8 0.0754716981132075
2586 4 3 0 7 0 0 0
2594 8 1 1 8 0.125 1 0.125
2595 3 2 1 4 0.333333333333333 0.5 0.25
2602 2 2 1 3 0.5 0.5 0.333333333333333
2603 32 12 7 37 0.21875 0.583333333333333 0.189189189189189
2607 43 5 2 46 0.0465116279069767 0.4 0.0434782608695652
2609 3 1 0 4 0 0 0
2611 40 10 7 43 0.175 0.7 0.162790697674419
2614 10 2 1 11 0.1 0.5 0.0909090909090909
26415 13 2 0 15 0 0 0
27552 4 1 1 4 0.25 1 0.25
278 8 7 1 14 0.125 0.142857142857143 0.0714285714285714
2819 12 2 0 14 0 0 0
2847 2 3 1 4 0.5 0.333333333333333 0.25
2852 7 3 3 7 0.428571428571429 1 0.428571428571429
28716 26 3 1 28 0.0384615384615385 0.333333333333333 0.0357142857142857
28747 184 2 2 184 0.0108695652173913 1 0.0108695652173913
28788 36 3 3 36 0.0833333333333333 1 0.0833333333333333
28855 7 3 2 8 0.285714285714286 0.666666666666667 0.25
2895 4 2 2 4 0.5 1 0.5
2905 26 2 1 27 0.0384615384615385 0.5 0.037037037037037
2907 58 6 4 60 0.0689655172413793 0.666666666666667 0.0666666666666667
2914 722 104 55 771 0.0761772853185596 0.528846153846154 0.0713359273670558
2915 35 9 3 41 0.0857142857142857 0.333333333333333 0.0731707317073171
29188 5 1 0 6 0 0 0
29208 10 1 0 11 0 0 0
29216 1 3 1 3 1 0.333333333333333 0.333333333333333
29243 2 1 1 2 0.5 1 0.5
29259 5 3 2 6 0.4 0.666666666666667 0.333333333333333
293 112 23 12 123 0.107142857142857 0.521739130434783 0.0975609756097561
29317 1 2 1 2 1 0.5 0.5
29377 1 9 0 10 0 0 0
29422 6 1 1 6 0.166666666666667 1 0.166666666666667
29432 2 1 1 2 0.5 1 0.5
29449 3 5 2 6 0.666666666666667 0.4 0.333333333333333
29629 7 1 0 8 0 0 0
29632 4 1 0 5 0 0 0
29670 1 2 0 3 0 0 0
29686 233 51 44 240 0.188841201716738 0.862745098039216 0.183333333333333
29838 8 4 1 11 0.125 0.25 0.0909090909090909
3 4 1 0 5 0 0 0
30071 3 29 3 29 1 0.103448275862069 0.103448275862069
30653 11 2 0 13 0 0 0
30726 7 1 0 8 0 0 0
31103 2 5 0 7 0 0 0
3130 20 1 1 20 0.05 1 0.05
31383 14 8 6 16 0.428571428571429 0.75 0.375
31459 4 2 0 6 0 0 0
31479 2 1 1 2 0.5 1 0.5
31508 23 5 3 25 0.130434782608696 0.6 0.12
3212 25 1 0 26 0 0 0
3221 1 2 1 2 1 0.5 0.5
3243 12 5 1 16 0.0833333333333333 0.2 0.0625
32459 3 1 1 3 0.333333333333333 1 0.333333333333333
3246 343 35 31 347 0.0903790087463557 0.885714285714286 0.0893371757925072
3248 10 6 2 14 0.2 0.333333333333333 0.142857142857143
3249 27 3 1 29 0.037037037037037 0.333333333333333 0.0344827586206897
3257 265 131 47 349 0.177358490566038 0.358778625954198 0.134670487106017
3265 61 14 10 65 0.163934426229508 0.714285714285714 0.153846153846154
3274 3 4 0 7 0 0 0
3292 270 7 6 271 0.0222222222222222 0.857142857142857 0.022140221402214
33 8 13 3 18 0.375 0.230769230769231 0.166666666666667
3301 29 3 2 30 0.0689655172413793 0.666666666666667 0.0666666666666667
3303 550 26 22 554 0.04 0.846153846153846 0.0397111913357401
3320 314 21 8 327 0.0254777070063694 0.380952380952381 0.0244648318042813
3327 15 7 2 20 0.133333333333333 0.285714285714286 0.1
3333 134 25 22 137 0.164179104477612 0.88 0.160583941605839
3343 13 3 3 13 0.230769230769231 1 0.230769230769231
3344 49 12 1 60 0.0204081632653061 0.0833333333333333 0.0166666666666667
3352 59 5 2 62 0.0338983050847458 0.4 0.032258064516129
3549 639 40 27 652 0.0422535211267606 0.675 0.0414110429447853
3557 81 13 10 84 0.123456790123457 0.769230769230769 0.119047619047619
3582 4 4 0 8 0 0 0
3597 9 1 1 9 0.111111111111111 1 0.111111111111111
3662 12 1 1 12 0.0833333333333333 1 0.0833333333333333
3741 158 1 0 159 0 0 0
3748 2 5 1 6 0.5 0.2 0.166666666666667
3758 31 5 0 36 0 0 0
376 12 1 1 12 0.0833333333333333 1 0.0833333333333333
3776 8 2 0 10 0 0 0
378 2 1 1 2 0.5 1 0.5
3786 299 3 1 301 0.00334448160535117 0.333333333333333 0.00332225913621262
3825 1 1 0 2 0 0 0
3836 6 3 0 9 0 0 0
4134 71 2 0 73 0 0 0
42 29 1 1 29 0.0344827586206897 1 0.0344827586206897
4436 57 4 3 58 0.0526315789473684 0.75 0.0517241379310345
4538 17 13 4 26 0.235294117647059 0.307692307692308 0.153846153846154
4555 1 13 0 14 0 0 0
4589 417 28 22 423 0.052757793764988 0.785714285714286 0.0520094562647754
4608 3 1 1 3 0.333333333333333 1 0.333333333333333
4618 8 8 0 16 0 0 0
4621 25 1 1 25 0.04 1 0.04
4645 17 1 1 17 0.0588235294117647 1 0.0588235294117647
4651 27 2 0 29 0 0 0
4673 7 1 0 8 0 0 0
4675 5 7 2 10 0.4 0.285714285714286 0.2
4677 4 9 2 11 0.5 0.222222222222222 0.181818181818182
4678 5 9 2 12 0.4 0.222222222222222 0.166666666666667
4680 8 7 2 13 0.25 0.285714285714286 0.153846153846154
4685 7 9 3 13 0.428571428571429 0.333333333333333 0.230769230769231
4688 10 8 3 15 0.3 0.375 0.2
4691 8 12 3 17 0.375 0.25 0.176470588235294
4694 79 2 1 80 0.0126582278481013 0.5 0.0125
4697 1 25 1 25 1 0.04 0.04
4702 5 5 2 8 0.4 0.4 0.25
4713 86 2 2 86 0.0232558139534884 1 0.0232558139534884
4716 88 46 14 120 0.159090909090909 0.304347826086957 0.116666666666667
4717 4 3 2 5 0.5 0.666666666666667 0.4
4718 4 5 2 7 0.5 0.4 0.285714285714286
4721 7 6 0 13 0 0 0
4725 90 39 5 124 0.0555555555555556 0.128205128205128 0.0403225806451613
4736 13 1 1 13 0.0769230769230769 1 0.0769230769230769
4741 4 1 0 5 0 0 0
4747 7 1 0 8 0 0 0
4750 31 2 0 33 0 0 0
4774 6 3 2 7 0.333333333333333 0.666666666666667 0.285714285714286
4777 28 8 5 31 0.178571428571429 0.625 0.161290322580645
4780 26 1 1 26 0.0384615384615385 1 0.0384615384615385
4788 68 4 2 70 0.0294117647058824 0.5 0.0285714285714286
4795 13 3 0 16 0 0 0
5050 10 1 1 10 0.1 1 0.1
513 35 4 2 37 0.0571428571428571 0.5 0.0540540540540541
5381 15 4 0 19 0 0 0
5385 11 6 2 15 0.181818181818182 0.333333333333333 0.133333333333333
5397 6 1 0 7 0 0 0
5408 31 9 2 38 0.0645161290322581 0.222222222222222 0.0526315789473684
5410 38 7 1 44 0.0263157894736842 0.142857142857143 0.0227272727272727
5417 163 28 25 166 0.153374233128834 0.892857142857143 0.150602409638554
5418 7 2 2 7 0.285714285714286 1 0.285714285714286
5424 11 9 1 19 0.0909090909090909 0.111111111111111 0.0526315789473684
5430 50 7 3 54 0.06 0.428571428571429 0.0555555555555556
5459 165 4 4 165 0.0242424242424242 1 0.0242424242424242
5466 53 2 0 55 0 0 0
5486 27 2 0 29 0 0 0
5511 183 40 12 211 0.0655737704918033 0.3 0.0568720379146919
553 33 9 7 35 0.212121212121212 0.777777777777778 0.2
5537 12 2 1 13 0.0833333333333333 0.5 0.0769230769230769
5539 34 39 10 63 0.294117647058824 0.256410256410256 0.158730158730159
5550 1 1 1 1 1 1 1
5568 70 3 3 70 0.0428571428571429 1 0.0428571428571429
559 45 17 12 50 0.266666666666667 0.705882352941177 0.24
5602 16 5 3 18 0.1875 0.6 0.166666666666667
5609 2 18 0 20 0 0 0
5617 76 5 0 81 0 0 0
5623 1 4 0 5 0 0 0
5669 73 5 3 75 0.0410958904109589 0.6 0.04
5693 8 3 2 9 0.25 0.666666666666667 0.222222222222222
6062 8 2 0 10 0 0 0
6066 4 1 0 5 0 0 0
6163 9 2 0 11 0 0 0
6342 4 3 0 7 0 0 0
6360 9 1 1 9 0.111111111111111 1 0.111111111111111
6435 3 22 0 25 0 0 0
6453 273 14 13 274 0.0476190476190476 0.928571428571429 0.0474452554744526
6461 593 10 9 594 0.015177065767285 0.9 0.0151515151515152
6509 36 5 4 37 0.111111111111111 0.8 0.108108108108108
6619 10 1 1 10 0.1 1 0.1
6661 27 3 1 29 0.037037037037037 0.333333333333333 0.0344827586206897
6666 27 4 1 30 0.037037037037037 0.25 0.0333333333333333
6667 389 44 42 391 0.107969151670951 0.954545454545455 0.107416879795396
6677 11 1 0 12 0 0 0
668 41 8 2 47 0.0487804878048781 0.25 0.0425531914893617
6695 67 1 1 67 0.0149253731343284 1 0.0149253731343284
6696 17 8 2 23 0.117647058823529 0.25 0.0869565217391304
6706 3 2 1 4 0.333333333333333 0.5 0.25
6722 1 1 0 2 0 0 0
6730 192 7 6 193 0.03125 0.857142857142857 0.0310880829015544
6772 8 3 2 9 0.25 0.666666666666667 0.222222222222222
680 46 10 5 51 0.108695652173913 0.5 0.0980392156862745
6830 70 88 21 137 0.3 0.238636363636364 0.153284671532847
6895 34 1 1 34 0.0294117647058824 1 0.0294117647058824
6939 405 47 13 439 0.0320987654320988 0.276595744680851 0.0296127562642369
7018 1949 4 2 1951 0.00102616726526424 0.5 0.00102511532547412
7065 9 1 1 9 0.111111111111111 1 0.111111111111111
71 10 2 0 12 0 0 0
7500 68 4 3 69 0.0441176470588235 0.75 0.0434782608695652
7514 19 9 5 23 0.263157894736842 0.555555555555556 0.217391304347826
7516 6 1 0 7 0 0 0
7521 4 3 1 6 0.25 0.333333333333333 0.166666666666667
7522 4 5 2 7 0.5 0.4 0.285714285714286
7530 3 4 0 7 0 0 0
7539 20 5 3 22 0.15 0.6 0.136363636363636
7570 8 2 1 9 0.125 0.5 0.111111111111111
7575 49 4 4 49 0.0816326530612245 1 0.0816326530612245
7580 1 2 0 3 0 0 0
7610 23 3 2 24 0.0869565217391304 0.666666666666667 0.0833333333333333
766 14 3 3 14 0.214285714285714 1 0.214285714285714
7660 31 32 15 48 0.483870967741935 0.46875 0.3125
7665 2 1 1 2 0.5 1 0.5
7667 3 6 3 6 1 0.5 0.5
7668 7 1 1 7 0.142857142857143 1 0.142857142857143
7670 13 2 2 13 0.153846153846154 1 0.153846153846154
7671 4 37 3 38 0.75 0.0810810810810811 0.0789473684210526
7682 10 2 1 11 0.1 0.5 0.0909090909090909
7687 4 2 1 5 0.25 0.5 0.2
7786 5 1 0 6 0 0 0
786 38 13 3 48 0.0789473684210526 0.230769230769231 0.0625
790 2 6 1 7 0.5 0.166666666666667 0.142857142857143
8002 22 3 0 25 0 0 0
8070 1 1 0 2 0 0 0
81 10 2 0 12 0 0 0
8121 19 4 1 22 0.0526315789473684 0.25 0.0454545454545455
8195 28 1 1 28 0.0357142857142857 1 0.0357142857142857
8220 708 8 7 709 0.00988700564971751 0.875 0.00987306064880113
8237 10 4 0 14 0 0 0
8251 133 1 1 133 0.0075187969924812 1 0.0075187969924812
8256 2 1 1 2 0.5 1 0.5
8267 2 2 0 4 0 0 0
8319 24 4 2 26 0.0833333333333333 0.5 0.0769230769230769
8330 6 3 1 8 0.166666666666667 0.333333333333333 0.125
8365 25 5 4 26 0.16 0.8 0.153846153846154
8419 16 3 1 18 0.0625 0.333333333333333 0.0555555555555556
8426 204 1 0 205 0 0 0
8447 76 14 5 85 0.0657894736842105 0.357142857142857 0.0588235294117647
8469 24 6 4 26 0.166666666666667 0.666666666666667 0.153846153846154
8472 49 8 3 54 0.0612244897959184 0.375 0.0555555555555556
8501 27 5 5 27 0.185185185185185 1 0.185185185185185
8514 42 5 1 46 0.0238095238095238 0.2 0.0217391304347826
8517 15 1 1 15 0.0666666666666667 1 0.0666666666666667
8554 7 1 1 7 0.142857142857143 1 0.142857142857143
8560 45 14 9 50 0.2 0.642857142857143 0.18
8565 6 1 0 7 0 0 0
8591 16 4 2 18 0.125 0.5 0.111111111111111
8657 57 4 2 59 0.0350877192982456 0.5 0.0338983050847458
8664 15 4 1 18 0.0666666666666667 0.25 0.0555555555555556
8665 3 2 1 4 0.333333333333333 0.5 0.25
8674 38 1 1 38 0.0263157894736842 1 0.0263157894736842
8676 4 2 0 6 0 0 0
8708 121 7 5 123 0.0413223140495868 0.714285714285714 0.040650406504065
8728 1 1 1 1 1 1 1
8737 35 7 4 38 0.114285714285714 0.571428571428571 0.105263157894737
8758 6 4 1 9 0.166666666666667 0.25 0.111111111111111
8763 110 23 19 114 0.172727272727273 0.826086956521739 0.166666666666667
8767 17 5 3 19 0.176470588235294 0.6 0.157894736842105
8781 2 1 1 2 0.5 1 0.5
8823 5 2 2 5 0.4 1 0.4
8881 78 2 2 78 0.0256410256410256 1 0.0256410256410256
8903 20 6 1 25 0.05 0.166666666666667 0.04
8921 1 2 0 3 0 0 0
8925 3 1 0 4 0 0 0
8943 9 2 1 10 0.111111111111111 0.5 0.1
8954 20 22 5 37 0.25 0.227272727272727 0.135135135135135
8966 26 1 1 26 0.0384615384615385 1 0.0384615384615385
8970 1 1 1 1 1 1 1
8973 4 1 0 5 0 0 0
8975 56 3 1 58 0.0178571428571429 0.333333333333333 0.0172413793103448
9044 76 1 1 76 0.0131578947368421 1 0.0131578947368421
9080 6 1 0 7 0 0 0
9112 2 6 1 7 0.5 0.166666666666667 0.142857142857143
9186 23 1 0 24 0 0 0
9196 4 1 0 5 0 0 0
9264 54 26 9 71 0.166666666666667 0.346153846153846 0.126760563380282
9270 37 10 6 41 0.162162162162162 0.6 0.146341463414634
9316 20 1 0 21 0 0 0
9407 2 4 2 4 1 0.5 0.5
9416 14 1 0 15 0 0 0
9505 43 2 1 44 0.0232558139534884 0.5 0.0227272727272727
9583 13 1 0 14 0 0 0
9595 7 4 2 9 0.285714285714286 0.5 0.222222222222222
9600 6 10 2 14 0.333333333333333 0.2 0.142857142857143
9607 8 3 0 11 0 0 0
9612 2 3 0 5 0 0 0
9619 2 2 2 2 1 1 1
9621 3 7 1 9 0.333333333333333 0.142857142857143 0.111111111111111
9622 8 1 1 8 0.125 1 0.125
9687 2 1 1 2 0.5 1 0.5
9701 3 1 0 4 0 0 0
9758 1 1 0 2 0 0 0
9821 4 1 1 4 0.25 1 0.25
9844 1 1 0 2 0 0 0
