#ASN num_v4adj num_v6adj num_intersect(v4v6adj) num_union(adj) fr_v4(num_intersect/num_v4adj) fr_v6(num_intersect/num_v6adj) fr_intersect(num_intersect/num_union)
10013 1 2 1 2 1 0.5 0.5
10015 8 1 0 9 0 0 0
10021 15 2 2 15 0.133333333333333 1 0.133333333333333
10026 430 17 13 434 0.0302325581395349 0.764705882352941 0.0299539170506912
101 33 9 8 34 0.242424242424242 0.888888888888889 0.235294117647059
10105 2 1 0 3 0 0 0
102 3 1 1 3 0.333333333333333 1 0.333333333333333
10204 2 5 1 6 0.5 0.2 0.166666666666667
10217 18 1 1 18 0.0555555555555556 1 0.0555555555555556
10310 142 8 5 145 0.0352112676056338 0.625 0.0344827586206897
10318 3 1 0 4 0 0 0
10326 7 1 1 7 0.142857142857143 1 0.142857142857143
10343 2 1 1 2 0.5 1 0.5
10405 3 1 0 4 0 0 0
10429 88 1 1 88 0.0113636363636364 1 0.0113636363636364
10466 28 3 3 28 0.107142857142857 1 0.107142857142857
10490 33 6 4 35 0.121212121212121 0.666666666666667 0.114285714285714
10569 1 1 1 1 1 1 1
10578 26 5 5 26 0.192307692307692 1 0.192307692307692
10586 7 2 0 9 0 0 0
10745 2 7 0 9 0 0 0
10778 2 1 0 3 0 0 0
10835 16 1 1 16 0.0625 1 0.0625
10848 30 1 1 30 0.0333333333333333 1 0.0333333333333333
10886 41 19 9 51 0.219512195121951 0.473684210526316 0.176470588235294
109 22 3 0 25 0 0 0
10996 5 1 1 5 0.2 1 0.2
1101 1 1 1 1 1 1 1
1103 200 78 73 205 0.365 0.935897435897436 0.35609756097561
11051 11 1 1 11 0.0909090909090909 1 0.0909090909090909
11090 3 1 1 3 0.333333333333333 1 0.333333333333333
11096 39 2 2 39 0.0512820512820513 1 0.0512820512820513
111 2 2 1 3 0.5 0.5 0.333333333333333
11164 82 4 3 83 0.0365853658536585 0.75 0.036144578313253
11170 1 2 0 3 0 0 0
1120 19 4 3 20 0.157894736842105 0.75 0.15
1125 3 3 3 3 1 1 1
1126 42 12 6 48 0.142857142857143 0.5 0.125
11274 11 4 4 11 0.363636363636364 1 0.363636363636364
11279 3 1 1 3 0.333333333333333 1 0.333333333333333
11317 8 3 3 8 0.375 1 0.375
11340 8 1 1 8 0.125 1 0.125
1140 32 11 7 36 0.21875 0.636363636363636 0.194444444444444
11404 49 2 2 49 0.0408163265306122 1 0.0408163265306122
11457 8 1 0 9 0 0 0
11537 123 55 49 129 0.398373983739837 0.890909090909091 0.37984496124031
11588 5 1 1 5 0.2 1 0.2
11590 8 2 1 9 0.125 0.5 0.111111111111111
11666 229 8 7 230 0.0305676855895196 0.875 0.0304347826086957
11686 48 2 2 48 0.0416666666666667 1 0.0416666666666667
11694 2 1 1 2 0.5 1 0.5
11706 6 2 1 7 0.166666666666667 0.5 0.142857142857143
11734 4 1 0 5 0 0 0
11830 5 1 0 6 0 0 0
11847 7 1 0 8 0 0 0
11960 5 4 4 5 0.8 1 0.8
11985 1 1 1 1 1 1 1
12 4 1 1 4 0.25 1 0.25
1200 48 14 10 52 0.208333333333333 0.714285714285714 0.192307692307692
12008 35 2 2 35 0.0571428571428571 1 0.0571428571428571
12041 43 21 14 50 0.325581395348837 0.666666666666667 0.28
12046 2 1 1 2 0.5 1 0.5
1206 1 1 1 1 1 1 1
1207 1 1 1 1 1 1 1
12111 26 1 1 26 0.0384615384615385 1 0.0384615384615385
1213 9 5 5 9 0.555555555555556 1 0.555555555555556
12188 19 2 2 19 0.105263157894737 1 0.105263157894737
1221 125 2 0 127 0 0 0
1224 3 1 1 3 0.333333333333333 1 0.333333333333333
12251 4 1 1 4 0.25 1 0.25
12287 2 1 1 2 0.5 1 0.5
12293 3 1 1 3 0.333333333333333 1 0.333333333333333
12301 86 1 1 86 0.0116279069767442 1 0.0116279069767442
12306 79 18 14 83 0.177215189873418 0.777777777777778 0.168674698795181
12312 52 18 14 56 0.269230769230769 0.777777777777778 0.25
12316 3 1 1 3 0.333333333333333 1 0.333333333333333
12322 64 9 9 64 0.140625 1 0.140625
12329 10 1 1 10 0.1 1 0.1
12335 9 1 1 9 0.111111111111111 1 0.111111111111111
12337 49 54 19 84 0.387755102040816 0.351851851851852 0.226190476190476
12347 6 3 3 6 0.5 1 0.5
12348 19 1 1 19 0.0526315789473684 1 0.0526315789473684
12350 160 5 5 160 0.03125 1 0.03125
12353 4 2 2 4 0.5 1 0.5
12355 32 15 10 37 0.3125 0.666666666666667 0.27027027027027
1237 34 4 2 36 0.0588235294117647 0.5 0.0555555555555556
12371 2 1 0 3 0 0 0
12374 4 1 1 4 0.25 1 0.25
12381 4 1 1 4 0.25 1 0.25
12386 14 3 3 14 0.214285714285714 1 0.214285714285714
1239 1547 3 0 1550 0 0 0
12399 291 1 1 291 0.00343642611683849 1 0.00343642611683849
12401 14 3 2 15 0.142857142857143 0.666666666666667 0.133333333333333
12414 47 15 11 51 0.234042553191489 0.733333333333333 0.215686274509804
12466 2 2 1 3 0.5 0.5 0.333333333333333
1248 10 12 7 15 0.7 0.583333333333333 0.466666666666667
12496 46 1 0 47 0 0 0
12502 3 2 1 4 0.333333333333333 0.5 0.25
1251 9 1 1 9 0.111111111111111 1 0.111111111111111
12533 2 1 0 3 0 0 0
12552 85 4 4 85 0.0470588235294118 1 0.0470588235294118
12566 16 4 4 16 0.25 1 0.25
1257 101 58 26 133 0.257425742574257 0.448275862068966 0.195488721804511
12573 36 16 13 39 0.361111111111111 0.8125 0.333333333333333
12594 2 1 1 2 0.5 1 0.5
12611 41 21 12 50 0.292682926829268 0.571428571428571 0.24
12634 47 17 12 52 0.25531914893617 0.705882352941177 0.230769230769231
12637 68 24 21 71 0.308823529411765 0.875 0.295774647887324
12638 2 3 0 5 0 0 0
12654 48 23 15 56 0.3125 0.652173913043478 0.267857142857143
12657 3 1 1 3 0.333333333333333 1 0.333333333333333
12684 4 2 1 5 0.25 0.5 0.2
12709 2 1 0 3 0 0 0
12714 46 1 1 46 0.0217391304347826 1 0.0217391304347826
1273 288 72 48 312 0.166666666666667 0.666666666666667 0.153846153846154
12731 70 20 14 76 0.2 0.7 0.184210526315789
12732 21 7 6 22 0.285714285714286 0.857142857142857 0.272727272727273
12757 6 1 0 7 0 0 0
12767 14 3 2 15 0.142857142857143 0.666666666666667 0.133333333333333
12769 4 1 1 4 0.25 1 0.25
12778 11 1 0 12 0 0 0
12779 84 22 15 91 0.178571428571429 0.681818181818182 0.164835164835165
12782 2 1 1 2 0.5 1 0.5
1280 109 24 15 118 0.137614678899083 0.625 0.127118644067797
12816 1 1 1 1 1 1 1
12817 2 2 2 2 1 1 1
12850 18 5 5 18 0.277777777777778 1 0.277777777777778
12853 2 3 1 4 0.5 0.333333333333333 0.25
12859 570 183 176 577 0.308771929824561 0.961748633879781 0.305025996533795
12871 34 19 12 41 0.352941176470588 0.631578947368421 0.292682926829268
12874 206 2 2 206 0.00970873786407767 1 0.00970873786407767
12895 10 1 1 10 0.1 1 0.1
12902 42 11 7 46 0.166666666666667 0.636363636363636 0.152173913043478
12931 4 2 2 4 0.5 1 0.5
12956 120 12 11 121 0.0916666666666667 0.916666666666667 0.0909090909090909
12968 141 16 10 147 0.0709219858156028 0.625 0.0680272108843537
12989 527 35 31 531 0.0588235294117647 0.885714285714286 0.0583804143126177
1299 573 59 56 576 0.0977312390924956 0.949152542372881 0.0972222222222222
13000 8 2 2 8 0.25 1 0.25
13030 1047 255 247 1055 0.235912129894938 0.968627450980392 0.234123222748815
13039 4 1 1 4 0.25 1 0.25
13041 8 2 2 8 0.25 1 0.25
13045 4 1 1 4 0.25 1 0.25
13049 27 1 1 27 0.037037037037037 1 0.037037037037037
13062 13 3 1 15 0.0769230769230769 0.333333333333333 0.0666666666666667
13092 3 1 1 3 0.333333333333333 1 0.333333333333333
131 3 1 1 3 0.333333333333333 1 0.333333333333333
13105 18 7 4 21 0.222222222222222 0.571428571428571 0.19047619047619
131075 1 1 1 1 1 1 1
13110 7 2 2 7 0.285714285714286 1 0.285714285714286
13115 4 2 2 4 0.5 1 0.5
1312 3 1 1 3 0.333333333333333 1 0.333333333333333
13132 18 11 7 22 0.388888888888889 0.636363636363636 0.318181818181818
13184 41 17 10 48 0.24390243902439 0.588235294117647 0.208333333333333
13189 31 8 7 32 0.225806451612903 0.875 0.21875
13193 50 16 13 53 0.26 0.8125 0.245283018867925
13237 498 99 81 516 0.162650602409639 0.818181818181818 0.156976744186047
13238 28 1 1 28 0.0357142857142857 1 0.0357142857142857
13243 6 1 1 6 0.166666666666667 1 0.166666666666667
13272 1 1 1 1 1 1 1
13284 17 8 6 19 0.352941176470588 0.75 0.315789473684211
13293 22 3 3 22 0.136363636363636 1 0.136363636363636
13301 28 2 2 28 0.0714285714285714 1 0.0714285714285714
13319 8 4 3 9 0.375 0.75 0.333333333333333
13448 6 2 1 7 0.166666666666667 0.5 0.142857142857143
13645 17 2 1 18 0.0588235294117647 0.5 0.0555555555555556
13657 9 2 2 9 0.222222222222222 1 0.222222222222222
13680 42 13 10 45 0.238095238095238 0.769230769230769 0.222222222222222
137 24 9 9 24 0.375 1 0.375
13714 2 1 1 2 0.5 1 0.5
13810 1 1 1 1 1 1 1
13855 4 1 0 5 0 0 0
13867 3 1 0 4 0 0 0
13868 5 1 0 6 0 0 0
13901 2 1 1 2 0.5 1 0.5
13910 4 1 0 5 0 0 0
13911 3 1 0 4 0 0 0
14 5 1 1 5 0.2 1 0.2
14026 3 1 1 3 0.333333333333333 1 0.333333333333333
14085 5 2 2 5 0.4 1 0.4
14234 3 1 1 3 0.333333333333333 1 0.333333333333333
14259 30 4 2 32 0.0666666666666667 0.5 0.0625
14262 3 2 2 3 0.666666666666667 1 0.666666666666667
14277 5 4 2 7 0.4 0.5 0.285714285714286
14325 11 2 2 11 0.181818181818182 1 0.181818181818182
14383 5 1 1 5 0.2 1 0.2
14492 37 1 1 37 0.027027027027027 1 0.027027027027027
14589 21 6 5 22 0.238095238095238 0.833333333333333 0.227272727272727
14595 6 2 1 7 0.166666666666667 0.5 0.142857142857143
14609 12 1 1 12 0.0833333333333333 1 0.0833333333333333
14650 1 2 1 2 1 0.5 0.5
14868 5 1 1 5 0.2 1 0.2
14907 3 3 2 4 0.666666666666667 0.666666666666667 0.5
15169 117 39 26 130 0.222222222222222 0.666666666666667 0.2
15189 4 1 1 4 0.25 1 0.25
15216 4 1 1 4 0.25 1 0.25
15226 3 2 0 5 0 0 0
15373 2 1 1 2 0.5 1 0.5
15412 470 12 9 473 0.0191489361702128 0.75 0.0190274841437632
15436 9 2 2 9 0.222222222222222 1 0.222222222222222
15444 280 21 14 287 0.05 0.666666666666667 0.0487804878048781
15451 2 1 0 3 0 0 0
15456 4 3 3 4 0.75 1 0.75
15469 1 2 0 3 0 0 0
15474 2 1 1 2 0.5 1 0.5
15480 1 1 1 1 1 1 1
15525 16 1 0 17 0 0 0
15533 19 2 2 19 0.105263157894737 1 0.105263157894737
15557 134 1 1 134 0.00746268656716418 1 0.00746268656716418
15576 32 4 4 32 0.125 1 0.125
15589 40 12 5 47 0.125 0.416666666666667 0.106382978723404
15598 110 30 24 116 0.218181818181818 0.8 0.206896551724138
15600 50 11 10 51 0.2 0.909090909090909 0.196078431372549
15623 35 5 4 36 0.114285714285714 0.8 0.111111111111111
15653 3 1 1 3 0.333333333333333 1 0.333333333333333
15657 3 1 1 3 0.333333333333333 1 0.333333333333333
15685 33 15 11 37 0.333333333333333 0.733333333333333 0.297297297297297
15694 80 1 1 80 0.0125 1 0.0125
15696 2 1 0 3 0 0 0
15716 5 2 1 6 0.2 0.5 0.166666666666667
15725 2 2 1 3 0.5 0.5 0.333333333333333
15726 2 1 1 2 0.5 1 0.5
15744 10 2 1 11 0.1 0.5 0.0909090909090909
15772 94 1 1 94 0.0106382978723404 1 0.0106382978723404
15782 14 3 3 14 0.214285714285714 1 0.214285714285714
15798 2 1 0 3 0 0 0
15805 21 7 4 24 0.19047619047619 0.571428571428571 0.166666666666667
15830 116 1 0 117 0 0 0
15879 44 19 14 49 0.318181818181818 0.736842105263158 0.285714285714286
15894 2 1 1 2 0.5 1 0.5
15919 9 1 1 9 0.111111111111111 1 0.111111111111111
15965 4 1 1 4 0.25 1 0.25
16004 15 6 5 16 0.333333333333333 0.833333333333333 0.3125
16016 19 2 2 19 0.105263157894737 1 0.105263157894737
16030 48 11 5 54 0.104166666666667 0.454545454545455 0.0925925925925926
16034 17 1 1 17 0.0588235294117647 1 0.0588235294117647
16065 6 1 1 6 0.166666666666667 1 0.166666666666667
16086 25 21 10 36 0.4 0.476190476190476 0.277777777777778
16097 42 14 10 46 0.238095238095238 0.714285714285714 0.217391304347826
16117 3 1 1 3 0.333333333333333 1 0.333333333333333
16128 17 4 3 18 0.176470588235294 0.75 0.166666666666667
16131 48 18 12 54 0.25 0.666666666666667 0.222222222222222
16150 254 13 12 255 0.047244094488189 0.923076923076923 0.0470588235294118
16171 3 1 0 4 0 0 0
16178 6 1 0 7 0 0 0
16186 48 2 1 49 0.0208333333333333 0.5 0.0204081632653061
16206 17 2 0 19 0 0 0
16210 5 3 2 6 0.4 0.666666666666667 0.333333333333333
16215 17 4 4 17 0.235294117647059 1 0.235294117647059
16237 35 8 4 39 0.114285714285714 0.5 0.102564102564103
16242 8 1 1 8 0.125 1 0.125
16243 59 15 10 64 0.169491525423729 0.666666666666667 0.15625
16245 24 3 2 25 0.0833333333333333 0.666666666666667 0.08
16246 6 4 3 7 0.5 0.75 0.428571428571429
16265 75 26 18 83 0.24 0.692307692307692 0.216867469879518
16276 87 1 1 87 0.0114942528735632 1 0.0114942528735632
16316 5 4 2 7 0.4 0.5 0.285714285714286
16347 9 1 1 9 0.111111111111111 1 0.111111111111111
16471 3 1 1 3 0.333333333333333 1 0.333333333333333
1653 29 3 3 29 0.103448275862069 1 0.103448275862069
16531 9 2 1 10 0.111111111111111 0.5 0.1
1659 9 3 2 10 0.222222222222222 0.666666666666667 0.2
16668 7 5 3 9 0.428571428571429 0.6 0.333333333333333
16724 4 1 1 4 0.25 1 0.25
16735 70 7 7 70 0.1 1 0.1
16807 6 2 0 8 0 0 0
16838 10 1 0 11 0 0 0
16942 2 1 1 2 0.5 1 0.5
17048 2 1 0 3 0 0 0
1706 5 1 1 5 0.2 1 0.2
17061 2 1 0 3 0 0 0
17204 2 1 0 3 0 0 0
17263 2 1 0 3 0 0 0
1741 10 4 3 11 0.3 0.75 0.272727272727273
17412 4 1 0 5 0 0 0
17435 3 2 0 5 0 0 0
17464 2 1 1 2 0.5 1 0.5
17511 13 1 1 13 0.0769230769230769 1 0.0769230769230769
17529 7 2 1 8 0.142857142857143 0.5 0.125
17554 12 3 3 12 0.25 1 0.25
17579 13 13 8 18 0.615384615384615 0.615384615384615 0.444444444444444
1764 44 10 9 45 0.204545454545455 0.9 0.2
17660 30 8 7 31 0.233333333333333 0.875 0.225806451612903
17676 39 3 2 40 0.0512820512820513 0.666666666666667 0.05
17707 5 2 1 6 0.2 0.5 0.166666666666667
17709 14 1 0 15 0 0 0
17727 6 1 1 6 0.166666666666667 1 0.166666666666667
17741 3 1 0 4 0 0 0
17832 1 3 0 4 0 0 0
17920 5 1 1 5 0.2 1 0.2
17934 2 2 2 2 1 1 1
17955 4 2 1 5 0.25 0.5 0.2
1797 3 4 3 4 1 0.75 0.75
1798 3 3 0 6 0 0 0
17990 5 1 1 5 0.2 1 0.2
18007 2 2 2 2 1 1 1
18011 1 1 0 2 0 0 0
18070 3 1 1 3 0.333333333333333 1 0.333333333333333
18119 4 2 1 5 0.25 0.5 0.2
18126 3 1 0 4 0 0 0
18146 2 3 0 5 0 0 0
18149 4 4 3 5 0.75 0.75 0.6
18182 3 1 0 4 0 0 0
18185 4 2 1 5 0.25 0.5 0.2
18203 3 1 1 3 0.333333333333333 1 0.333333333333333
18206 2 1 0 3 0 0 0
18218 2 1 1 2 0.5 1 0.5
18259 3 2 2 3 0.666666666666667 1 0.666666666666667
18266 3 1 1 3 0.333333333333333 1 0.333333333333333
18344 1 2 0 3 0 0 0
1835 9 2 2 9 0.222222222222222 1 0.222222222222222
1836 62 9 8 63 0.129032258064516 0.888888888888889 0.126984126984127
18366 2 3 1 4 0.5 0.333333333333333 0.25
18369 1 1 0 2 0 0 0
18422 4 1 1 4 0.25 1 0.25
18508 7 2 1 8 0.142857142857143 0.5 0.125
1853 121 31 30 122 0.247933884297521 0.967741935483871 0.245901639344262
18592 25 9 6 28 0.24 0.666666666666667 0.214285714285714
18666 1 1 1 1 1 1 1
18750 2 1 1 2 0.5 1 0.5
18779 5 1 1 5 0.2 1 0.2
1880 32 6 4 34 0.125 0.666666666666667 0.117647058823529
1881 1 1 1 1 1 1 1
1887 7 1 1 7 0.142857142857143 1 0.142857142857143
19021 3 2 1 4 0.333333333333333 0.5 0.25
19073 3 1 0 4 0 0 0
19151 843 196 188 851 0.223013048635824 0.959183673469388 0.220916568742656
1916 111 15 14 112 0.126126126126126 0.933333333333333 0.125
19192 2 2 2 2 1 1 1
19255 8 5 3 10 0.375 0.6 0.3
1930 23 8 7 24 0.304347826086957 0.875 0.291666666666667
19401 47 17 16 48 0.340425531914894 0.941176470588235 0.333333333333333
195 8 3 2 9 0.25 0.666666666666667 0.222222222222222
1955 11 3 3 11 0.272727272727273 1 0.272727272727273
19557 3 1 0 4 0 0 0
19624 4 1 1 4 0.25 1 0.25
196613 2 2 2 2 1 1 1
196621 2 1 1 2 0.5 1 0.5
19782 18 2 2 18 0.111111111111111 1 0.111111111111111
19783 2 1 0 3 0 0 0
19866 2 1 1 2 0.5 1 0.5
20080 18 4 4 18 0.222222222222222 1 0.222222222222222
20144 33 4 4 33 0.121212121212121 1 0.121212121212121
2018 4 1 1 4 0.25 1 0.25
20308 1 1 1 1 1 1 1
20312 8 4 3 9 0.375 0.75 0.333333333333333
2042 17 4 3 18 0.176470588235294 0.75 0.166666666666667
20436 2 1 0 3 0 0 0
20473 26 4 3 27 0.115384615384615 0.75 0.111111111111111
20495 56 9 7 58 0.125 0.777777777777778 0.120689655172414
20507 36 2 1 37 0.0277777777777778 0.5 0.027027027027027
20547 39 5 3 41 0.0769230769230769 0.6 0.0731707317073171
2055 2 1 1 2 0.5 1 0.5
20552 4 1 0 5 0 0 0
20555 5 2 2 5 0.4 1 0.4
20569 11 3 2 12 0.181818181818182 0.666666666666667 0.166666666666667
20570 4 1 1 4 0.25 1 0.25
20597 10 2 2 10 0.2 1 0.2
20608 3 2 0 5 0 0 0
20612 3 1 0 4 0 0 0
20621 3 1 1 3 0.333333333333333 1 0.333333333333333
20626 1 1 1 1 1 1 1
20633 21 15 8 28 0.380952380952381 0.533333333333333 0.285714285714286
20634 37 1 1 37 0.027027027027027 1 0.027027027027027
20640 247 94 81 260 0.327935222672065 0.861702127659574 0.311538461538462
20650 5 1 1 5 0.2 1 0.2
20704 19 6 6 19 0.315789473684211 1 0.315789473684211
20707 2 1 1 2 0.5 1 0.5
20712 12 5 4 13 0.333333333333333 0.8 0.307692307692308
20718 30 15 3 42 0.1 0.2 0.0714285714285714
20766 11 1 1 11 0.0909090909090909 1 0.0909090909090909
20773 25 14 9 30 0.36 0.642857142857143 0.3
20783 5 2 0 7 0 0 0
20836 7 1 0 8 0 0 0
20847 32 18 13 37 0.40625 0.722222222222222 0.351351351351351
209 1452 12 10 1454 0.0068870523415978 0.833333333333333 0.00687757909215956
20912 9 7 4 12 0.444444444444444 0.571428571428571 0.333333333333333
20932 325 14 12 327 0.0369230769230769 0.857142857142857 0.036697247706422
20940 130 3 2 131 0.0153846153846154 0.666666666666667 0.0152671755725191
20953 29 1 1 29 0.0344827586206897 1 0.0344827586206897
20965 51 41 41 51 0.803921568627451 1 0.803921568627451
20968 1 1 1 1 1 1 1
210 10 1 1 10 0.1 1 0.1
21011 98 15 10 103 0.102040816326531 0.666666666666667 0.0970873786407767
21013 36 16 9 43 0.25 0.5625 0.209302325581395
21017 1 1 1 1 1 1 1
21042 2 1 1 2 0.5 1 0.5
21055 43 7 5 45 0.116279069767442 0.714285714285714 0.111111111111111
2107 1 2 1 2 1 0.5 0.5
2108 1 1 1 1 1 1 1
2110 47 3 1 49 0.0212765957446809 0.333333333333333 0.0204081632653061
21155 46 17 13 50 0.282608695652174 0.764705882352941 0.26
2116 28 5 5 28 0.178571428571429 1 0.178571428571429
21195 20 1 1 20 0.05 1 0.05
21213 12 1 1 12 0.0833333333333333 1 0.0833333333333333
21219 199 14 8 205 0.0402010050251256 0.571428571428571 0.0390243902439024
21221 35 15 9 41 0.257142857142857 0.6 0.219512195121951
21263 30 17 10 37 0.333333333333333 0.588235294117647 0.27027027027027
2128 4 2 2 4 0.5 1 0.5
21320 6 1 1 6 0.166666666666667 1 0.166666666666667
21371 61 11 7 65 0.114754098360656 0.636363636363636 0.107692307692308
21385 90 24 15 99 0.166666666666667 0.625 0.151515151515152
21392 43 11 7 47 0.162790697674419 0.636363636363636 0.148936170212766
21396 32 12 9 35 0.28125 0.75 0.257142857142857
21409 35 1 0 36 0 0 0
21414 69 13 9 73 0.130434782608696 0.692307692307692 0.123287671232877
21435 6 2 2 6 0.333333333333333 1 0.333333333333333
21497 10 1 1 10 0.1 1 0.1
21513 10 3 3 10 0.3 1 0.3
2152 92 2 2 92 0.0217391304347826 1 0.0217391304347826
21527 6 1 1 6 0.166666666666667 1 0.166666666666667
2153 39 14 13 40 0.333333333333333 0.928571428571429 0.325
21548 23 1 1 23 0.0434782608695652 1 0.0434782608695652
21719 5 1 0 6 0 0 0
21737 6 1 0 7 0 0 0
21844 35 4 4 35 0.114285714285714 1 0.114285714285714
21856 2 1 1 2 0.5 1 0.5
21947 29 3 3 29 0.103448275862069 1 0.103448275862069
21968 4 1 0 5 0 0 0
21976 19 2 2 19 0.105263157894737 1 0.105263157894737
2200 43 6 4 45 0.0930232558139535 0.666666666666667 0.0888888888888889
22070 4 1 0 5 0 0 0
22132 2 4 1 5 0.5 0.25 0.2
22166 2 1 0 3 0 0 0
22192 3 1 1 3 0.333333333333333 1 0.333333333333333
22284 8 1 0 9 0 0 0
22302 7 1 1 7 0.142857142857143 1 0.142857142857143
22335 26 2 2 26 0.0769230769230769 1 0.0769230769230769
22351 43 2 1 44 0.0232558139534884 0.5 0.0227272727272727
22356 37 2 2 37 0.0540540540540541 1 0.0540540540540541
22388 9 6 6 9 0.666666666666667 1 0.666666666666667
224 5 1 1 5 0.2 1 0.2
22404 2 1 0 3 0 0 0
22438 2 2 1 3 0.5 0.5 0.333333333333333
22439 2 1 1 2 0.5 1 0.5
225 2 1 1 2 0.5 1 0.5
22548 53 5 5 53 0.0943396226415094 1 0.0943396226415094
22581 2 1 1 2 0.5 1 0.5
226 32 3 3 32 0.09375 1 0.09375
22767 1 1 1 1 1 1 1
22773 266 1 1 266 0.0037593984962406 1 0.0037593984962406
22779 2 1 1 2 0.5 1 0.5
22822 620 7 7 620 0.0112903225806452 1 0.0112903225806452
22829 18 3 3 18 0.166666666666667 1 0.166666666666667
22958 7 1 1 7 0.142857142857143 1 0.142857142857143
23028 5 2 0 7 0 0 0
23033 9 1 1 9 0.111111111111111 1 0.111111111111111
23148 260 2 2 260 0.00769230769230769 1 0.00769230769230769
23308 13 4 4 13 0.307692307692308 1 0.307692307692308
23316 2 1 1 2 0.5 1 0.5
23342 51 7 6 52 0.117647058823529 0.857142857142857 0.115384615384615
23352 36 4 4 36 0.111111111111111 1 0.111111111111111
23456 53 7 5 55 0.0943396226415094 0.714285714285714 0.0909090909090909
23473 1 1 0 2 0 0 0
23504 29 6 2 33 0.0689655172413793 0.333333333333333 0.0606060606060606
23541 11 1 0 12 0 0 0
23577 3 1 0 4 0 0 0
23596 3 2 2 3 0.666666666666667 1 0.666666666666667
23600 3 2 2 3 0.666666666666667 1 0.666666666666667
23624 2 1 1 2 0.5 1 0.5
23634 4 4 3 5 0.75 0.75 0.6
23637 2 1 0 3 0 0 0
23655 20 1 0 21 0 0 0
237 35 1 1 35 0.0285714285714286 1 0.0285714285714286
23754 4 1 0 5 0 0 0
23774 4 3 2 5 0.5 0.666666666666667 0.4
2381 22 4 4 22 0.181818181818182 1 0.181818181818182
23836 1 1 1 1 1 1 1
23862 3 1 1 3 0.333333333333333 1 0.333333333333333
23869 2 1 0 3 0 0 0
23889 3 1 1 3 0.333333333333333 1 0.333333333333333
23902 2 3 0 5 0 0 0
23910 3 5 1 7 0.333333333333333 0.2 0.142857142857143
23911 8 18 5 21 0.625 0.277777777777778 0.238095238095238
23912 1 1 0 2 0 0 0
23930 28 1 1 28 0.0357142857142857 1 0.0357142857142857
23966 4 1 0 5 0 0 0
24 12 8 5 15 0.416666666666667 0.625 0.333333333333333
24005 3 2 1 4 0.333333333333333 0.5 0.25
24047 4 2 2 4 0.5 1 0.5
24066 2 1 0 3 0 0 0
24129 3 4 2 5 0.666666666666667 0.5 0.4
24130 18 1 1 18 0.0555555555555556 1 0.0555555555555556
24151 10 3 0 13 0 0 0
24175 3 1 1 3 0.333333333333333 1 0.333333333333333
24211 1 1 1 1 1 1 1
24218 15 5 3 17 0.2 0.6 0.176470588235294
24220 6 1 1 6 0.166666666666667 1 0.166666666666667
24226 3 2 0 5 0 0 0
24227 1 1 0 2 0 0 0
24229 5 1 1 5 0.2 1 0.2
24238 7 3 1 9 0.142857142857143 0.333333333333333 0.111111111111111
24287 4 3 3 4 0.75 1 0.75
24311 1 1 0 2 0 0 0
24326 18 1 1 18 0.0555555555555556 1 0.0555555555555556
24334 2 1 1 2 0.5 1 0.5
24390 2 1 1 2 0.5 1 0.5
24424 2 1 0 3 0 0 0
24437 1 1 1 1 1 1 1
24475 4 3 3 4 0.75 1 0.75
24489 9 9 8 10 0.888888888888889 0.888888888888889 0.8
24490 10 8 8 10 0.8 1 0.8
24514 6 2 2 6 0.333333333333333 1 0.333333333333333
24541 3 3 1 5 0.333333333333333 0.333333333333333 0.2
24557 3 2 1 4 0.333333333333333 0.5 0.25
24586 31 12 8 35 0.258064516129032 0.666666666666667 0.228571428571429
24594 21 8 5 24 0.238095238095238 0.625 0.208333333333333
24638 19 1 1 19 0.0526315789473684 1 0.0526315789473684
24642 31 5 4 32 0.129032258064516 0.8 0.125
24679 28 13 7 34 0.25 0.538461538461538 0.205882352941176
24724 125 30 22 133 0.176 0.733333333333333 0.165413533834586
24730 57 1 1 57 0.0175438596491228 1 0.0175438596491228
24748 36 2 0 38 0 0 0
24776 6 2 1 7 0.166666666666667 0.5 0.142857142857143
24785 108 11 7 112 0.0648148148148148 0.636363636363636 0.0625
24796 6 3 3 6 0.5 1 0.5
24863 20 3 3 20 0.15 1 0.15
24875 236 19 16 239 0.0677966101694915 0.842105263157895 0.0669456066945607
24889 12 4 4 12 0.333333333333333 1 0.333333333333333
24900 1 1 1 1 1 1 1
24940 25 13 9 29 0.36 0.692307692307692 0.310344827586207
2495 11 1 1 11 0.0909090909090909 1 0.0909090909090909
24963 55 9 7 57 0.127272727272727 0.777777777777778 0.12280701754386
2497 238 66 51 253 0.214285714285714 0.772727272727273 0.201581027667984
24971 25 8 6 27 0.24 0.75 0.222222222222222
25 2 1 1 2 0.5 1 0.5
250 8 2 1 9 0.125 0.5 0.111111111111111
2500 32 36 18 50 0.5625 0.5 0.36
2506 2 1 1 2 0.5 1 0.5
25061 38 5 5 38 0.131578947368421 1 0.131578947368421
2510 17 3 2 18 0.117647058823529 0.666666666666667 0.111111111111111
25137 13 6 6 13 0.461538461538462 1 0.461538461538462
2514 15 1 1 15 0.0666666666666667 1 0.0666666666666667
25148 8 1 1 8 0.125 1 0.125
2515 6 2 2 6 0.333333333333333 1 0.333333333333333
25151 13 1 0 14 0 0 0
25152 61 12 9 64 0.147540983606557 0.75 0.140625
2516 333 38 35 336 0.105105105105105 0.921052631578947 0.104166666666667
25164 2 1 1 2 0.5 1 0.5
2518 10 3 3 10 0.3 1 0.3
25182 34 9 6 37 0.176470588235294 0.666666666666667 0.162162162162162
2519 26 6 5 27 0.192307692307692 0.833333333333333 0.185185185185185
25192 7 6 5 8 0.714285714285714 0.833333333333333 0.625
25234 3 4 3 4 1 0.75 0.75
2527 11 4 2 13 0.181818181818182 0.5 0.153846153846154
25279 15 4 4 15 0.266666666666667 1 0.266666666666667
25295 2 1 1 2 0.5 1 0.5
25358 14 11 4 21 0.285714285714286 0.363636363636364 0.19047619047619
25384 8 2 1 9 0.125 0.5 0.111111111111111
25409 2 1 1 2 0.5 1 0.5
25415 4 1 1 4 0.25 1 0.25
25441 15 2 2 15 0.133333333333333 1 0.133333333333333
25466 32 7 6 33 0.1875 0.857142857142857 0.181818181818182
25473 4 2 2 4 0.5 1 0.5
2549 3 1 0 4 0 0 0
25512 20 3 3 20 0.15 1 0.15
25525 55 17 16 56 0.290909090909091 0.941176470588235 0.285714285714286
25538 2 2 0 4 0 0 0
25560 67 91 31 127 0.462686567164179 0.340659340659341 0.244094488188976
25563 4 1 1 4 0.25 1 0.25
25588 20 6 2 24 0.1 0.333333333333333 0.0833333333333333
25596 36 10 7 39 0.194444444444444 0.7 0.179487179487179
2561 3 1 1 3 0.333333333333333 1 0.333333333333333
25689 12 1 1 12 0.0833333333333333 1 0.0833333333333333
2576 2 1 1 2 0.5 1 0.5
25795 8 3 3 8 0.375 1 0.375
25818 23 6 3 26 0.130434782608696 0.5 0.115384615384615
25829 2 1 1 2 0.5 1 0.5
2586 11 1 1 11 0.0909090909090909 1 0.0909090909090909
25899 29 1 1 29 0.0344827586206897 1 0.0344827586206897
25933 3 2 0 5 0 0 0
2594 4 1 0 5 0 0 0
2595 2 1 0 3 0 0 0
2597 1 1 1 1 1 1 1
2602 4 3 3 4 0.75 1 0.75
2603 99 28 21 106 0.212121212121212 0.75 0.19811320754717
2607 33 10 9 34 0.272727272727273 0.9 0.264705882352941
2609 3 1 0 4 0 0 0
2611 60 9 8 61 0.133333333333333 0.888888888888889 0.131147540983607
2614 16 1 1 16 0.0625 1 0.0625
26347 3 1 1 3 0.333333333333333 1 0.333333333333333
2637 5 1 1 5 0.2 1 0.2
26415 51 8 2 57 0.0392156862745098 0.25 0.0350877192982456
26496 6 1 1 6 0.166666666666667 1 0.166666666666667
26610 2 1 1 2 0.5 1 0.5
26622 8 1 1 8 0.125 1 0.125
26773 8 3 3 8 0.375 1 0.375
26785 3 2 1 4 0.333333333333333 0.5 0.25
26888 2 1 1 2 0.5 1 0.5
26943 215 16 14 217 0.0651162790697674 0.875 0.0645161290322581
26949 1 1 0 2 0 0 0
2697 7 2 2 7 0.285714285714286 1 0.285714285714286
26978 15 2 0 17 0 0 0
2698 6 3 3 6 0.5 1 0.5
27 2 1 1 2 0.5 1 0.5
2709 3 2 2 3 0.666666666666667 1 0.666666666666667
271 11 2 1 12 0.0909090909090909 0.5 0.0833333333333333
2714 1 1 1 1 1 1 1
2716 3 1 1 3 0.333333333333333 1 0.333333333333333
27319 28 5 5 28 0.178571428571429 1 0.178571428571429
27321 1 2 0 3 0 0 0
27400 3 1 1 3 0.333333333333333 1 0.333333333333333
27446 4 1 0 5 0 0 0
27524 52 4 3 53 0.0576923076923077 0.75 0.0566037735849057
27552 8 1 1 8 0.125 1 0.125
27589 11 1 1 11 0.0909090909090909 1 0.0909090909090909
27630 3 1 1 3 0.333333333333333 1 0.333333333333333
27664 57 7 7 57 0.12280701754386 1 0.12280701754386
27678 6 1 0 7 0 0 0
27725 1 1 1 1 1 1 1
27750 19 16 15 20 0.789473684210526 0.9375 0.75
27770 1 1 0 2 0 0 0
27781 6 1 0 7 0 0 0
278 9 7 1 15 0.111111111111111 0.142857142857143 0.0666666666666667
27807 12 5 5 12 0.416666666666667 1 0.416666666666667
27817 4 1 1 4 0.25 1 0.25
27841 3 1 1 3 0.333333333333333 1 0.333333333333333
27924 3 1 1 3 0.333333333333333 1 0.333333333333333
27929 3 2 2 3 0.666666666666667 1 0.666666666666667
27933 2 1 1 2 0.5 1 0.5
28000 1 1 1 1 1 1 1
28001 3 1 1 3 0.333333333333333 1 0.333333333333333
2819 33 3 2 34 0.0606060606060606 0.666666666666667 0.0588235294117647
2828 801 12 11 802 0.0137328339575531 0.916666666666667 0.013715710723192
28289 3 1 0 4 0 0 0
28299 6 3 3 6 0.5 1 0.5
28324 1 1 0 2 0 0 0
28360 1 1 1 1 1 1 1
28362 1 1 1 1 1 1 1
2847 4 3 3 4 0.75 1 0.75
2848 16 1 1 16 0.0625 1 0.0625
28497 6 2 2 6 0.333333333333333 1 0.333333333333333
28499 4 2 1 5 0.25 0.5 0.2
28511 5 2 1 6 0.2 0.5 0.166666666666667
2852 82 10 9 83 0.109756097560976 0.9 0.108433734939759
2857 34 30 11 53 0.323529411764706 0.366666666666667 0.207547169811321
286 336 120 70 386 0.208333333333333 0.583333333333333 0.181347150259067
28618 3 2 1 4 0.333333333333333 0.5 0.25
28677 1 1 1 1 1 1 1
28678 2 1 1 2 0.5 1 0.5
28697 8 1 1 8 0.125 1 0.125
28717 15 3 3 15 0.2 1 0.2
28725 2 2 1 3 0.5 0.5 0.333333333333333
28753 34 15 8 41 0.235294117647059 0.533333333333333 0.195121951219512
28788 51 12 10 53 0.196078431372549 0.833333333333333 0.188679245283019
28824 2 1 0 3 0 0 0
28847 1 1 1 1 1 1 1
28855 9 5 5 9 0.555555555555556 1 0.555555555555556
28857 8 4 4 8 0.5 1 0.5
28859 4 1 1 4 0.25 1 0.25
28878 43 15 11 47 0.255813953488372 0.733333333333333 0.234042553191489
28929 78 9 8 79 0.102564102564103 0.888888888888889 0.10126582278481
2895 236 2 1 237 0.00423728813559322 0.5 0.00421940928270042
290 6 3 3 6 0.5 1 0.5
29003 4 1 1 4 0.25 1 0.25
29009 30 8 5 33 0.166666666666667 0.625 0.151515151515152
2905 30 2 0 32 0 0 0
29066 32 13 8 37 0.25 0.615384615384615 0.216216216216216
2907 81 5 5 81 0.0617283950617284 1 0.0617283950617284
29113 68 15 14 69 0.205882352941176 0.933333333333333 0.202898550724638
29134 10 4 4 10 0.4 1 0.4
2914 639 199 138 700 0.215962441314554 0.693467336683417 0.197142857142857
29147 1 1 1 1 1 1 1
29208 318 134 72 380 0.226415094339623 0.537313432835821 0.189473684210526
29216 1 1 1 1 1 1 1
29222 43 3 3 43 0.0697674418604651 1 0.0697674418604651
29243 2 2 2 2 1 1 1
29259 5 2 2 5 0.4 1 0.4
29278 11 2 2 11 0.181818181818182 1 0.181818181818182
293 149 19 17 151 0.114093959731544 0.894736842105263 0.112582781456954
29317 2 2 2 2 1 1 1
29321 8 3 3 8 0.375 1 0.375
29372 1 2 0 3 0 0 0
29396 36 8 6 38 0.166666666666667 0.75 0.157894736842105
29405 15 2 2 15 0.133333333333333 1 0.133333333333333
29422 21 4 3 22 0.142857142857143 0.75 0.136363636363636
29432 2 1 1 2 0.5 1 0.5
29449 45 20 13 52 0.288888888888889 0.65 0.25
29452 23 6 5 24 0.217391304347826 0.833333333333333 0.208333333333333
29488 3 2 2 3 0.666666666666667 1 0.666666666666667
29527 36 10 8 38 0.222222222222222 0.8 0.210526315789474
29542 4 2 1 5 0.25 0.5 0.2
29608 15 3 3 15 0.2 1 0.2
29611 30 9 7 32 0.233333333333333 0.777777777777778 0.21875
29632 35 13 7 41 0.2 0.538461538461538 0.170731707317073
29636 227 40 38 229 0.167400881057269 0.95 0.165938864628821
29651 12 3 2 13 0.166666666666667 0.666666666666667 0.153846153846154
29655 8 2 2 8 0.25 1 0.25
29668 34 1 1 34 0.0294117647058824 1 0.0294117647058824
29670 9 2 2 9 0.222222222222222 1 0.222222222222222
29671 3 1 1 3 0.333333333333333 1 0.333333333333333
29686 312 117 104 325 0.333333333333333 0.888888888888889 0.32
29748 26 10 4 32 0.153846153846154 0.4 0.125
29763 1 1 1 1 1 1 1
29789 1 1 1 1 1 1 1
29791 204 4 2 206 0.00980392156862745 0.5 0.00970873786407767
29838 33 6 6 33 0.181818181818182 1 0.181818181818182
29904 1 1 1 1 1 1 1
3 6 1 0 7 0 0 0
30008 5 1 1 5 0.2 1 0.2
30058 7 2 2 7 0.285714285714286 1 0.285714285714286
30059 3 3 2 4 0.666666666666667 0.666666666666667 0.5
30071 10 100 6 104 0.6 0.06 0.0576923076923077
30132 26 52 15 63 0.576923076923077 0.288461538461538 0.238095238095238
30176 15 2 2 15 0.133333333333333 1 0.133333333333333
30217 6 1 1 6 0.166666666666667 1 0.166666666666667
30225 1 1 0 2 0 0 0
30259 3 1 1 3 0.333333333333333 1 0.333333333333333
30340 15 1 1 15 0.0666666666666667 1 0.0666666666666667
30362 4 1 0 5 0 0 0
30374 2 1 0 3 0 0 0
3043 14 3 3 14 0.214285714285714 1 0.214285714285714
30528 7 3 2 8 0.285714285714286 0.666666666666667 0.25
30653 24 10 7 27 0.291666666666667 0.7 0.259259259259259
30700 4 2 2 4 0.5 1 0.5
30708 1 1 1 1 1 1 1
30740 36 8 6 38 0.166666666666667 0.75 0.157894736842105
30781 59 20 15 64 0.254237288135593 0.75 0.234375
30795 3 2 2 3 0.666666666666667 1 0.666666666666667
30833 11 2 1 12 0.0909090909090909 0.5 0.0833333333333333
30844 295 7 7 295 0.023728813559322 1 0.023728813559322
30880 10 2 2 10 0.2 1 0.2
30890 139 20 14 145 0.100719424460432 0.7 0.096551724137931
30925 2 1 1 2 0.5 1 0.5
30971 7 3 3 7 0.428571428571429 1 0.428571428571429
30975 5 2 0 7 0 0 0
31065 4 1 1 4 0.25 1 0.25
31078 3 1 1 3 0.333333333333333 1 0.333333333333333
31117 11 4 3 12 0.272727272727273 0.75 0.25
31122 12 2 2 12 0.166666666666667 1 0.166666666666667
31127 2 3 1 4 0.5 0.333333333333333 0.25
31229 5 2 1 6 0.2 0.5 0.166666666666667
31252 19 4 4 19 0.210526315789474 1 0.210526315789474
31261 20 2 1 21 0.05 0.5 0.0476190476190476
31265 2 1 1 2 0.5 1 0.5
31283 48 3 3 48 0.0625 1 0.0625
31333 11 5 4 12 0.363636363636364 0.8 0.333333333333333
3134 2 1 1 2 0.5 1 0.5
31383 22 8 5 25 0.227272727272727 0.625 0.2
3140 1 1 1 1 1 1 1
31400 10 3 3 10 0.3 1 0.3
31424 17 4 4 17 0.235294117647059 1 0.235294117647059
31442 2 1 0 3 0 0 0
31458 51 7 6 52 0.117647058823529 0.857142857142857 0.115384615384615
31477 194 2 2 194 0.0103092783505155 1 0.0103092783505155
31479 4 2 1 5 0.25 0.5 0.2
31513 3 1 1 3 0.333333333333333 1 0.333333333333333
31529 57 19 15 61 0.263157894736842 0.789473684210526 0.245901639344262
31530 6 1 1 6 0.166666666666667 1 0.166666666666667
31615 2 1 0 3 0 0 0
31621 5 2 1 6 0.2 0.5 0.166666666666667
31677 4 2 0 6 0 0 0
31688 7 2 2 7 0.285714285714286 1 0.285714285714286
31708 24 11 8 27 0.333333333333333 0.727272727272727 0.296296296296296
31736 10 1 1 10 0.1 1 0.1
31877 13 1 1 13 0.0769230769230769 1 0.0769230769230769
32034 6 3 3 6 0.5 1 0.5
3212 22 1 1 22 0.0454545454545455 1 0.0454545454545455
3213 41 11 9 43 0.219512195121951 0.818181818181818 0.209302325581395
3215 97 1 1 97 0.0103092783505155 1 0.0103092783505155
3221 1 1 1 1 1 1 1
32335 4 1 1 4 0.25 1 0.25
32346 1 2 1 2 1 0.5 0.5
32354 18 4 3 19 0.166666666666667 0.75 0.157894736842105
32360 3 1 0 4 0 0 0
32361 6 2 1 7 0.166666666666667 0.5 0.142857142857143
3243 16 4 2 18 0.125 0.5 0.111111111111111
32440 23 2 2 23 0.0869565217391304 1 0.0869565217391304
3248 54 24 15 63 0.277777777777778 0.625 0.238095238095238
3249 58 13 9 62 0.155172413793103 0.692307692307692 0.145161290322581
3257 565 257 134 688 0.23716814159292 0.521400778210117 0.194767441860465
32592 17 3 3 17 0.176470588235294 1 0.176470588235294
3261 27 1 1 27 0.037037037037037 1 0.037037037037037
3265 42 16 11 47 0.261904761904762 0.6875 0.234042553191489
3267 336 8 7 337 0.0208333333333333 0.875 0.0207715133531157
3269 112 1 1 112 0.00892857142857143 1 0.00892857142857143
32748 16 5 5 16 0.3125 1 0.3125
3277 75 1 1 75 0.0133333333333333 1 0.0133333333333333
32809 1 1 0 2 0 0 0
32825 2 1 0 3 0 0 0
32915 4 1 0 5 0 0 0
3292 417 20 19 418 0.0455635491606715 0.95 0.0454545454545455
32978 1 1 1 1 1 1 1
33 6 1 0 7 0 0 0
3301 63 5 4 64 0.0634920634920635 0.8 0.0625
3303 497 26 22 501 0.0442655935613682 0.846153846153846 0.0439121756487026
33071 8 2 2 8 0.25 1 0.25
33080 4 1 1 4 0.25 1 0.25
33081 8 2 2 8 0.25 1 0.25
33152 1 1 0 2 0 0 0
33189 9 1 1 9 0.111111111111111 1 0.111111111111111
3320 535 23 15 543 0.0280373831775701 0.652173913043478 0.0276243093922652
3327 106 27 21 112 0.19811320754717 0.777777777777778 0.1875
3333 161 4 3 162 0.0186335403726708 0.75 0.0185185185185185
33362 3 1 0 4 0 0 0
3344 7 5 2 10 0.285714285714286 0.4 0.2
33517 7 2 2 7 0.285714285714286 1 0.285714285714286
3352 72 2 1 73 0.0138888888888889 0.5 0.0136986301369863
33557 1 1 0 2 0 0 0
3356 2444 88 76 2456 0.0310965630114566 0.863636363636364 0.0309446254071661
33597 25 1 1 25 0.04 1 0.04
33789 2 2 2 2 1 1 1
33843 39 21 13 47 0.333333333333333 0.619047619047619 0.276595744680851
33845 11 1 1 11 0.0909090909090909 1 0.0909090909090909
33868 7 2 2 7 0.285714285714286 1 0.285714285714286
33876 1 1 1 1 1 1 1
33885 12 2 2 12 0.166666666666667 1 0.166666666666667
33891 36 16 11 41 0.305555555555556 0.6875 0.268292682926829
33926 42 6 5 43 0.119047619047619 0.833333333333333 0.116279069767442
33930 2 1 0 3 0 0 0
34019 10 3 3 10 0.3 1 0.3
34021 7 3 2 8 0.285714285714286 0.666666666666667 0.25
34080 5 2 2 5 0.4 1 0.4
34081 3 2 2 3 0.666666666666667 1 0.666666666666667
34108 5 4 2 7 0.4 0.5 0.285714285714286
34109 5 1 0 6 0 0 0
34141 27 1 1 27 0.037037037037037 1 0.037037037037037
34146 13 2 2 13 0.153846153846154 1 0.153846153846154
34225 49 4 3 50 0.0612244897959184 0.75 0.06
34244 5 3 3 5 0.6 1 0.6
34270 39 4 4 39 0.102564102564103 1 0.102564102564103
34288 7 2 1 8 0.142857142857143 0.5 0.125
34305 70 10 9 71 0.128571428571429 0.9 0.126760563380282
34309 46 143 24 165 0.521739130434783 0.167832167832168 0.145454545454545
34313 24 6 5 25 0.208333333333333 0.833333333333333 0.2
34372 3 1 1 3 0.333333333333333 1 0.333333333333333
34419 57 11 9 59 0.157894736842105 0.818181818181818 0.152542372881356
34427 3 1 1 3 0.333333333333333 1 0.333333333333333
34486 34 4 3 35 0.0882352941176471 0.75 0.0857142857142857
34505 3 3 3 3 1 1 1
34549 6 5 3 8 0.5 0.6 0.375
34554 11 2 2 11 0.181818181818182 1 0.181818181818182
34567 2 2 1 3 0.5 0.5 0.333333333333333
34594 15 3 3 15 0.2 1 0.2
34602 13 2 1 14 0.0769230769230769 0.5 0.0714285714285714
3464 8 1 1 8 0.125 1 0.125
34683 2 1 1 2 0.5 1 0.5
34695 359 64 51 372 0.142061281337047 0.796875 0.137096774193548
34718 6 1 0 7 0 0 0
34752 3 1 1 3 0.333333333333333 1 0.333333333333333
34763 68 23 11 80 0.161764705882353 0.478260869565217 0.1375
34781 14 1 1 14 0.0714285714285714 1 0.0714285714285714
34784 2 1 1 2 0.5 1 0.5
34863 2 1 0 3 0 0 0
34958 3 1 1 3 0.333333333333333 1 0.333333333333333
34968 31 12 9 34 0.290322580645161 0.75 0.264705882352941
34997 11 3 3 11 0.272727272727273 1 0.272727272727273
35 2 1 0 3 0 0 0
35028 33 10 7 36 0.212121212121212 0.7 0.194444444444444
35070 8 2 2 8 0.25 1 0.25
35087 9 1 1 9 0.111111111111111 1 0.111111111111111
35244 31 20 13 38 0.419354838709677 0.65 0.342105263157895
35272 3 2 2 3 0.666666666666667 1 0.666666666666667
35283 6 1 1 6 0.166666666666667 1 0.166666666666667
35320 108 17 12 113 0.111111111111111 0.705882352941177 0.106194690265487
35393 9 2 2 9 0.222222222222222 1 0.222222222222222
35425 15 3 3 15 0.2 1 0.2
35470 8 4 1 11 0.125 0.25 0.0909090909090909
35485 1 1 0 2 0 0 0
3549 1300 135 123 1312 0.0946153846153846 0.911111111111111 0.09375
35492 5 3 3 5 0.6 1 0.6
3551 1 1 0 2 0 0 0
3557 21 6 5 22 0.238095238095238 0.833333333333333 0.227272727272727
35592 7 3 3 7 0.428571428571429 1 0.428571428571429
3561 453 5 5 453 0.011037527593819 1 0.011037527593819
35612 6 3 0 9 0 0 0
35703 3 1 1 3 0.333333333333333 1 0.333333333333333
35706 17 6 3 20 0.176470588235294 0.5 0.15
35745 4 2 1 5 0.25 0.5 0.2
35819 15 1 1 15 0.0666666666666667 1 0.0666666666666667
35826 3 1 1 3 0.333333333333333 1 0.333333333333333
35908 22 2 2 22 0.0909090909090909 1 0.0909090909090909
3597 8 2 2 8 0.25 1 0.25
36141 2 1 0 3 0 0 0
36221 1 1 1 1 1 1 1
36236 14 1 0 15 0 0 0
36252 2 2 2 2 1 1 1
36351 18 5 5 18 0.277777777777778 1 0.277777777777778
36383 2 1 1 2 0.5 1 0.5
36384 1 1 1 1 1 1 1
3640 4 1 1 4 0.25 1 0.25
36412 4 2 2 4 0.5 1 0.5
36430 1 1 0 2 0 0 0
36472 11 2 2 11 0.181818181818182 1 0.181818181818182
3661 6 6 2 10 0.333333333333333 0.333333333333333 0.2
3662 18 8 8 18 0.444444444444444 1 0.444444444444444
36671 2 1 1 2 0.5 1 0.5
36692 39 7 6 40 0.153846153846154 0.857142857142857 0.15
3676 6 2 2 6 0.333333333333333 1 0.333333333333333
36797 1 1 1 1 1 1 1
36856 11 4 2 13 0.181818181818182 0.5 0.153846153846154
36944 35 5 4 36 0.114285714285714 0.8 0.111111111111111
3714 5 1 1 5 0.2 1 0.2
3741 94 1 1 94 0.0106382978723404 1 0.0106382978723404
3742 16 2 2 16 0.125 1 0.125
3754 39 3 3 39 0.0769230769230769 1 0.0769230769230769
376 18 1 1 18 0.0555555555555556 1 0.0555555555555556
378 3 1 1 3 0.333333333333333 1 0.333333333333333
3790 5 1 1 5 0.2 1 0.2
37918 3 1 1 3 0.333333333333333 1 0.333333333333333
38005 2 2 2 2 1 1 1
38018 7 4 3 8 0.428571428571429 0.75 0.375
38022 33 9 9 33 0.272727272727273 1 0.272727272727273
38082 45 10 9 46 0.2 0.9 0.195652173913043
38140 2 1 1 2 0.5 1 0.5
38158 4 3 3 4 0.75 1 0.75
38229 1 1 1 1 1 1 1
3825 1 1 0 2 0 0 0
38299 2 1 1 2 0.5 1 0.5
38321 2 1 1 2 0.5 1 0.5
3836 7 1 1 7 0.142857142857143 1 0.142857142857143
38457 3 1 1 3 0.333333333333333 1 0.333333333333333
38462 2 1 1 2 0.5 1 0.5
38477 4 1 1 4 0.25 1 0.25
38566 2 1 1 2 0.5 1 0.5
38629 3 2 2 3 0.666666666666667 1 0.666666666666667
38639 1 1 1 1 1 1 1
38646 2 1 0 3 0 0 0
38652 2 1 1 2 0.5 1 0.5
38794 9 1 1 9 0.111111111111111 1 0.111111111111111
38819 3 2 2 3 0.666666666666667 1 0.666666666666667
38826 4 3 1 6 0.25 0.333333333333333 0.166666666666667
38922 9 2 1 10 0.111111111111111 0.5 0.1
38930 23 2 1 24 0.0434782608695652 0.5 0.0416666666666667
39029 4 1 1 4 0.25 1 0.25
39040 10 2 2 10 0.2 1 0.2
39093 5 2 1 6 0.2 0.5 0.166666666666667
39122 11 4 3 12 0.272727272727273 0.75 0.25
39145 8 3 3 8 0.375 1 0.375
39211 3 2 1 4 0.333333333333333 0.5 0.25
39288 2 1 1 2 0.5 1 0.5
39301 6 2 1 7 0.166666666666667 0.5 0.142857142857143
39309 24 1 0 25 0 0 0
393224 1 1 1 1 1 1 1
39326 230 22 19 233 0.0826086956521739 0.863636363636364 0.0815450643776824
39342 2 1 1 2 0.5 1 0.5
3943 3 2 2 3 0.666666666666667 1 0.666666666666667
3949 1 2 1 2 1 0.5 0.5
39537 2 1 0 3 0 0 0
39545 2 2 2 2 1 1 1
39554 5 2 2 5 0.4 1 0.4
39556 32 9 7 34 0.21875 0.777777777777778 0.205882352941176
39560 2 1 1 2 0.5 1 0.5
39570 3 4 2 5 0.666666666666667 0.5 0.4
39572 3 1 1 3 0.333333333333333 1 0.333333333333333
39602 2 1 0 3 0 0 0
39737 39 2 2 39 0.0512820512820513 1 0.0512820512820513
39780 2 1 0 3 0 0 0
39787 6 2 1 7 0.166666666666667 0.5 0.142857142857143
39792 689 29 22 696 0.0319303338171263 0.758620689655172 0.0316091954022989
39837 4 2 2 4 0.5 1 0.5
39839 2 2 1 3 0.5 0.5 0.333333333333333
39854 1 2 1 2 1 0.5 0.5
39875 2 1 1 2 0.5 1 0.5
39912 342 4 4 342 0.0116959064327485 1 0.0116959064327485
3999 1 1 1 1 1 1 1
40009 43 6 5 44 0.116279069767442 0.833333333333333 0.113636363636364
40060 4 1 0 5 0 0 0
40068 13 2 2 13 0.153846153846154 1 0.153846153846154
40193 15 7 5 17 0.333333333333333 0.714285714285714 0.294117647058824
40220 12 5 5 12 0.416666666666667 1 0.416666666666667
40342 4 3 2 5 0.5 0.666666666666667 0.4
40387 18 2 2 18 0.111111111111111 1 0.111111111111111
40528 9 3 3 9 0.333333333333333 1 0.333333333333333
40589 2 1 1 2 0.5 1 0.5
40679 2 2 2 2 1 1 1
40832 2 1 1 2 0.5 1 0.5
40912 2 1 1 2 0.5 1 0.5
41012 35 7 6 36 0.171428571428571 0.857142857142857 0.166666666666667
41045 20 9 7 22 0.35 0.777777777777778 0.318181818181818
41075 3 2 1 4 0.333333333333333 0.5 0.25
4134 102 1 0 103 0 0 0
4150 5 2 1 6 0.2 0.5 0.166666666666667
4158 2 1 1 2 0.5 1 0.5
41589 3 1 1 3 0.333333333333333 1 0.333333333333333
41692 408 31 26 413 0.0637254901960784 0.838709677419355 0.062953995157385
41695 4 1 0 5 0 0 0
41698 2 1 1 2 0.5 1 0.5
41711 8 4 2 10 0.25 0.5 0.2
41773 4 3 3 4 0.75 1 0.75
41824 9 4 4 9 0.444444444444444 1 0.444444444444444
41887 12 6 4 14 0.333333333333333 0.666666666666667 0.285714285714286
41913 10 2 2 10 0.2 1 0.2
42 112 7 6 113 0.0535714285714286 0.857142857142857 0.0530973451327434
42017 4 1 0 5 0 0 0
42096 8 1 0 9 0 0 0
42184 27 9 5 31 0.185185185185185 0.555555555555556 0.161290322580645
42227 9 6 5 10 0.555555555555556 0.833333333333333 0.5
42525 28 1 1 28 0.0357142857142857 1 0.0357142857142857
42579 9 2 2 9 0.222222222222222 1 0.222222222222222
42585 7 4 2 9 0.285714285714286 0.5 0.222222222222222
42605 17 14 8 23 0.470588235294118 0.571428571428571 0.347826086956522
42652 42 4 4 42 0.0952380952380952 1 0.0952380952380952
42689 32 9 7 34 0.21875 0.777777777777778 0.205882352941176
4270 5 3 2 6 0.4 0.666666666666667 0.333333333333333
42732 3 2 2 3 0.666666666666667 1 0.666666666666667
42841 5 3 3 5 0.6 1 0.6
42909 15 4 3 16 0.2 0.75 0.1875
42937 1 1 1 1 1 1 1
42965 3 1 1 3 0.333333333333333 1 0.333333333333333
43037 5 1 1 5 0.2 1 0.2
43070 6 1 1 6 0.166666666666667 1 0.166666666666667
43128 1 1 1 1 1 1 1
43148 2 1 0 3 0 0 0
4323 1248 6 6 1248 0.00480769230769231 1 0.00480769230769231
43289 2 1 1 2 0.5 1 0.5
43313 3 1 1 3 0.333333333333333 1 0.333333333333333
43333 7 3 3 7 0.428571428571429 1 0.428571428571429
43383 1 1 1 1 1 1 1
43447 1 1 1 1 1 1 1
43483 3 1 1 3 0.333333333333333 1 0.333333333333333
43556 6 2 2 6 0.333333333333333 1 0.333333333333333
43602 3 2 2 3 0.666666666666667 1 0.666666666666667
43655 2 1 1 2 0.5 1 0.5
43751 4 1 0 5 0 0 0
43821 35 15 11 39 0.314285714285714 0.733333333333333 0.282051282051282
43884 2 1 0 3 0 0 0
43892 2 1 0 3 0 0 0
43911 4 3 1 6 0.25 0.333333333333333 0.166666666666667
43948 3 2 2 3 0.666666666666667 1 0.666666666666667
43950 2 1 0 3 0 0 0
43978 2 1 1 2 0.5 1 0.5
44042 38 19 13 44 0.342105263157895 0.684210526315789 0.295454545454545
44065 2 1 1 2 0.5 1 0.5
44066 24 1 1 24 0.0416666666666667 1 0.0416666666666667
44146 10 3 2 11 0.2 0.666666666666667 0.181818181818182
44212 4 2 2 4 0.5 1 0.5
44237 30 2 2 30 0.0666666666666667 1 0.0666666666666667
44285 4 1 0 5 0 0 0
44358 5 2 2 5 0.4 1 0.4
4436 143 25 21 147 0.146853146853147 0.84 0.142857142857143
44489 1 1 1 1 1 1 1
44505 1 1 0 2 0 0 0
44513 7 2 2 7 0.285714285714286 1 0.285714285714286
44514 5 3 2 6 0.4 0.666666666666667 0.333333333333333
44654 7 2 2 7 0.285714285714286 1 0.285714285714286
44683 3 2 2 3 0.666666666666667 1 0.666666666666667
4474 1 1 1 1 1 1 1
44928 1 1 1 1 1 1 1
44980 3 1 1 3 0.333333333333333 1 0.333333333333333
45131 1 1 1 1 1 1 1
45147 60 3 2 61 0.0333333333333333 0.666666666666667 0.0327868852459016
45177 3 2 0 5 0 0 0
4528 3 1 1 3 0.333333333333333 1 0.333333333333333
45344 2 1 1 2 0.5 1 0.5
4538 48 4 3 49 0.0625 0.75 0.0612244897959184
45425 3 1 1 3 0.333333333333333 1 0.333333333333333
45437 1 1 1 1 1 1 1
45438 1 1 1 1 1 1 1
45444 2 2 0 4 0 0 0
45456 1 2 0 3 0 0 0
45459 1 1 0 2 0 0 0
45506 2 1 1 2 0.5 1 0.5
45522 1 1 0 2 0 0 0
4555 1 3 0 4 0 0 0
4557 10 2 2 10 0.2 1 0.2
45638 3 1 1 3 0.333333333333333 1 0.333333333333333
45695 1 1 1 1 1 1 1
4589 704 112 108 708 0.153409090909091 0.964285714285714 0.152542372881356
46 2 1 1 2 0.5 1 0.5
4605 1 1 1 1 1 1 1
4608 5 3 0 8 0 0 0
46135 12 2 2 12 0.166666666666667 1 0.166666666666667
4618 15 2 1 16 0.0666666666666667 0.5 0.0625
46208 4 2 2 4 0.5 1 0.5
4621 35 3 3 35 0.0857142857142857 1 0.0857142857142857
4635 109 22 20 111 0.18348623853211 0.909090909090909 0.18018018018018
46357 2 1 1 2 0.5 1 0.5
4637 171 3 2 172 0.0116959064327485 0.666666666666667 0.0116279069767442
4648 53 2 2 53 0.0377358490566038 1 0.0377358490566038
4651 32 8 7 33 0.21875 0.875 0.212121212121212
4657 102 2 2 102 0.0196078431372549 1 0.0196078431372549
46722 1 1 1 1 1 1 1
4673 8 2 2 8 0.25 1 0.25
4675 6 2 0 8 0 0 0
4677 5 1 1 5 0.2 1 0.2
4680 9 3 1 11 0.111111111111111 0.333333333333333 0.0909090909090909
4685 10 1 1 10 0.1 1 0.1
4691 1 15 1 15 1 0.0666666666666667 0.0666666666666667
4697 3 8 3 8 1 0.375 0.375
4704 7 2 1 8 0.142857142857143 0.5 0.125
4711 2 1 0 3 0 0 0
4713 106 13 10 109 0.0943396226415094 0.769230769230769 0.0917431192660551
4716 23 10 2 31 0.0869565217391304 0.2 0.0645161290322581
4717 3 2 2 3 0.666666666666667 1 0.666666666666667
4718 2 2 2 2 1 1 1
47227 2 1 1 2 0.5 1 0.5
4725 123 17 9 131 0.0731707317073171 0.529411764705882 0.0687022900763359
4739 80 15 13 82 0.1625 0.866666666666667 0.158536585365854
4741 10 1 1 10 0.1 1 0.1
47447 2 2 2 2 1 1 1
4747 2 1 0 3 0 0 0
47490 1 1 1 1 1 1 1
47533 3 1 1 3 0.333333333333333 1 0.333333333333333
4755 179 2 2 179 0.0111731843575419 1 0.0111731843575419
4760 5 1 1 5 0.2 1 0.2
4761 60 4 3 61 0.05 0.75 0.0491803278688525
47617 3 1 1 3 0.333333333333333 1 0.333333333333333
4768 25 2 2 25 0.08 1 0.08
4770 15 2 0 17 0 0 0
4775 55 1 1 55 0.0181818181818182 1 0.0181818181818182
4777 35 5 3 37 0.0857142857142857 0.6 0.0810810810810811
4780 26 3 2 27 0.0769230769230769 0.666666666666667 0.0740740740740741
4782 3 1 0 4 0 0 0
47862 1 2 1 2 1 0.5 0.5
4787 6 3 1 8 0.166666666666667 0.333333333333333 0.125
4788 121 7 7 121 0.0578512396694215 1 0.0578512396694215
47885 1 1 0 2 0 0 0
47886 3 2 2 3 0.666666666666667 1 0.666666666666667
47917 1 1 1 1 1 1 1
4795 31 4 2 33 0.0645161290322581 0.5 0.0606060606060606
47956 2 1 0 3 0 0 0
4796 3 1 1 3 0.333333333333333 1 0.333333333333333
48039 5 2 2 5 0.4 1 0.4
48053 1 1 1 1 1 1 1
48136 1 1 1 1 1 1 1
48173 6 2 2 6 0.333333333333333 1 0.333333333333333
48185 2 2 1 3 0.5 0.5 0.333333333333333
48191 3 1 0 4 0 0 0
48200 1 6 0 7 0 0 0
4826 162 21 18 165 0.111111111111111 0.857142857142857 0.109090909090909
4829 4 1 1 4 0.25 1 0.25
48417 4 2 2 4 0.5 1 0.5
48451 1 1 1 1 1 1 1
48484 1 1 1 1 1 1 1
48514 3 3 1 5 0.333333333333333 0.333333333333333 0.2
48519 3 1 1 3 0.333333333333333 1 0.333333333333333
48539 8 5 5 8 0.625 1 0.625
48972 1 1 1 1 1 1 1
49237 2 1 1 2 0.5 1 0.5
4927 17 6 5 18 0.294117647058824 0.833333333333333 0.277777777777778
5050 20 5 5 20 0.25 1 0.25
5056 28 2 0 30 0 0 0
513 49 10 9 50 0.183673469387755 0.9 0.18
52 2 1 1 2 0.5 1 0.5
5381 15 3 2 16 0.133333333333333 0.666666666666667 0.125
5385 59 7 6 60 0.101694915254237 0.857142857142857 0.1
5394 19 3 3 19 0.157894736842105 1 0.157894736842105
5400 213 16 12 217 0.0563380281690141 0.75 0.0552995391705069
5401 1 1 1 1 1 1 1
5403 19 6 5 20 0.263157894736842 0.833333333333333 0.25
5407 8 2 2 8 0.25 1 0.25
5408 29 2 1 30 0.0344827586206897 0.5 0.0333333333333333
5410 54 8 4 58 0.0740740740740741 0.5 0.0689655172413793
5413 223 2 2 223 0.00896860986547085 1 0.00896860986547085
5418 8 2 2 8 0.25 1 0.25
5421 2 2 1 3 0.5 0.5 0.333333333333333
543 1 1 1 1 1 1 1
5430 70 22 17 75 0.242857142857143 0.772727272727273 0.226666666666667
5432 29 2 1 30 0.0344827586206897 0.5 0.0333333333333333
5459 50 13 9 54 0.18 0.692307692307692 0.166666666666667
5466 73 2 1 74 0.0136986301369863 0.5 0.0135135135135135
5483 61 1 1 61 0.0163934426229508 1 0.0163934426229508
5486 31 2 0 33 0 0 0
55 3 1 1 3 0.333333333333333 1 0.333333333333333
5511 156 27 21 162 0.134615384615385 0.777777777777778 0.12962962962963
553 45 22 17 50 0.377777777777778 0.772727272727273 0.34
5537 22 2 2 22 0.0909090909090909 1 0.0909090909090909
5538 6 1 1 6 0.166666666666667 1 0.166666666666667
5539 42 54 20 76 0.476190476190476 0.37037037037037 0.263157894736842
5550 5 2 1 6 0.2 0.5 0.166666666666667
5560 7 2 2 7 0.285714285714286 1 0.285714285714286
5568 230 10 7 233 0.0304347826086957 0.7 0.0300429184549356
557 6 2 1 7 0.166666666666667 0.5 0.142857142857143
558 25 1 1 25 0.04 1 0.04
5580 36 13 11 38 0.305555555555556 0.846153846153846 0.289473684210526
559 172 71 63 180 0.366279069767442 0.887323943661972 0.35
5602 32 6 5 33 0.15625 0.833333333333333 0.151515151515152
5609 2 9 1 10 0.5 0.111111111111111 0.1
5615 21 1 1 21 0.0476190476190476 1 0.0476190476190476
5617 218 2 2 218 0.00917431192660551 1 0.00917431192660551
5645 18 7 5 20 0.277777777777778 0.714285714285714 0.25
5661 5 2 2 5 0.4 1 0.4
567 10 2 2 10 0.2 1 0.2
57 28 5 5 28 0.178571428571429 1 0.178571428571429
5707 3 1 1 3 0.333333333333333 1 0.333333333333333
5713 63 2 1 64 0.0158730158730159 0.5 0.015625
5764 7 1 1 7 0.142857142857143 1 0.142857142857143
577 131 2 2 131 0.0152671755725191 1 0.0152671755725191
5786 3 1 1 3 0.333333333333333 1 0.333333333333333
59 6 3 3 6 0.5 1 0.5
600 24 1 1 24 0.0416666666666667 1 0.0416666666666667
6057 6 5 4 7 0.666666666666667 0.8 0.571428571428571
6062 9 2 0 11 0 0 0
6066 1 1 0 2 0 0 0
6083 25 14 10 29 0.4 0.714285714285714 0.344827586206897
6106 2 1 1 2 0.5 1 0.5
6122 12 1 1 12 0.0833333333333333 1 0.0833333333333333
6128 272 2 2 272 0.00735294117647059 1 0.00735294117647059
6147 1 8 0 9 0 0 0
6181 42 2 2 42 0.0476190476190476 1 0.0476190476190476
6182 1 1 1 1 1 1 1
6245 2 1 0 3 0 0 0
6262 1 1 1 1 1 1 1
6263 3 1 1 3 0.333333333333333 1 0.333333333333333
6315 7 1 1 7 0.142857142857143 1 0.142857142857143
6327 172 1 1 172 0.00581395348837209 1 0.00581395348837209
6337 5 1 0 6 0 0 0
6342 4 1 0 5 0 0 0
6360 7 2 2 7 0.285714285714286 1 0.285714285714286
6366 3 1 1 3 0.333333333333333 1 0.333333333333333
6435 3 6 1 8 0.333333333333333 0.166666666666667 0.125
6453 518 100 84 534 0.162162162162162 0.84 0.157303370786517
6456 15 2 2 15 0.133333333333333 1 0.133333333333333
65071 1 2 1 2 1 0.5 0.5
65075 1 1 0 2 0 0 0
6509 26 6 4 28 0.153846153846154 0.666666666666667 0.142857142857143
65104 1 1 1 1 1 1 1
6536 18 2 1 19 0.0555555555555556 0.5 0.0526315789473684
65382 1 1 1 1 1 1 1
6619 25 7 5 27 0.2 0.714285714285714 0.185185185185185
6629 3 1 1 3 0.333333333333333 1 0.333333333333333
6648 46 4 2 48 0.0434782608695652 0.5 0.0416666666666667
6656 39 1 1 39 0.0256410256410256 1 0.0256410256410256
6661 70 1 1 70 0.0142857142857143 1 0.0142857142857143
6666 30 8 5 33 0.166666666666667 0.625 0.151515151515152
6667 517 130 124 523 0.239845261121857 0.953846153846154 0.237093690248566
6677 52 1 1 52 0.0192307692307692 1 0.0192307692307692
668 33 8 2 39 0.0606060606060606 0.25 0.0512820512820513
6695 216 62 54 224 0.25 0.870967741935484 0.241071428571429
6706 13 6 5 14 0.384615384615385 0.833333333333333 0.357142857142857
6724 34 19 14 39 0.411764705882353 0.736842105263158 0.358974358974359
6730 580 8 8 580 0.0137931034482759 1 0.0137931034482759
6734 14 3 3 14 0.214285714285714 1 0.214285714285714
6760 9 2 2 9 0.222222222222222 1 0.222222222222222
6762 191 59 52 198 0.272251308900524 0.88135593220339 0.262626262626263
6770 36 16 7 45 0.194444444444444 0.4375 0.155555555555556
6772 16 5 5 16 0.3125 1 0.3125
6774 77 15 14 78 0.181818181818182 0.933333333333333 0.179487179487179
6775 4 3 2 5 0.5 0.666666666666667 0.4
680 60 20 16 64 0.266666666666667 0.8 0.25
6802 7 2 2 7 0.285714285714286 1 0.285714285714286
681 2 1 1 2 0.5 1 0.5
683 2 1 1 2 0.5 1 0.5
6830 361 34 24 371 0.0664819944598338 0.705882352941177 0.0646900269541779
6838 1 1 1 1 1 1 1
6881 88 30 28 90 0.318181818181818 0.933333333333333 0.311111111111111
6893 2 1 1 2 0.5 1 0.5
6895 5 1 1 5 0.2 1 0.2
6908 97 18 15 100 0.154639175257732 0.833333333333333 0.15
6911 4 2 1 5 0.25 0.5 0.2
6939 1067 470 322 1215 0.301780693533271 0.685106382978723 0.265020576131687
6966 3 2 2 3 0.666666666666667 1 0.666666666666667
6968 3 1 1 3 0.333333333333333 1 0.333333333333333
701 2187 20 14 2193 0.00640146319158665 0.7 0.00638394892840857
7012 17 3 2 18 0.117647058823529 0.666666666666667 0.111111111111111
7018 2240 18 15 2243 0.00669642857142857 0.833333333333333 0.00668747213553277
7019 1 1 1 1 1 1 1
7065 18 3 2 19 0.111111111111111 0.666666666666667 0.105263157894737
7066 19 2 2 19 0.105263157894737 1 0.105263157894737
7081 56 5 4 57 0.0714285714285714 0.8 0.0701754385964912
71 13 2 1 14 0.0769230769230769 0.5 0.0714285714285714
7106 8 1 0 9 0 0 0
714 10 1 1 10 0.1 1 0.1
719 17 2 2 17 0.117647058823529 1 0.117647058823529
7195 1 1 0 2 0 0 0
72 9 1 0 10 0 0 0
7303 65 2 2 65 0.0307692307692308 1 0.0307692307692308
7377 4 1 1 4 0.25 1 0.25
7385 185 9 7 187 0.0378378378378378 0.777777777777778 0.0374331550802139
7412 1 1 0 2 0 0 0
7470 36 2 2 36 0.0555555555555556 1 0.0555555555555556
7473 138 17 12 143 0.0869565217391304 0.705882352941177 0.0839160839160839
7500 54 9 6 57 0.111111111111111 0.666666666666667 0.105263157894737
7503 4 3 1 6 0.25 0.333333333333333 0.166666666666667
7511 2 1 0 3 0 0 0
7514 19 3 2 20 0.105263157894737 0.666666666666667 0.1
7516 4 1 0 5 0 0 0
7521 5 2 1 6 0.2 0.5 0.166666666666667
7522 6 3 0 9 0 0 0
7527 6 1 1 6 0.166666666666667 1 0.166666666666667
7529 18 3 2 19 0.111111111111111 0.666666666666667 0.105263157894737
7530 2 1 0 3 0 0 0
7539 23 7 4 26 0.173913043478261 0.571428571428571 0.153846153846154
7543 14 2 1 15 0.0714285714285714 0.5 0.0666666666666667
7545 16 2 0 18 0 0 0
7575 227 18 18 227 0.079295154185022 1 0.079295154185022
7594 4 1 0 5 0 0 0
7599 1 1 0 2 0 0 0
760 4 2 2 4 0.5 1 0.5
7602 7 1 0 8 0 0 0
7606 50 4 3 51 0.06 0.75 0.0588235294117647
7610 20 2 0 22 0 0 0
7629 5 1 0 6 0 0 0
766 18 5 5 18 0.277777777777778 1 0.277777777777778
7660 44 23 19 48 0.431818181818182 0.826086956521739 0.395833333333333
7665 2 1 1 2 0.5 1 0.5
7667 4 1 1 4 0.25 1 0.25
7668 10 1 1 10 0.1 1 0.1
7670 20 3 2 21 0.1 0.666666666666667 0.0952380952380952
7671 3 2 1 4 0.333333333333333 0.5 0.25
7682 10 3 1 12 0.1 0.333333333333333 0.0833333333333333
7687 4 1 1 4 0.25 1 0.25
7693 25 2 2 25 0.08 1 0.08
7718 16 3 3 16 0.1875 1 0.1875
7753 6 1 1 6 0.166666666666667 1 0.166666666666667
7781 6 10 5 11 0.833333333333333 0.5 0.454545454545455
7784 32 4 3 33 0.09375 0.75 0.0909090909090909
7786 9 2 1 10 0.111111111111111 0.5 0.1
7843 49 1 1 49 0.0204081632653061 1 0.0204081632653061
7847 2 1 1 2 0.5 1 0.5
786 62 11 9 64 0.145161290322581 0.818181818181818 0.140625
790 1 1 0 2 0 0 0
7908 37 4 2 39 0.0540540540540541 0.5 0.0512820512820513
7922 76 11 10 77 0.131578947368421 0.909090909090909 0.12987012987013
7941 3 1 1 3 0.333333333333333 1 0.333333333333333
7949 10 2 0 12 0 0 0
8001 341 8 8 341 0.0234604105571848 1 0.0234604105571848
8002 51 6 4 53 0.0784313725490196 0.666666666666667 0.0754716981132075
8018 2 1 0 3 0 0 0
8025 6 1 0 7 0 0 0
8047 25 5 5 25 0.2 1 0.2
8092 11 4 4 11 0.363636363636364 1 0.363636363636364
81 28 2 1 29 0.0357142857142857 0.5 0.0344827586206897
812 118 1 1 118 0.00847457627118644 1 0.00847457627118644
8121 53 11 6 58 0.113207547169811 0.545454545454545 0.103448275862069
8190 57 1 1 57 0.0175438596491228 1 0.0175438596491228
8201 9 2 2 9 0.222222222222222 1 0.222222222222222
8218 245 23 22 246 0.0897959183673469 0.956521739130435 0.0894308943089431
8220 557 12 11 558 0.0197486535008977 0.916666666666667 0.0197132616487455
8224 11 7 6 12 0.545454545454545 0.857142857142857 0.5
8226 3 2 0 5 0 0 0
8237 7 4 4 7 0.571428571428571 1 0.571428571428571
8240 2 1 0 3 0 0 0
8246 203 3 0 206 0 0 0
8251 10 4 4 10 0.4 1 0.4
8256 1 1 1 1 1 1 1
8262 34 1 1 34 0.0294117647058824 1 0.0294117647058824
8267 2 1 1 2 0.5 1 0.5
8282 9 1 1 9 0.111111111111111 1 0.111111111111111
8283 6 4 3 7 0.5 0.75 0.428571428571429
8299 11 1 0 12 0 0 0
8302 8 1 1 8 0.125 1 0.125
8312 9 1 0 10 0 0 0
8319 35 16 14 37 0.4 0.875 0.378378378378378
8330 11 3 2 12 0.181818181818182 0.666666666666667 0.166666666666667
8346 6 2 2 6 0.333333333333333 1 0.333333333333333
8358 13 1 1 13 0.0769230769230769 1 0.0769230769230769
8359 631 34 24 641 0.0380348652931854 0.705882352941177 0.0374414976599064
8364 10 2 2 10 0.2 1 0.2
8365 174 73 54 193 0.310344827586207 0.73972602739726 0.27979274611399
8368 40 7 7 40 0.175 1 0.175
8374 7 3 3 7 0.428571428571429 1 0.428571428571429
8387 18 4 3 19 0.166666666666667 0.75 0.157894736842105
8391 20 14 7 27 0.35 0.5 0.259259259259259
8396 3 1 0 4 0 0 0
8412 20 2 2 20 0.1 1 0.1
8419 259 3 3 259 0.0115830115830116 1 0.0115830115830116
8422 101 19 13 107 0.128712871287129 0.684210526315789 0.121495327102804
8426 450 20 18 452 0.04 0.9 0.0398230088495575
8442 24 17 10 31 0.416666666666667 0.588235294117647 0.32258064516129
8447 563 76 66 573 0.117229129662522 0.868421052631579 0.115183246073298
8452 34 2 2 34 0.0588235294117647 1 0.0588235294117647
8468 585 14 13 586 0.0222222222222222 0.928571428571429 0.0221843003412969
8469 32 18 13 37 0.40625 0.722222222222222 0.351351351351351
8473 34 6 3 37 0.0882352941176471 0.5 0.0810810810810811
8481 2 1 1 2 0.5 1 0.5
8492 720 1 1 720 0.00138888888888889 1 0.00138888888888889
8495 21 4 3 22 0.142857142857143 0.75 0.136363636363636
8501 35 12 12 35 0.342857142857143 1 0.342857142857143
8508 1 3 1 3 1 0.333333333333333 0.333333333333333
8517 20 1 1 20 0.05 1 0.05
852 161 2 2 161 0.0124223602484472 1 0.0124223602484472
8527 21 2 2 21 0.0952380952380952 1 0.0952380952380952
8535 4 3 3 4 0.75 1 0.75
8545 3 5 1 7 0.333333333333333 0.2 0.142857142857143
855 30 1 1 30 0.0333333333333333 1 0.0333333333333333
8551 127 1 1 127 0.0078740157480315 1 0.0078740157480315
8560 73 29 21 81 0.287671232876712 0.724137931034483 0.259259259259259
8565 15 5 4 16 0.266666666666667 0.8 0.25
8586 60 5 4 61 0.0666666666666667 0.8 0.0655737704918033
8591 43 10 7 46 0.162790697674419 0.7 0.152173913043478
8607 36 6 2 40 0.0555555555555556 0.333333333333333 0.05
8648 26 12 5 33 0.192307692307692 0.416666666666667 0.151515151515152
8657 90 13 11 92 0.122222222222222 0.846153846153846 0.119565217391304
8664 7 5 2 10 0.285714285714286 0.4 0.2
8674 53 6 5 54 0.0943396226415094 0.833333333333333 0.0925925925925926
8676 5 2 2 5 0.4 1 0.4
8681 38 8 4 42 0.105263157894737 0.5 0.0952380952380952
8683 32 2 2 32 0.0625 1 0.0625
8708 266 5 4 267 0.0150375939849624 0.8 0.0149812734082397
8717 91 15 10 96 0.10989010989011 0.666666666666667 0.104166666666667
8728 1 1 1 1 1 1 1
8737 32 5 3 34 0.09375 0.6 0.0882352941176471
8758 12 6 5 13 0.416666666666667 0.833333333333333 0.384615384615385
8763 155 53 50 158 0.32258064516129 0.943396226415094 0.316455696202532
8767 66 28 20 74 0.303030303030303 0.714285714285714 0.27027027027027
8781 60 13 8 65 0.133333333333333 0.615384615384615 0.123076923076923
8804 40 13 8 45 0.2 0.615384615384615 0.177777777777778
8816 16 1 1 16 0.0625 1 0.0625
8820 10 4 3 11 0.3 0.75 0.272727272727273
8833 10 1 1 10 0.1 1 0.1
8881 181 32 29 184 0.160220994475138 0.90625 0.157608695652174
8895 6 2 2 6 0.333333333333333 1 0.333333333333333
8897 59 14 8 65 0.135593220338983 0.571428571428571 0.123076923076923
8903 12 3 1 14 0.0833333333333333 0.333333333333333 0.0714285714285714
8928 645 10 10 645 0.0155038759689922 1 0.0155038759689922
8943 17 5 4 18 0.235294117647059 0.8 0.222222222222222
8953 18 2 0 20 0 0 0
8954 36 12 7 41 0.194444444444444 0.583333333333333 0.170731707317073
8966 91 1 1 91 0.010989010989011 1 0.010989010989011
8970 2 1 1 2 0.5 1 0.5
8978 5 2 2 5 0.4 1 0.4
9002 1227 325 316 1236 0.257538712306438 0.972307692307692 0.255663430420712
9008 5 1 1 5 0.2 1 0.2
9009 159 3 2 160 0.0125786163522013 0.666666666666667 0.0125
9022 3 1 1 3 0.333333333333333 1 0.333333333333333
9026 14 5 4 15 0.285714285714286 0.8 0.266666666666667
9031 55 7 7 55 0.127272727272727 1 0.127272727272727
9044 60 17 13 64 0.216666666666667 0.764705882352941 0.203125
9063 44 17 12 49 0.272727272727273 0.705882352941177 0.244897959183673
9080 7 6 4 9 0.571428571428571 0.666666666666667 0.444444444444444
9085 7 1 1 7 0.142857142857143 1 0.142857142857143
9112 6 1 1 6 0.166666666666667 1 0.166666666666667
9121 235 1 1 235 0.00425531914893617 1 0.00425531914893617
9129 8 1 0 9 0 0 0
9150 25 7 6 26 0.24 0.857142857142857 0.230769230769231
9153 41 7 7 41 0.170731707317073 1 0.170731707317073
9162 1 1 1 1 1 1 1
9188 3 2 1 4 0.333333333333333 0.5 0.25
9191 50 5 4 51 0.08 0.8 0.0784313725490196
9231 2 2 1 3 0.5 0.5 0.333333333333333
9264 29 16 7 38 0.241379310344828 0.4375 0.184210526315789
9270 26 2 2 26 0.0769230769230769 1 0.0769230769230769
9293 21 1 1 21 0.0476190476190476 1 0.0476190476190476
9299 41 2 1 42 0.024390243902439 0.5 0.0238095238095238
9304 249 7 6 250 0.0240963855421687 0.857142857142857 0.024
9329 13 2 2 13 0.153846153846154 1 0.153846153846154
9340 3 3 1 5 0.333333333333333 0.333333333333333 0.2
9367 3 1 1 3 0.333333333333333 1 0.333333333333333
9406 2 1 0 3 0 0 0
9431 2 2 2 2 1 1 1
9433 3 2 1 4 0.333333333333333 0.5 0.25
9445 1 1 1 1 1 1 1
9476 6 1 0 7 0 0 0
9482 9 4 4 9 0.444444444444444 1 0.444444444444444
9497 33 6 6 33 0.181818181818182 1 0.181818181818182
9498 201 1 0 202 0 0 0
9503 23 3 1 25 0.0434782608695652 0.333333333333333 0.04
9505 104 4 3 105 0.0288461538461538 0.75 0.0285714285714286
9534 9 1 1 9 0.111111111111111 1 0.111111111111111
9541 6 2 0 8 0 0 0
9549 3 1 1 3 0.333333333333333 1 0.333333333333333
9555 2 1 0 3 0 0 0
9583 38 2 1 39 0.0263157894736842 0.5 0.0256410256410256
9584 8 2 1 9 0.125 0.5 0.111111111111111
9595 6 6 3 9 0.5 0.5 0.333333333333333
9600 5 3 3 5 0.6 1 0.6
9601 9 1 1 9 0.111111111111111 1 0.111111111111111
9607 6 4 0 10 0 0 0
9612 1 1 0 2 0 0 0
9619 2 1 1 2 0.5 1 0.5
9621 3 1 1 3 0.333333333333333 1 0.333333333333333
9622 8 4 2 10 0.25 0.5 0.2
9680 26 2 0 28 0 0 0
9700 7 3 2 8 0.285714285714286 0.666666666666667 0.25
9732 2 2 1 3 0.5 0.5 0.333333333333333
9794 4 1 1 4 0.25 1 0.25
9800 29 2 0 31 0 0 0
9821 6 4 4 6 0.666666666666667 1 0.666666666666667
9892 2 1 1 2 0.5 1 0.5
9901 24 4 1 27 0.0416666666666667 0.25 0.037037037037037
9911 19 1 1 19 0.0526315789473684 1 0.0526315789473684
9919 18 1 0 19 0 0 0
9930 15 4 4 15 0.266666666666667 1 0.266666666666667
9999 2 1 0 3 0 0 0
