#ASN num_v4adj num_v6adj num_intersect(v4v6adj) num_union(adj) fr_v4(num_intersect/num_v4adj) fr_v6(num_intersect/num_v6adj) fr_intersect(num_intersect/num_union)
10013 2 6 1 7 0.5 0.166666666666667 0.142857142857143
10015 10 1 0 11 0 0 0
101 37 8 7 38 0.189189189189189 0.875 0.184210526315789
10148 1 2 1 2 1 0.5 0.5
102 3 1 1 3 0.333333333333333 1 0.333333333333333
10204 8 5 2 11 0.25 0.4 0.181818181818182
10217 21 1 1 21 0.0476190476190476 1 0.0476190476190476
10318 4 1 0 5 0 0 0
10343 2 1 1 2 0.5 1 0.5
10405 2 1 0 3 0 0 0
10429 68 1 1 68 0.0147058823529412 1 0.0147058823529412
10480 4 1 1 4 0.25 1 0.25
10490 31 3 3 31 0.0967741935483871 1 0.0967741935483871
10533 1 1 1 1 1 1 1
10569 1 1 1 1 1 1 1
10578 25 3 3 25 0.12 1 0.12
10745 2 6 0 8 0 0 0
10778 7 2 2 7 0.285714285714286 1 0.285714285714286
10886 39 17 7 49 0.179487179487179 0.411764705882353 0.142857142857143
109 15 5 0 20 0 0 0
1101 1 1 1 1 1 1 1
1103 179 51 49 181 0.273743016759777 0.96078431372549 0.270718232044199
111 3 2 2 3 0.666666666666667 1 0.666666666666667
1120 15 3 3 15 0.2 1 0.2
1125 3 2 2 3 0.666666666666667 1 0.666666666666667
1126 39 11 8 42 0.205128205128205 0.727272727272727 0.19047619047619
11274 11 3 3 11 0.272727272727273 1 0.272727272727273
11317 6 3 3 6 0.5 1 0.5
1133 3 1 1 3 0.333333333333333 1 0.333333333333333
11340 5 1 1 5 0.2 1 0.2
1140 23 6 3 26 0.130434782608696 0.5 0.115384615384615
11404 25 1 1 25 0.04 1 0.04
11537 107 45 36 116 0.336448598130841 0.8 0.310344827586207
11588 14 1 1 14 0.0714285714285714 1 0.0714285714285714
11656 1 1 0 2 0 0 0
11666 5 1 0 6 0 0 0
11694 3 1 1 3 0.333333333333333 1 0.333333333333333
11734 3 1 0 4 0 0 0
11815 2 1 0 3 0 0 0
11960 5 2 2 5 0.4 1 0.4
11990 4 1 0 5 0 0 0
1200 46 15 11 50 0.239130434782609 0.733333333333333 0.22
12008 33 1 1 33 0.0303030303030303 1 0.0303030303030303
12041 9 4 4 9 0.444444444444444 1 0.444444444444444
12046 2 1 1 2 0.5 1 0.5
12111 27 3 2 28 0.0740740740740741 0.666666666666667 0.0714285714285714
1213 6 3 3 6 0.5 1 0.5
1221 100 3 1 102 0.01 0.333333333333333 0.00980392156862745
12287 2 1 1 2 0.5 1 0.5
12312 55 1 1 55 0.0181818181818182 1 0.0181818181818182
12337 42 48 21 69 0.5 0.4375 0.304347826086957
12353 5 4 1 8 0.2 0.25 0.125
12355 14 13 8 19 0.571428571428571 0.615384615384615 0.421052631578947
1237 35 2 1 36 0.0285714285714286 0.5 0.0277777777777778
12371 2 1 0 3 0 0 0
12386 13 2 1 14 0.0769230769230769 0.5 0.0714285714285714
12399 251 1 1 251 0.00398406374501992 1 0.00398406374501992
12401 11 3 2 12 0.181818181818182 0.666666666666667 0.166666666666667
12414 38 13 10 41 0.263157894736842 0.769230769230769 0.24390243902439
12429 19 1 1 19 0.0526315789473684 1 0.0526315789473684
12533 2 2 0 4 0 0 0
1257 111 4 1 114 0.00900900900900901 0.25 0.0087719298245614
12600 14 1 1 14 0.0714285714285714 1 0.0714285714285714
12611 40 19 12 47 0.3 0.631578947368421 0.25531914893617
12634 37 14 11 40 0.297297297297297 0.785714285714286 0.275
12637 12 4 2 14 0.166666666666667 0.5 0.142857142857143
12638 1 3 0 4 0 0 0
12654 62 15 9 68 0.145161290322581 0.6 0.132352941176471
12657 2 3 2 3 1 0.666666666666667 0.666666666666667
12709 2 1 0 3 0 0 0
1273 313 74 41 346 0.130990415335463 0.554054054054054 0.11849710982659
12731 72 15 11 76 0.152777777777778 0.733333333333333 0.144736842105263
12732 21 3 2 22 0.0952380952380952 0.666666666666667 0.0909090909090909
12741 110 1 0 111 0 0 0
12757 4 1 1 4 0.25 1 0.25
12767 10 1 0 11 0 0 0
12769 5 1 1 5 0.2 1 0.2
12779 71 18 10 79 0.140845070422535 0.555555555555556 0.126582278481013
1280 80 25 14 91 0.175 0.56 0.153846153846154
12816 1 1 1 1 1 1 1
12817 2 2 2 2 1 1 1
12853 1 4 0 5 0 0 0
12859 447 81 75 453 0.167785234899329 0.925925925925926 0.165562913907285
12871 35 15 8 42 0.228571428571429 0.533333333333333 0.19047619047619
12874 134 2 2 134 0.0149253731343284 1 0.0149253731343284
12895 10 1 1 10 0.1 1 0.1
12902 41 10 8 43 0.195121951219512 0.8 0.186046511627907
12931 5 3 2 6 0.4 0.666666666666667 0.333333333333333
12956 128 9 8 129 0.0625 0.888888888888889 0.062015503875969
12968 110 4 0 114 0 0 0
12989 421 6 6 421 0.0142517814726841 1 0.0142517814726841
1299 501 32 29 504 0.0578842315369262 0.90625 0.0575396825396825
13030 134 4 4 134 0.0298507462686567 1 0.0298507462686567
13039 6 1 1 6 0.166666666666667 1 0.166666666666667
13041 7 1 1 7 0.142857142857143 1 0.142857142857143
13092 5 2 2 5 0.4 1 0.4
131072 1 1 1 1 1 1 1
131074 1 1 1 1 1 1 1
131075 1 2 1 2 1 0.5 0.5
13110 7 3 1 9 0.142857142857143 0.333333333333333 0.111111111111111
13115 4 1 1 4 0.25 1 0.25
1312 2 1 1 2 0.5 1 0.5
1316 2 1 0 3 0 0 0
13189 24 4 4 24 0.166666666666667 1 0.166666666666667
13193 44 11 8 47 0.181818181818182 0.727272727272727 0.170212765957447
13237 503 60 51 512 0.101391650099404 0.85 0.099609375
13272 1 1 1 1 1 1 1
13276 17 2 2 17 0.117647058823529 1 0.117647058823529
13293 23 2 2 23 0.0869565217391304 1 0.0869565217391304
13301 35 2 2 35 0.0571428571428571 1 0.0571428571428571
13319 4 1 0 5 0 0 0
13448 4 1 1 4 0.25 1 0.25
13645 175 14 7 182 0.04 0.5 0.0384615384615385
13657 5 1 0 6 0 0 0
137 16 4 4 16 0.25 1 0.25
13714 2 1 1 2 0.5 1 0.5
13855 5 1 0 6 0 0 0
13901 1 1 1 1 1 1 1
13911 4 1 0 5 0 0 0
14031 7 1 1 7 0.142857142857143 1 0.142857142857143
14085 5 2 2 5 0.4 1 0.4
14259 20 2 1 21 0.05 0.5 0.0476190476190476
14262 4 2 2 4 0.5 1 0.5
14277 10 9 2 17 0.2 0.222222222222222 0.117647058823529
14589 18 1 0 19 0 0 0
14595 3 1 0 4 0 0 0
15169 103 3 1 105 0.00970873786407767 0.333333333333333 0.00952380952380952
15226 3 1 0 4 0 0 0
15412 266 4 3 267 0.0112781954887218 0.75 0.0112359550561798
15431 2 1 1 2 0.5 1 0.5
15440 6 1 0 7 0 0 0
15444 271 24 12 283 0.044280442804428 0.5 0.0424028268551237
15456 1 2 0 3 0 0 0
15469 1 1 0 2 0 0 0
15474 1 1 1 1 1 1 1
15480 1 1 1 1 1 1 1
15501 2 2 2 2 1 1 1
15589 35 12 2 45 0.0571428571428571 0.166666666666667 0.0444444444444444
15598 62 19 14 67 0.225806451612903 0.736842105263158 0.208955223880597
15623 31 2 1 32 0.032258064516129 0.5 0.03125
15685 20 4 4 20 0.2 1 0.2
15694 57 1 1 57 0.0175438596491228 1 0.0175438596491228
15706 3 1 0 4 0 0 0
15725 2 2 1 3 0.5 0.5 0.333333333333333
15744 11 1 1 11 0.0909090909090909 1 0.0909090909090909
15782 13 2 1 14 0.0769230769230769 0.5 0.0714285714285714
15798 2 1 0 3 0 0 0
15919 7 1 1 7 0.142857142857143 1 0.142857142857143
16004 9 3 2 10 0.222222222222222 0.666666666666667 0.2
16023 3 1 0 4 0 0 0
16030 62 14 11 65 0.17741935483871 0.785714285714286 0.169230769230769
16034 262 31 29 264 0.110687022900763 0.935483870967742 0.109848484848485
16086 33 16 7 42 0.212121212121212 0.4375 0.166666666666667
16117 3 1 1 3 0.333333333333333 1 0.333333333333333
16128 15 3 2 16 0.133333333333333 0.666666666666667 0.125
16131 36 11 7 40 0.194444444444444 0.636363636363636 0.175
16150 180 3 1 182 0.00555555555555556 0.333333333333333 0.00549450549450549
16186 43 8 3 48 0.0697674418604651 0.375 0.0625
16206 15 2 0 17 0 0 0
16210 3 2 2 3 0.666666666666667 1 0.666666666666667
16215 12 3 3 12 0.25 1 0.25
16237 30 3 1 32 0.0333333333333333 0.333333333333333 0.03125
16245 26 3 1 28 0.0384615384615385 0.333333333333333 0.0357142857142857
16265 82 1 1 82 0.0121951219512195 1 0.0121951219512195
16276 61 2 2 61 0.0327868852459016 1 0.0327868852459016
16316 5 3 0 8 0 0 0
16397 4 2 0 6 0 0 0
1653 26 3 3 26 0.115384615384615 1 0.115384615384615
16531 9 1 0 10 0 0 0
1659 10 3 2 11 0.2 0.666666666666667 0.181818181818182
16668 7 2 1 8 0.142857142857143 0.5 0.125
16713 27 1 0 28 0 0 0
16807 3 1 0 4 0 0 0
16838 12 1 0 13 0 0 0
16942 2 2 1 3 0.5 0.5 0.333333333333333
16993 3 1 0 4 0 0 0
1706 4 1 0 5 0 0 0
17106 4 1 0 5 0 0 0
17263 4 1 0 5 0 0 0
1741 11 3 2 12 0.181818181818182 0.666666666666667 0.166666666666667
17435 3 1 0 4 0 0 0
17511 9 2 0 11 0 0 0
17529 8 1 0 9 0 0 0
1754 2 1 1 2 0.5 1 0.5
17554 8 2 1 9 0.125 0.5 0.111111111111111
17579 12 8 5 15 0.416666666666667 0.625 0.333333333333333
1764 28 7 5 30 0.178571428571429 0.714285714285714 0.166666666666667
17676 34 6 2 38 0.0588235294117647 0.333333333333333 0.0526315789473684
17709 12 1 1 12 0.0833333333333333 1 0.0833333333333333
17716 3 1 1 3 0.333333333333333 1 0.333333333333333
17832 4 11 1 14 0.25 0.0909090909090909 0.0714285714285714
17853 1 1 0 2 0 0 0
17934 2 3 1 4 0.5 0.333333333333333 0.25
17955 3 1 1 3 0.333333333333333 1 0.333333333333333
1797 2 3 2 3 1 0.666666666666667 0.666666666666667
1798 3 3 0 6 0 0 0
18011 1 1 0 2 0 0 0
18015 2 1 1 2 0.5 1 0.5
18119 3 1 0 4 0 0 0
18126 4 1 0 5 0 0 0
18182 3 1 0 4 0 0 0
18185 5 2 2 5 0.4 1 0.4
18203 2 1 0 3 0 0 0
18206 2 2 0 4 0 0 0
18266 3 1 1 3 0.333333333333333 1 0.333333333333333
18344 1 2 0 3 0 0 0
1835 6 2 2 6 0.333333333333333 1 0.333333333333333
1836 50 7 7 50 0.14 1 0.14
18366 2 2 1 3 0.5 0.5 0.333333333333333
18422 5 1 1 5 0.2 1 0.2
18508 1 2 0 3 0 0 0
1853 105 17 15 107 0.142857142857143 0.882352941176471 0.14018691588785
18592 25 8 8 25 0.32 1 0.32
18666 2 2 0 4 0 0 0
1880 15 4 3 16 0.2 0.75 0.1875
1881 1 1 1 1 1 1 1
1887 8 1 1 8 0.125 1 0.125
1888 1 1 1 1 1 1 1
18922 26 2 1 27 0.0384615384615385 0.5 0.037037037037037
1901 67 2 2 67 0.0298507462686567 1 0.0298507462686567
19021 1 1 0 2 0 0 0
19151 499 3 3 499 0.00601202404809619 1 0.00601202404809619
1916 78 8 5 81 0.0641025641025641 0.625 0.0617283950617284
19165 2 1 0 3 0 0 0
19166 5 1 1 5 0.2 1 0.2
19192 2 1 1 2 0.5 1 0.5
1930 22 4 2 24 0.0909090909090909 0.5 0.0833333333333333
19318 47 1 0 48 0 0 0
19401 42 12 12 42 0.285714285714286 1 0.285714285714286
195 9 3 1 11 0.111111111111111 0.333333333333333 0.0909090909090909
1955 11 3 3 11 0.272727272727273 1 0.272727272727273
196613 2 1 1 2 0.5 1 0.5
196615 2 1 1 2 0.5 1 0.5
19782 12 1 1 12 0.0833333333333333 1 0.0833333333333333
19783 2 1 0 3 0 0 0
19835 6 1 0 7 0 0 0
20021 4 1 0 5 0 0 0
20080 19 3 3 19 0.157894736842105 1 0.157894736842105
2018 4 6 4 6 1 0.666666666666667 0.666666666666667
20312 10 2 1 11 0.1 0.5 0.0909090909090909
2042 18 2 2 18 0.111111111111111 1 0.111111111111111
20436 2 1 0 3 0 0 0
20473 15 1 0 16 0 0 0
20495 49 10 8 51 0.163265306122449 0.8 0.156862745098039
20569 11 2 2 11 0.181818181818182 1 0.181818181818182
20597 2 1 0 3 0 0 0
20621 2 1 1 2 0.5 1 0.5
20633 23 10 4 29 0.173913043478261 0.4 0.137931034482759
20640 194 65 47 212 0.242268041237113 0.723076923076923 0.221698113207547
20646 40 22 11 51 0.275 0.5 0.215686274509804
20650 5 1 1 5 0.2 1 0.2
20704 21 3 3 21 0.142857142857143 1 0.142857142857143
20707 2 1 1 2 0.5 1 0.5
20712 11 2 0 13 0 0 0
20718 35 12 3 44 0.0857142857142857 0.25 0.0681818181818182
20745 1 3 0 4 0 0 0
20794 2 1 0 3 0 0 0
20847 35 10 6 39 0.171428571428571 0.6 0.153846153846154
209 1320 7 5 1322 0.00378787878787879 0.714285714285714 0.0037821482602118
20912 3 4 0 7 0 0 0
20965 47 41 41 47 0.872340425531915 1 0.872340425531915
210 9 1 1 9 0.111111111111111 1 0.111111111111111
21055 25 3 1 27 0.04 0.333333333333333 0.037037037037037
2107 1 1 1 1 1 1 1
2108 1 1 1 1 1 1 1
2110 54 5 2 57 0.037037037037037 0.4 0.0350877192982456
21119 5 1 1 5 0.2 1 0.2
21155 39 12 8 43 0.205128205128205 0.666666666666667 0.186046511627907
2116 31 1 1 31 0.032258064516129 1 0.032258064516129
21221 26 10 6 30 0.230769230769231 0.6 0.2
2128 4 2 2 4 0.5 1 0.5
21280 7 1 0 8 0 0 0
21320 5 2 2 5 0.4 1 0.4
21385 103 20 14 109 0.135922330097087 0.7 0.128440366972477
2153 41 9 9 41 0.219512195121951 1 0.219512195121951
21844 11 1 1 11 0.0909090909090909 1 0.0909090909090909
21911 5 1 1 5 0.2 1 0.2
21947 23 3 3 23 0.130434782608696 1 0.130434782608696
2200 63 4 4 63 0.0634920634920635 1 0.0634920634920635
22166 1 1 0 2 0 0 0
22388 10 6 6 10 0.6 1 0.6
224 5 1 1 5 0.2 1 0.2
22548 32 2 1 33 0.03125 0.5 0.0303030303030303
226 25 1 1 25 0.04 1 0.04
22767 2 1 1 2 0.5 1 0.5
23007 3 1 1 3 0.333333333333333 1 0.333333333333333
23028 7 3 0 10 0 0 0
23352 117 3 3 117 0.0256410256410256 1 0.0256410256410256
23393 72 2 1 73 0.0138888888888889 0.5 0.0136986301369863
23456 11 4 3 12 0.272727272727273 0.75 0.25
23504 29 8 3 34 0.103448275862069 0.375 0.0882352941176471
23541 5 2 1 6 0.2 0.5 0.166666666666667
23554 2 1 1 2 0.5 1 0.5
23600 3 1 1 3 0.333333333333333 1 0.333333333333333
23624 2 1 1 2 0.5 1 0.5
23634 4 3 2 5 0.5 0.666666666666667 0.4
23654 2 1 1 2 0.5 1 0.5
237 32 1 1 32 0.03125 1 0.03125
23754 1 1 0 2 0 0 0
23774 4 2 1 5 0.25 0.5 0.2
23787 2 3 1 4 0.5 0.333333333333333 0.25
2381 30 2 1 31 0.0333333333333333 0.5 0.032258064516129
23836 1 1 1 1 1 1 1
23855 10 1 1 10 0.1 1 0.1
23869 2 1 0 3 0 0 0
23889 4 1 1 4 0.25 1 0.25
23902 1 1 0 2 0 0 0
23910 3 4 2 5 0.666666666666667 0.5 0.4
23911 6 12 5 13 0.833333333333333 0.416666666666667 0.384615384615385
23912 1 1 0 2 0 0 0
23966 5 2 0 7 0 0 0
24 10 8 5 13 0.5 0.625 0.384615384615385
24211 1 1 1 1 1 1 1
24218 32 1 1 32 0.03125 1 0.03125
24226 2 2 0 4 0 0 0
24229 3 1 1 3 0.333333333333333 1 0.333333333333333
24287 4 3 3 4 0.75 1 0.75
24311 1 1 0 2 0 0 0
24390 2 1 1 2 0.5 1 0.5
24433 1 1 1 1 1 1 1
24435 2 1 0 3 0 0 0
24475 3 3 3 3 1 1 1
24489 7 5 5 7 0.714285714285714 1 0.714285714285714
24490 9 8 8 9 0.888888888888889 1 0.888888888888889
24514 3 2 2 3 0.666666666666667 1 0.666666666666667
24541 2 3 1 4 0.5 0.333333333333333 0.25
24586 25 5 3 27 0.12 0.6 0.111111111111111
24587 32 8 5 35 0.15625 0.625 0.142857142857143
24724 69 3 3 69 0.0434782608695652 1 0.0434782608695652
24730 54 1 1 54 0.0185185185185185 1 0.0185185185185185
24776 6 2 1 7 0.166666666666667 0.5 0.142857142857143
24867 20 1 1 20 0.05 1 0.05
24875 210 45 41 214 0.195238095238095 0.911111111111111 0.191588785046729
24940 25 7 5 27 0.2 0.714285714285714 0.185185185185185
2497 236 57 38 255 0.161016949152542 0.666666666666667 0.149019607843137
24971 17 2 1 18 0.0588235294117647 0.5 0.0555555555555556
24973 5 1 0 6 0 0 0
25 3 1 1 3 0.333333333333333 1 0.333333333333333
250 7 2 0 9 0 0 0
2500 32 42 11 63 0.34375 0.261904761904762 0.174603174603175
2506 2 1 1 2 0.5 1 0.5
25061 36 3 2 37 0.0555555555555556 0.666666666666667 0.0540540540540541
25098 16 1 1 16 0.0625 1 0.0625
2510 20 6 3 23 0.15 0.5 0.130434782608696
25137 5 1 1 5 0.2 1 0.2
2514 18 4 3 19 0.166666666666667 0.75 0.157894736842105
2515 6 1 1 6 0.166666666666667 1 0.166666666666667
25152 39 6 3 42 0.0769230769230769 0.5 0.0714285714285714
2516 300 49 33 316 0.11 0.673469387755102 0.104430379746835
2518 50 7 3 54 0.06 0.428571428571429 0.0555555555555556
2519 29 3 1 31 0.0344827586206897 0.333333333333333 0.032258064516129
25192 21 2 2 21 0.0952380952380952 1 0.0952380952380952
25220 15 3 2 16 0.133333333333333 0.666666666666667 0.125
2523 1 1 0 2 0 0 0
25232 351 14 14 351 0.0398860398860399 1 0.0398860398860399
2527 10 5 3 12 0.3 0.6 0.25
25358 14 10 2 22 0.142857142857143 0.2 0.0909090909090909
25384 6 2 0 8 0 0 0
25441 13 1 1 13 0.0769230769230769 1 0.0769230769230769
25466 10 2 2 10 0.2 1 0.2
25473 4 1 1 4 0.25 1 0.25
2549 2 2 1 3 0.5 0.5 0.333333333333333
25538 2 1 0 3 0 0 0
25560 77 19 16 80 0.207792207792208 0.842105263157895 0.2
25588 24 4 2 26 0.0833333333333333 0.5 0.0769230769230769
25689 7 2 1 8 0.142857142857143 0.5 0.125
2572 7 1 1 7 0.142857142857143 1 0.142857142857143
2586 11 1 1 11 0.0909090909090909 1 0.0909090909090909
2594 4 1 0 5 0 0 0
2595 1 1 0 2 0 0 0
2602 2 1 1 2 0.5 1 0.5
2603 28 12 9 31 0.321428571428571 0.75 0.290322580645161
2607 30 6 5 31 0.166666666666667 0.833333333333333 0.161290322580645
2611 52 11 10 53 0.192307692307692 0.909090909090909 0.188679245283019
2614 12 1 1 12 0.0833333333333333 1 0.0833333333333333
2637 4 1 1 4 0.25 1 0.25
26415 27 3 0 30 0 0 0
26943 155 13 10 158 0.0645161290322581 0.769230769230769 0.0632911392405063
2697 6 1 1 6 0.166666666666667 1 0.166666666666667
26978 12 2 0 14 0 0 0
2698 7 2 2 7 0.285714285714286 1 0.285714285714286
27 2 1 1 2 0.5 1 0.5
2714 1 1 1 1 1 1 1
27319 26 4 4 26 0.153846153846154 1 0.153846153846154
27325 11 2 2 11 0.181818181818182 1 0.181818181818182
27446 5 1 0 6 0 0 0
27552 6 1 1 6 0.166666666666667 1 0.166666666666667
27576 2 1 0 3 0 0 0
27678 6 1 1 6 0.166666666666667 1 0.166666666666667
27750 21 16 16 21 0.761904761904762 1 0.761904761904762
278 7 7 1 13 0.142857142857143 0.142857142857143 0.0769230769230769
27807 8 5 5 8 0.625 1 0.625
27841 3 1 1 3 0.333333333333333 1 0.333333333333333
27929 3 2 2 3 0.666666666666667 1 0.666666666666667
27933 1 1 1 1 1 1 1
2819 24 3 0 27 0 0 0
2847 2 1 1 2 0.5 1 0.5
28472 1 1 1 1 1 1 1
2852 43 3 3 43 0.0697674418604651 1 0.0697674418604651
2857 156 23 18 161 0.115384615384615 0.782608695652174 0.111801242236025
286 338 62 36 364 0.106508875739645 0.580645161290323 0.0989010989010989
2861 10 1 1 10 0.1 1 0.1
28678 2 1 1 2 0.5 1 0.5
28697 15 2 2 15 0.133333333333333 1 0.133333333333333
28716 50 1 1 50 0.02 1 0.02
28725 5 1 0 6 0 0 0
28788 41 1 1 41 0.024390243902439 1 0.024390243902439
28792 7 2 1 8 0.142857142857143 0.5 0.125
28824 2 1 0 3 0 0 0
2884 5 2 2 5 0.4 1 0.4
28855 10 1 1 10 0.1 1 0.1
28857 7 4 2 9 0.285714285714286 0.5 0.222222222222222
28878 35 3 2 36 0.0571428571428571 0.666666666666667 0.0555555555555556
2895 8 2 2 8 0.25 1 0.25
2905 26 2 0 28 0 0 0
2907 75 5 4 76 0.0533333333333333 0.8 0.0526315789473684
29134 3 1 0 4 0 0 0
2914 599 152 86 665 0.143572621035058 0.565789473684211 0.129323308270677
29147 1 1 0 2 0 0 0
2915 7 8 1 14 0.142857142857143 0.125 0.0714285714285714
29208 26 4 4 26 0.153846153846154 1 0.153846153846154
29216 1 2 1 2 1 0.5 0.5
29243 2 1 1 2 0.5 1 0.5
29259 2 2 2 2 1 1 1
293 133 16 11 138 0.0827067669172932 0.6875 0.0797101449275362
29317 1 2 1 2 1 0.5 0.5
29372 1 1 0 2 0 0 0
29402 8 1 0 9 0 0 0
29405 5 2 1 6 0.2 0.5 0.166666666666667
29422 25 3 2 26 0.08 0.666666666666667 0.0769230769230769
29449 36 16 7 45 0.194444444444444 0.4375 0.155555555555556
29452 2 2 1 3 0.5 0.5 0.333333333333333
29488 3 1 1 3 0.333333333333333 1 0.333333333333333
29527 38 8 6 40 0.157894736842105 0.75 0.15
29632 18 3 0 21 0 0 0
29636 183 26 25 184 0.136612021857924 0.961538461538462 0.135869565217391
29668 33 2 1 34 0.0303030303030303 0.5 0.0294117647058824
29670 8 1 1 8 0.125 1 0.125
29671 3 1 1 3 0.333333333333333 1 0.333333333333333
29686 300 74 71 303 0.236666666666667 0.959459459459459 0.234323432343234
29748 27 5 3 29 0.111111111111111 0.6 0.103448275862069
29791 48 3 1 50 0.0208333333333333 0.333333333333333 0.02
29838 20 1 0 21 0 0 0
29877 6 3 1 8 0.166666666666667 0.333333333333333 0.125
3 5 1 0 6 0 0 0
30008 3 1 1 3 0.333333333333333 1 0.333333333333333
30058 9 1 1 9 0.111111111111111 1 0.111111111111111
30071 22 106 13 115 0.590909090909091 0.122641509433962 0.11304347826087
30128 3 4 2 5 0.666666666666667 0.5 0.4
30132 11 3 3 11 0.272727272727273 1 0.272727272727273
30374 2 1 0 3 0 0 0
30528 3 1 1 3 0.333333333333333 1 0.333333333333333
30653 19 4 2 21 0.105263157894737 0.5 0.0952380952380952
30781 34 2 2 34 0.0588235294117647 1 0.0588235294117647
30834 8 2 2 8 0.25 1 0.25
30880 6 1 1 6 0.166666666666667 1 0.166666666666667
30913 19 3 1 21 0.0526315789473684 0.333333333333333 0.0476190476190476
30983 1 1 1 1 1 1 1
31065 5 2 0 7 0 0 0
31117 12 3 2 13 0.166666666666667 0.666666666666667 0.153846153846154
31127 3 2 2 3 0.666666666666667 1 0.666666666666667
31252 10 3 0 13 0 0 0
31265 1 1 1 1 1 1 1
31283 69 2 2 69 0.0289855072463768 1 0.0289855072463768
31333 7 3 3 7 0.428571428571429 1 0.428571428571429
31383 25 10 5 30 0.2 0.5 0.166666666666667
3140 1 1 1 1 1 1 1
31424 11 1 1 11 0.0909090909090909 1 0.0909090909090909
31458 48 2 1 49 0.0208333333333333 0.5 0.0204081632653061
31477 62 1 1 62 0.0161290322580645 1 0.0161290322580645
31479 5 1 1 5 0.2 1 0.2
31529 31 5 4 32 0.129032258064516 0.8 0.125
31530 8 7 4 11 0.5 0.571428571428571 0.363636363636364
31708 5 2 2 5 0.4 1 0.4
32034 6 4 3 7 0.5 0.75 0.428571428571429
3212 47 1 1 47 0.0212765957446809 1 0.0212765957446809
3213 141 10 9 142 0.0638297872340425 0.9 0.0633802816901408
3221 2 1 1 2 0.5 1 0.5
3224 1 1 1 1 1 1 1
32361 7 2 2 7 0.285714285714286 1 0.285714285714286
3243 13 2 1 14 0.0769230769230769 0.5 0.0714285714285714
3248 46 17 10 53 0.217391304347826 0.588235294117647 0.188679245283019
3249 48 8 5 51 0.104166666666667 0.625 0.0980392156862745
3257 427 174 84 517 0.19672131147541 0.482758620689655 0.16247582205029
3265 41 13 7 47 0.170731707317073 0.538461538461538 0.148936170212766
3277 43 1 0 44 0 0 0
3292 314 9 6 317 0.0191082802547771 0.666666666666667 0.0189274447949527
32978 2 1 1 2 0.5 1 0.5
33 9 1 0 10 0 0 0
3301 56 2 2 56 0.0357142857142857 1 0.0357142857142857
3303 415 22 16 421 0.0385542168674699 0.727272727272727 0.0380047505938242
3320 462 14 7 469 0.0151515151515152 0.5 0.0149253731343284
3327 343 13 12 344 0.0349854227405248 0.923076923076923 0.0348837209302326
3333 145 6 4 147 0.0275862068965517 0.666666666666667 0.0272108843537415
3343 13 7 2 18 0.153846153846154 0.285714285714286 0.111111111111111
33437 3 11 3 11 1 0.272727272727273 0.272727272727273
3344 24 14 5 33 0.208333333333333 0.357142857142857 0.151515151515152
3352 58 3 1 60 0.0172413793103448 0.333333333333333 0.0166666666666667
3356 1666 44 38 1672 0.0228091236494598 0.863636363636364 0.0227272727272727
33597 13 1 1 13 0.0769230769230769 1 0.0769230769230769
3382 2 1 0 3 0 0 0
33843 32 9 5 36 0.15625 0.555555555555556 0.138888888888889
33891 13 6 6 13 0.461538461538462 1 0.461538461538462
34081 4 2 2 4 0.5 1 0.5
34159 5 1 1 5 0.2 1 0.2
34225 34 5 4 35 0.117647058823529 0.8 0.114285714285714
34243 1 1 1 1 1 1 1
34270 37 3 2 38 0.0540540540540541 0.666666666666667 0.0526315789473684
34288 5 3 1 7 0.2 0.333333333333333 0.142857142857143
34309 27 39 10 56 0.37037037037037 0.256410256410256 0.178571428571429
34419 13 5 3 15 0.230769230769231 0.6 0.2
34505 3 1 1 3 0.333333333333333 1 0.333333333333333
34549 10 3 0 13 0 0 0
34631 2 4 1 5 0.5 0.25 0.2
34763 67 16 7 76 0.104477611940299 0.4375 0.0921052631578947
34771 3 2 1 4 0.333333333333333 0.5 0.25
34997 10 2 2 10 0.2 1 0.2
35003 2 1 1 2 0.5 1 0.5
35028 35 5 5 35 0.142857142857143 1 0.142857142857143
35070 10 1 1 10 0.1 1 0.1
35244 25 15 9 31 0.36 0.6 0.290322580645161
35272 3 1 1 3 0.333333333333333 1 0.333333333333333
35292 8 1 0 9 0 0 0
35425 7 1 1 7 0.142857142857143 1 0.142857142857143
35485 4 1 1 4 0.25 1 0.25
3549 1030 81 64 1047 0.0621359223300971 0.790123456790123 0.061127029608405
35492 4 2 2 4 0.5 1 0.5
3551 1 1 0 2 0 0 0
3557 80 5 4 81 0.05 0.8 0.0493827160493827
35612 4 2 0 6 0 0 0
35627 6 2 2 6 0.333333333333333 1 0.333333333333333
35706 14 4 2 16 0.142857142857143 0.5 0.125
3597 9 1 1 9 0.111111111111111 1 0.111111111111111
36351 6 1 1 6 0.166666666666667 1 0.166666666666667
3640 4 1 1 4 0.25 1 0.25
36472 13 1 1 13 0.0769230769230769 1 0.0769230769230769
3662 13 3 2 14 0.153846153846154 0.666666666666667 0.142857142857143
36671 3 1 1 3 0.333333333333333 1 0.333333333333333
3676 6 1 1 6 0.166666666666667 1 0.166666666666667
36856 5 2 0 7 0 0 0
36944 1 1 1 1 1 1 1
3714 4 1 1 4 0.25 1 0.25
3748 2 1 0 3 0 0 0
376 15 1 1 15 0.0666666666666667 1 0.0666666666666667
378 3 1 1 3 0.333333333333333 1 0.333333333333333
3790 3 1 1 3 0.333333333333333 1 0.333333333333333
38005 2 2 2 2 1 1 1
38018 8 4 4 8 0.5 1 0.5
38022 16 6 6 16 0.375 1 0.375
38083 2 1 1 2 0.5 1 0.5
38128 1 1 0 2 0 0 0
38140 2 1 1 2 0.5 1 0.5
3825 1 3 0 4 0 0 0
38299 2 1 1 2 0.5 1 0.5
3836 8 10 3 15 0.375 0.3 0.2
3839 1 1 1 1 1 1 1
38462 2 1 1 2 0.5 1 0.5
38626 1 1 1 1 1 1 1
38986 3 1 1 3 0.333333333333333 1 0.333333333333333
39122 8 1 1 8 0.125 1 0.125
39211 1 1 1 1 1 1 1
39301 2 2 2 2 1 1 1
393219 1 1 1 1 1 1 1
39326 46 10 7 49 0.152173913043478 0.7 0.142857142857143
3949 1 1 1 1 1 1 1
39537 2 1 1 2 0.5 1 0.5
39854 1 3 1 3 1 0.333333333333333 0.333333333333333
3999 1 1 1 1 1 1 1
40009 33 4 2 35 0.0606060606060606 0.5 0.0571428571428571
40193 9 1 0 10 0 0 0
40220 11 2 2 11 0.181818181818182 1 0.181818181818182
40490 2 1 1 2 0.5 1 0.5
40528 3 2 2 3 0.666666666666667 1 0.666666666666667
41045 4 1 1 4 0.25 1 0.25
41075 4 1 0 5 0 0 0
41102 1 8 0 9 0 0 0
4134 87 2 0 89 0 0 0
41670 1 2 0 3 0 0 0
41692 277 69 51 295 0.184115523465704 0.739130434782609 0.172881355932203
41773 1 1 1 1 1 1 1
42 87 2 2 87 0.0229885057471264 1 0.0229885057471264
42096 8 1 1 8 0.125 1 0.125
42689 13 1 1 13 0.0769230769230769 1 0.0769230769230769
43602 2 1 1 2 0.5 1 0.5
43950 1 1 0 2 0 0 0
4436 84 9 9 84 0.107142857142857 1 0.107142857142857
4538 20 7 5 22 0.25 0.714285714285714 0.227272727272727
4555 1 5 0 6 0 0 0
4557 10 2 2 10 0.2 1 0.2
4589 620 56 52 624 0.0838709677419355 0.928571428571429 0.0833333333333333
4608 2 2 1 3 0.5 0.5 0.333333333333333
4618 18 6 1 23 0.0555555555555556 0.166666666666667 0.0434782608695652
4621 32 5 4 33 0.125 0.8 0.121212121212121
4635 81 9 8 82 0.0987654320987654 0.888888888888889 0.0975609756097561
4651 33 10 7 36 0.212121212121212 0.7 0.194444444444444
4673 7 1 0 8 0 0 0
4675 6 5 1 10 0.166666666666667 0.2 0.1
4677 6 1 1 6 0.166666666666667 1 0.166666666666667
4678 9 6 3 12 0.333333333333333 0.5 0.25
4680 9 5 2 12 0.222222222222222 0.4 0.166666666666667
4685 9 5 3 11 0.333333333333333 0.6 0.272727272727273
4688 8 6 1 13 0.125 0.166666666666667 0.0769230769230769
4691 9 8 3 14 0.333333333333333 0.375 0.214285714285714
4697 3 11 3 11 1 0.272727272727273 0.272727272727273
4702 5 3 1 7 0.2 0.333333333333333 0.142857142857143
4713 90 4 4 90 0.0444444444444444 1 0.0444444444444444
4716 74 18 7 85 0.0945945945945946 0.388888888888889 0.0823529411764706
4717 3 2 2 3 0.666666666666667 1 0.666666666666667
4718 3 4 1 6 0.333333333333333 0.25 0.166666666666667
4721 11 6 1 16 0.0909090909090909 0.166666666666667 0.0625
4725 127 26 12 141 0.094488188976378 0.461538461538462 0.0851063829787234
4739 45 1 1 45 0.0222222222222222 1 0.0222222222222222
4741 9 2 0 11 0 0 0
4747 10 2 0 12 0 0 0
4750 54 3 1 56 0.0185185185185185 0.333333333333333 0.0178571428571429
4755 117 1 1 117 0.00854700854700855 1 0.00854700854700855
4761 52 3 2 53 0.0384615384615385 0.666666666666667 0.0377358490566038
4770 13 2 0 15 0 0 0
4775 46 1 1 46 0.0217391304347826 1 0.0217391304347826
4777 35 6 3 38 0.0857142857142857 0.5 0.0789473684210526
4780 26 2 1 27 0.0384615384615385 0.5 0.037037037037037
4782 3 1 0 4 0 0 0
4787 8 4 0 12 0 0 0
4788 146 9 6 149 0.0410958904109589 0.666666666666667 0.0402684563758389
4795 41 6 2 45 0.0487804878048781 0.333333333333333 0.0444444444444444
4796 3 1 1 3 0.333333333333333 1 0.333333333333333
4818 4 1 0 5 0 0 0
4829 2 1 1 2 0.5 1 0.5
5050 19 2 2 19 0.105263157894737 1 0.105263157894737
513 43 8 5 46 0.116279069767442 0.625 0.108695652173913
5381 12 3 1 14 0.0833333333333333 0.333333333333333 0.0714285714285714
5401 2 1 0 3 0 0 0
5403 20 2 2 20 0.1 1 0.1
5408 29 2 1 30 0.0344827586206897 0.5 0.0333333333333333
5410 57 7 3 61 0.0526315789473684 0.428571428571429 0.0491803278688525
5413 206 2 1 207 0.00485436893203883 0.5 0.00483091787439614
5418 10 1 1 10 0.1 1 0.1
5421 3 1 1 3 0.333333333333333 1 0.333333333333333
5430 331 24 20 335 0.0604229607250755 0.833333333333333 0.0597014925373134
5459 253 11 11 253 0.0434782608695652 1 0.0434782608695652
5466 72 2 1 73 0.0138888888888889 0.5 0.0136986301369863
5486 37 2 0 39 0 0 0
5511 172 22 18 176 0.104651162790698 0.818181818181818 0.102272727272727
553 48 20 16 52 0.333333333333333 0.8 0.307692307692308
5537 23 2 0 25 0 0 0
5539 42 44 17 69 0.404761904761905 0.386363636363636 0.246376811594203
5549 2 2 2 2 1 1 1
5550 5 2 1 6 0.2 0.5 0.166666666666667
5568 94 9 6 97 0.0638297872340425 0.666666666666667 0.0618556701030928
557 6 1 1 6 0.166666666666667 1 0.166666666666667
559 58 18 17 59 0.293103448275862 0.944444444444444 0.288135593220339
5602 19 3 2 20 0.105263157894737 0.666666666666667 0.1
5609 2 10 0 12 0 0 0
5617 158 1 1 158 0.00632911392405063 1 0.00632911392405063
5623 1 3 0 4 0 0 0
5669 8 3 0 11 0 0 0
57 23 3 3 23 0.130434782608696 1 0.130434782608696
5707 3 1 1 3 0.333333333333333 1 0.333333333333333
5713 150 3 2 151 0.0133333333333333 0.666666666666667 0.0132450331125828
577 115 1 1 115 0.00869565217391304 1 0.00869565217391304
6057 5 3 2 6 0.4 0.666666666666667 0.333333333333333
6062 11 2 0 13 0 0 0
6066 3 1 0 4 0 0 0
6083 30 12 11 31 0.366666666666667 0.916666666666667 0.354838709677419
6122 8 1 1 8 0.125 1 0.125
6140 122 1 0 123 0 0 0
6163 10 1 1 10 0.1 1 0.1
6182 1 1 1 1 1 1 1
6263 3 1 1 3 0.333333333333333 1 0.333333333333333
6320 321 1 0 322 0 0 0
6342 4 1 0 5 0 0 0
6360 11 2 2 11 0.181818181818182 1 0.181818181818182
6366 3 1 1 3 0.333333333333333 1 0.333333333333333
6435 3 9 0 12 0 0 0
6453 457 60 50 467 0.109409190371991 0.833333333333333 0.107066381156317
6509 42 5 4 43 0.0952380952380952 0.8 0.0930232558139535
6536 15 1 0 16 0 0 0
65500 7 1 0 8 0 0 0
6619 12 2 1 13 0.0833333333333333 0.5 0.0769230769230769
6629 3 1 1 3 0.333333333333333 1 0.333333333333333
6648 36 1 1 36 0.0277777777777778 1 0.0277777777777778
6666 37 20 12 45 0.324324324324324 0.6 0.266666666666667
6667 499 89 86 502 0.172344689378758 0.966292134831461 0.171314741035857
668 36 7 3 40 0.0833333333333333 0.428571428571429 0.075
6695 164 32 27 169 0.164634146341463 0.84375 0.159763313609467
6696 8 2 2 8 0.25 1 0.25
6706 8 4 3 9 0.375 0.75 0.333333333333333
6730 605 4 4 605 0.00661157024793388 1 0.00661157024793388
6762 145 31 23 153 0.158620689655172 0.741935483870968 0.150326797385621
6770 43 14 8 49 0.186046511627907 0.571428571428571 0.163265306122449
6772 14 4 4 14 0.285714285714286 1 0.285714285714286
6774 76 13 12 77 0.157894736842105 0.923076923076923 0.155844155844156
6775 5 1 1 5 0.2 1 0.2
680 51 14 11 54 0.215686274509804 0.785714285714286 0.203703703703704
6802 7 3 2 8 0.285714285714286 0.666666666666667 0.25
681 2 1 1 2 0.5 1 0.5
6830 289 64 28 325 0.0968858131487889 0.4375 0.0861538461538462
6881 73 1 1 73 0.0136986301369863 1 0.0136986301369863
6895 5 1 1 5 0.2 1 0.2
6939 754 139 110 783 0.145888594164456 0.79136690647482 0.140485312899106
6968 2 1 1 2 0.5 1 0.5
701 2750 15 10 2755 0.00363636363636364 0.666666666666667 0.00362976406533575
7018 2091 9 5 2095 0.00239120038259206 0.555555555555556 0.00238663484486874
7019 1 1 1 1 1 1 1
7065 15 3 1 17 0.0666666666666667 0.333333333333333 0.0588235294117647
7066 22 3 3 22 0.136363636363636 1 0.136363636363636
719 14 1 0 15 0 0 0
7377 4 1 0 5 0 0 0
7470 31 1 1 31 0.032258064516129 1 0.032258064516129
7500 65 7 4 68 0.0615384615384615 0.571428571428571 0.0588235294117647
7514 23 8 4 27 0.173913043478261 0.5 0.148148148148148
7516 3 1 0 4 0 0 0
7521 5 2 1 6 0.2 0.5 0.166666666666667
7522 6 7 2 11 0.333333333333333 0.285714285714286 0.181818181818182
7530 2 2 0 4 0 0 0
7539 27 9 8 28 0.296296296296296 0.888888888888889 0.285714285714286
7573 1 1 1 1 1 1 1
7575 457 78 75 460 0.164113785557987 0.961538461538462 0.16304347826087
7588 2 1 1 2 0.5 1 0.5
7606 50 3 3 50 0.06 1 0.06
7610 15 1 0 16 0 0 0
766 18 5 4 19 0.222222222222222 0.8 0.210526315789474
7660 39 20 14 45 0.358974358974359 0.7 0.311111111111111
7665 2 1 1 2 0.5 1 0.5
7667 6 2 1 7 0.166666666666667 0.5 0.142857142857143
7668 10 1 0 11 0 0 0
7670 20 2 1 21 0.05 0.5 0.0476190476190476
7671 4 31 3 32 0.75 0.0967741935483871 0.09375
7682 11 3 2 12 0.181818181818182 0.666666666666667 0.166666666666667
7687 4 1 1 4 0.25 1 0.25
7693 23 1 0 24 0 0 0
7753 6 1 1 6 0.166666666666667 1 0.166666666666667
7781 3 4 1 6 0.333333333333333 0.25 0.166666666666667
7784 33 3 2 34 0.0606060606060606 0.666666666666667 0.0588235294117647
7786 7 2 1 8 0.142857142857143 0.5 0.125
786 53 9 5 57 0.0943396226415094 0.555555555555556 0.087719298245614
790 1 2 1 2 1 0.5 0.5
7902 13 1 1 13 0.0769230769230769 1 0.0769230769230769
7908 37 5 3 39 0.0810810810810811 0.6 0.0769230769230769
7949 11 2 0 13 0 0 0
8002 37 4 3 38 0.0810810810810811 0.75 0.0789473684210526
8018 2 1 1 2 0.5 1 0.5
81 19 1 1 19 0.0526315789473684 1 0.0526315789473684
8121 41 6 3 44 0.0731707317073171 0.5 0.0681818181818182
8195 36 7 5 38 0.138888888888889 0.714285714285714 0.131578947368421
8201 7 2 0 9 0 0 0
8220 521 14 10 525 0.0191938579654511 0.714285714285714 0.019047619047619
8224 8 4 3 9 0.375 0.75 0.333333333333333
8226 3 2 0 5 0 0 0
8237 6 1 1 6 0.166666666666667 1 0.166666666666667
8246 165 1 0 166 0 0 0
8251 5 1 0 6 0 0 0
8256 1 1 1 1 1 1 1
8267 2 1 1 2 0.5 1 0.5
8282 10 4 1 13 0.1 0.25 0.0769230769230769
8299 7 1 0 8 0 0 0
8319 32 14 11 35 0.34375 0.785714285714286 0.314285714285714
8330 9 3 1 11 0.111111111111111 0.333333333333333 0.0909090909090909
8346 5 2 2 5 0.4 1 0.4
8364 10 1 0 11 0 0 0
8365 104 31 21 114 0.201923076923077 0.67741935483871 0.184210526315789
8368 11 2 2 11 0.181818181818182 1 0.181818181818182
8396 2 1 0 3 0 0 0
8419 212 6 5 213 0.0235849056603774 0.833333333333333 0.0234741784037559
8422 97 11 4 104 0.0412371134020619 0.363636363636364 0.0384615384615385
8426 265 13 10 268 0.0377358490566038 0.769230769230769 0.0373134328358209
8442 24 15 9 30 0.375 0.6 0.3
8447 502 20 17 505 0.0338645418326693 0.85 0.0336633663366337
8468 509 4 3 510 0.00589390962671906 0.75 0.00588235294117647
8469 34 13 9 38 0.264705882352941 0.692307692307692 0.236842105263158
8473 29 3 1 31 0.0344827586206897 0.333333333333333 0.032258064516129
8481 4 1 0 5 0 0 0
8489 5 2 1 6 0.2 0.5 0.166666666666667
8495 14 1 1 14 0.0714285714285714 1 0.0714285714285714
8501 32 10 10 32 0.3125 1 0.3125
8508 5 1 1 5 0.2 1 0.2
8517 17 1 1 17 0.0588235294117647 1 0.0588235294117647
852 140 1 1 140 0.00714285714285714 1 0.00714285714285714
8527 18 2 2 18 0.111111111111111 1 0.111111111111111
855 25 1 1 25 0.04 1 0.04
8560 71 18 15 74 0.211267605633803 0.833333333333333 0.202702702702703
8565 15 1 0 16 0 0 0
8586 65 5 4 66 0.0615384615384615 0.8 0.0606060606060606
8591 30 4 3 31 0.1 0.75 0.0967741935483871
8657 100 4 2 102 0.02 0.5 0.0196078431372549
8664 18 2 1 19 0.0555555555555556 0.5 0.0526315789473684
8665 18 19 8 29 0.444444444444444 0.421052631578947 0.275862068965517
8674 56 5 4 57 0.0714285714285714 0.8 0.0701754385964912
8708 257 6 5 258 0.0194552529182879 0.833333333333333 0.0193798449612403
8717 54 1 1 54 0.0185185185185185 1 0.0185185185185185
8728 1 1 1 1 1 1 1
8737 37 8 5 40 0.135135135135135 0.625 0.125
8758 10 2 2 10 0.2 1 0.2
8763 144 40 37 147 0.256944444444444 0.925 0.251700680272109
8767 63 20 13 70 0.206349206349206 0.65 0.185714285714286
8781 8 2 0 10 0 0 0
8820 10 4 3 11 0.3 0.75 0.272727272727273
8823 7 2 1 8 0.142857142857143 0.5 0.125
8881 307 8 8 307 0.0260586319218241 1 0.0260586319218241
8897 53 12 7 58 0.132075471698113 0.583333333333333 0.120689655172414
8903 16 5 0 21 0 0 0
8943 19 5 4 20 0.210526315789474 0.8 0.2
8954 22 7 3 26 0.136363636363636 0.428571428571429 0.115384615384615
8966 82 1 1 82 0.0121951219512195 1 0.0121951219512195
8970 2 1 1 2 0.5 1 0.5
8975 73 3 3 73 0.0410958904109589 1 0.0410958904109589
8978 4 2 1 5 0.25 0.5 0.2
9009 228 45 30 243 0.131578947368421 0.666666666666667 0.123456790123457
9052 3 1 0 4 0 0 0
9080 9 3 2 10 0.222222222222222 0.666666666666667 0.2
9085 6 2 1 7 0.166666666666667 0.5 0.142857142857143
9112 9 1 1 9 0.111111111111111 1 0.111111111111111
9150 32 1 1 32 0.03125 1 0.03125
9153 38 6 5 39 0.131578947368421 0.833333333333333 0.128205128205128
9162 2 1 0 3 0 0 0
9264 23 45 8 60 0.347826086956522 0.177777777777778 0.133333333333333
9270 27 6 4 29 0.148148148148148 0.666666666666667 0.137931034482759
9293 10 1 1 10 0.1 1 0.1
9299 43 2 1 44 0.0232558139534884 0.5 0.0227272727272727
9316 35 1 0 36 0 0 0
9340 9 4 2 11 0.222222222222222 0.5 0.181818181818182
9367 3 1 1 3 0.333333333333333 1 0.333333333333333
9406 2 2 1 3 0.5 0.5 0.333333333333333
9411 2 1 1 2 0.5 1 0.5
9416 16 1 0 17 0 0 0
9433 2 1 1 2 0.5 1 0.5
9464 2 1 0 3 0 0 0
9505 110 2 2 110 0.0181818181818182 1 0.0181818181818182
9534 5 1 1 5 0.2 1 0.2
9541 6 2 0 8 0 0 0
9543 2 1 1 2 0.5 1 0.5
9583 37 1 0 38 0 0 0
9584 7 1 1 7 0.142857142857143 1 0.142857142857143
9595 11 2 2 11 0.181818181818182 1 0.181818181818182
9600 6 8 3 11 0.5 0.375 0.272727272727273
9607 9 1 0 10 0 0 0
9612 1 1 0 2 0 0 0
9619 2 2 2 2 1 1 1
9621 3 6 1 8 0.333333333333333 0.166666666666667 0.125
9622 6 1 1 6 0.166666666666667 1 0.166666666666667
9687 2 1 1 2 0.5 1 0.5
9700 6 2 2 6 0.333333333333333 1 0.333333333333333
9737 5 1 1 5 0.2 1 0.2
9758 1 1 0 2 0 0 0
9800 35 2 0 37 0 0 0
9821 3 2 2 3 0.666666666666667 1 0.666666666666667
9835 4 2 1 5 0.25 0.5 0.2
9901 20 2 1 21 0.05 0.5 0.0476190476190476
9919 22 1 0 23 0 0 0
9924 23 1 0 24 0 0 0
9930 17 1 1 17 0.0588235294117647 1 0.0588235294117647
9931 25 1 1 25 0.04 1 0.04
9995 3 2 2 3 0.666666666666667 1 0.666666666666667
