#ASN num_v4adj num_v6adj num_intersect(v4v6adj) num_union(adj) fr_v4(num_intersect/num_v4adj) fr_v6(num_intersect/num_v6adj) fr_intersect(num_intersect/num_union)
10013 1 2 1 2 1 0.5 0.5
10015 8 1 0 9 0 0 0
10021 15 2 2 15 0.133333333333333 1 0.133333333333333
10026 415 16 12 419 0.0289156626506024 0.75 0.0286396181384248
101 33 8 6 35 0.181818181818182 0.75 0.171428571428571
10105 2 1 0 3 0 0 0
102 3 1 1 3 0.333333333333333 1 0.333333333333333
10204 3 4 1 6 0.333333333333333 0.25 0.166666666666667
10217 21 1 1 21 0.0476190476190476 1 0.0476190476190476
10310 144 7 4 147 0.0277777777777778 0.571428571428571 0.0272108843537415
10318 3 1 0 4 0 0 0
10326 7 1 1 7 0.142857142857143 1 0.142857142857143
10343 2 1 1 2 0.5 1 0.5
10405 3 1 0 4 0 0 0
10429 86 2 2 86 0.0232558139534884 1 0.0232558139534884
10466 28 3 3 28 0.107142857142857 1 0.107142857142857
10490 32 7 5 34 0.15625 0.714285714285714 0.147058823529412
10569 1 1 1 1 1 1 1
10578 26 5 5 26 0.192307692307692 1 0.192307692307692
10586 6 2 0 8 0 0 0
10745 2 7 0 9 0 0 0
10778 5 1 0 6 0 0 0
10835 15 1 1 15 0.0666666666666667 1 0.0666666666666667
10848 29 1 1 29 0.0344827586206897 1 0.0344827586206897
10886 40 19 9 50 0.225 0.473684210526316 0.18
109 21 3 0 24 0 0 0
10996 5 1 1 5 0.2 1 0.2
1101 1 1 1 1 1 1 1
1103 196 75 71 200 0.362244897959184 0.946666666666667 0.355
11051 10 1 1 10 0.1 1 0.1
11090 3 1 1 3 0.333333333333333 1 0.333333333333333
11096 37 1 1 37 0.027027027027027 1 0.027027027027027
111 2 2 1 3 0.5 0.5 0.333333333333333
11164 82 4 3 83 0.0365853658536585 0.75 0.036144578313253
11170 1 2 0 3 0 0 0
1120 21 4 3 22 0.142857142857143 0.75 0.136363636363636
1125 3 3 3 3 1 1 1
1126 35 12 5 42 0.142857142857143 0.416666666666667 0.119047619047619
11274 11 4 4 11 0.363636363636364 1 0.363636363636364
11279 3 1 1 3 0.333333333333333 1 0.333333333333333
11317 10 3 3 10 0.3 1 0.3
11340 8 1 1 8 0.125 1 0.125
1140 30 12 7 35 0.233333333333333 0.583333333333333 0.2
11404 43 2 2 43 0.0465116279069767 1 0.0465116279069767
11457 9 1 0 10 0 0 0
11508 4 1 1 4 0.25 1 0.25
11537 125 54 48 131 0.384 0.888888888888889 0.366412213740458
11588 5 1 1 5 0.2 1 0.2
11590 8 2 1 9 0.125 0.5 0.111111111111111
11666 219 8 7 220 0.0319634703196347 0.875 0.0318181818181818
11686 47 2 2 47 0.0425531914893617 1 0.0425531914893617
11694 3 1 1 3 0.333333333333333 1 0.333333333333333
11734 4 1 0 5 0 0 0
11830 5 1 0 6 0 0 0
11847 6 1 0 7 0 0 0
11960 5 4 4 5 0.8 1 0.8
12 4 1 1 4 0.25 1 0.25
1200 50 15 12 53 0.24 0.8 0.226415094339623
12008 33 2 2 33 0.0606060606060606 1 0.0606060606060606
12041 37 22 15 44 0.405405405405405 0.681818181818182 0.340909090909091
12046 2 1 1 2 0.5 1 0.5
1206 1 1 1 1 1 1 1
1207 1 1 1 1 1 1 1
12111 27 1 1 27 0.037037037037037 1 0.037037037037037
1213 9 5 5 9 0.555555555555556 1 0.555555555555556
1221 126 2 0 128 0 0 0
1224 3 1 1 3 0.333333333333333 1 0.333333333333333
12287 2 1 1 2 0.5 1 0.5
12293 3 1 1 3 0.333333333333333 1 0.333333333333333
12301 86 1 1 86 0.0116279069767442 1 0.0116279069767442
12306 78 17 14 81 0.179487179487179 0.823529411764706 0.172839506172839
12312 51 18 15 54 0.294117647058824 0.833333333333333 0.277777777777778
12316 3 1 1 3 0.333333333333333 1 0.333333333333333
12322 66 9 9 66 0.136363636363636 1 0.136363636363636
12329 7 1 1 7 0.142857142857143 1 0.142857142857143
12335 9 1 1 9 0.111111111111111 1 0.111111111111111
12337 49 53 19 83 0.387755102040816 0.358490566037736 0.228915662650602
12347 6 3 3 6 0.5 1 0.5
12348 18 1 1 18 0.0555555555555556 1 0.0555555555555556
12350 157 5 5 157 0.0318471337579618 1 0.0318471337579618
12353 4 2 2 4 0.5 1 0.5
12355 29 16 11 34 0.379310344827586 0.6875 0.323529411764706
1237 34 4 2 36 0.0588235294117647 0.5 0.0555555555555556
12371 3 1 0 4 0 0 0
12374 4 1 1 4 0.25 1 0.25
12386 14 3 3 14 0.214285714285714 1 0.214285714285714
1239 1550 3 0 1553 0 0 0
12399 293 1 1 293 0.00341296928327645 1 0.00341296928327645
12401 15 3 2 16 0.133333333333333 0.666666666666667 0.125
12414 45 14 10 49 0.222222222222222 0.714285714285714 0.204081632653061
12466 2 2 1 3 0.5 0.5 0.333333333333333
1248 9 3 0 12 0 0 0
12496 41 2 1 42 0.024390243902439 0.5 0.0238095238095238
12502 4 2 1 5 0.25 0.5 0.2
1251 10 1 1 10 0.1 1 0.1
12533 2 1 0 3 0 0 0
12552 81 3 3 81 0.037037037037037 1 0.037037037037037
12566 14 4 4 14 0.285714285714286 1 0.285714285714286
1257 102 60 27 135 0.264705882352941 0.45 0.2
12573 34 15 12 37 0.352941176470588 0.8 0.324324324324324
12611 42 22 13 51 0.30952380952381 0.590909090909091 0.254901960784314
12634 46 18 12 52 0.260869565217391 0.666666666666667 0.230769230769231
12637 67 25 22 70 0.328358208955224 0.88 0.314285714285714
12638 2 3 0 5 0 0 0
12654 45 22 12 55 0.266666666666667 0.545454545454545 0.218181818181818
12657 2 1 0 3 0 0 0
12684 4 3 2 5 0.5 0.666666666666667 0.4
12709 1 1 0 2 0 0 0
12714 43 1 1 43 0.0232558139534884 1 0.0232558139534884
1273 293 74 50 317 0.170648464163823 0.675675675675676 0.157728706624606
12731 60 20 14 66 0.233333333333333 0.7 0.212121212121212
12732 20 7 6 21 0.3 0.857142857142857 0.285714285714286
12757 6 1 0 7 0 0 0
12767 14 3 2 15 0.142857142857143 0.666666666666667 0.133333333333333
12769 4 1 1 4 0.25 1 0.25
12778 11 1 0 12 0 0 0
12779 81 23 14 90 0.172839506172839 0.608695652173913 0.155555555555556
12782 2 1 1 2 0.5 1 0.5
1280 106 24 15 115 0.141509433962264 0.625 0.130434782608696
12816 1 1 1 1 1 1 1
12817 2 2 2 2 1 1 1
12850 17 5 5 17 0.294117647058824 1 0.294117647058824
12853 2 3 1 4 0.5 0.333333333333333 0.25
12859 558 178 169 567 0.302867383512545 0.949438202247191 0.298059964726631
12871 32 20 11 41 0.34375 0.55 0.268292682926829
12874 206 2 2 206 0.00970873786407767 1 0.00970873786407767
12895 10 1 1 10 0.1 1 0.1
12902 40 11 7 44 0.175 0.636363636363636 0.159090909090909
12931 4 2 2 4 0.5 1 0.5
12956 124 13 12 125 0.0967741935483871 0.923076923076923 0.096
12968 142 15 9 148 0.0633802816901408 0.6 0.0608108108108108
12989 534 32 30 536 0.0561797752808989 0.9375 0.0559701492537313
1299 571 56 54 573 0.0945709281961471 0.964285714285714 0.0942408376963351
13000 6 3 3 6 0.5 1 0.5
13030 970 243 224 989 0.230927835051546 0.921810699588477 0.226491405460061
13039 4 1 1 4 0.25 1 0.25
13041 8 2 2 8 0.25 1 0.25
13045 4 1 1 4 0.25 1 0.25
13049 27 1 1 27 0.037037037037037 1 0.037037037037037
13062 13 2 0 15 0 0 0
13092 3 1 1 3 0.333333333333333 1 0.333333333333333
131 3 1 1 3 0.333333333333333 1 0.333333333333333
13105 18 7 4 21 0.222222222222222 0.571428571428571 0.19047619047619
131075 1 1 1 1 1 1 1
13110 7 1 1 7 0.142857142857143 1 0.142857142857143
13115 4 2 2 4 0.5 1 0.5
1312 3 1 1 3 0.333333333333333 1 0.333333333333333
13132 17 11 7 21 0.411764705882353 0.636363636363636 0.333333333333333
13184 37 18 11 44 0.297297297297297 0.611111111111111 0.25
13189 28 6 5 29 0.178571428571429 0.833333333333333 0.172413793103448
13193 52 16 13 55 0.25 0.8125 0.236363636363636
13237 501 99 82 518 0.163672654690619 0.828282828282828 0.158301158301158
13238 27 1 1 27 0.037037037037037 1 0.037037037037037
13243 5 1 1 5 0.2 1 0.2
13272 1 2 1 2 1 0.5 0.5
13284 17 8 5 20 0.294117647058824 0.625 0.25
13293 22 3 3 22 0.136363636363636 1 0.136363636363636
13301 27 3 2 28 0.0740740740740741 0.666666666666667 0.0714285714285714
13319 8 5 3 10 0.375 0.6 0.3
13448 6 2 1 7 0.166666666666667 0.5 0.142857142857143
13645 18 2 1 19 0.0555555555555556 0.5 0.0526315789473684
13657 10 1 1 10 0.1 1 0.1
13680 43 12 10 45 0.232558139534884 0.833333333333333 0.222222222222222
137 24 9 9 24 0.375 1 0.375
13714 2 1 1 2 0.5 1 0.5
13810 1 1 1 1 1 1 1
13855 4 1 0 5 0 0 0
13867 3 1 0 4 0 0 0
13901 2 1 1 2 0.5 1 0.5
13910 4 1 0 5 0 0 0
13911 3 1 0 4 0 0 0
14 5 1 1 5 0.2 1 0.2
14026 4 2 2 4 0.5 1 0.5
14085 5 2 2 5 0.4 1 0.4
14234 3 1 1 3 0.333333333333333 1 0.333333333333333
14259 27 3 1 29 0.037037037037037 0.333333333333333 0.0344827586206897
14262 3 2 2 3 0.666666666666667 1 0.666666666666667
14277 5 6 1 10 0.2 0.166666666666667 0.1
14325 11 2 2 11 0.181818181818182 1 0.181818181818182
14383 5 1 1 5 0.2 1 0.2
14589 21 6 4 23 0.19047619047619 0.666666666666667 0.173913043478261
14595 6 2 1 7 0.166666666666667 0.5 0.142857142857143
14609 12 1 1 12 0.0833333333333333 1 0.0833333333333333
14650 1 2 1 2 1 0.5 0.5
14868 5 1 1 5 0.2 1 0.2
14907 3 2 2 3 0.666666666666667 1 0.666666666666667
15169 115 38 25 128 0.217391304347826 0.657894736842105 0.1953125
15189 5 1 1 5 0.2 1 0.2
15216 4 1 1 4 0.25 1 0.25
15226 3 2 0 5 0 0 0
15373 2 1 1 2 0.5 1 0.5
15412 457 13 10 460 0.0218818380743982 0.769230769230769 0.0217391304347826
15436 9 2 2 9 0.222222222222222 1 0.222222222222222
15444 280 22 14 288 0.05 0.636363636363636 0.0486111111111111
15451 2 1 0 3 0 0 0
15456 4 3 3 4 0.75 1 0.75
15469 1 1 0 2 0 0 0
15474 2 1 1 2 0.5 1 0.5
15480 1 1 1 1 1 1 1
15525 18 1 1 18 0.0555555555555556 1 0.0555555555555556
15533 20 2 2 20 0.1 1 0.1
15557 125 1 1 125 0.008 1 0.008
15576 29 2 2 29 0.0689655172413793 1 0.0689655172413793
15589 39 12 5 46 0.128205128205128 0.416666666666667 0.108695652173913
15598 102 30 24 108 0.235294117647059 0.8 0.222222222222222
15600 49 12 11 50 0.224489795918367 0.916666666666667 0.22
15623 35 5 4 36 0.114285714285714 0.8 0.111111111111111
15653 3 1 1 3 0.333333333333333 1 0.333333333333333
15657 3 1 1 3 0.333333333333333 1 0.333333333333333
15685 36 14 10 40 0.277777777777778 0.714285714285714 0.25
15694 81 1 1 81 0.0123456790123457 1 0.0123456790123457
15696 2 1 0 3 0 0 0
15716 5 2 1 6 0.2 0.5 0.166666666666667
15725 2 2 1 3 0.5 0.5 0.333333333333333
15726 2 1 1 2 0.5 1 0.5
15744 10 3 2 11 0.2 0.666666666666667 0.181818181818182
15772 96 1 1 96 0.0104166666666667 1 0.0104166666666667
15782 15 4 3 16 0.2 0.75 0.1875
15798 2 1 0 3 0 0 0
15805 20 7 4 23 0.2 0.571428571428571 0.173913043478261
15830 114 1 0 115 0 0 0
15879 46 19 15 50 0.326086956521739 0.789473684210526 0.3
15894 2 1 1 2 0.5 1 0.5
15919 9 1 1 9 0.111111111111111 1 0.111111111111111
15965 4 1 1 4 0.25 1 0.25
16004 15 6 5 16 0.333333333333333 0.833333333333333 0.3125
16016 20 1 1 20 0.05 1 0.05
16030 48 12 5 55 0.104166666666667 0.416666666666667 0.0909090909090909
16034 19 6 3 22 0.157894736842105 0.5 0.136363636363636
16065 5 1 1 5 0.2 1 0.2
16086 27 21 10 38 0.37037037037037 0.476190476190476 0.263157894736842
16097 41 15 10 46 0.24390243902439 0.666666666666667 0.217391304347826
16117 3 1 1 3 0.333333333333333 1 0.333333333333333
16128 16 3 2 17 0.125 0.666666666666667 0.117647058823529
16131 45 17 11 51 0.244444444444444 0.647058823529412 0.215686274509804
16150 248 13 11 250 0.0443548387096774 0.846153846153846 0.044
16171 4 1 0 5 0 0 0
16178 6 1 0 7 0 0 0
16186 6 2 1 7 0.166666666666667 0.5 0.142857142857143
16206 16 2 0 18 0 0 0
16210 5 3 2 6 0.4 0.666666666666667 0.333333333333333
16215 17 5 5 17 0.294117647058824 1 0.294117647058824
16237 34 8 4 38 0.117647058823529 0.5 0.105263157894737
16242 6 1 1 6 0.166666666666667 1 0.166666666666667
16243 62 14 9 67 0.145161290322581 0.642857142857143 0.134328358208955
16245 22 3 2 23 0.0909090909090909 0.666666666666667 0.0869565217391304
16246 5 4 3 6 0.6 0.75 0.5
16265 74 26 18 82 0.243243243243243 0.692307692307692 0.219512195121951
16276 84 1 1 84 0.0119047619047619 1 0.0119047619047619
16316 5 4 2 7 0.4 0.5 0.285714285714286
16347 9 1 1 9 0.111111111111111 1 0.111111111111111
16471 3 1 1 3 0.333333333333333 1 0.333333333333333
1653 29 4 3 30 0.103448275862069 0.75 0.1
16531 9 2 1 10 0.111111111111111 0.5 0.1
1659 9 3 2 10 0.222222222222222 0.666666666666667 0.2
16668 6 4 2 8 0.333333333333333 0.5 0.25
16724 4 1 1 4 0.25 1 0.25
16735 69 5 5 69 0.072463768115942 1 0.072463768115942
16807 3 2 0 5 0 0 0
16838 10 1 0 11 0 0 0
16942 2 1 1 2 0.5 1 0.5
16993 3 1 0 4 0 0 0
17048 2 1 0 3 0 0 0
1706 4 1 1 4 0.25 1 0.25
17061 2 1 0 3 0 0 0
17204 2 1 0 3 0 0 0
17263 2 1 0 3 0 0 0
1741 10 4 3 11 0.3 0.75 0.272727272727273
17412 3 1 0 4 0 0 0
17435 3 2 0 5 0 0 0
17464 2 1 1 2 0.5 1 0.5
17511 13 1 1 13 0.0769230769230769 1 0.0769230769230769
17529 7 2 1 8 0.142857142857143 0.5 0.125
17554 11 3 3 11 0.272727272727273 1 0.272727272727273
17579 15 13 9 19 0.6 0.692307692307692 0.473684210526316
1759 25 1 1 25 0.04 1 0.04
1764 43 10 9 44 0.209302325581395 0.9 0.204545454545455
17660 27 8 7 28 0.259259259259259 0.875 0.25
17676 37 3 2 38 0.0540540540540541 0.666666666666667 0.0526315789473684
17707 6 2 1 7 0.166666666666667 0.5 0.142857142857143
17709 14 1 0 15 0 0 0
17727 5 1 1 5 0.2 1 0.2
17741 3 1 0 4 0 0 0
17832 1 3 0 4 0 0 0
17920 5 1 1 5 0.2 1 0.2
17934 2 2 2 2 1 1 1
17955 3 2 1 4 0.333333333333333 0.5 0.25
1797 3 4 3 4 1 0.75 0.75
1798 3 3 0 6 0 0 0
17990 5 1 1 5 0.2 1 0.2
18007 2 2 2 2 1 1 1
18070 3 1 1 3 0.333333333333333 1 0.333333333333333
18119 5 2 1 6 0.2 0.5 0.166666666666667
18126 3 1 0 4 0 0 0
18146 3 3 0 6 0 0 0
18149 4 4 3 5 0.75 0.75 0.6
18182 3 1 0 4 0 0 0
18185 4 2 1 5 0.25 0.5 0.2
18203 3 1 1 3 0.333333333333333 1 0.333333333333333
18206 2 1 0 3 0 0 0
18218 2 1 1 2 0.5 1 0.5
18259 3 2 2 3 0.666666666666667 1 0.666666666666667
18266 3 1 1 3 0.333333333333333 1 0.333333333333333
18344 1 2 0 3 0 0 0
1835 8 1 1 8 0.125 1 0.125
1836 62 10 9 63 0.145161290322581 0.9 0.142857142857143
18366 2 3 1 4 0.5 0.333333333333333 0.25
18369 1 1 0 2 0 0 0
18422 4 1 1 4 0.25 1 0.25
18508 9 3 2 10 0.222222222222222 0.666666666666667 0.2
1853 120 31 30 121 0.25 0.967741935483871 0.247933884297521
18592 24 10 6 28 0.25 0.6 0.214285714285714
18666 1 2 0 3 0 0 0
18750 3 1 1 3 0.333333333333333 1 0.333333333333333
18779 5 1 1 5 0.2 1 0.2
1880 16 6 4 18 0.25 0.666666666666667 0.222222222222222
1881 1 1 1 1 1 1 1
1887 7 1 1 7 0.142857142857143 1 0.142857142857143
19021 3 2 1 4 0.333333333333333 0.5 0.25
19073 3 1 0 4 0 0 0
19151 862 200 192 870 0.222737819025522 0.96 0.220689655172414
1916 107 14 13 108 0.121495327102804 0.928571428571429 0.12037037037037
19192 2 2 2 2 1 1 1
19255 7 6 3 10 0.428571428571429 0.5 0.3
1930 22 7 6 23 0.272727272727273 0.857142857142857 0.260869565217391
19401 47 10 9 48 0.191489361702128 0.9 0.1875
195 8 3 1 10 0.125 0.333333333333333 0.1
1955 11 3 3 11 0.272727272727273 1 0.272727272727273
19557 3 1 0 4 0 0 0
19624 3 1 1 3 0.333333333333333 1 0.333333333333333
196613 2 2 2 2 1 1 1
196621 2 1 1 2 0.5 1 0.5
19782 18 1 1 18 0.0555555555555556 1 0.0555555555555556
19783 2 1 0 3 0 0 0
19866 2 1 1 2 0.5 1 0.5
20080 16 4 4 16 0.25 1 0.25
20144 33 4 4 33 0.121212121212121 1 0.121212121212121
2018 4 1 1 4 0.25 1 0.25
20308 1 1 1 1 1 1 1
20312 11 4 3 12 0.272727272727273 0.75 0.25
2042 17 3 3 17 0.176470588235294 1 0.176470588235294
20436 2 1 0 3 0 0 0
20473 25 5 4 26 0.16 0.8 0.153846153846154
20495 56 9 7 58 0.125 0.777777777777778 0.120689655172414
20507 36 2 1 37 0.0277777777777778 0.5 0.027027027027027
20547 38 5 3 40 0.0789473684210526 0.6 0.075
2055 2 1 1 2 0.5 1 0.5
20555 5 3 2 6 0.4 0.666666666666667 0.333333333333333
20569 9 3 2 10 0.222222222222222 0.666666666666667 0.2
20570 5 1 1 5 0.2 1 0.2
20597 3 2 2 3 0.666666666666667 1 0.666666666666667
20608 3 2 0 5 0 0 0
20612 3 1 0 4 0 0 0
20621 3 1 1 3 0.333333333333333 1 0.333333333333333
20633 20 15 8 27 0.4 0.533333333333333 0.296296296296296
20634 36 1 1 36 0.0277777777777778 1 0.0277777777777778
20640 249 90 78 261 0.313253012048193 0.866666666666667 0.298850574712644
20650 6 1 1 6 0.166666666666667 1 0.166666666666667
20704 19 6 6 19 0.315789473684211 1 0.315789473684211
20707 2 1 1 2 0.5 1 0.5
20712 12 5 4 13 0.333333333333333 0.8 0.307692307692308
20718 29 15 3 41 0.103448275862069 0.2 0.0731707317073171
20766 9 1 1 9 0.111111111111111 1 0.111111111111111
20773 24 14 9 29 0.375 0.642857142857143 0.310344827586207
20783 5 2 0 7 0 0 0
20847 33 19 12 40 0.363636363636364 0.631578947368421 0.3
209 1447 10 9 1448 0.00621976503109883 0.9 0.00621546961325967
20912 9 6 3 12 0.333333333333333 0.5 0.25
20932 326 14 12 328 0.0368098159509202 0.857142857142857 0.0365853658536585
20940 124 3 2 125 0.0161290322580645 0.666666666666667 0.016
20953 28 1 1 28 0.0357142857142857 1 0.0357142857142857
20965 50 41 41 50 0.82 1 0.82
20968 1 1 1 1 1 1 1
210 10 1 1 10 0.1 1 0.1
21011 92 14 10 96 0.108695652173913 0.714285714285714 0.104166666666667
21013 35 16 9 42 0.257142857142857 0.5625 0.214285714285714
21017 1 1 1 1 1 1 1
21042 2 1 1 2 0.5 1 0.5
21055 39 7 5 41 0.128205128205128 0.714285714285714 0.121951219512195
2107 1 1 1 1 1 1 1
2108 1 1 1 1 1 1 1
2110 44 3 1 46 0.0227272727272727 0.333333333333333 0.0217391304347826
21155 41 16 11 46 0.268292682926829 0.6875 0.239130434782609
2116 27 5 5 27 0.185185185185185 1 0.185185185185185
21195 20 1 1 20 0.05 1 0.05
21219 197 14 8 203 0.0406091370558376 0.571428571428571 0.0394088669950739
21221 36 15 8 43 0.222222222222222 0.533333333333333 0.186046511627907
21263 28 18 11 35 0.392857142857143 0.611111111111111 0.314285714285714
2128 4 2 2 4 0.5 1 0.5
21320 6 1 1 6 0.166666666666667 1 0.166666666666667
21371 43 12 8 47 0.186046511627907 0.666666666666667 0.170212765957447
21385 86 25 16 95 0.186046511627907 0.64 0.168421052631579
21392 40 10 6 44 0.15 0.6 0.136363636363636
21396 30 11 8 33 0.266666666666667 0.727272727272727 0.242424242424242
21409 34 1 0 35 0 0 0
21414 69 1 1 69 0.0144927536231884 1 0.0144927536231884
21435 6 2 2 6 0.333333333333333 1 0.333333333333333
21497 12 1 1 12 0.0833333333333333 1 0.0833333333333333
21513 10 3 3 10 0.3 1 0.3
2152 92 2 2 92 0.0217391304347826 1 0.0217391304347826
2153 39 14 13 40 0.333333333333333 0.928571428571429 0.325
21548 23 1 1 23 0.0434782608695652 1 0.0434782608695652
21719 6 1 0 7 0 0 0
21844 19 3 3 19 0.157894736842105 1 0.157894736842105
21947 28 3 3 28 0.107142857142857 1 0.107142857142857
21968 3 1 0 4 0 0 0
21976 20 2 2 20 0.1 1 0.1
2200 42 6 4 44 0.0952380952380952 0.666666666666667 0.0909090909090909
22132 2 4 1 5 0.5 0.25 0.2
22166 2 1 0 3 0 0 0
22192 2 1 1 2 0.5 1 0.5
22284 8 1 0 9 0 0 0
22302 7 1 1 7 0.142857142857143 1 0.142857142857143
22335 29 2 2 29 0.0689655172413793 1 0.0689655172413793
22351 44 1 0 45 0 0 0
22356 36 2 2 36 0.0555555555555556 1 0.0555555555555556
22388 9 8 8 9 0.888888888888889 1 0.888888888888889
224 4 1 1 4 0.25 1 0.25
22404 2 1 0 3 0 0 0
22438 2 2 1 3 0.5 0.5 0.333333333333333
225 2 1 1 2 0.5 1 0.5
22548 49 5 5 49 0.102040816326531 1 0.102040816326531
22581 2 1 1 2 0.5 1 0.5
226 31 3 3 31 0.0967741935483871 1 0.0967741935483871
22767 1 1 1 1 1 1 1
22773 268 1 1 268 0.00373134328358209 1 0.00373134328358209
22779 2 1 1 2 0.5 1 0.5
22822 147 7 7 147 0.0476190476190476 1 0.0476190476190476
22829 19 3 3 19 0.157894736842105 1 0.157894736842105
22958 7 1 1 7 0.142857142857143 1 0.142857142857143
23028 5 2 0 7 0 0 0
23033 7 1 1 7 0.142857142857143 1 0.142857142857143
23148 251 2 2 251 0.00796812749003984 1 0.00796812749003984
23308 11 3 3 11 0.272727272727273 1 0.272727272727273
23342 45 7 5 47 0.111111111111111 0.714285714285714 0.106382978723404
23352 33 4 4 33 0.121212121212121 1 0.121212121212121
23456 44 7 5 46 0.113636363636364 0.714285714285714 0.108695652173913
23473 1 1 0 2 0 0 0
23504 29 6 2 33 0.0689655172413793 0.333333333333333 0.0606060606060606
23541 10 1 0 11 0 0 0
23577 2 1 0 3 0 0 0
23596 3 2 2 3 0.666666666666667 1 0.666666666666667
23600 3 2 2 3 0.666666666666667 1 0.666666666666667
23624 2 1 1 2 0.5 1 0.5
23634 4 4 3 5 0.75 0.75 0.6
23637 2 1 0 3 0 0 0
23655 19 1 0 20 0 0 0
237 33 1 1 33 0.0303030303030303 1 0.0303030303030303
23754 4 1 0 5 0 0 0
23774 4 3 2 5 0.5 0.666666666666667 0.4
2381 22 4 4 22 0.181818181818182 1 0.181818181818182
23836 1 1 1 1 1 1 1
23862 3 1 1 3 0.333333333333333 1 0.333333333333333
23869 2 1 0 3 0 0 0
23889 3 1 1 3 0.333333333333333 1 0.333333333333333
23902 2 2 0 4 0 0 0
23910 3 3 1 5 0.333333333333333 0.333333333333333 0.2
23911 8 17 5 20 0.625 0.294117647058824 0.25
23912 1 1 0 2 0 0 0
23930 27 2 1 28 0.037037037037037 0.5 0.0357142857142857
23966 3 1 0 4 0 0 0
24 12 8 5 15 0.416666666666667 0.625 0.333333333333333
24005 3 2 1 4 0.333333333333333 0.5 0.25
24047 3 2 2 3 0.666666666666667 1 0.666666666666667
24129 3 3 2 4 0.666666666666667 0.666666666666667 0.5
24130 14 1 1 14 0.0714285714285714 1 0.0714285714285714
24151 10 2 0 12 0 0 0
24175 3 1 1 3 0.333333333333333 1 0.333333333333333
24211 1 1 1 1 1 1 1
24218 15 5 3 17 0.2 0.6 0.176470588235294
24220 6 1 1 6 0.166666666666667 1 0.166666666666667
24226 3 2 0 5 0 0 0
24227 1 1 0 2 0 0 0
24229 4 1 1 4 0.25 1 0.25
24238 7 3 1 9 0.142857142857143 0.333333333333333 0.111111111111111
24287 4 3 3 4 0.75 1 0.75
24311 1 1 0 2 0 0 0
24326 17 1 1 17 0.0588235294117647 1 0.0588235294117647
24334 2 1 1 2 0.5 1 0.5
24390 2 1 1 2 0.5 1 0.5
24424 2 1 0 3 0 0 0
24437 1 1 1 1 1 1 1
24475 4 3 3 4 0.75 1 0.75
24489 9 9 8 10 0.888888888888889 0.888888888888889 0.8
24490 10 8 8 10 0.8 1 0.8
24514 6 2 2 6 0.333333333333333 1 0.333333333333333
24541 3 3 1 5 0.333333333333333 0.333333333333333 0.2
24557 5 1 1 5 0.2 1 0.2
24586 31 12 7 36 0.225806451612903 0.583333333333333 0.194444444444444
24594 18 6 3 21 0.166666666666667 0.5 0.142857142857143
24638 18 1 1 18 0.0555555555555556 1 0.0555555555555556
24642 34 5 5 34 0.147058823529412 1 0.147058823529412
24679 26 14 8 32 0.307692307692308 0.571428571428571 0.25
24724 125 27 21 131 0.168 0.777777777777778 0.16030534351145
24730 54 1 1 54 0.0185185185185185 1 0.0185185185185185
24748 38 2 0 40 0 0 0
24776 6 2 1 7 0.166666666666667 0.5 0.142857142857143
24785 106 9 7 108 0.0660377358490566 0.777777777777778 0.0648148148148148
24796 6 3 3 6 0.5 1 0.5
24835 9 1 1 9 0.111111111111111 1 0.111111111111111
24863 22 3 3 22 0.136363636363636 1 0.136363636363636
24875 235 19 16 238 0.0680851063829787 0.842105263157895 0.0672268907563025
24889 12 4 4 12 0.333333333333333 1 0.333333333333333
24900 1 1 1 1 1 1 1
24940 23 13 9 27 0.391304347826087 0.692307692307692 0.333333333333333
2495 11 1 1 11 0.0909090909090909 1 0.0909090909090909
24963 53 9 7 55 0.132075471698113 0.777777777777778 0.127272727272727
2497 239 62 48 253 0.200836820083682 0.774193548387097 0.189723320158103
24971 24 8 5 27 0.208333333333333 0.625 0.185185185185185
24973 3 1 0 4 0 0 0
25 2 1 1 2 0.5 1 0.5
250 4 2 1 5 0.25 0.5 0.2
2500 30 35 17 48 0.566666666666667 0.485714285714286 0.354166666666667
2506 2 1 1 2 0.5 1 0.5
25061 37 5 5 37 0.135135135135135 1 0.135135135135135
2510 17 3 2 18 0.117647058823529 0.666666666666667 0.111111111111111
25137 11 4 4 11 0.363636363636364 1 0.363636363636364
2514 13 1 1 13 0.0769230769230769 1 0.0769230769230769
25148 7 1 1 7 0.142857142857143 1 0.142857142857143
2515 6 1 1 6 0.166666666666667 1 0.166666666666667
25152 63 12 9 66 0.142857142857143 0.75 0.136363636363636
2516 337 39 35 341 0.103857566765579 0.897435897435897 0.102639296187683
25164 2 1 1 2 0.5 1 0.5
2518 10 3 3 10 0.3 1 0.3
25182 32 8 5 35 0.15625 0.625 0.142857142857143
2519 25 6 5 26 0.2 0.833333333333333 0.192307692307692
25192 17 12 10 19 0.588235294117647 0.833333333333333 0.526315789473684
25234 3 4 3 4 1 0.75 0.75
2527 9 3 1 11 0.111111111111111 0.333333333333333 0.0909090909090909
25279 13 4 4 13 0.307692307692308 1 0.307692307692308
25295 2 1 1 2 0.5 1 0.5
25358 12 11 4 19 0.333333333333333 0.363636363636364 0.210526315789474
25384 8 1 1 8 0.125 1 0.125
25415 4 1 1 4 0.25 1 0.25
25441 14 2 2 14 0.142857142857143 1 0.142857142857143
25466 33 9 7 35 0.212121212121212 0.777777777777778 0.2
25473 4 2 2 4 0.5 1 0.5
2549 3 1 0 4 0 0 0
25512 24 3 3 24 0.125 1 0.125
25525 53 18 17 54 0.320754716981132 0.944444444444444 0.314814814814815
25538 2 2 0 4 0 0 0
25560 63 88 27 124 0.428571428571429 0.306818181818182 0.217741935483871
25563 4 1 1 4 0.25 1 0.25
25588 19 6 2 23 0.105263157894737 0.333333333333333 0.0869565217391304
25596 36 10 7 39 0.194444444444444 0.7 0.179487179487179
2561 3 2 2 3 0.666666666666667 1 0.666666666666667
25689 14 2 2 14 0.142857142857143 1 0.142857142857143
2576 2 1 1 2 0.5 1 0.5
25795 7 2 2 7 0.285714285714286 1 0.285714285714286
25818 21 6 3 24 0.142857142857143 0.5 0.125
25829 2 1 1 2 0.5 1 0.5
2586 11 1 1 11 0.0909090909090909 1 0.0909090909090909
25933 3 2 0 5 0 0 0
2594 4 1 0 5 0 0 0
2595 2 1 0 3 0 0 0
2602 4 3 3 4 0.75 1 0.75
2603 97 28 21 104 0.216494845360825 0.75 0.201923076923077
2607 28 9 6 31 0.214285714285714 0.666666666666667 0.193548387096774
2609 3 1 0 4 0 0 0
2611 55 9 8 56 0.145454545454545 0.888888888888889 0.142857142857143
2614 16 1 1 16 0.0625 1 0.0625
26347 3 1 1 3 0.333333333333333 1 0.333333333333333
2637 5 1 1 5 0.2 1 0.2
26415 51 8 2 57 0.0392156862745098 0.25 0.0350877192982456
26496 6 1 1 6 0.166666666666667 1 0.166666666666667
26610 2 1 1 2 0.5 1 0.5
26622 8 1 1 8 0.125 1 0.125
26773 7 4 4 7 0.571428571428571 1 0.571428571428571
26785 3 2 1 4 0.333333333333333 0.5 0.25
26888 2 1 1 2 0.5 1 0.5
26943 215 17 15 217 0.0697674418604651 0.882352941176471 0.0691244239631336
2697 6 2 1 7 0.166666666666667 0.5 0.142857142857143
26978 15 2 0 17 0 0 0
2698 6 2 2 6 0.333333333333333 1 0.333333333333333
27 2 1 1 2 0.5 1 0.5
271 11 1 0 12 0 0 0
2714 1 1 1 1 1 1 1
2716 3 1 1 3 0.333333333333333 1 0.333333333333333
27319 27 5 5 27 0.185185185185185 1 0.185185185185185
27321 1 2 0 3 0 0 0
27400 3 1 1 3 0.333333333333333 1 0.333333333333333
27446 4 1 0 5 0 0 0
27524 51 4 2 53 0.0392156862745098 0.5 0.0377358490566038
27552 8 1 1 8 0.125 1 0.125
27589 11 1 1 11 0.0909090909090909 1 0.0909090909090909
27630 3 1 1 3 0.333333333333333 1 0.333333333333333
27664 54 6 6 54 0.111111111111111 1 0.111111111111111
27678 6 1 0 7 0 0 0
27725 1 1 1 1 1 1 1
27750 18 16 15 19 0.833333333333333 0.9375 0.789473684210526
278 9 7 1 15 0.111111111111111 0.142857142857143 0.0666666666666667
27807 12 5 5 12 0.416666666666667 1 0.416666666666667
27817 5 1 1 5 0.2 1 0.2
27841 4 1 1 4 0.25 1 0.25
27924 3 1 1 3 0.333333333333333 1 0.333333333333333
27929 3 2 2 3 0.666666666666667 1 0.666666666666667
27933 2 1 1 2 0.5 1 0.5
28000 1 1 1 1 1 1 1
28001 4 1 1 4 0.25 1 0.25
2819 34 3 2 35 0.0588235294117647 0.666666666666667 0.0571428571428571
2828 789 12 11 790 0.0139416983523447 0.916666666666667 0.0139240506329114
28289 3 1 0 4 0 0 0
28324 1 1 0 2 0 0 0
28360 2 1 1 2 0.5 1 0.5
2847 4 3 3 4 0.75 1 0.75
2848 15 1 1 15 0.0666666666666667 1 0.0666666666666667
28499 3 1 0 4 0 0 0
28511 5 2 1 6 0.2 0.5 0.166666666666667
2852 78 11 10 79 0.128205128205128 0.909090909090909 0.126582278481013
2857 32 30 11 51 0.34375 0.366666666666667 0.215686274509804
286 331 117 65 383 0.196374622356495 0.555555555555556 0.169712793733681
28618 4 2 1 5 0.25 0.5 0.2
28677 1 1 1 1 1 1 1
28678 2 1 1 2 0.5 1 0.5
28697 6 1 0 7 0 0 0
28717 15 4 3 16 0.2 0.75 0.1875
28725 2 2 1 3 0.5 0.5 0.333333333333333
28753 32 16 10 38 0.3125 0.625 0.263157894736842
28788 49 11 9 51 0.183673469387755 0.818181818181818 0.176470588235294
28824 2 1 0 3 0 0 0
28855 9 4 4 9 0.444444444444444 1 0.444444444444444
28857 8 4 4 8 0.5 1 0.5
28859 4 1 1 4 0.25 1 0.25
28878 43 15 10 48 0.232558139534884 0.666666666666667 0.208333333333333
28929 75 9 8 76 0.106666666666667 0.888888888888889 0.105263157894737
2895 232 2 1 233 0.00431034482758621 0.5 0.00429184549356223
29009 29 9 5 33 0.172413793103448 0.555555555555556 0.151515151515152
2905 29 2 0 31 0 0 0
29066 30 13 8 35 0.266666666666667 0.615384615384615 0.228571428571429
2907 83 5 5 83 0.0602409638554217 1 0.0602409638554217
29113 62 13 12 63 0.193548387096774 0.923076923076923 0.19047619047619
29134 9 4 4 9 0.444444444444444 1 0.444444444444444
2914 647 192 131 708 0.202472952086553 0.682291666666667 0.185028248587571
29147 1 1 1 1 1 1 1
29208 293 128 68 353 0.232081911262799 0.53125 0.192634560906516
29216 1 1 1 1 1 1 1
29222 44 3 3 44 0.0681818181818182 1 0.0681818181818182
29243 2 2 2 2 1 1 1
29259 5 2 2 5 0.4 1 0.4
293 150 19 17 152 0.113333333333333 0.894736842105263 0.111842105263158
29317 1 2 1 2 1 0.5 0.5
29321 8 3 3 8 0.375 1 0.375
29372 1 2 0 3 0 0 0
29396 35 7 6 36 0.171428571428571 0.857142857142857 0.166666666666667
29405 14 2 2 14 0.142857142857143 1 0.142857142857143
29422 22 4 3 23 0.136363636363636 0.75 0.130434782608696
29432 2 1 1 2 0.5 1 0.5
29449 45 20 12 53 0.266666666666667 0.6 0.226415094339623
29452 21 6 5 22 0.238095238095238 0.833333333333333 0.227272727272727
29488 3 2 2 3 0.666666666666667 1 0.666666666666667
29527 35 10 8 37 0.228571428571429 0.8 0.216216216216216
29542 4 2 1 5 0.25 0.5 0.2
29608 15 4 4 15 0.266666666666667 1 0.266666666666667
29611 27 9 7 29 0.259259259259259 0.777777777777778 0.241379310344828
29632 28 13 7 34 0.25 0.538461538461538 0.205882352941176
29636 219 41 38 222 0.17351598173516 0.926829268292683 0.171171171171171
29651 12 3 2 13 0.166666666666667 0.666666666666667 0.153846153846154
29655 8 2 2 8 0.25 1 0.25
29668 30 1 1 30 0.0333333333333333 1 0.0333333333333333
29670 11 2 2 11 0.181818181818182 1 0.181818181818182
29671 3 2 2 3 0.666666666666667 1 0.666666666666667
29686 312 116 103 325 0.330128205128205 0.887931034482759 0.316923076923077
29748 23 10 4 29 0.173913043478261 0.4 0.137931034482759
29763 1 1 1 1 1 1 1
29789 1 1 1 1 1 1 1
29791 200 3 1 202 0.005 0.333333333333333 0.00495049504950495
29838 32 6 5 33 0.15625 0.833333333333333 0.151515151515152
29904 1 1 1 1 1 1 1
3 6 1 0 7 0 0 0
30008 6 1 1 6 0.166666666666667 1 0.166666666666667
30058 6 1 1 6 0.166666666666667 1 0.166666666666667
30059 4 3 2 5 0.5 0.666666666666667 0.4
30071 10 101 6 105 0.6 0.0594059405940594 0.0571428571428571
30129 3 2 2 3 0.666666666666667 1 0.666666666666667
30132 28 50 16 62 0.571428571428571 0.32 0.258064516129032
30176 16 2 2 16 0.125 1 0.125
30217 6 1 1 6 0.166666666666667 1 0.166666666666667
30225 1 1 0 2 0 0 0
30259 3 1 1 3 0.333333333333333 1 0.333333333333333
30340 16 1 1 16 0.0625 1 0.0625
30374 2 1 0 3 0 0 0
3043 16 3 3 16 0.1875 1 0.1875
30528 7 3 2 8 0.285714285714286 0.666666666666667 0.25
30653 23 10 7 26 0.304347826086957 0.7 0.269230769230769
30700 4 2 2 4 0.5 1 0.5
30708 1 1 1 1 1 1 1
30781 40 12 11 41 0.275 0.916666666666667 0.268292682926829
30795 3 2 2 3 0.666666666666667 1 0.666666666666667
30833 11 2 1 12 0.0909090909090909 0.5 0.0833333333333333
30834 9 2 2 9 0.222222222222222 1 0.222222222222222
30844 288 7 7 288 0.0243055555555556 1 0.0243055555555556
30880 10 2 2 10 0.2 1 0.2
30890 132 21 15 138 0.113636363636364 0.714285714285714 0.108695652173913
30925 2 1 1 2 0.5 1 0.5
30971 7 3 3 7 0.428571428571429 1 0.428571428571429
30975 5 2 0 7 0 0 0
31078 3 1 1 3 0.333333333333333 1 0.333333333333333
31117 12 4 4 12 0.333333333333333 1 0.333333333333333
31122 12 1 1 12 0.0833333333333333 1 0.0833333333333333
31127 2 2 1 3 0.5 0.5 0.333333333333333
31229 5 2 1 6 0.2 0.5 0.166666666666667
31252 20 4 4 20 0.2 1 0.2
31261 20 1 0 21 0 0 0
31265 1 1 1 1 1 1 1
31283 45 2 2 45 0.0444444444444444 1 0.0444444444444444
31333 10 5 4 11 0.4 0.8 0.363636363636364
3134 2 1 1 2 0.5 1 0.5
31383 22 9 5 26 0.227272727272727 0.555555555555556 0.192307692307692
3140 1 1 1 1 1 1 1
31400 9 2 2 9 0.222222222222222 1 0.222222222222222
31424 16 4 4 16 0.25 1 0.25
31442 2 1 0 3 0 0 0
31458 47 8 7 48 0.148936170212766 0.875 0.145833333333333
31477 194 2 2 194 0.0103092783505155 1 0.0103092783505155
31479 4 2 1 5 0.25 0.5 0.2
31513 3 1 1 3 0.333333333333333 1 0.333333333333333
31529 44 15 12 47 0.272727272727273 0.8 0.25531914893617
31615 2 1 0 3 0 0 0
31677 3 2 0 5 0 0 0
31688 7 2 2 7 0.285714285714286 1 0.285714285714286
31708 20 11 8 23 0.4 0.727272727272727 0.347826086956522
31736 10 1 1 10 0.1 1 0.1
32034 6 3 3 6 0.5 1 0.5
3212 24 1 1 24 0.0416666666666667 1 0.0416666666666667
3213 39 11 9 41 0.230769230769231 0.818181818181818 0.219512195121951
3215 98 1 1 98 0.0102040816326531 1 0.0102040816326531
3221 1 1 1 1 1 1 1
32335 4 1 1 4 0.25 1 0.25
32346 1 2 1 2 1 0.5 0.5
32354 17 4 3 18 0.176470588235294 0.75 0.166666666666667
32360 3 1 0 4 0 0 0
32361 6 1 0 7 0 0 0
3243 18 4 3 19 0.166666666666667 0.75 0.157894736842105
32440 23 2 2 23 0.0869565217391304 1 0.0869565217391304
3248 54 26 17 63 0.314814814814815 0.653846153846154 0.26984126984127
3249 54 13 8 59 0.148148148148148 0.615384615384615 0.135593220338983
3257 547 247 129 665 0.235831809872029 0.522267206477733 0.193984962406015
32592 15 3 3 15 0.2 1 0.2
3261 28 1 1 28 0.0357142857142857 1 0.0357142857142857
3265 42 16 11 47 0.261904761904762 0.6875 0.234042553191489
3267 344 9 8 345 0.0232558139534884 0.888888888888889 0.0231884057971014
3269 112 1 1 112 0.00892857142857143 1 0.00892857142857143
32748 9 2 1 10 0.111111111111111 0.5 0.1
3277 71 1 1 71 0.0140845070422535 1 0.0140845070422535
32809 1 1 0 2 0 0 0
32825 2 1 0 3 0 0 0
32890 4 1 0 5 0 0 0
32915 4 1 0 5 0 0 0
3292 412 19 18 413 0.0436893203883495 0.947368421052632 0.0435835351089588
32978 1 1 1 1 1 1 1
33 6 1 0 7 0 0 0
3301 62 6 4 64 0.0645161290322581 0.666666666666667 0.0625
3303 493 25 22 496 0.0446247464503043 0.88 0.0443548387096774
33071 7 2 2 7 0.285714285714286 1 0.285714285714286
33080 4 1 1 4 0.25 1 0.25
33081 12 6 3 15 0.25 0.5 0.2
33152 1 1 0 2 0 0 0
33189 9 1 1 9 0.111111111111111 1 0.111111111111111
3320 529 20 13 536 0.0245746691871456 0.65 0.0242537313432836
3327 107 27 21 113 0.196261682242991 0.777777777777778 0.185840707964602
3333 165 4 3 166 0.0181818181818182 0.75 0.0180722891566265
33362 3 1 0 4 0 0 0
3344 7 5 2 10 0.285714285714286 0.4 0.2
33517 7 2 2 7 0.285714285714286 1 0.285714285714286
3352 71 2 1 72 0.0140845070422535 0.5 0.0138888888888889
33557 1 1 0 2 0 0 0
3356 2395 82 71 2406 0.0296450939457202 0.865853658536585 0.0295095594347465
33597 22 1 1 22 0.0454545454545455 1 0.0454545454545455
33789 2 2 2 2 1 1 1
33843 39 21 15 45 0.384615384615385 0.714285714285714 0.333333333333333
33845 11 1 1 11 0.0909090909090909 1 0.0909090909090909
33868 6 2 2 6 0.333333333333333 1 0.333333333333333
33876 1 1 1 1 1 1 1
33885 12 2 2 12 0.166666666666667 1 0.166666666666667
33891 38 16 11 43 0.289473684210526 0.6875 0.255813953488372
33926 44 5 4 45 0.0909090909090909 0.8 0.0888888888888889
33930 2 1 0 3 0 0 0
34019 10 3 3 10 0.3 1 0.3
34021 7 3 2 8 0.285714285714286 0.666666666666667 0.25
34080 5 2 2 5 0.4 1 0.4
34081 3 2 2 3 0.666666666666667 1 0.666666666666667
34108 3 2 1 4 0.333333333333333 0.5 0.25
34109 5 1 0 6 0 0 0
34141 26 1 1 26 0.0384615384615385 1 0.0384615384615385
34146 14 2 2 14 0.142857142857143 1 0.142857142857143
34225 52 4 4 52 0.0769230769230769 1 0.0769230769230769
34244 5 3 3 5 0.6 1 0.6
34270 35 4 4 35 0.114285714285714 1 0.114285714285714
34288 7 2 1 8 0.142857142857143 0.5 0.125
34305 65 13 11 67 0.169230769230769 0.846153846153846 0.164179104477612
34309 44 138 22 160 0.5 0.159420289855072 0.1375
34313 5 6 2 9 0.4 0.333333333333333 0.222222222222222
34372 4 1 1 4 0.25 1 0.25
34419 55 10 8 57 0.145454545454545 0.8 0.140350877192982
34427 3 1 1 3 0.333333333333333 1 0.333333333333333
34486 37 1 1 37 0.027027027027027 1 0.027027027027027
34505 3 3 3 3 1 1 1
34549 6 4 2 8 0.333333333333333 0.5 0.25
34554 11 2 2 11 0.181818181818182 1 0.181818181818182
34567 2 2 1 3 0.5 0.5 0.333333333333333
34594 15 3 3 15 0.2 1 0.2
34602 13 2 1 14 0.0769230769230769 0.5 0.0714285714285714
3464 8 1 1 8 0.125 1 0.125
34683 2 1 1 2 0.5 1 0.5
34695 347 61 46 362 0.132564841498559 0.754098360655738 0.12707182320442
34752 3 1 1 3 0.333333333333333 1 0.333333333333333
34763 65 24 12 77 0.184615384615385 0.5 0.155844155844156
34781 14 1 1 14 0.0714285714285714 1 0.0714285714285714
34784 2 1 1 2 0.5 1 0.5
34863 2 1 0 3 0 0 0
34958 3 1 1 3 0.333333333333333 1 0.333333333333333
34968 31 12 8 35 0.258064516129032 0.666666666666667 0.228571428571429
34997 9 4 3 10 0.333333333333333 0.75 0.3
35 2 1 0 3 0 0 0
35028 33 10 7 36 0.212121212121212 0.7 0.194444444444444
35070 7 2 2 7 0.285714285714286 1 0.285714285714286
35087 9 1 1 9 0.111111111111111 1 0.111111111111111
35244 23 20 12 31 0.521739130434783 0.6 0.387096774193548
35272 3 2 2 3 0.666666666666667 1 0.666666666666667
35283 6 1 1 6 0.166666666666667 1 0.166666666666667
35320 101 18 11 108 0.108910891089109 0.611111111111111 0.101851851851852
35393 8 2 1 9 0.125 0.5 0.111111111111111
35425 15 3 3 15 0.2 1 0.2
35470 8 4 1 11 0.125 0.25 0.0909090909090909
35485 1 1 0 2 0 0 0
3549 1297 134 118 1313 0.0909791827293755 0.880597014925373 0.0898705255140899
35492 5 3 3 5 0.6 1 0.6
3551 1 1 0 2 0 0 0
3557 20 7 6 21 0.3 0.857142857142857 0.285714285714286
35592 5 3 3 5 0.6 1 0.6
3561 458 5 5 458 0.0109170305676856 1 0.0109170305676856
35612 6 2 0 8 0 0 0
35706 16 5 2 19 0.125 0.4 0.105263157894737
35819 14 1 1 14 0.0714285714285714 1 0.0714285714285714
35826 3 1 1 3 0.333333333333333 1 0.333333333333333
35908 24 1 1 24 0.0416666666666667 1 0.0416666666666667
3597 9 2 2 9 0.222222222222222 1 0.222222222222222
36141 2 1 0 3 0 0 0
36221 1 1 1 1 1 1 1
36236 14 1 0 15 0 0 0
36252 2 2 2 2 1 1 1
36351 16 5 5 16 0.3125 1 0.3125
36383 2 1 1 2 0.5 1 0.5
36384 1 1 1 1 1 1 1
3640 4 1 1 4 0.25 1 0.25
36412 4 2 2 4 0.5 1 0.5
36430 1 1 0 2 0 0 0
36472 11 3 3 11 0.272727272727273 1 0.272727272727273
3661 7 6 3 10 0.428571428571429 0.5 0.3
3662 18 8 8 18 0.444444444444444 1 0.444444444444444
36671 2 1 1 2 0.5 1 0.5
36692 33 7 6 34 0.181818181818182 0.857142857142857 0.176470588235294
3676 7 1 1 7 0.142857142857143 1 0.142857142857143
36797 1 1 1 1 1 1 1
36856 10 4 2 12 0.2 0.5 0.166666666666667
36944 31 5 4 32 0.129032258064516 0.8 0.125
3714 5 1 1 5 0.2 1 0.2
3741 87 1 1 87 0.0114942528735632 1 0.0114942528735632
3742 16 2 2 16 0.125 1 0.125
3754 40 3 3 40 0.075 1 0.075
376 18 1 1 18 0.0555555555555556 1 0.0555555555555556
378 3 1 1 3 0.333333333333333 1 0.333333333333333
3790 5 1 1 5 0.2 1 0.2
37918 3 1 1 3 0.333333333333333 1 0.333333333333333
38005 2 2 2 2 1 1 1
38018 7 4 3 8 0.428571428571429 0.75 0.375
38022 33 9 9 33 0.272727272727273 1 0.272727272727273
38082 39 11 9 41 0.230769230769231 0.818181818181818 0.219512195121951
38128 1 1 0 2 0 0 0
38140 2 1 1 2 0.5 1 0.5
38158 4 2 2 4 0.5 1 0.5
38229 1 1 1 1 1 1 1
3825 1 1 0 2 0 0 0
38299 2 1 1 2 0.5 1 0.5
38321 2 1 1 2 0.5 1 0.5
3836 7 2 1 8 0.142857142857143 0.5 0.125
38457 3 2 1 4 0.333333333333333 0.5 0.25
38462 2 1 1 2 0.5 1 0.5
38477 4 1 1 4 0.25 1 0.25
38566 2 1 1 2 0.5 1 0.5
38629 1 1 1 1 1 1 1
38639 1 1 1 1 1 1 1
38646 1 1 0 2 0 0 0
38794 8 1 1 8 0.125 1 0.125
38819 3 2 2 3 0.666666666666667 1 0.666666666666667
38826 4 1 1 4 0.25 1 0.25
38922 11 1 0 12 0 0 0
38930 23 2 1 24 0.0434782608695652 0.5 0.0416666666666667
39029 3 1 1 3 0.333333333333333 1 0.333333333333333
39040 9 2 2 9 0.222222222222222 1 0.222222222222222
39093 2 2 1 3 0.5 0.5 0.333333333333333
39122 9 3 1 11 0.111111111111111 0.333333333333333 0.0909090909090909
39145 7 3 2 8 0.285714285714286 0.666666666666667 0.25
39211 2 2 1 3 0.5 0.5 0.333333333333333
39301 5 2 1 6 0.2 0.5 0.166666666666667
39309 25 1 0 26 0 0 0
393224 1 1 1 1 1 1 1
39326 224 22 19 227 0.0848214285714286 0.863636363636364 0.0837004405286344
39342 2 1 1 2 0.5 1 0.5
3943 3 2 2 3 0.666666666666667 1 0.666666666666667
3949 2 2 1 3 0.5 0.5 0.333333333333333
39537 2 1 0 3 0 0 0
39545 2 2 2 2 1 1 1
39554 6 2 2 6 0.333333333333333 1 0.333333333333333
39556 29 9 7 31 0.241379310344828 0.777777777777778 0.225806451612903
39560 2 1 1 2 0.5 1 0.5
39570 4 4 2 6 0.5 0.5 0.333333333333333
39572 3 1 1 3 0.333333333333333 1 0.333333333333333
39602 2 1 0 3 0 0 0
39780 1 1 0 2 0 0 0
39792 628 27 21 634 0.0334394904458599 0.777777777777778 0.0331230283911672
39837 5 2 2 5 0.4 1 0.4
39839 2 1 1 2 0.5 1 0.5
39854 1 1 0 2 0 0 0
39875 3 1 1 3 0.333333333333333 1 0.333333333333333
39912 160 4 4 160 0.025 1 0.025
3999 1 1 1 1 1 1 1
40009 44 6 5 45 0.113636363636364 0.833333333333333 0.111111111111111
40027 2 1 1 2 0.5 1 0.5
40060 5 1 0 6 0 0 0
40068 11 2 2 11 0.181818181818182 1 0.181818181818182
40193 14 7 4 17 0.285714285714286 0.571428571428571 0.235294117647059
40220 12 5 5 12 0.416666666666667 1 0.416666666666667
40387 18 1 1 18 0.0555555555555556 1 0.0555555555555556
40528 7 3 3 7 0.428571428571429 1 0.428571428571429
40589 2 1 1 2 0.5 1 0.5
40679 2 2 2 2 1 1 1
40832 2 1 1 2 0.5 1 0.5
40912 2 1 1 2 0.5 1 0.5
41012 26 7 5 28 0.192307692307692 0.714285714285714 0.178571428571429
41045 22 10 8 24 0.363636363636364 0.8 0.333333333333333
41075 4 2 0 6 0 0 0
4134 101 1 0 102 0 0 0
4150 5 2 1 6 0.2 0.5 0.166666666666667
4158 2 1 1 2 0.5 1 0.5
41589 4 1 1 4 0.25 1 0.25
41670 2 1 1 2 0.5 1 0.5
41692 350 86 62 374 0.177142857142857 0.720930232558139 0.165775401069519
41695 4 1 0 5 0 0 0
41698 2 1 1 2 0.5 1 0.5
41711 8 4 2 10 0.25 0.5 0.2
41773 4 2 2 4 0.5 1 0.5
41824 8 4 4 8 0.5 1 0.5
41887 11 6 4 13 0.363636363636364 0.666666666666667 0.307692307692308
41913 10 1 1 10 0.1 1 0.1
42 106 7 6 107 0.0566037735849057 0.857142857142857 0.0560747663551402
42017 4 1 0 5 0 0 0
42096 8 1 1 8 0.125 1 0.125
42227 7 3 3 7 0.428571428571429 1 0.428571428571429
42525 25 1 1 25 0.04 1 0.04
42579 8 2 2 8 0.25 1 0.25
42585 7 4 2 9 0.285714285714286 0.5 0.222222222222222
42652 33 4 4 33 0.121212121212121 1 0.121212121212121
42689 28 9 7 30 0.25 0.777777777777778 0.233333333333333
4270 4 2 2 4 0.5 1 0.5
42732 3 2 2 3 0.666666666666667 1 0.666666666666667
42841 5 2 2 5 0.4 1 0.4
42909 15 3 3 15 0.2 1 0.2
42937 1 1 1 1 1 1 1
42965 3 1 1 3 0.333333333333333 1 0.333333333333333
43037 5 1 1 5 0.2 1 0.2
43070 6 1 1 6 0.166666666666667 1 0.166666666666667
43148 2 1 0 3 0 0 0
4323 1238 6 6 1238 0.00484652665589661 1 0.00484652665589661
43289 2 1 1 2 0.5 1 0.5
43333 7 1 1 7 0.142857142857143 1 0.142857142857143
43383 1 1 1 1 1 1 1
43447 1 1 1 1 1 1 1
43483 2 1 1 2 0.5 1 0.5
43556 5 2 1 6 0.2 0.5 0.166666666666667
43602 3 2 2 3 0.666666666666667 1 0.666666666666667
43655 2 1 1 2 0.5 1 0.5
43751 4 1 0 5 0 0 0
43821 33 15 11 37 0.333333333333333 0.733333333333333 0.297297297297297
43843 6 1 1 6 0.166666666666667 1 0.166666666666667
43884 2 1 0 3 0 0 0
43892 2 1 0 3 0 0 0
43911 4 3 1 6 0.25 0.333333333333333 0.166666666666667
43948 3 1 1 3 0.333333333333333 1 0.333333333333333
43950 2 1 0 3 0 0 0
43978 2 1 1 2 0.5 1 0.5
44042 38 20 13 45 0.342105263157895 0.65 0.288888888888889
44065 2 1 1 2 0.5 1 0.5
44066 23 1 1 23 0.0434782608695652 1 0.0434782608695652
44212 4 2 2 4 0.5 1 0.5
44237 30 2 2 30 0.0666666666666667 1 0.0666666666666667
44285 5 1 0 6 0 0 0
44358 4 1 1 4 0.25 1 0.25
4436 141 18 17 142 0.120567375886525 0.944444444444444 0.119718309859155
44489 1 1 1 1 1 1 1
44505 1 1 0 2 0 0 0
44514 5 3 1 7 0.2 0.333333333333333 0.142857142857143
44654 7 2 2 7 0.285714285714286 1 0.285714285714286
44683 3 2 2 3 0.666666666666667 1 0.666666666666667
4474 1 1 1 1 1 1 1
44928 1 1 1 1 1 1 1
44980 3 1 1 3 0.333333333333333 1 0.333333333333333
45131 1 1 1 1 1 1 1
45147 57 3 2 58 0.0350877192982456 0.666666666666667 0.0344827586206897
45177 3 2 0 5 0 0 0
4528 4 1 1 4 0.25 1 0.25
4538 47 4 3 48 0.0638297872340425 0.75 0.0625
45425 3 1 1 3 0.333333333333333 1 0.333333333333333
45444 2 2 0 4 0 0 0
45456 1 2 0 3 0 0 0
45459 1 1 0 2 0 0 0
45506 2 1 1 2 0.5 1 0.5
45522 1 1 0 2 0 0 0
4555 1 3 0 4 0 0 0
4557 10 2 2 10 0.2 1 0.2
45577 4 1 1 4 0.25 1 0.25
45638 2 1 1 2 0.5 1 0.5
4589 704 113 109 708 0.154829545454545 0.964601769911504 0.153954802259887
46 2 1 1 2 0.5 1 0.5
4605 1 1 1 1 1 1 1
4608 5 2 0 7 0 0 0
46135 10 2 2 10 0.2 1 0.2
4618 12 2 1 13 0.0833333333333333 0.5 0.0769230769230769
46208 3 2 2 3 0.666666666666667 1 0.666666666666667
4621 36 3 3 36 0.0833333333333333 1 0.0833333333333333
4635 108 22 20 110 0.185185185185185 0.909090909090909 0.181818181818182
46357 2 1 1 2 0.5 1 0.5
4648 52 2 2 52 0.0384615384615385 1 0.0384615384615385
4651 32 9 7 34 0.21875 0.777777777777778 0.205882352941176
4657 100 2 2 100 0.02 1 0.02
46722 1 1 1 1 1 1 1
4673 8 2 2 8 0.25 1 0.25
4675 6 2 0 8 0 0 0
4677 5 1 1 5 0.2 1 0.2
4680 9 3 1 11 0.111111111111111 0.333333333333333 0.0909090909090909
4685 10 1 1 10 0.1 1 0.1
4691 1 16 1 16 1 0.0625 0.0625
4697 3 8 3 8 1 0.375 0.375
4704 7 1 1 7 0.142857142857143 1 0.142857142857143
4711 2 1 0 3 0 0 0
4713 102 12 9 105 0.0882352941176471 0.75 0.0857142857142857
4716 24 10 2 32 0.0833333333333333 0.2 0.0625
4717 3 2 2 3 0.666666666666667 1 0.666666666666667
4718 3 2 2 3 0.666666666666667 1 0.666666666666667
47227 3 1 1 3 0.333333333333333 1 0.333333333333333
4725 120 18 9 129 0.075 0.5 0.0697674418604651
4739 71 12 10 73 0.140845070422535 0.833333333333333 0.136986301369863
4741 10 1 1 10 0.1 1 0.1
47447 2 1 1 2 0.5 1 0.5
4747 2 1 0 3 0 0 0
4750 52 5 0 57 0 0 0
4755 173 2 2 173 0.0115606936416185 1 0.0115606936416185
4760 5 1 1 5 0.2 1 0.2
4761 67 4 3 68 0.0447761194029851 0.75 0.0441176470588235
47617 3 1 1 3 0.333333333333333 1 0.333333333333333
4768 26 2 2 26 0.0769230769230769 1 0.0769230769230769
4770 13 2 0 15 0 0 0
4775 59 1 1 59 0.0169491525423729 1 0.0169491525423729
4777 35 6 3 38 0.0857142857142857 0.5 0.0789473684210526
4780 26 3 2 27 0.0769230769230769 0.666666666666667 0.0740740740740741
4782 3 1 0 4 0 0 0
47862 1 2 1 2 1 0.5 0.5
4787 6 5 1 10 0.166666666666667 0.2 0.1
4788 118 6 6 118 0.0508474576271186 1 0.0508474576271186
47880 4 3 1 6 0.25 0.333333333333333 0.166666666666667
47885 1 2 0 3 0 0 0
47917 1 1 1 1 1 1 1
4795 33 4 2 35 0.0606060606060606 0.5 0.0571428571428571
4796 3 1 1 3 0.333333333333333 1 0.333333333333333
48039 4 2 2 4 0.5 1 0.5
48053 1 1 1 1 1 1 1
48173 4 2 2 4 0.5 1 0.5
48185 2 2 1 3 0.5 0.5 0.333333333333333
48200 2 5 1 6 0.5 0.2 0.166666666666667
4826 149 20 18 151 0.120805369127517 0.9 0.119205298013245
48288 1 1 1 1 1 1 1
4829 5 1 1 5 0.2 1 0.2
48451 1 1 1 1 1 1 1
48514 3 3 1 5 0.333333333333333 0.333333333333333 0.2
48519 3 1 1 3 0.333333333333333 1 0.333333333333333
48539 9 5 5 9 0.555555555555556 1 0.555555555555556
48972 1 1 1 1 1 1 1
4927 16 6 5 17 0.3125 0.833333333333333 0.294117647058824
5050 21 5 5 21 0.238095238095238 1 0.238095238095238
5056 28 2 0 30 0 0 0
513 50 10 10 50 0.2 1 0.2
52 2 1 1 2 0.5 1 0.5
5381 15 3 2 16 0.133333333333333 0.666666666666667 0.125
5385 59 7 6 60 0.101694915254237 0.857142857142857 0.1
5394 19 3 3 19 0.157894736842105 1 0.157894736842105
5400 218 16 13 221 0.0596330275229358 0.8125 0.0588235294117647
5401 1 1 1 1 1 1 1
5403 20 6 5 21 0.25 0.833333333333333 0.238095238095238
5407 8 2 2 8 0.25 1 0.25
5408 29 2 1 30 0.0344827586206897 0.5 0.0333333333333333
5410 53 8 4 57 0.0754716981132075 0.5 0.0701754385964912
5413 222 2 2 222 0.00900900900900901 1 0.00900900900900901
5418 8 3 2 9 0.25 0.666666666666667 0.222222222222222
5421 2 2 1 3 0.5 0.5 0.333333333333333
5429 15 1 1 15 0.0666666666666667 1 0.0666666666666667
543 1 1 1 1 1 1 1
5430 69 22 17 74 0.246376811594203 0.772727272727273 0.22972972972973
5432 30 1 0 31 0 0 0
5459 44 13 9 48 0.204545454545455 0.692307692307692 0.1875
5466 71 2 1 72 0.0140845070422535 0.5 0.0138888888888889
5483 58 1 1 58 0.0172413793103448 1 0.0172413793103448
5486 31 2 0 33 0 0 0
55 3 1 1 3 0.333333333333333 1 0.333333333333333
5511 159 27 21 165 0.132075471698113 0.777777777777778 0.127272727272727
553 42 23 18 47 0.428571428571429 0.782608695652174 0.382978723404255
5537 23 2 2 23 0.0869565217391304 1 0.0869565217391304
5538 6 1 1 6 0.166666666666667 1 0.166666666666667
5539 40 56 20 76 0.5 0.357142857142857 0.263157894736842
5550 5 2 1 6 0.2 0.5 0.166666666666667
5560 7 2 2 7 0.285714285714286 1 0.285714285714286
5568 229 10 7 232 0.0305676855895196 0.7 0.0301724137931034
557 6 2 1 7 0.166666666666667 0.5 0.142857142857143
558 25 1 1 25 0.04 1 0.04
5580 32 14 11 35 0.34375 0.785714285714286 0.314285714285714
559 169 66 62 173 0.366863905325444 0.939393939393939 0.358381502890173
5602 32 5 4 33 0.125 0.8 0.121212121212121
5609 2 9 1 10 0.5 0.111111111111111 0.1
5615 21 1 1 21 0.0476190476190476 1 0.0476190476190476
5617 214 2 2 214 0.00934579439252336 1 0.00934579439252336
5645 17 7 5 19 0.294117647058824 0.714285714285714 0.263157894736842
5661 4 1 1 4 0.25 1 0.25
567 10 2 2 10 0.2 1 0.2
57 30 4 4 30 0.133333333333333 1 0.133333333333333
5707 3 1 1 3 0.333333333333333 1 0.333333333333333
5713 61 2 1 62 0.0163934426229508 0.5 0.0161290322580645
5764 6 1 1 6 0.166666666666667 1 0.166666666666667
577 126 2 2 126 0.0158730158730159 1 0.0158730158730159
5786 2 1 1 2 0.5 1 0.5
59 7 3 3 7 0.428571428571429 1 0.428571428571429
600 26 1 1 26 0.0384615384615385 1 0.0384615384615385
6057 6 5 4 7 0.666666666666667 0.8 0.571428571428571
6062 9 2 0 11 0 0 0
6066 1 1 0 2 0 0 0
6083 24 14 10 28 0.416666666666667 0.714285714285714 0.357142857142857
6106 2 1 1 2 0.5 1 0.5
6122 10 1 1 10 0.1 1 0.1
6128 265 2 2 265 0.00754716981132075 1 0.00754716981132075
6147 1 7 0 8 0 0 0
6181 41 2 2 41 0.0487804878048781 1 0.0487804878048781
6182 1 1 1 1 1 1 1
6245 2 1 0 3 0 0 0
6262 1 1 1 1 1 1 1
6263 3 1 1 3 0.333333333333333 1 0.333333333333333
6337 5 1 0 6 0 0 0
6342 4 1 0 5 0 0 0
6360 8 2 2 8 0.25 1 0.25
6366 3 1 1 3 0.333333333333333 1 0.333333333333333
6435 3 6 1 8 0.333333333333333 0.166666666666667 0.125
6453 520 97 81 536 0.155769230769231 0.835051546391753 0.151119402985075
6456 15 2 2 15 0.133333333333333 1 0.133333333333333
65000 11 1 0 12 0 0 0
65071 1 2 1 2 1 0.5 0.5
65075 1 1 0 2 0 0 0
6509 28 5 3 30 0.107142857142857 0.6 0.1
65104 1 1 1 1 1 1 1
6536 18 2 1 19 0.0555555555555556 0.5 0.0526315789473684
6619 24 7 5 26 0.208333333333333 0.714285714285714 0.192307692307692
6629 3 1 1 3 0.333333333333333 1 0.333333333333333
6648 42 4 2 44 0.0476190476190476 0.5 0.0454545454545455
6656 39 1 1 39 0.0256410256410256 1 0.0256410256410256
6661 66 3 2 67 0.0303030303030303 0.666666666666667 0.0298507462686567
6666 27 20 12 35 0.444444444444444 0.6 0.342857142857143
6667 514 128 122 520 0.237354085603113 0.953125 0.234615384615385
6677 49 1 1 49 0.0204081632653061 1 0.0204081632653061
668 33 7 2 38 0.0606060606060606 0.285714285714286 0.0526315789473684
6695 216 61 53 224 0.24537037037037 0.868852459016393 0.236607142857143
6706 13 6 5 14 0.384615384615385 0.833333333333333 0.357142857142857
6724 32 18 13 37 0.40625 0.722222222222222 0.351351351351351
6730 579 8 8 579 0.0138169257340242 1 0.0138169257340242
6734 14 2 2 14 0.142857142857143 1 0.142857142857143
6760 9 2 2 9 0.222222222222222 1 0.222222222222222
6762 187 46 43 190 0.229946524064171 0.934782608695652 0.226315789473684
6770 30 16 6 40 0.2 0.375 0.15
6772 16 5 5 16 0.3125 1 0.3125
6774 73 14 12 75 0.164383561643836 0.857142857142857 0.16
6775 3 2 1 4 0.333333333333333 0.5 0.25
680 58 21 17 62 0.293103448275862 0.80952380952381 0.274193548387097
6802 7 2 2 7 0.285714285714286 1 0.285714285714286
681 2 1 1 2 0.5 1 0.5
683 2 1 1 2 0.5 1 0.5
6830 364 34 24 374 0.0659340659340659 0.705882352941177 0.0641711229946524
6838 1 1 1 1 1 1 1
6881 87 29 28 88 0.32183908045977 0.96551724137931 0.318181818181818
6893 2 1 1 2 0.5 1 0.5
6895 5 1 1 5 0.2 1 0.2
6908 98 18 16 100 0.163265306122449 0.888888888888889 0.16
6911 4 2 1 5 0.25 0.5 0.2
6939 1057 451 311 1197 0.294228949858089 0.689578713968958 0.259816207184628
6966 3 2 2 3 0.666666666666667 1 0.666666666666667
6968 2 1 1 2 0.5 1 0.5
701 2208 20 14 2214 0.00634057971014493 0.7 0.00632339656729901
7012 18 3 2 19 0.111111111111111 0.666666666666667 0.105263157894737
7018 2222 18 15 2225 0.00675067506750675 0.833333333333333 0.00674157303370787
7019 1 1 1 1 1 1 1
7065 19 3 2 20 0.105263157894737 0.666666666666667 0.1
7066 19 2 2 19 0.105263157894737 1 0.105263157894737
7081 50 5 3 52 0.06 0.6 0.0576923076923077
71 13 2 1 14 0.0769230769230769 0.5 0.0714285714285714
714 10 1 1 10 0.1 1 0.1
719 16 2 2 16 0.125 1 0.125
7195 1 1 0 2 0 0 0
72 8 1 0 9 0 0 0
7303 66 2 2 66 0.0303030303030303 1 0.0303030303030303
7377 3 1 0 4 0 0 0
7385 180 9 7 182 0.0388888888888889 0.777777777777778 0.0384615384615385
7412 1 1 0 2 0 0 0
7470 38 2 2 38 0.0526315789473684 1 0.0526315789473684
7473 131 15 10 136 0.0763358778625954 0.666666666666667 0.0735294117647059
7500 54 9 6 57 0.111111111111111 0.666666666666667 0.105263157894737
7503 4 3 1 6 0.25 0.333333333333333 0.166666666666667
7511 2 1 0 3 0 0 0
7514 22 3 3 22 0.136363636363636 1 0.136363636363636
7516 4 1 0 5 0 0 0
7521 5 2 1 6 0.2 0.5 0.166666666666667
7522 6 4 1 9 0.166666666666667 0.25 0.111111111111111
7527 5 1 1 5 0.2 1 0.2
7529 18 3 2 19 0.111111111111111 0.666666666666667 0.105263157894737
7530 2 1 0 3 0 0 0
7539 23 8 5 26 0.217391304347826 0.625 0.192307692307692
7543 13 2 1 14 0.0769230769230769 0.5 0.0714285714285714
7575 221 19 19 221 0.085972850678733 1 0.085972850678733
7594 4 1 0 5 0 0 0
7599 1 1 0 2 0 0 0
760 4 2 2 4 0.5 1 0.5
7606 50 4 3 51 0.06 0.75 0.0588235294117647
7610 18 2 0 20 0 0 0
7629 4 1 0 5 0 0 0
766 17 4 4 17 0.235294117647059 1 0.235294117647059
7660 43 22 18 47 0.418604651162791 0.818181818181818 0.382978723404255
7665 2 1 1 2 0.5 1 0.5
7667 4 1 1 4 0.25 1 0.25
7668 11 1 1 11 0.0909090909090909 1 0.0909090909090909
7670 20 3 2 21 0.1 0.666666666666667 0.0952380952380952
7671 3 2 1 4 0.333333333333333 0.5 0.25
7682 11 3 2 12 0.181818181818182 0.666666666666667 0.166666666666667
7687 3 1 1 3 0.333333333333333 1 0.333333333333333
7693 25 2 2 25 0.08 1 0.08
7718 15 3 3 15 0.2 1 0.2
7753 6 1 1 6 0.166666666666667 1 0.166666666666667
7781 6 11 5 12 0.833333333333333 0.454545454545455 0.416666666666667
7784 33 4 3 34 0.0909090909090909 0.75 0.0882352941176471
7786 9 2 1 10 0.111111111111111 0.5 0.1
7847 3 1 1 3 0.333333333333333 1 0.333333333333333
786 61 11 9 63 0.147540983606557 0.818181818181818 0.142857142857143
790 1 1 0 2 0 0 0
7908 38 4 2 40 0.0526315789473684 0.5 0.05
7922 73 9 9 73 0.123287671232877 1 0.123287671232877
7941 3 1 1 3 0.333333333333333 1 0.333333333333333
7949 10 2 0 12 0 0 0
8001 338 8 8 338 0.0236686390532544 1 0.0236686390532544
8002 50 6 4 52 0.08 0.666666666666667 0.0769230769230769
8018 2 1 0 3 0 0 0
8025 6 1 0 7 0 0 0
8047 25 5 5 25 0.2 1 0.2
8092 10 4 3 11 0.3 0.75 0.272727272727273
81 28 2 1 29 0.0357142857142857 0.5 0.0344827586206897
8121 48 9 3 54 0.0625 0.333333333333333 0.0555555555555556
8158 2 1 1 2 0.5 1 0.5
8190 60 1 1 60 0.0166666666666667 1 0.0166666666666667
8201 9 2 2 9 0.222222222222222 1 0.222222222222222
8218 232 21 20 233 0.0862068965517241 0.952380952380952 0.0858369098712446
8220 556 12 10 558 0.0179856115107914 0.833333333333333 0.017921146953405
8224 11 7 6 12 0.545454545454545 0.857142857142857 0.5
8226 2 2 0 4 0 0 0
8237 7 4 4 7 0.571428571428571 1 0.571428571428571
8240 1 1 0 2 0 0 0
8246 201 3 0 204 0 0 0
8251 10 4 4 10 0.4 1 0.4
8256 1 1 1 1 1 1 1
8262 31 1 1 31 0.032258064516129 1 0.032258064516129
8267 2 1 1 2 0.5 1 0.5
8282 8 1 1 8 0.125 1 0.125
8283 6 4 3 7 0.5 0.75 0.428571428571429
8299 12 1 0 13 0 0 0
8302 8 1 1 8 0.125 1 0.125
8312 9 1 0 10 0 0 0
8319 33 16 14 35 0.424242424242424 0.875 0.4
8330 9 3 2 10 0.222222222222222 0.666666666666667 0.2
8346 6 2 2 6 0.333333333333333 1 0.333333333333333
8358 14 1 1 14 0.0714285714285714 1 0.0714285714285714
8359 620 33 23 630 0.0370967741935484 0.696969696969697 0.0365079365079365
8364 10 2 2 10 0.2 1 0.2
8365 93 49 32 110 0.344086021505376 0.653061224489796 0.290909090909091
8368 38 9 6 41 0.157894736842105 0.666666666666667 0.146341463414634
8374 7 3 3 7 0.428571428571429 1 0.428571428571429
8387 18 4 3 19 0.166666666666667 0.75 0.157894736842105
8391 19 15 8 26 0.421052631578947 0.533333333333333 0.307692307692308
8396 1 1 0 2 0 0 0
8419 252 3 3 252 0.0119047619047619 1 0.0119047619047619
8422 95 18 11 102 0.115789473684211 0.611111111111111 0.107843137254902
8426 445 20 18 447 0.0404494382022472 0.9 0.0402684563758389
8442 23 18 11 30 0.478260869565217 0.611111111111111 0.366666666666667
8447 545 76 67 554 0.122935779816514 0.881578947368421 0.120938628158845
8452 36 2 2 36 0.0555555555555556 1 0.0555555555555556
8468 576 10 9 577 0.015625 0.9 0.0155979202772964
8469 30 18 13 35 0.433333333333333 0.722222222222222 0.371428571428571
8473 28 6 3 31 0.107142857142857 0.5 0.0967741935483871
8492 377 1 1 377 0.0026525198938992 1 0.0026525198938992
8495 19 4 3 20 0.157894736842105 0.75 0.15
8501 36 11 11 36 0.305555555555556 1 0.305555555555556
8508 2 3 1 4 0.5 0.333333333333333 0.25
8517 19 1 1 19 0.0526315789473684 1 0.0526315789473684
852 158 2 2 158 0.0126582278481013 1 0.0126582278481013
8527 19 2 2 19 0.105263157894737 1 0.105263157894737
8535 4 2 2 4 0.5 1 0.5
8545 3 8 1 10 0.333333333333333 0.125 0.1
855 31 1 1 31 0.032258064516129 1 0.032258064516129
8551 111 1 1 111 0.00900900900900901 1 0.00900900900900901
8560 76 30 22 84 0.289473684210526 0.733333333333333 0.261904761904762
8565 16 5 4 17 0.25 0.8 0.235294117647059
8586 60 6 5 61 0.0833333333333333 0.833333333333333 0.0819672131147541
8591 42 10 6 46 0.142857142857143 0.6 0.130434782608696
8607 25 7 2 30 0.08 0.285714285714286 0.0666666666666667
8648 25 12 5 32 0.2 0.416666666666667 0.15625
8657 92 13 11 94 0.119565217391304 0.846153846153846 0.117021276595745
8664 8 5 2 11 0.25 0.4 0.181818181818182
8674 52 6 5 53 0.0961538461538462 0.833333333333333 0.0943396226415094
8676 4 1 1 4 0.25 1 0.25
8681 37 8 4 41 0.108108108108108 0.5 0.0975609756097561
8683 30 2 2 30 0.0666666666666667 1 0.0666666666666667
8708 263 5 4 264 0.0152091254752852 0.8 0.0151515151515152
8717 91 15 10 96 0.10989010989011 0.666666666666667 0.104166666666667
8728 1 1 1 1 1 1 1
8737 30 5 3 32 0.1 0.6 0.09375
8758 12 6 5 13 0.416666666666667 0.833333333333333 0.384615384615385
8763 152 53 50 155 0.328947368421053 0.943396226415094 0.32258064516129
8767 62 26 18 70 0.290322580645161 0.692307692307692 0.257142857142857
8781 55 14 9 60 0.163636363636364 0.642857142857143 0.15
8804 39 13 9 43 0.230769230769231 0.692307692307692 0.209302325581395
8816 16 1 1 16 0.0625 1 0.0625
8820 9 4 3 10 0.333333333333333 0.75 0.3
8833 10 1 1 10 0.1 1 0.1
8881 178 34 30 182 0.168539325842697 0.882352941176471 0.164835164835165
8895 6 2 2 6 0.333333333333333 1 0.333333333333333
8897 58 13 8 63 0.137931034482759 0.615384615384615 0.126984126984127
8903 12 3 1 14 0.0833333333333333 0.333333333333333 0.0714285714285714
8928 643 6 6 643 0.00933125972006221 1 0.00933125972006221
8943 17 5 5 17 0.294117647058824 1 0.294117647058824
8953 17 1 0 18 0 0 0
8954 37 11 7 41 0.189189189189189 0.636363636363636 0.170731707317073
8966 90 1 1 90 0.0111111111111111 1 0.0111111111111111
8970 2 1 1 2 0.5 1 0.5
8978 5 2 2 5 0.4 1 0.4
9002 1220 308 299 1229 0.245081967213115 0.970779220779221 0.243287225386493
9008 6 1 1 6 0.166666666666667 1 0.166666666666667
9009 134 3 2 135 0.0149253731343284 0.666666666666667 0.0148148148148148
9022 3 1 1 3 0.333333333333333 1 0.333333333333333
9026 14 4 4 14 0.285714285714286 1 0.285714285714286
9031 56 6 6 56 0.107142857142857 1 0.107142857142857
9044 57 18 13 62 0.228070175438596 0.722222222222222 0.209677419354839
9063 42 17 11 48 0.261904761904762 0.647058823529412 0.229166666666667
9080 7 5 3 9 0.428571428571429 0.6 0.333333333333333
9085 7 1 1 7 0.142857142857143 1 0.142857142857143
9112 6 1 1 6 0.166666666666667 1 0.166666666666667
9121 232 1 1 232 0.00431034482758621 1 0.00431034482758621
9129 8 1 0 9 0 0 0
9150 28 6 5 29 0.178571428571429 0.833333333333333 0.172413793103448
9153 41 7 7 41 0.170731707317073 1 0.170731707317073
9162 1 1 1 1 1 1 1
9188 3 2 1 4 0.333333333333333 0.5 0.25
9191 47 6 5 48 0.106382978723404 0.833333333333333 0.104166666666667
9231 2 2 1 3 0.5 0.5 0.333333333333333
9264 30 16 7 39 0.233333333333333 0.4375 0.179487179487179
9270 21 3 2 22 0.0952380952380952 0.666666666666667 0.0909090909090909
9293 20 1 1 20 0.05 1 0.05
9299 40 2 1 41 0.025 0.5 0.024390243902439
9304 249 7 6 250 0.0240963855421687 0.857142857142857 0.024
9327 5 4 3 6 0.6 0.75 0.5
9329 12 2 2 12 0.166666666666667 1 0.166666666666667
9340 3 3 1 5 0.333333333333333 0.333333333333333 0.2
9367 3 1 1 3 0.333333333333333 1 0.333333333333333
9406 2 1 0 3 0 0 0
9431 2 2 2 2 1 1 1
9433 3 2 1 4 0.333333333333333 0.5 0.25
9445 1 1 1 1 1 1 1
9476 6 1 0 7 0 0 0
9497 32 7 6 33 0.1875 0.857142857142857 0.181818181818182
9498 171 2 0 173 0 0 0
9503 23 3 1 25 0.0434782608695652 0.333333333333333 0.04
9505 101 4 3 102 0.0297029702970297 0.75 0.0294117647058824
9534 8 1 1 8 0.125 1 0.125
9541 6 1 0 7 0 0 0
9549 3 1 1 3 0.333333333333333 1 0.333333333333333
9555 3 1 0 4 0 0 0
9583 43 2 0 45 0 0 0
9584 8 2 1 9 0.125 0.5 0.111111111111111
9595 6 6 3 9 0.5 0.5 0.333333333333333
9600 5 2 1 6 0.2 0.5 0.166666666666667
9601 9 1 1 9 0.111111111111111 1 0.111111111111111
9607 6 4 0 10 0 0 0
9612 2 1 0 3 0 0 0
9619 3 1 1 3 0.333333333333333 1 0.333333333333333
9621 3 1 1 3 0.333333333333333 1 0.333333333333333
9622 9 4 2 11 0.222222222222222 0.5 0.181818181818182
9680 28 2 0 30 0 0 0
9700 7 3 2 8 0.285714285714286 0.666666666666667 0.25
9732 3 2 1 4 0.333333333333333 0.5 0.25
9794 4 1 1 4 0.25 1 0.25
9800 28 2 0 30 0 0 0
9821 5 4 4 5 0.8 1 0.8
9892 2 1 1 2 0.5 1 0.5
9901 24 4 1 27 0.0416666666666667 0.25 0.037037037037037
9919 17 1 0 18 0 0 0
9930 18 3 3 18 0.166666666666667 1 0.166666666666667
9999 2 1 0 3 0 0 0
