#ASN num_v4adj num_v6adj num_intersect(v4v6adj) num_union(adj) fr_v4(num_intersect/num_v4adj) fr_v6(num_intersect/num_v6adj) fr_intersect(num_intersect/num_union)
10013 1 2 1 2 1 0.5 0.5
10015 8 1 0 9 0 0 0
10021 18 2 2 18 0.111111111111111 1 0.111111111111111
10026 440 22 18 444 0.0409090909090909 0.818181818181818 0.0405405405405405
101 31 11 9 33 0.290322580645161 0.818181818181818 0.272727272727273
10105 2 1 0 3 0 0 0
102 3 1 1 3 0.333333333333333 1 0.333333333333333
10204 3 5 1 7 0.333333333333333 0.2 0.142857142857143
10217 20 2 2 20 0.1 1 0.1
10248 1 1 1 1 1 1 1
10310 148 9 7 150 0.0472972972972973 0.777777777777778 0.0466666666666667
10318 5 1 0 6 0 0 0
10326 8 2 1 9 0.125 0.5 0.111111111111111
10343 2 1 1 2 0.5 1 0.5
10405 3 1 0 4 0 0 0
10429 88 1 1 88 0.0113636363636364 1 0.0113636363636364
10430 9 1 1 9 0.111111111111111 1 0.111111111111111
10466 28 3 3 28 0.107142857142857 1 0.107142857142857
10490 32 6 4 34 0.125 0.666666666666667 0.117647058823529
10533 1 2 1 2 1 0.5 0.5
10566 1 1 0 2 0 0 0
10569 1 1 1 1 1 1 1
10578 27 5 5 27 0.185185185185185 1 0.185185185185185
10586 5 2 0 7 0 0 0
10596 1 1 1 1 1 1 1
10745 2 7 0 9 0 0 0
10835 20 1 1 20 0.05 1 0.05
10848 32 2 2 32 0.0625 1 0.0625
10886 40 18 9 49 0.225 0.5 0.183673469387755
109 20 3 0 23 0 0 0
10996 6 1 1 6 0.166666666666667 1 0.166666666666667
1101 1 1 1 1 1 1 1
1103 204 84 81 207 0.397058823529412 0.964285714285714 0.391304347826087
11051 11 2 2 11 0.181818181818182 1 0.181818181818182
11090 3 1 1 3 0.333333333333333 1 0.333333333333333
11096 41 2 2 41 0.0487804878048781 1 0.0487804878048781
111 2 2 1 3 0.5 0.5 0.333333333333333
11164 85 5 4 86 0.0470588235294118 0.8 0.0465116279069767
11170 2 2 0 4 0 0 0
1120 18 5 4 19 0.222222222222222 0.8 0.210526315789474
1125 3 3 3 3 1 1 1
1126 43 13 8 48 0.186046511627907 0.615384615384615 0.166666666666667
11260 22 3 3 22 0.136363636363636 1 0.136363636363636
11274 11 4 3 12 0.272727272727273 0.75 0.25
11317 7 2 2 7 0.285714285714286 1 0.285714285714286
1132 2 2 2 2 1 1 1
11340 8 1 1 8 0.125 1 0.125
1140 34 12 9 37 0.264705882352941 0.75 0.243243243243243
11404 57 3 3 57 0.0526315789473684 1 0.0526315789473684
11457 6 1 0 7 0 0 0
11508 4 2 2 4 0.5 1 0.5
11537 130 67 60 137 0.461538461538462 0.895522388059702 0.437956204379562
11588 6 1 1 6 0.166666666666667 1 0.166666666666667
11590 8 2 1 9 0.125 0.5 0.111111111111111
11666 234 11 9 236 0.0384615384615385 0.818181818181818 0.038135593220339
11686 50 2 2 50 0.04 1 0.04
11694 3 1 1 3 0.333333333333333 1 0.333333333333333
11706 8 2 1 9 0.125 0.5 0.111111111111111
11734 4 1 0 5 0 0 0
11758 11 2 1 12 0.0909090909090909 0.5 0.0833333333333333
11815 3 1 0 4 0 0 0
11847 7 1 0 8 0 0 0
11960 5 4 4 5 0.8 1 0.8
12 4 1 1 4 0.25 1 0.25
1200 49 16 13 52 0.26530612244898 0.8125 0.25
12008 35 3 3 35 0.0857142857142857 1 0.0857142857142857
12036 3 2 1 4 0.333333333333333 0.5 0.25
12041 43 21 14 50 0.325581395348837 0.666666666666667 0.28
12046 3 1 1 3 0.333333333333333 1 0.333333333333333
1206 1 1 1 1 1 1 1
1207 1 1 1 1 1 1 1
12111 23 1 1 23 0.0434782608695652 1 0.0434782608695652
12129 30 2 2 30 0.0666666666666667 1 0.0666666666666667
1213 7 4 4 7 0.571428571428571 1 0.571428571428571
12188 19 4 4 19 0.210526315789474 1 0.210526315789474
1221 130 2 0 132 0 0 0
1224 3 1 1 3 0.333333333333333 1 0.333333333333333
12251 5 1 1 5 0.2 1 0.2
12287 2 1 1 2 0.5 1 0.5
12293 3 1 1 3 0.333333333333333 1 0.333333333333333
12301 117 15 9 123 0.0769230769230769 0.6 0.0731707317073171
12303 4 2 2 4 0.5 1 0.5
12306 86 19 16 89 0.186046511627907 0.842105263157895 0.179775280898876
12312 56 17 15 58 0.267857142857143 0.882352941176471 0.258620689655172
12316 3 1 1 3 0.333333333333333 1 0.333333333333333
12322 67 12 11 68 0.164179104477612 0.916666666666667 0.161764705882353
12329 10 3 2 11 0.2 0.666666666666667 0.181818181818182
12335 10 1 1 10 0.1 1 0.1
12337 65 22 17 70 0.261538461538462 0.772727272727273 0.242857142857143
12347 8 3 3 8 0.375 1 0.375
12348 22 1 1 22 0.0454545454545455 1 0.0454545454545455
12350 177 5 5 177 0.0282485875706215 1 0.0282485875706215
12355 44 13 11 46 0.25 0.846153846153846 0.239130434782609
1237 33 4 2 35 0.0606060606060606 0.5 0.0571428571428571
12371 2 1 0 3 0 0 0
12374 4 1 1 4 0.25 1 0.25
12381 3 2 2 3 0.666666666666667 1 0.666666666666667
12386 14 3 3 14 0.214285714285714 1 0.214285714285714
12389 794 17 12 799 0.0151133501259446 0.705882352941177 0.0150187734668335
1239 1434 3 0 1437 0 0 0
12399 304 1 1 304 0.00328947368421053 1 0.00328947368421053
12401 14 3 2 15 0.142857142857143 0.666666666666667 0.133333333333333
12414 51 17 13 55 0.254901960784314 0.764705882352941 0.236363636363636
12466 3 2 1 4 0.333333333333333 0.5 0.25
12476 9 1 0 10 0 0 0
1248 41 13 9 45 0.219512195121951 0.692307692307692 0.2
12496 46 1 0 47 0 0 0
12502 3 2 1 4 0.333333333333333 0.5 0.25
1251 10 2 2 10 0.2 1 0.2
12533 2 1 0 3 0 0 0
12552 84 8 8 84 0.0952380952380952 1 0.0952380952380952
12566 16 5 4 17 0.25 0.8 0.235294117647059
1257 91 62 28 125 0.307692307692308 0.451612903225806 0.224
12573 43 18 15 46 0.348837209302326 0.833333333333333 0.326086956521739
12594 2 2 2 2 1 1 1
12597 4 1 1 4 0.25 1 0.25
12605 19 3 2 20 0.105263157894737 0.666666666666667 0.1
12611 47 20 12 55 0.25531914893617 0.6 0.218181818181818
12614 3 1 1 3 0.333333333333333 1 0.333333333333333
12634 45 17 12 50 0.266666666666667 0.705882352941177 0.24
12637 73 29 26 76 0.356164383561644 0.896551724137931 0.342105263157895
12638 2 3 0 5 0 0 0
12654 44 22 15 51 0.340909090909091 0.681818181818182 0.294117647058824
12657 3 1 1 3 0.333333333333333 1 0.333333333333333
12684 4 1 0 5 0 0 0
12709 3 1 0 4 0 0 0
12714 45 13 8 50 0.177777777777778 0.615384615384615 0.16
1273 296 77 51 322 0.172297297297297 0.662337662337662 0.158385093167702
12731 59 20 14 65 0.23728813559322 0.7 0.215384615384615
12732 18 7 7 18 0.388888888888889 1 0.388888888888889
12757 8 1 0 9 0 0 0
12759 29 7 5 31 0.172413793103448 0.714285714285714 0.161290322580645
12767 15 3 2 16 0.133333333333333 0.666666666666667 0.125
12769 4 1 1 4 0.25 1 0.25
12778 13 1 0 14 0 0 0
12779 87 22 15 94 0.172413793103448 0.681818181818182 0.159574468085106
12782 2 1 1 2 0.5 1 0.5
1280 41 27 18 50 0.439024390243902 0.666666666666667 0.36
12816 1 1 1 1 1 1 1
12817 2 2 2 2 1 1 1
12822 3 1 1 3 0.333333333333333 1 0.333333333333333
12850 20 5 5 20 0.25 1 0.25
12853 2 3 1 4 0.5 0.333333333333333 0.25
12859 599 216 206 609 0.343906510851419 0.953703703703704 0.338259441707718
12871 43 20 12 51 0.27906976744186 0.6 0.235294117647059
12874 225 2 2 225 0.00888888888888889 1 0.00888888888888889
12888 3 1 0 4 0 0 0
12895 11 1 1 11 0.0909090909090909 1 0.0909090909090909
12902 37 11 8 40 0.216216216216216 0.727272727272727 0.2
12931 4 2 2 4 0.5 1 0.5
12956 124 11 10 125 0.0806451612903226 0.909090909090909 0.08
12964 2 1 1 2 0.5 1 0.5
12968 146 16 10 152 0.0684931506849315 0.625 0.0657894736842105
12989 549 36 32 553 0.058287795992714 0.888888888888889 0.0578661844484629
1299 563 78 75 566 0.133214920071048 0.961538461538462 0.132508833922261
13000 9 4 4 9 0.444444444444444 1 0.444444444444444
13030 1073 314 302 1085 0.281453867660764 0.961783439490446 0.278341013824885
13039 4 2 1 5 0.25 0.5 0.2
13041 8 2 2 8 0.25 1 0.25
13045 4 1 1 4 0.25 1 0.25
13049 12 1 1 12 0.0833333333333333 1 0.0833333333333333
13062 17 3 1 19 0.0588235294117647 0.333333333333333 0.0526315789473684
13092 4 1 1 4 0.25 1 0.25
131 2 1 1 2 0.5 1 0.5
13105 23 7 4 26 0.173913043478261 0.571428571428571 0.153846153846154
131075 1 1 1 1 1 1 1
13110 8 2 2 8 0.25 1 0.25
13115 4 2 2 4 0.5 1 0.5
1312 3 1 1 3 0.333333333333333 1 0.333333333333333
13132 20 13 8 25 0.4 0.615384615384615 0.32
13184 42 16 10 48 0.238095238095238 0.625 0.208333333333333
13189 33 8 7 34 0.212121212121212 0.875 0.205882352941176
13193 54 19 14 59 0.259259259259259 0.736842105263158 0.23728813559322
13210 2 1 1 2 0.5 1 0.5
13237 504 108 92 520 0.182539682539683 0.851851851851852 0.176923076923077
13238 33 1 1 33 0.0303030303030303 1 0.0303030303030303
13243 4 1 1 4 0.25 1 0.25
13272 2 1 1 2 0.5 1 0.5
13284 19 10 6 23 0.315789473684211 0.6 0.260869565217391
13293 21 3 3 21 0.142857142857143 1 0.142857142857143
13319 7 6 4 9 0.571428571428571 0.666666666666667 0.444444444444444
13448 7 3 2 8 0.285714285714286 0.666666666666667 0.25
13536 9 1 0 10 0 0 0
13576 21 1 0 22 0 0 0
13645 15 2 1 16 0.0666666666666667 0.5 0.0625
13647 2 1 1 2 0.5 1 0.5
13657 7 2 2 7 0.285714285714286 1 0.285714285714286
13680 44 13 10 47 0.227272727272727 0.769230769230769 0.212765957446809
137 27 11 11 27 0.407407407407407 1 0.407407407407407
13714 2 1 1 2 0.5 1 0.5
13768 164 3 3 164 0.0182926829268293 1 0.0182926829268293
13810 2 1 1 2 0.5 1 0.5
13855 4 1 0 5 0 0 0
13867 3 2 1 4 0.333333333333333 0.5 0.25
13868 5 1 0 6 0 0 0
13901 2 1 1 2 0.5 1 0.5
13910 5 1 0 6 0 0 0
13911 3 1 0 4 0 0 0
13945 3 1 0 4 0 0 0
14 5 2 2 5 0.4 1 0.4
14031 5 1 1 5 0.2 1 0.2
14037 1 1 1 1 1 1 1
1406 1 1 1 1 1 1 1
14080 12 2 2 12 0.166666666666667 1 0.166666666666667
14085 5 2 2 5 0.4 1 0.4
14103 7 1 0 8 0 0 0
1424 1 1 1 1 1 1 1
14259 29 3 3 29 0.103448275862069 1 0.103448275862069
14262 3 2 2 3 0.666666666666667 1 0.666666666666667
14277 5 4 2 7 0.4 0.5 0.285714285714286
14325 11 2 2 11 0.181818181818182 1 0.181818181818182
14383 4 1 1 4 0.25 1 0.25
14492 45 1 1 45 0.0222222222222222 1 0.0222222222222222
14589 19 6 5 20 0.263157894736842 0.833333333333333 0.25
14595 6 2 1 7 0.166666666666667 0.5 0.142857142857143
14609 14 1 1 14 0.0714285714285714 1 0.0714285714285714
14650 1 2 1 2 1 0.5 0.5
14868 11 1 1 11 0.0909090909090909 1 0.0909090909090909
14907 3 2 2 3 0.666666666666667 1 0.666666666666667
15003 6 1 1 6 0.166666666666667 1 0.166666666666667
15022 1 1 1 1 1 1 1
15088 2 1 0 3 0 0 0
15169 117 40 28 129 0.239316239316239 0.7 0.217054263565891
15189 7 3 3 7 0.428571428571429 1 0.428571428571429
15216 2 1 0 3 0 0 0
15226 3 2 0 5 0 0 0
15296 6 1 1 6 0.166666666666667 1 0.166666666666667
15318 2 1 0 3 0 0 0
15373 2 1 1 2 0.5 1 0.5
15412 412 12 9 415 0.0218446601941748 0.75 0.0216867469879518
15436 11 2 2 11 0.181818181818182 1 0.181818181818182
15444 291 17 12 296 0.0412371134020619 0.705882352941177 0.0405405405405405
15451 2 1 0 3 0 0 0
15456 3 2 2 3 0.666666666666667 1 0.666666666666667
15469 1 3 0 4 0 0 0
15474 1 1 1 1 1 1 1
15479 11 1 1 11 0.0909090909090909 1 0.0909090909090909
15525 17 1 0 18 0 0 0
15533 35 4 3 36 0.0857142857142857 0.75 0.0833333333333333
15557 136 2 2 136 0.0147058823529412 1 0.0147058823529412
15576 32 4 4 32 0.125 1 0.125
15589 40 8 4 44 0.1 0.5 0.0909090909090909
15598 139 31 24 146 0.172661870503597 0.774193548387097 0.164383561643836
15600 51 12 11 52 0.215686274509804 0.916666666666667 0.211538461538462
15623 37 5 4 38 0.108108108108108 0.8 0.105263157894737
15653 3 1 1 3 0.333333333333333 1 0.333333333333333
15657 2 1 1 2 0.5 1 0.5
15685 35 16 13 38 0.371428571428571 0.8125 0.342105263157895
15694 86 1 1 86 0.0116279069767442 1 0.0116279069767442
15696 2 1 0 3 0 0 0
15716 6 2 2 6 0.333333333333333 1 0.333333333333333
15725 3 3 2 4 0.666666666666667 0.666666666666667 0.5
15726 2 1 1 2 0.5 1 0.5
15744 11 2 2 11 0.181818181818182 1 0.181818181818182
15772 92 1 1 92 0.0108695652173913 1 0.0108695652173913
15782 13 2 2 13 0.153846153846154 1 0.153846153846154
15798 2 1 0 3 0 0 0
15805 21 6 4 23 0.19047619047619 0.666666666666667 0.173913043478261
15830 116 1 0 117 0 0 0
15835 34 2 2 34 0.0588235294117647 1 0.0588235294117647
15879 46 18 13 51 0.282608695652174 0.722222222222222 0.254901960784314
15894 2 1 1 2 0.5 1 0.5
159 2 1 1 2 0.5 1 0.5
15919 9 1 1 9 0.111111111111111 1 0.111111111111111
15965 4 1 1 4 0.25 1 0.25
16004 13 6 5 14 0.384615384615385 0.833333333333333 0.357142857142857
16016 21 4 4 21 0.19047619047619 1 0.19047619047619
16030 8 6 1 13 0.125 0.166666666666667 0.0769230769230769
16086 25 22 11 36 0.44 0.5 0.305555555555556
16097 54 16 11 59 0.203703703703704 0.6875 0.186440677966102
16117 3 1 1 3 0.333333333333333 1 0.333333333333333
16128 17 3 2 18 0.117647058823529 0.666666666666667 0.111111111111111
16131 40 17 9 48 0.225 0.529411764705882 0.1875
16150 267 13 11 269 0.0411985018726592 0.846153846153846 0.0408921933085502
16178 6 1 0 7 0 0 0
16186 6 2 1 7 0.166666666666667 0.5 0.142857142857143
16206 17 2 0 19 0 0 0
16210 6 3 2 7 0.333333333333333 0.666666666666667 0.285714285714286
16215 18 4 4 18 0.222222222222222 1 0.222222222222222
16237 38 10 6 42 0.157894736842105 0.6 0.142857142857143
16242 8 1 1 8 0.125 1 0.125
16243 45 17 12 50 0.266666666666667 0.705882352941177 0.24
16245 22 4 3 23 0.136363636363636 0.75 0.130434782608696
16246 7 1 1 7 0.142857142857143 1 0.142857142857143
16265 79 23 18 84 0.227848101265823 0.782608695652174 0.214285714285714
16276 77 16 11 82 0.142857142857143 0.6875 0.134146341463415
16316 5 3 2 6 0.4 0.666666666666667 0.333333333333333
16326 1 1 1 1 1 1 1
16347 9 1 1 9 0.111111111111111 1 0.111111111111111
16397 23 2 1 24 0.0434782608695652 0.5 0.0416666666666667
1653 29 3 3 29 0.103448275862069 1 0.103448275862069
16531 3 1 0 4 0 0 0
1659 9 3 2 10 0.222222222222222 0.666666666666667 0.2
16668 8 5 3 10 0.375 0.6 0.3
16724 4 2 2 4 0.5 1 0.5
16735 90 11 10 91 0.111111111111111 0.909090909090909 0.10989010989011
16807 3 2 0 5 0 0 0
16838 10 1 0 11 0 0 0
16866 3 2 1 4 0.333333333333333 0.5 0.25
16876 2 2 2 2 1 1 1
16942 4 1 1 4 0.25 1 0.25
17048 3 1 0 4 0 0 0
1706 5 1 1 5 0.2 1 0.2
17061 2 1 0 3 0 0 0
17204 2 1 0 3 0 0 0
1734 1 2 1 2 1 0.5 0.5
174 2457 28 28 2457 0.0113960113960114 1 0.0113960113960114
1741 9 4 3 10 0.333333333333333 0.75 0.3
17412 3 2 0 5 0 0 0
17435 1 1 1 1 1 1 1
17451 65 3 2 66 0.0307692307692308 0.666666666666667 0.0303030303030303
17464 2 1 1 2 0.5 1 0.5
17498 4 1 1 4 0.25 1 0.25
17511 14 1 1 14 0.0714285714285714 1 0.0714285714285714
17529 7 3 2 8 0.285714285714286 0.666666666666667 0.25
17554 10 3 3 10 0.3 1 0.3
17579 13 12 6 19 0.461538461538462 0.5 0.315789473684211
1759 29 1 1 29 0.0344827586206897 1 0.0344827586206897
1764 50 9 8 51 0.16 0.888888888888889 0.156862745098039
17645 7 1 1 7 0.142857142857143 1 0.142857142857143
17660 21 7 6 22 0.285714285714286 0.857142857142857 0.272727272727273
17674 3 3 3 3 1 1 1
17676 37 3 2 38 0.0540540540540541 0.666666666666667 0.0526315789473684
17705 5 1 0 6 0 0 0
17707 8 1 0 9 0 0 0
17709 17 1 0 18 0 0 0
17727 3 1 1 3 0.333333333333333 1 0.333333333333333
17741 3 1 1 3 0.333333333333333 1 0.333333333333333
17832 1 3 0 4 0 0 0
17886 1 1 1 1 1 1 1
17888 18 2 2 18 0.111111111111111 1 0.111111111111111
17920 7 1 1 7 0.142857142857143 1 0.142857142857143
17934 3 3 3 3 1 1 1
17955 4 2 1 5 0.25 0.5 0.2
1797 3 3 2 4 0.666666666666667 0.666666666666667 0.5
17977 2 1 1 2 0.5 1 0.5
1798 3 3 0 6 0 0 0
17990 5 1 1 5 0.2 1 0.2
18001 7 2 0 9 0 0 0
18007 5 2 2 5 0.4 1 0.4
18011 1 1 0 2 0 0 0
18059 16 1 0 17 0 0 0
18070 2 1 1 2 0.5 1 0.5
18119 3 2 1 4 0.333333333333333 0.5 0.25
18126 3 2 1 4 0.333333333333333 0.5 0.25
18146 2 3 0 5 0 0 0
18149 4 4 3 5 0.75 0.75 0.6
18182 1 1 0 2 0 0 0
18185 4 2 1 5 0.25 0.5 0.2
18203 2 3 2 3 1 0.666666666666667 0.666666666666667
18206 2 1 0 3 0 0 0
18218 1 1 0 2 0 0 0
18266 3 1 1 3 0.333333333333333 1 0.333333333333333
18344 1 2 0 3 0 0 0
1835 8 2 2 8 0.25 1 0.25
1836 63 11 10 64 0.158730158730159 0.909090909090909 0.15625
18366 2 3 1 4 0.5 0.333333333333333 0.25
18369 1 2 0 3 0 0 0
18398 53 2 2 53 0.0377358490566038 1 0.0377358490566038
18407 1 1 1 1 1 1 1
18422 4 1 1 4 0.25 1 0.25
18450 4 1 1 4 0.25 1 0.25
1850 2 1 1 2 0.5 1 0.5
18508 9 5 4 10 0.444444444444444 0.8 0.4
1853 125 35 34 126 0.272 0.971428571428571 0.26984126984127
18592 26 5 5 26 0.192307692307692 1 0.192307692307692
18666 1 1 1 1 1 1 1
18750 2 1 1 2 0.5 1 0.5
18779 10 3 2 11 0.2 0.666666666666667 0.181818181818182
1879 1 1 0 2 0 0 0
1880 18 6 3 21 0.166666666666667 0.5 0.142857142857143
1881 1 1 1 1 1 1 1
19021 3 2 1 4 0.333333333333333 0.5 0.25
19073 2 1 0 3 0 0 0
19080 98 4 3 99 0.0306122448979592 0.75 0.0303030303030303
19089 82 1 1 82 0.0121951219512195 1 0.0121951219512195
19151 794 226 201 819 0.253148614609572 0.889380530973451 0.245421245421245
1916 126 21 20 127 0.158730158730159 0.952380952380952 0.15748031496063
19192 2 1 1 2 0.5 1 0.5
19255 5 2 1 6 0.2 0.5 0.166666666666667
1930 23 7 6 24 0.260869565217391 0.857142857142857 0.25
19318 28 7 5 30 0.178571428571429 0.714285714285714 0.166666666666667
19384 8 1 0 9 0 0 0
19401 50 17 16 51 0.32 0.941176470588235 0.313725490196078
195 8 2 1 9 0.125 0.5 0.111111111111111
19517 1 1 0 2 0 0 0
1955 12 4 4 12 0.333333333333333 1 0.333333333333333
19624 4 1 1 4 0.25 1 0.25
196613 2 2 2 2 1 1 1
196621 4 1 1 4 0.25 1 0.25
19740 13 3 3 13 0.230769230769231 1 0.230769230769231
19782 18 1 1 18 0.0555555555555556 1 0.0555555555555556
19783 2 1 0 3 0 0 0
19855 45 2 1 46 0.0222222222222222 0.5 0.0217391304347826
19872 1 1 1 1 1 1 1
1998 5 1 1 5 0.2 1 0.2
20080 19 5 5 19 0.263157894736842 1 0.263157894736842
20130 3 1 1 3 0.333333333333333 1 0.333333333333333
20144 15 8 7 16 0.466666666666667 0.875 0.4375
2018 5 1 1 5 0.2 1 0.2
20205 2 1 0 3 0 0 0
20308 1 1 1 1 1 1 1
20312 10 5 4 11 0.4 0.8 0.363636363636364
20381 2 2 1 3 0.5 0.5 0.333333333333333
2042 15 4 3 16 0.2 0.75 0.1875
20436 2 1 0 3 0 0 0
2044 16 3 3 16 0.1875 1 0.1875
20473 23 3 2 24 0.0869565217391304 0.666666666666667 0.0833333333333333
20495 58 11 8 61 0.137931034482759 0.727272727272727 0.131147540983607
20507 38 9 7 40 0.184210526315789 0.777777777777778 0.175
20547 44 6 5 45 0.113636363636364 0.833333333333333 0.111111111111111
2055 2 1 1 2 0.5 1 0.5
20552 5 1 0 6 0 0 0
20555 6 2 2 6 0.333333333333333 1 0.333333333333333
20562 329 5 5 329 0.0151975683890578 1 0.0151975683890578
20569 12 5 4 13 0.333333333333333 0.8 0.307692307692308
20570 3 1 1 3 0.333333333333333 1 0.333333333333333
20597 8 2 2 8 0.25 1 0.25
20608 3 2 0 5 0 0 0
20612 4 2 1 5 0.25 0.5 0.2
20621 4 2 1 5 0.25 0.5 0.2
20626 1 1 1 1 1 1 1
20633 23 14 8 29 0.347826086956522 0.571428571428571 0.275862068965517
20634 48 1 1 48 0.0208333333333333 1 0.0208333333333333
20640 251 96 86 261 0.342629482071713 0.895833333333333 0.329501915708812
20650 5 1 1 5 0.2 1 0.2
20704 23 5 5 23 0.217391304347826 1 0.217391304347826
20707 2 2 2 2 1 1 1
20712 15 5 4 16 0.266666666666667 0.8 0.25
20718 31 15 3 43 0.0967741935483871 0.2 0.0697674418604651
20766 12 1 1 12 0.0833333333333333 1 0.0833333333333333
20773 29 15 10 34 0.344827586206897 0.666666666666667 0.294117647058824
20783 5 2 0 7 0 0 0
20836 8 1 0 9 0 0 0
20845 2 1 1 2 0.5 1 0.5
20847 36 20 13 43 0.361111111111111 0.65 0.302325581395349
20857 27 2 1 28 0.037037037037037 0.5 0.0357142857142857
209 1452 25 23 1454 0.0158402203856749 0.92 0.015818431911967
20912 12 8 5 15 0.416666666666667 0.625 0.333333333333333
20932 338 17 14 341 0.0414201183431953 0.823529411764706 0.0410557184750733
20940 126 4 2 128 0.0158730158730159 0.5 0.015625
20953 35 9 8 36 0.228571428571429 0.888888888888889 0.222222222222222
20965 54 42 42 54 0.777777777777778 1 0.777777777777778
20968 1 1 1 1 1 1 1
210 11 1 1 11 0.0909090909090909 1 0.0909090909090909
21011 109 15 11 113 0.100917431192661 0.733333333333333 0.0973451327433628
21013 38 18 9 47 0.236842105263158 0.5 0.191489361702128
21017 1 1 1 1 1 1 1
21055 43 8 6 45 0.13953488372093 0.75 0.133333333333333
2107 1 1 1 1 1 1 1
2108 1 1 1 1 1 1 1
2110 45 2 2 45 0.0444444444444444 1 0.0444444444444444
21155 48 17 14 51 0.291666666666667 0.823529411764706 0.274509803921569
21159 3 1 1 3 0.333333333333333 1 0.333333333333333
2116 27 5 5 27 0.185185185185185 1 0.185185185185185
21174 3 1 0 4 0 0 0
21195 22 4 4 22 0.181818181818182 1 0.181818181818182
21213 13 4 4 13 0.307692307692308 1 0.307692307692308
21219 219 14 8 225 0.0365296803652968 0.571428571428571 0.0355555555555556
21221 37 16 10 43 0.27027027027027 0.625 0.232558139534884
21263 32 18 11 39 0.34375 0.611111111111111 0.282051282051282
2128 4 2 2 4 0.5 1 0.5
21320 6 1 1 6 0.166666666666667 1 0.166666666666667
21371 47 14 9 52 0.191489361702128 0.642857142857143 0.173076923076923
21385 118 28 20 126 0.169491525423729 0.714285714285714 0.158730158730159
21392 40 12 8 44 0.2 0.666666666666667 0.181818181818182
21396 35 11 8 38 0.228571428571429 0.727272727272727 0.210526315789474
21399 2 1 0 3 0 0 0
21409 41 1 0 42 0 0 0
21414 70 13 8 75 0.114285714285714 0.615384615384615 0.106666666666667
21435 4 3 1 6 0.25 0.333333333333333 0.166666666666667
21497 10 1 1 10 0.1 1 0.1
21499 3 1 1 3 0.333333333333333 1 0.333333333333333
21513 15 3 3 15 0.2 1 0.2
2152 93 2 2 93 0.021505376344086 1 0.021505376344086
21527 7 1 1 7 0.142857142857143 1 0.142857142857143
2153 42 15 14 43 0.333333333333333 0.933333333333333 0.325581395348837
21548 24 1 1 24 0.0416666666666667 1 0.0416666666666667
21719 5 1 0 6 0 0 0
21788 12 5 5 12 0.416666666666667 1 0.416666666666667
21816 2 1 1 2 0.5 1 0.5
21844 19 3 3 19 0.157894736842105 1 0.157894736842105
21856 1 1 1 1 1 1 1
21911 7 2 2 7 0.285714285714286 1 0.285714285714286
21928 4 3 1 6 0.25 0.333333333333333 0.166666666666667
21947 29 3 3 29 0.103448275862069 1 0.103448275862069
21968 2 1 0 3 0 0 0
21976 19 2 2 19 0.105263157894737 1 0.105263157894737
2200 45 5 4 46 0.0888888888888889 0.8 0.0869565217391304
22070 3 1 0 4 0 0 0
22095 4 1 1 4 0.25 1 0.25
22192 2 1 1 2 0.5 1 0.5
22212 190 5 4 191 0.0210526315789474 0.8 0.0209424083769634
22284 8 1 0 9 0 0 0
22298 13 1 1 13 0.0769230769230769 1 0.0769230769230769
22302 8 2 2 8 0.25 1 0.25
22335 24 3 3 24 0.125 1 0.125
22351 39 2 2 39 0.0512820512820513 1 0.0512820512820513
22356 37 1 1 37 0.027027027027027 1 0.027027027027027
22388 9 7 7 9 0.777777777777778 1 0.777777777777778
224 5 2 2 5 0.4 1 0.4
22404 2 1 0 3 0 0 0
22438 3 2 1 4 0.333333333333333 0.5 0.25
22439 3 1 1 3 0.333333333333333 1 0.333333333333333
225 2 1 1 2 0.5 1 0.5
22548 68 5 5 68 0.0735294117647059 1 0.0735294117647059
22577 8 3 3 8 0.375 1 0.375
22581 2 1 1 2 0.5 1 0.5
226 31 3 3 31 0.0967741935483871 1 0.0967741935483871
22645 9 1 1 9 0.111111111111111 1 0.111111111111111
22652 7 1 1 7 0.142857142857143 1 0.142857142857143
22767 1 1 1 1 1 1 1
22773 284 1 1 284 0.00352112676056338 1 0.00352112676056338
22779 2 1 1 2 0.5 1 0.5
22822 657 10 10 657 0.015220700152207 1 0.015220700152207
22829 18 3 3 18 0.166666666666667 1 0.166666666666667
22911 10 2 1 11 0.1 0.5 0.0909090909090909
22958 6 2 2 6 0.333333333333333 1 0.333333333333333
23007 3 1 1 3 0.333333333333333 1 0.333333333333333
23028 2 2 0 4 0 0 0
23033 11 1 1 11 0.0909090909090909 1 0.0909090909090909
23127 2 1 0 3 0 0 0
23148 343 2 2 343 0.00583090379008746 1 0.00583090379008746
23171 6 1 1 6 0.166666666666667 1 0.166666666666667
23308 12 4 4 12 0.333333333333333 1 0.333333333333333
23316 2 1 1 2 0.5 1 0.5
23342 49 8 7 50 0.142857142857143 0.875 0.14
23352 37 5 5 37 0.135135135135135 1 0.135135135135135
23456 138 9 8 139 0.0579710144927536 0.888888888888889 0.0575539568345324
23504 28 7 3 32 0.107142857142857 0.428571428571429 0.09375
23541 9 1 0 10 0 0 0
23577 8 1 0 9 0 0 0
23596 3 2 2 3 0.666666666666667 1 0.666666666666667
23600 3 2 2 3 0.666666666666667 1 0.666666666666667
23624 2 1 1 2 0.5 1 0.5
23634 4 4 3 5 0.75 0.75 0.6
23637 3 1 0 4 0 0 0
23655 23 1 1 23 0.0434782608695652 1 0.0434782608695652
23661 2 1 1 2 0.5 1 0.5
237 34 2 2 34 0.0588235294117647 1 0.0588235294117647
23754 4 1 0 5 0 0 0
23774 4 3 2 5 0.5 0.666666666666667 0.4
2381 27 4 4 27 0.148148148148148 1 0.148148148148148
23836 1 1 1 1 1 1 1
23838 3 1 0 4 0 0 0
23862 2 1 1 2 0.5 1 0.5
23869 2 1 0 3 0 0 0
23889 3 1 1 3 0.333333333333333 1 0.333333333333333
23902 1 1 0 2 0 0 0
23905 3 1 0 4 0 0 0
23910 3 3 1 5 0.333333333333333 0.333333333333333 0.2
23911 7 18 4 21 0.571428571428571 0.222222222222222 0.19047619047619
23912 1 1 0 2 0 0 0
23930 31 3 3 31 0.0967741935483871 1 0.0967741935483871
23936 3 1 1 3 0.333333333333333 1 0.333333333333333
23947 33 1 1 33 0.0303030303030303 1 0.0303030303030303
23953 3 1 0 4 0 0 0
23966 6 1 0 7 0 0 0
24 12 6 4 14 0.333333333333333 0.666666666666667 0.285714285714286
24005 3 1 1 3 0.333333333333333 1 0.333333333333333
24047 4 2 2 4 0.5 1 0.5
24129 5 2 1 6 0.2 0.5 0.166666666666667
24130 25 2 2 25 0.08 1 0.08
24151 11 2 0 13 0 0 0
24175 3 2 2 3 0.666666666666667 1 0.666666666666667
24203 24 1 1 24 0.0416666666666667 1 0.0416666666666667
24211 1 1 1 1 1 1 1
24212 3 1 0 4 0 0 0
24218 17 6 4 19 0.235294117647059 0.666666666666667 0.210526315789474
24220 5 1 1 5 0.2 1 0.2
24226 3 2 0 5 0 0 0
24227 1 1 0 2 0 0 0
24229 4 1 1 4 0.25 1 0.25
24238 9 2 1 10 0.111111111111111 0.5 0.1
24287 4 4 4 4 1 1 1
24311 1 1 0 2 0 0 0
24321 2 1 1 2 0.5 1 0.5
24334 2 1 1 2 0.5 1 0.5
24390 2 1 1 2 0.5 1 0.5
24424 2 1 0 3 0 0 0
24437 1 1 1 1 1 1 1
24475 4 4 4 4 1 1 1
24489 9 9 8 10 0.888888888888889 0.888888888888889 0.8
24490 10 8 8 10 0.8 1 0.8
24514 6 1 1 6 0.166666666666667 1 0.166666666666667
24530 2 1 0 3 0 0 0
24541 3 3 1 5 0.333333333333333 0.333333333333333 0.2
24557 4 3 3 4 0.75 1 0.75
24586 32 13 8 37 0.25 0.615384615384615 0.216216216216216
24594 27 7 5 29 0.185185185185185 0.714285714285714 0.172413793103448
24629 2 1 1 2 0.5 1 0.5
24642 36 9 8 37 0.222222222222222 0.888888888888889 0.216216216216216
24679 29 13 7 35 0.241379310344828 0.538461538461538 0.2
24724 133 32 25 140 0.18796992481203 0.78125 0.178571428571429
24730 56 1 1 56 0.0178571428571429 1 0.0178571428571429
24739 44 15 6 53 0.136363636363636 0.4 0.113207547169811
24776 7 1 0 8 0 0 0
24785 111 20 13 118 0.117117117117117 0.65 0.110169491525424
24796 7 2 2 7 0.285714285714286 1 0.285714285714286
2484 1 1 1 1 1 1 1
24863 20 3 3 20 0.15 1 0.15
24875 49 19 11 57 0.224489795918367 0.578947368421053 0.192982456140351
24889 14 5 5 14 0.357142857142857 1 0.357142857142857
24900 1 1 1 1 1 1 1
24940 26 13 9 30 0.346153846153846 0.692307692307692 0.3
2495 12 1 1 12 0.0833333333333333 1 0.0833333333333333
24953 21 2 2 21 0.0952380952380952 1 0.0952380952380952
24963 58 9 7 60 0.120689655172414 0.777777777777778 0.116666666666667
2497 248 72 56 264 0.225806451612903 0.777777777777778 0.212121212121212
24971 22 7 6 23 0.272727272727273 0.857142857142857 0.260869565217391
24973 3 2 0 5 0 0 0
2499 1 1 1 1 1 1 1
25 2 1 1 2 0.5 1 0.5
2500 32 39 18 53 0.5625 0.461538461538462 0.339622641509434
25058 2 1 1 2 0.5 1 0.5
2506 2 1 1 2 0.5 1 0.5
25061 40 5 5 40 0.125 1 0.125
25074 100 21 16 105 0.16 0.761904761904762 0.152380952380952
25091 26 2 2 26 0.0769230769230769 1 0.0769230769230769
25098 14 2 2 14 0.142857142857143 1 0.142857142857143
2510 15 3 2 16 0.133333333333333 0.666666666666667 0.125
25137 18 5 5 18 0.277777777777778 1 0.277777777777778
2514 17 2 2 17 0.117647058823529 1 0.117647058823529
25148 7 1 1 7 0.142857142857143 1 0.142857142857143
2515 6 2 2 6 0.333333333333333 1 0.333333333333333
25151 14 1 0 15 0 0 0
25152 65 16 11 70 0.169230769230769 0.6875 0.157142857142857
2516 327 43 40 330 0.122324159021407 0.930232558139535 0.121212121212121
25164 2 1 1 2 0.5 1 0.5
2518 10 3 3 10 0.3 1 0.3
25182 33 9 5 37 0.151515151515152 0.555555555555556 0.135135135135135
2519 27 6 5 28 0.185185185185185 0.833333333333333 0.178571428571429
25192 26 15 11 30 0.423076923076923 0.733333333333333 0.366666666666667
25234 5 4 3 6 0.6 0.75 0.5
2527 12 5 3 14 0.25 0.6 0.214285714285714
25279 14 4 4 14 0.285714285714286 1 0.285714285714286
25286 32 2 1 33 0.03125 0.5 0.0303030303030303
25295 2 1 1 2 0.5 1 0.5
25358 18 10 5 23 0.277777777777778 0.5 0.217391304347826
25384 8 2 1 9 0.125 0.5 0.111111111111111
25409 2 1 1 2 0.5 1 0.5
25415 4 2 2 4 0.5 1 0.5
25441 15 2 2 15 0.133333333333333 1 0.133333333333333
25459 32 9 7 34 0.21875 0.777777777777778 0.205882352941176
25466 35 8 7 36 0.2 0.875 0.194444444444444
25473 6 3 3 6 0.5 1 0.5
25486 5 2 2 5 0.4 1 0.4
2549 3 2 1 4 0.333333333333333 0.5 0.25
25512 22 3 3 22 0.136363636363636 1 0.136363636363636
25525 55 18 17 56 0.309090909090909 0.944444444444444 0.303571428571429
25538 2 2 0 4 0 0 0
25560 77 111 36 152 0.467532467532468 0.324324324324324 0.236842105263158
25563 4 1 1 4 0.25 1 0.25
25577 84 6 5 85 0.0595238095238095 0.833333333333333 0.0588235294117647
25588 7 1 0 8 0 0 0
25596 47 9 6 50 0.127659574468085 0.666666666666667 0.12
2561 3 2 2 3 0.666666666666667 1 0.666666666666667
25689 12 2 1 13 0.0833333333333333 0.5 0.0769230769230769
2576 2 1 1 2 0.5 1 0.5
25795 8 3 3 8 0.375 1 0.375
25818 22 5 3 24 0.136363636363636 0.6 0.125
25829 2 1 1 2 0.5 1 0.5
2586 13 1 1 13 0.0769230769230769 1 0.0769230769230769
25899 29 1 1 29 0.0344827586206897 1 0.0344827586206897
2594 4 1 0 5 0 0 0
2595 2 1 0 3 0 0 0
2597 2 2 2 2 1 1 1
2602 4 3 3 4 0.75 1 0.75
2603 108 32 23 117 0.212962962962963 0.71875 0.196581196581197
2607 34 10 9 35 0.264705882352941 0.9 0.257142857142857
2609 3 1 0 4 0 0 0
2611 58 12 11 59 0.189655172413793 0.916666666666667 0.186440677966102
2614 16 1 1 16 0.0625 1 0.0625
262684 1 1 1 1 1 1 1
26347 7 2 2 7 0.285714285714286 1 0.285714285714286
2637 5 1 1 5 0.2 1 0.2
26415 56 9 2 63 0.0357142857142857 0.222222222222222 0.0317460317460317
26496 7 1 1 7 0.142857142857143 1 0.142857142857143
26592 25 2 1 26 0.04 0.5 0.0384615384615385
26610 2 1 1 2 0.5 1 0.5
26622 9 2 1 10 0.111111111111111 0.5 0.1
26677 41 1 1 41 0.024390243902439 1 0.024390243902439
26773 12 4 4 12 0.333333333333333 1 0.333333333333333
26785 3 2 1 4 0.333333333333333 0.5 0.25
26788 16 1 1 16 0.0625 1 0.0625
26888 2 2 2 2 1 1 1
26935 10 1 1 10 0.1 1 0.1
26943 5 3 1 7 0.2 0.333333333333333 0.142857142857143
26949 1 1 0 2 0 0 0
2697 6 1 1 6 0.166666666666667 1 0.166666666666667
26978 13 3 1 15 0.0769230769230769 0.333333333333333 0.0666666666666667
2698 6 2 2 6 0.333333333333333 1 0.333333333333333
27 2 1 1 2 0.5 1 0.5
271 13 1 1 13 0.0769230769230769 1 0.0769230769230769
2714 1 1 1 1 1 1 1
2716 5 1 1 5 0.2 1 0.2
27319 79 27 24 82 0.30379746835443 0.888888888888889 0.292682926829268
27321 3 3 2 4 0.666666666666667 0.666666666666667 0.5
27400 3 1 1 3 0.333333333333333 1 0.333333333333333
27446 3 1 0 4 0 0 0
27524 51 4 3 52 0.0588235294117647 0.75 0.0576923076923077
27552 10 1 1 10 0.1 1 0.1
27589 6 2 2 6 0.333333333333333 1 0.333333333333333
27630 2 1 1 2 0.5 1 0.5
27664 71 1 1 71 0.0140845070422535 1 0.0140845070422535
27678 8 2 2 8 0.25 1 0.25
27686 2 1 1 2 0.5 1 0.5
27693 3 1 1 3 0.333333333333333 1 0.333333333333333
27725 1 1 1 1 1 1 1
27750 18 14 13 19 0.722222222222222 0.928571428571429 0.684210526315789
27767 1 1 0 2 0 0 0
27770 1 1 0 2 0 0 0
27781 4 1 0 5 0 0 0
278 8 5 0 13 0 0 0
27807 14 3 3 14 0.214285714285714 1 0.214285714285714
27814 2 1 0 3 0 0 0
27817 4 2 2 4 0.5 1 0.5
27820 3 1 0 4 0 0 0
27841 3 1 1 3 0.333333333333333 1 0.333333333333333
27893 1 1 0 2 0 0 0
27912 2 1 0 3 0 0 0
27924 3 1 1 3 0.333333333333333 1 0.333333333333333
27929 5 2 2 5 0.4 1 0.4
27933 2 1 1 2 0.5 1 0.5
27970 1 1 1 1 1 1 1
27986 12 2 2 12 0.166666666666667 1 0.166666666666667
28000 1 1 1 1 1 1 1
28001 5 2 2 5 0.4 1 0.4
2819 36 3 2 37 0.0555555555555556 0.666666666666667 0.0540540540540541
2828 822 15 15 822 0.0182481751824818 1 0.0182481751824818
28296 3 1 1 3 0.333333333333333 1 0.333333333333333
28299 7 2 1 8 0.142857142857143 0.5 0.125
28360 5 1 1 5 0.2 1 0.2
28362 1 1 1 1 1 1 1
2847 4 3 3 4 0.75 1 0.75
2848 15 1 1 15 0.0666666666666667 1 0.0666666666666667
28497 5 2 2 5 0.4 1 0.4
28499 3 2 1 4 0.333333333333333 0.5 0.25
28511 4 2 1 5 0.25 0.5 0.2
2852 87 12 10 89 0.114942528735632 0.833333333333333 0.112359550561798
2857 35 32 12 55 0.342857142857143 0.375 0.218181818181818
28571 6 1 1 6 0.166666666666667 1 0.166666666666667
286 339 162 81 420 0.238938053097345 0.5 0.192857142857143
28606 1 1 0 2 0 0 0
28677 2 1 1 2 0.5 1 0.5
28678 2 1 1 2 0.5 1 0.5
28697 6 1 0 7 0 0 0
28717 20 3 3 20 0.15 1 0.15
28725 1 2 0 3 0 0 0
28753 37 16 9 44 0.243243243243243 0.5625 0.204545454545455
28788 52 13 11 54 0.211538461538462 0.846153846153846 0.203703703703704
28809 103 2 2 103 0.0194174757281553 1 0.0194174757281553
28824 2 1 0 3 0 0 0
2884 4 2 2 4 0.5 1 0.5
28847 1 1 1 1 1 1 1
28855 10 5 5 10 0.5 1 0.5
28857 9 4 4 9 0.444444444444444 1 0.444444444444444
28859 5 1 1 5 0.2 1 0.2
28878 46 16 12 50 0.260869565217391 0.75 0.24
28929 86 12 10 88 0.116279069767442 0.833333333333333 0.113636363636364
2895 254 3 2 255 0.0078740157480315 0.666666666666667 0.00784313725490196
29003 6 1 1 6 0.166666666666667 1 0.166666666666667
29009 33 8 4 37 0.121212121212121 0.5 0.108108108108108
29014 8 1 1 8 0.125 1 0.125
2905 39 2 0 41 0 0 0
2906 6 4 3 7 0.5 0.75 0.428571428571429
29066 39 17 10 46 0.256410256410256 0.588235294117647 0.217391304347826
2907 85 7 7 85 0.0823529411764706 1 0.0823529411764706
29073 88 8 8 88 0.0909090909090909 1 0.0909090909090909
29113 75 15 14 76 0.186666666666667 0.933333333333333 0.184210526315789
29134 8 5 5 8 0.625 1 0.625
2914 628 198 146 680 0.232484076433121 0.737373737373737 0.214705882352941
29140 15 15 6 24 0.4 0.4 0.25
29147 1 1 1 1 1 1 1
29169 10 2 2 10 0.2 1 0.2
29208 337 168 91 414 0.270029673590504 0.541666666666667 0.219806763285024
29222 40 5 4 41 0.1 0.8 0.0975609756097561
29240 1 1 1 1 1 1 1
29243 2 2 2 2 1 1 1
29259 4 2 2 4 0.5 1 0.5
29278 14 3 3 14 0.214285714285714 1 0.214285714285714
293 160 20 19 161 0.11875 0.95 0.118012422360248
29317 2 2 2 2 1 1 1
29321 10 4 4 10 0.4 1 0.4
29329 17 1 0 18 0 0 0
29372 1 1 0 2 0 0 0
29396 40 10 9 41 0.225 0.9 0.219512195121951
29405 14 2 2 14 0.142857142857143 1 0.142857142857143
29422 23 4 3 24 0.130434782608696 0.75 0.125
29432 2 1 1 2 0.5 1 0.5
29449 52 21 16 57 0.307692307692308 0.761904761904762 0.280701754385965
29452 22 5 4 23 0.181818181818182 0.8 0.173913043478261
29488 3 2 2 3 0.666666666666667 1 0.666666666666667
29527 40 9 7 42 0.175 0.777777777777778 0.166666666666667
29542 5 2 1 6 0.2 0.5 0.166666666666667
29550 53 5 4 54 0.0754716981132075 0.8 0.0740740740740741
29608 17 5 5 17 0.294117647058824 1 0.294117647058824
29611 34 9 7 36 0.205882352941176 0.777777777777778 0.194444444444444
29632 43 12 5 50 0.116279069767442 0.416666666666667 0.1
29636 204 48 40 212 0.196078431372549 0.833333333333333 0.188679245283019
29651 12 2 2 12 0.166666666666667 1 0.166666666666667
29655 9 4 4 9 0.444444444444444 1 0.444444444444444
29659 4 1 1 4 0.25 1 0.25
29668 36 1 1 36 0.0277777777777778 1 0.0277777777777778
29670 9 6 2 13 0.222222222222222 0.333333333333333 0.153846153846154
29671 3 1 1 3 0.333333333333333 1 0.333333333333333
29680 4 1 1 4 0.25 1 0.25
29686 317 135 108 344 0.340694006309148 0.8 0.313953488372093
29748 28 9 5 32 0.178571428571429 0.555555555555556 0.15625
29763 1 1 1 1 1 1 1
29789 1 1 1 1 1 1 1
29791 217 12 9 220 0.0414746543778802 0.75 0.0409090909090909
29838 34 5 4 35 0.117647058823529 0.8 0.114285714285714
29904 1 1 1 1 1 1 1
3 6 1 0 7 0 0 0
30008 4 1 1 4 0.25 1 0.25
30058 6 2 2 6 0.333333333333333 1 0.333333333333333
30059 3 3 2 4 0.666666666666667 0.666666666666667 0.5
30071 10 105 7 108 0.7 0.0666666666666667 0.0648148148148148
30075 2 1 0 3 0 0 0
30124 6 2 2 6 0.333333333333333 1 0.333333333333333
30126 3 2 1 4 0.333333333333333 0.5 0.25
30128 3 2 1 4 0.333333333333333 0.5 0.25
30132 44 55 19 80 0.431818181818182 0.345454545454545 0.2375
30134 3 2 2 3 0.666666666666667 1 0.666666666666667
30160 10 1 0 11 0 0 0
30176 14 2 1 15 0.0714285714285714 0.5 0.0666666666666667
30217 6 1 1 6 0.166666666666667 1 0.166666666666667
30221 2 1 0 3 0 0 0
30225 1 1 0 2 0 0 0
30259 3 1 1 3 0.333333333333333 1 0.333333333333333
30340 16 1 1 16 0.0625 1 0.0625
30362 2 1 0 3 0 0 0
3043 26 6 5 27 0.192307692307692 0.833333333333333 0.185185185185185
30528 6 3 2 7 0.333333333333333 0.666666666666667 0.285714285714286
30619 8 1 1 8 0.125 1 0.125
30653 28 11 8 31 0.285714285714286 0.727272727272727 0.258064516129032
30700 5 2 2 5 0.4 1 0.4
30708 1 1 1 1 1 1 1
30740 40 8 6 42 0.15 0.75 0.142857142857143
30781 76 25 19 82 0.25 0.76 0.231707317073171
30795 3 2 2 3 0.666666666666667 1 0.666666666666667
30833 11 2 1 12 0.0909090909090909 0.5 0.0833333333333333
30844 307 8 8 307 0.0260586319218241 1 0.0260586319218241
30880 12 3 2 13 0.166666666666667 0.666666666666667 0.153846153846154
30889 44 9 7 46 0.159090909090909 0.777777777777778 0.152173913043478
30890 141 25 19 147 0.134751773049645 0.76 0.129251700680272
30925 19 9 7 21 0.368421052631579 0.777777777777778 0.333333333333333
30961 3 2 2 3 0.666666666666667 1 0.666666666666667
30971 6 3 3 6 0.5 1 0.5
30975 8 6 2 12 0.25 0.333333333333333 0.166666666666667
31065 4 1 1 4 0.25 1 0.25
31078 3 2 2 3 0.666666666666667 1 0.666666666666667
31103 21 14 7 28 0.333333333333333 0.5 0.25
31117 13 4 3 14 0.230769230769231 0.75 0.214285714285714
31122 9 2 2 9 0.222222222222222 1 0.222222222222222
31127 3 3 1 5 0.333333333333333 0.333333333333333 0.2
31147 11 2 2 11 0.181818181818182 1 0.181818181818182
31148 5 1 1 5 0.2 1 0.2
31229 7 2 1 8 0.142857142857143 0.5 0.125
31252 66 18 14 70 0.212121212121212 0.777777777777778 0.2
31261 22 2 1 23 0.0454545454545455 0.5 0.0434782608695652
31283 54 3 3 54 0.0555555555555556 1 0.0555555555555556
31333 12 5 4 13 0.333333333333333 0.8 0.307692307692308
31334 51 1 0 52 0 0 0
31383 22 9 5 26 0.227272727272727 0.555555555555556 0.192307692307692
3140 1 1 1 1 1 1 1
31400 28 3 3 28 0.107142857142857 1 0.107142857142857
31424 20 4 4 20 0.2 1 0.2
31442 2 2 1 3 0.5 0.5 0.333333333333333
31458 55 8 7 56 0.127272727272727 0.875 0.125
31477 227 1 1 227 0.00440528634361234 1 0.00440528634361234
31479 4 1 1 4 0.25 1 0.25
31513 3 1 1 3 0.333333333333333 1 0.333333333333333
31529 58 20 16 62 0.275862068965517 0.8 0.258064516129032
31530 6 1 1 6 0.166666666666667 1 0.166666666666667
31615 4 1 0 5 0 0 0
31621 7 2 1 8 0.142857142857143 0.5 0.125
31677 4 2 0 6 0 0 0
31688 9 3 3 9 0.333333333333333 1 0.333333333333333
31708 28 10 8 30 0.285714285714286 0.8 0.266666666666667
31736 11 1 1 11 0.0909090909090909 1 0.0909090909090909
31877 11 1 1 11 0.0909090909090909 1 0.0909090909090909
31939 3 1 1 3 0.333333333333333 1 0.333333333333333
32 5 1 1 5 0.2 1 0.2
32034 6 2 2 6 0.333333333333333 1 0.333333333333333
3212 25 1 1 25 0.04 1 0.04
3213 45 11 9 47 0.2 0.818181818181818 0.191489361702128
3215 95 2 2 95 0.0210526315789474 1 0.0210526315789474
3221 1 1 1 1 1 1 1
3223 1 1 1 1 1 1 1
32244 5 1 1 5 0.2 1 0.2
32335 4 1 1 4 0.25 1 0.25
32346 2 2 2 2 1 1 1
32354 18 5 4 19 0.222222222222222 0.8 0.210526315789474
32360 3 1 0 4 0 0 0
32361 7 2 1 8 0.142857142857143 0.5 0.125
3243 18 4 2 20 0.111111111111111 0.5 0.1
32440 31 2 2 31 0.0645161290322581 1 0.0645161290322581
3248 63 22 17 68 0.26984126984127 0.772727272727273 0.25
3249 60 12 8 64 0.133333333333333 0.666666666666667 0.125
3257 611 302 161 752 0.263502454991817 0.533112582781457 0.214095744680851
32592 17 3 3 17 0.176470588235294 1 0.176470588235294
3261 30 1 1 30 0.0333333333333333 1 0.0333333333333333
32613 12 2 2 12 0.166666666666667 1 0.166666666666667
3265 40 16 13 43 0.325 0.8125 0.302325581395349
3267 479 12 9 482 0.0187891440501044 0.75 0.0186721991701245
32678 3 2 2 3 0.666666666666667 1 0.666666666666667
3269 127 1 1 127 0.0078740157480315 1 0.0078740157480315
32748 36 8 7 37 0.194444444444444 0.875 0.189189189189189
3277 84 1 1 84 0.0119047619047619 1 0.0119047619047619
32809 1 1 0 2 0 0 0
32825 2 1 0 3 0 0 0
32890 4 1 1 4 0.25 1 0.25
32915 4 1 0 5 0 0 0
3292 426 20 19 427 0.0446009389671361 0.95 0.0444964871194379
32978 1 1 1 1 1 1 1
3301 66 5 3 68 0.0454545454545455 0.6 0.0441176470588235
3302 50 1 1 50 0.02 1 0.02
3303 516 25 21 520 0.0406976744186047 0.84 0.0403846153846154
33071 9 2 2 9 0.222222222222222 1 0.222222222222222
33075 2 1 1 2 0.5 1 0.5
33079 4 1 1 4 0.25 1 0.25
3308 22 1 1 22 0.0454545454545455 1 0.0454545454545455
33080 4 1 1 4 0.25 1 0.25
33081 5 2 1 6 0.2 0.5 0.166666666666667
33082 1 1 1 1 1 1 1
33152 1 1 0 2 0 0 0
3316 18 2 2 18 0.111111111111111 1 0.111111111111111
33189 9 1 1 9 0.111111111111111 1 0.111111111111111
3320 539 20 15 544 0.0278293135435993 0.75 0.0275735294117647
3327 97 23 17 103 0.175257731958763 0.739130434782609 0.16504854368932
33310 2 1 0 3 0 0 0
3333 165 4 4 165 0.0242424242424242 1 0.0242424242424242
33362 3 1 0 4 0 0 0
33437 2 9 1 10 0.5 0.111111111111111 0.1
3344 9 4 2 11 0.222222222222222 0.5 0.181818181818182
33475 3 1 1 3 0.333333333333333 1 0.333333333333333
33517 7 2 2 7 0.285714285714286 1 0.285714285714286
3352 74 2 1 75 0.0135135135135135 0.5 0.0133333333333333
33557 1 2 0 3 0 0 0
3356 2592 107 94 2605 0.0362654320987654 0.878504672897196 0.036084452975048
33597 27 1 1 27 0.037037037037037 1 0.037037037037037
3363 2 1 1 2 0.5 1 0.5
33642 3 1 1 3 0.333333333333333 1 0.333333333333333
33789 2 2 2 2 1 1 1
33843 44 20 14 50 0.318181818181818 0.7 0.28
33845 13 3 3 13 0.230769230769231 1 0.230769230769231
33868 7 1 1 7 0.142857142857143 1 0.142857142857143
33873 23 1 1 23 0.0434782608695652 1 0.0434782608695652
33885 14 5 5 14 0.357142857142857 1 0.357142857142857
33891 45 16 11 50 0.244444444444444 0.6875 0.22
33930 2 1 0 3 0 0 0
33965 24 1 1 24 0.0416666666666667 1 0.0416666666666667
33984 2 1 1 2 0.5 1 0.5
34011 21 13 7 27 0.333333333333333 0.538461538461538 0.259259259259259
34019 11 3 3 11 0.272727272727273 1 0.272727272727273
34021 8 3 2 9 0.25 0.666666666666667 0.222222222222222
34080 7 3 3 7 0.428571428571429 1 0.428571428571429
34081 3 2 2 3 0.666666666666667 1 0.666666666666667
34108 4 4 2 6 0.5 0.5 0.333333333333333
34109 11 1 0 12 0 0 0
34123 36 2 2 36 0.0555555555555556 1 0.0555555555555556
34139 2 1 1 2 0.5 1 0.5
34141 27 1 1 27 0.037037037037037 1 0.037037037037037
34146 14 3 3 14 0.214285714285714 1 0.214285714285714
34225 49 6 5 50 0.102040816326531 0.833333333333333 0.1
34244 4 1 1 4 0.25 1 0.25
34245 44 1 1 44 0.0227272727272727 1 0.0227272727272727
34270 39 4 3 40 0.0769230769230769 0.75 0.075
34279 13 1 1 13 0.0769230769230769 1 0.0769230769230769
34288 8 1 1 8 0.125 1 0.125
34305 63 8 7 64 0.111111111111111 0.875 0.109375
34309 53 173 25 201 0.471698113207547 0.144508670520231 0.124378109452736
34313 24 6 4 26 0.166666666666667 0.666666666666667 0.153846153846154
34372 3 1 1 3 0.333333333333333 1 0.333333333333333
34419 25 8 1 32 0.04 0.125 0.03125
34427 3 1 1 3 0.333333333333333 1 0.333333333333333
34486 36 4 3 37 0.0833333333333333 0.75 0.0810810810810811
34505 3 2 2 3 0.666666666666667 1 0.666666666666667
34549 7 5 3 9 0.428571428571429 0.6 0.333333333333333
34554 13 3 3 13 0.230769230769231 1 0.230769230769231
34567 10 2 1 11 0.1 0.5 0.0909090909090909
34574 3 1 0 4 0 0 0
34594 20 3 3 20 0.15 1 0.15
34602 10 4 2 12 0.2 0.5 0.166666666666667
3464 8 1 1 8 0.125 1 0.125
34683 2 1 1 2 0.5 1 0.5
34695 558 94 84 568 0.150537634408602 0.893617021276596 0.147887323943662
34718 9 1 0 10 0 0 0
34744 3 1 1 3 0.333333333333333 1 0.333333333333333
34752 3 1 1 3 0.333333333333333 1 0.333333333333333
34763 68 22 11 79 0.161764705882353 0.5 0.139240506329114
34781 15 1 1 15 0.0666666666666667 1 0.0666666666666667
34784 2 1 1 2 0.5 1 0.5
34863 2 1 1 2 0.5 1 0.5
34878 2 1 1 2 0.5 1 0.5
3491 461 4 4 461 0.00867678958785249 1 0.00867678958785249
34912 2 1 0 3 0 0 0
34958 2 1 1 2 0.5 1 0.5
34968 32 11 8 35 0.25 0.727272727272727 0.228571428571429
34997 10 3 3 10 0.3 1 0.3
35 2 1 0 3 0 0 0
35028 36 11 7 40 0.194444444444444 0.636363636363636 0.175
35070 9 3 3 9 0.333333333333333 1 0.333333333333333
35087 9 1 1 9 0.111111111111111 1 0.111111111111111
35236 9 3 3 9 0.333333333333333 1 0.333333333333333
35244 32 20 14 38 0.4375 0.7 0.368421052631579
35272 1 1 0 2 0 0 0
35283 8 4 1 11 0.125 0.25 0.0909090909090909
35320 111 16 9 118 0.0810810810810811 0.5625 0.076271186440678
35339 7 2 2 7 0.285714285714286 1 0.285714285714286
35366 32 17 9 40 0.28125 0.529411764705882 0.225
35383 2 1 0 3 0 0 0
35393 12 2 2 12 0.166666666666667 1 0.166666666666667
35425 16 3 3 16 0.1875 1 0.1875
35470 10 4 2 12 0.2 0.5 0.166666666666667
3549 1356 151 139 1368 0.102507374631268 0.920529801324503 0.101608187134503
35492 4 3 3 4 0.75 1 0.75
3551 1 1 0 2 0 0 0
35548 5 1 1 5 0.2 1 0.2
3557 24 10 10 24 0.416666666666667 1 0.416666666666667
35574 9 3 2 10 0.222222222222222 0.666666666666667 0.2
35592 7 4 4 7 0.571428571428571 1 0.571428571428571
35609 2 1 1 2 0.5 1 0.5
3561 428 5 5 428 0.0116822429906542 1 0.0116822429906542
35612 8 3 0 11 0 0 0
35627 6 3 1 8 0.166666666666667 0.333333333333333 0.125
35703 3 1 1 3 0.333333333333333 1 0.333333333333333
35705 3 1 1 3 0.333333333333333 1 0.333333333333333
35706 18 6 3 21 0.166666666666667 0.5 0.142857142857143
35745 7 3 2 8 0.285714285714286 0.666666666666667 0.25
35819 14 1 1 14 0.0714285714285714 1 0.0714285714285714
3582 3 2 2 3 0.666666666666667 1 0.666666666666667
35826 2 1 1 2 0.5 1 0.5
35908 22 2 2 22 0.0909090909090909 1 0.0909090909090909
3597 8 2 2 8 0.25 1 0.25
35974 2 1 1 2 0.5 1 0.5
36017 2 1 0 3 0 0 0
3603 2 1 1 2 0.5 1 0.5
36086 5 2 2 5 0.4 1 0.4
36221 1 1 1 1 1 1 1
36236 14 1 1 14 0.0714285714285714 1 0.0714285714285714
36252 2 2 2 2 1 1 1
36351 22 5 5 22 0.227272727272727 1 0.227272727272727
36383 2 1 1 2 0.5 1 0.5
36384 1 1 1 1 1 1 1
3640 4 1 1 4 0.25 1 0.25
36412 4 2 2 4 0.5 1 0.5
36472 3 1 1 3 0.333333333333333 1 0.333333333333333
36563 2 1 1 2 0.5 1 0.5
3661 6 5 1 10 0.166666666666667 0.2 0.1
3662 17 8 7 18 0.411764705882353 0.875 0.388888888888889
3663 7 2 1 8 0.142857142857143 0.5 0.125
36671 2 1 1 2 0.5 1 0.5
36692 53 5 5 53 0.0943396226415094 1 0.0943396226415094
3676 5 1 1 5 0.2 1 0.2
36786 1 1 1 1 1 1 1
36797 1 1 1 1 1 1 1
3681 4 1 1 4 0.25 1 0.25
36856 10 4 2 12 0.2 0.5 0.166666666666667
36944 34 5 4 35 0.117647058823529 0.8 0.114285714285714
3714 4 1 1 4 0.25 1 0.25
3741 103 1 1 103 0.00970873786407767 1 0.00970873786407767
3742 17 2 2 17 0.117647058823529 1 0.117647058823529
3754 42 3 3 42 0.0714285714285714 1 0.0714285714285714
3758 50 1 1 50 0.02 1 0.02
376 20 4 4 20 0.2 1 0.2
378 2 1 1 2 0.5 1 0.5
3790 5 1 1 5 0.2 1 0.2
37918 3 1 1 3 0.333333333333333 1 0.333333333333333
38005 2 1 1 2 0.5 1 0.5
38018 7 6 5 8 0.714285714285714 0.833333333333333 0.625
38022 35 9 9 35 0.257142857142857 1 0.257142857142857
38037 2 1 1 2 0.5 1 0.5
38040 10 2 2 10 0.2 1 0.2
38082 47 9 8 48 0.170212765957447 0.888888888888889 0.166666666666667
38128 1 1 0 2 0 0 0
38158 4 4 4 4 1 1 1
38229 1 1 1 1 1 1 1
3825 1 1 0 2 0 0 0
38299 2 1 1 2 0.5 1 0.5
38321 2 1 1 2 0.5 1 0.5
3836 7 2 1 8 0.142857142857143 0.5 0.125
38457 2 1 1 2 0.5 1 0.5
38462 3 2 2 3 0.666666666666667 1 0.666666666666667
38477 2 1 1 2 0.5 1 0.5
3856 87 12 8 91 0.0919540229885057 0.666666666666667 0.0879120879120879
38566 4 2 2 4 0.5 1 0.5
38629 2 1 1 2 0.5 1 0.5
38639 2 2 2 2 1 1 1
38646 2 2 1 3 0.5 0.5 0.333333333333333
38652 2 1 1 2 0.5 1 0.5
38710 3 1 0 4 0 0 0
38711 1 1 1 1 1 1 1
38727 3 1 1 3 0.333333333333333 1 0.333333333333333
38759 3 11 2 12 0.666666666666667 0.181818181818182 0.166666666666667
38794 9 1 1 9 0.111111111111111 1 0.111111111111111
38796 1 1 0 2 0 0 0
38819 3 2 2 3 0.666666666666667 1 0.666666666666667
38826 4 1 1 4 0.25 1 0.25
38858 4 1 1 4 0.25 1 0.25
38915 8 1 1 8 0.125 1 0.125
38922 15 2 1 16 0.0666666666666667 0.5 0.0625
38930 29 4 3 30 0.103448275862069 0.75 0.1
39029 4 2 2 4 0.5 1 0.5
39040 13 2 2 13 0.153846153846154 1 0.153846153846154
39091 5 1 1 5 0.2 1 0.2
39093 8 1 0 9 0 0 0
39117 7 1 1 7 0.142857142857143 1 0.142857142857143
39122 10 3 2 11 0.2 0.666666666666667 0.181818181818182
39145 10 3 3 10 0.3 1 0.3
39211 3 2 1 4 0.333333333333333 0.5 0.25
39288 2 1 1 2 0.5 1 0.5
39301 6 2 1 7 0.166666666666667 0.5 0.142857142857143
39309 28 9 5 32 0.178571428571429 0.555555555555556 0.15625
3931 2 1 0 3 0 0 0
393220 2 2 2 2 1 1 1
393222 1 1 1 1 1 1 1
393224 1 1 1 1 1 1 1
39326 239 26 22 243 0.0920502092050209 0.846153846153846 0.0905349794238683
39342 2 1 1 2 0.5 1 0.5
3943 4 2 2 4 0.5 1 0.5
39472 1 1 0 2 0 0 0
3949 2 2 1 3 0.5 0.5 0.333333333333333
39520 2 1 0 3 0 0 0
39537 2 1 0 3 0 0 0
39545 4 2 2 4 0.5 1 0.5
39554 5 2 2 5 0.4 1 0.4
39556 35 11 9 37 0.257142857142857 0.818181818181818 0.243243243243243
39560 2 1 1 2 0.5 1 0.5
39570 3 4 2 5 0.666666666666667 0.5 0.4
39572 3 1 1 3 0.333333333333333 1 0.333333333333333
39598 9 1 1 9 0.111111111111111 1 0.111111111111111
39602 4 1 0 5 0 0 0
39637 31 9 5 35 0.161290322580645 0.555555555555556 0.142857142857143
39700 5 1 1 5 0.2 1 0.2
39737 78 14 8 84 0.102564102564103 0.571428571428571 0.0952380952380952
39761 2 1 1 2 0.5 1 0.5
39787 5 2 1 6 0.2 0.5 0.166666666666667
39792 834 32 26 840 0.0311750599520384 0.8125 0.030952380952381
39837 4 2 2 4 0.5 1 0.5
39839 3 2 2 3 0.666666666666667 1 0.666666666666667
39854 1 2 1 2 1 0.5 0.5
39875 1 1 0 2 0 0 0
39905 7 3 3 7 0.428571428571429 1 0.428571428571429
39912 346 7 7 346 0.0202312138728324 1 0.0202312138728324
3999 2 1 1 2 0.5 1 0.5
40009 47 5 4 48 0.0851063829787234 0.8 0.0833333333333333
40068 12 2 2 12 0.166666666666667 1 0.166666666666667
40193 14 7 5 16 0.357142857142857 0.714285714285714 0.3125
40220 13 4 4 13 0.307692307692308 1 0.307692307692308
40387 18 2 2 18 0.111111111111111 1 0.111111111111111
40490 2 1 1 2 0.5 1 0.5
40528 10 5 5 10 0.5 1 0.5
40581 6 1 0 7 0 0 0
40589 2 1 1 2 0.5 1 0.5
40679 2 2 2 2 1 1 1
40832 2 1 1 2 0.5 1 0.5
40912 2 1 1 2 0.5 1 0.5
40943 2 1 0 3 0 0 0
41012 31 6 5 32 0.161290322580645 0.833333333333333 0.15625
41045 35 13 10 38 0.285714285714286 0.769230769230769 0.263157894736842
41075 2 4 1 5 0.5 0.25 0.2
41145 13 1 0 14 0 0 0
41176 2 1 0 3 0 0 0
41323 4 1 1 4 0.25 1 0.25
4134 105 2 0 107 0 0 0
41391 6 2 1 7 0.166666666666667 0.5 0.142857142857143
4150 7 4 2 9 0.285714285714286 0.5 0.222222222222222
41572 7 2 2 7 0.285714285714286 1 0.285714285714286
4158 2 1 1 2 0.5 1 0.5
41589 5 1 1 5 0.2 1 0.2
41692 493 28 22 499 0.0446247464503043 0.785714285714286 0.0440881763527054
41695 4 1 0 5 0 0 0
41698 2 1 1 2 0.5 1 0.5
41705 2 1 0 3 0 0 0
41711 9 4 2 11 0.222222222222222 0.5 0.181818181818182
41773 4 4 2 6 0.5 0.5 0.333333333333333
41824 12 6 5 13 0.416666666666667 0.833333333333333 0.384615384615385
41828 2 1 1 2 0.5 1 0.5
41884 3 2 2 3 0.666666666666667 1 0.666666666666667
41887 11 6 4 13 0.363636363636364 0.666666666666667 0.307692307692308
41913 11 4 4 11 0.363636363636364 1 0.363636363636364
41960 6 1 0 7 0 0 0
42 117 13 12 118 0.102564102564103 0.923076923076923 0.101694915254237
42017 3 1 0 4 0 0 0
42184 38 11 6 43 0.157894736842105 0.545454545454545 0.13953488372093
42227 8 5 5 8 0.625 1 0.625
42369 26 4 3 27 0.115384615384615 0.75 0.111111111111111
42476 2 2 1 3 0.5 0.5 0.333333333333333
42525 32 3 3 32 0.09375 1 0.09375
42579 9 2 2 9 0.222222222222222 1 0.222222222222222
42585 7 2 2 7 0.285714285714286 1 0.285714285714286
42605 22 16 9 29 0.409090909090909 0.5625 0.310344827586207
42652 45 3 2 46 0.0444444444444444 0.666666666666667 0.0434782608695652
42678 2 1 1 2 0.5 1 0.5
42689 34 9 7 36 0.205882352941176 0.777777777777778 0.194444444444444
4270 6 3 2 7 0.333333333333333 0.666666666666667 0.285714285714286
42732 1 1 1 1 1 1 1
42841 6 4 4 6 0.666666666666667 1 0.666666666666667
42909 23 6 5 24 0.217391304347826 0.833333333333333 0.208333333333333
42965 8 1 1 8 0.125 1 0.125
43037 5 1 1 5 0.2 1 0.2
43070 7 1 1 7 0.142857142857143 1 0.142857142857143
43118 6 2 1 7 0.166666666666667 0.5 0.142857142857143
43128 1 1 1 1 1 1 1
43148 2 1 0 3 0 0 0
43190 2 1 0 3 0 0 0
4323 1283 15 15 1283 0.0116913484021824 1 0.0116913484021824
43289 2 1 1 2 0.5 1 0.5
43313 3 1 1 3 0.333333333333333 1 0.333333333333333
43333 9 3 3 9 0.333333333333333 1 0.333333333333333
43383 1 1 1 1 1 1 1
43447 1 1 1 1 1 1 1
43483 2 1 1 2 0.5 1 0.5
43602 2 2 2 2 1 1 1
43629 2 1 1 2 0.5 1 0.5
43646 4 2 1 5 0.25 0.5 0.2
43655 2 1 1 2 0.5 1 0.5
43751 4 1 0 5 0 0 0
43782 3 2 0 5 0 0 0
43821 34 16 9 41 0.264705882352941 0.5625 0.219512195121951
43843 7 2 2 7 0.285714285714286 1 0.285714285714286
43884 2 1 0 3 0 0 0
43892 2 1 0 3 0 0 0
43893 4 1 1 4 0.25 1 0.25
43911 3 5 0 8 0 0 0
43930 4 1 0 5 0 0 0
43948 3 2 2 3 0.666666666666667 1 0.666666666666667
43950 3 2 1 4 0.333333333333333 0.5 0.25
43978 2 1 1 2 0.5 1 0.5
44034 10 4 4 10 0.4 1 0.4
44042 47 20 13 54 0.276595744680851 0.65 0.240740740740741
44065 2 1 1 2 0.5 1 0.5
44066 29 13 7 35 0.241379310344828 0.538461538461538 0.2
44140 2 1 0 3 0 0 0
44146 9 3 3 9 0.333333333333333 1 0.333333333333333
44160 10 1 1 10 0.1 1 0.1
44212 4 1 1 4 0.25 1 0.25
44227 4 1 1 4 0.25 1 0.25
44237 30 2 2 30 0.0666666666666667 1 0.0666666666666667
44285 4 1 0 5 0 0 0
4434 5 1 0 6 0 0 0
44358 4 2 2 4 0.5 1 0.5
4436 134 26 24 136 0.17910447761194 0.923076923076923 0.176470588235294
44513 7 2 2 7 0.285714285714286 1 0.285714285714286
44514 8 3 2 9 0.25 0.666666666666667 0.222222222222222
44515 1 1 0 2 0 0 0
44581 8 2 2 8 0.25 1 0.25
44654 44 16 9 51 0.204545454545455 0.5625 0.176470588235294
44683 3 2 2 3 0.666666666666667 1 0.666666666666667
44706 8 3 3 8 0.375 1 0.375
44928 2 2 2 2 1 1 1
44953 11 3 3 11 0.272727272727273 1 0.272727272727273
44980 2 1 1 2 0.5 1 0.5
44993 2 2 1 3 0.5 0.5 0.333333333333333
45131 1 1 1 1 1 1 1
45147 62 5 4 63 0.0645161290322581 0.8 0.0634920634920635
4515 44 1 1 44 0.0227272727272727 1 0.0227272727272727
45170 2 1 1 2 0.5 1 0.5
45177 3 2 0 5 0 0 0
45179 3 1 0 4 0 0 0
45192 1 1 0 2 0 0 0
4528 4 1 1 4 0.25 1 0.25
45344 2 1 1 2 0.5 1 0.5
4538 53 3 3 53 0.0566037735849057 1 0.0566037735849057
45411 4 1 1 4 0.25 1 0.25
45437 1 1 1 1 1 1 1
45438 1 1 1 1 1 1 1
45444 2 2 0 4 0 0 0
45456 1 2 0 3 0 0 0
45459 3 1 0 4 0 0 0
45483 3 1 1 3 0.333333333333333 1 0.333333333333333
45506 2 1 1 2 0.5 1 0.5
45522 2 1 0 3 0 0 0
4555 1 3 0 4 0 0 0
4557 11 2 2 11 0.181818181818182 1 0.181818181818182
45577 5 1 1 5 0.2 1 0.2
45638 3 1 1 3 0.333333333333333 1 0.333333333333333
45695 2 1 1 2 0.5 1 0.5
4589 719 126 121 724 0.168289290681502 0.96031746031746 0.167127071823204
45929 1 1 1 1 1 1 1
46 2 1 1 2 0.5 1 0.5
4600 5 2 2 5 0.4 1 0.4
4605 2 1 1 2 0.5 1 0.5
4608 6 4 0 10 0 0 0
46176 2 1 0 3 0 0 0
46177 8 1 1 8 0.125 1 0.125
4618 13 2 1 14 0.0769230769230769 0.5 0.0714285714285714
46208 5 2 2 5 0.4 1 0.4
4621 35 2 2 35 0.0571428571428571 1 0.0571428571428571
4622 1 1 0 2 0 0 0
4635 116 27 25 118 0.21551724137931 0.925925925925926 0.211864406779661
46357 2 1 1 2 0.5 1 0.5
4637 173 6 5 174 0.0289017341040462 0.833333333333333 0.028735632183908
4648 59 3 3 59 0.0508474576271186 1 0.0508474576271186
4651 37 7 5 39 0.135135135135135 0.714285714285714 0.128205128205128
4657 110 5 5 110 0.0454545454545455 1 0.0454545454545455
46609 4 2 2 4 0.5 1 0.5
46722 1 1 1 1 1 1 1
4673 8 2 2 8 0.25 1 0.25
4675 6 3 1 8 0.166666666666667 0.333333333333333 0.125
4677 5 1 1 5 0.2 1 0.2
46786 40 8 7 41 0.175 0.875 0.170731707317073
4680 9 4 1 12 0.111111111111111 0.25 0.0833333333333333
4685 11 1 1 11 0.0909090909090909 1 0.0909090909090909
4691 1 15 1 15 1 0.0666666666666667 0.0666666666666667
46925 8 1 1 8 0.125 1 0.125
4697 3 8 3 8 1 0.375 0.375
4704 7 3 1 9 0.142857142857143 0.333333333333333 0.111111111111111
4711 2 1 0 3 0 0 0
4713 109 16 13 112 0.119266055045872 0.8125 0.116071428571429
4716 19 9 2 26 0.105263157894737 0.222222222222222 0.0769230769230769
4717 3 2 2 3 0.666666666666667 1 0.666666666666667
4718 2 2 2 2 1 1 1
47201 1 1 0 2 0 0 0
47207 6 1 1 6 0.166666666666667 1 0.166666666666667
47227 2 1 1 2 0.5 1 0.5
4725 123 21 10 134 0.0813008130081301 0.476190476190476 0.0746268656716418
4739 83 18 14 87 0.168674698795181 0.777777777777778 0.160919540229885
4741 11 1 1 11 0.0909090909090909 1 0.0909090909090909
47447 6 3 3 6 0.5 1 0.5
4747 1 1 0 2 0 0 0
47473 1 2 1 2 1 0.5 0.5
47490 1 1 1 1 1 1 1
47506 4 1 1 4 0.25 1 0.25
47533 3 1 1 3 0.333333333333333 1 0.333333333333333
4755 204 3 3 204 0.0147058823529412 1 0.0147058823529412
4760 7 2 2 7 0.285714285714286 1 0.285714285714286
4761 53 5 4 54 0.0754716981132075 0.8 0.0740740740740741
47617 4 1 1 4 0.25 1 0.25
4766 388 1 1 388 0.00257731958762887 1 0.00257731958762887
4768 31 2 2 31 0.0645161290322581 1 0.0645161290322581
4770 15 2 1 16 0.0666666666666667 0.5 0.0625
4777 36 5 3 38 0.0833333333333333 0.6 0.0789473684210526
4780 26 3 2 27 0.0769230769230769 0.666666666666667 0.0740740740740741
4782 2 1 0 3 0 0 0
47841 2 1 1 2 0.5 1 0.5
47862 1 2 1 2 1 0.5 0.5
4787 6 3 1 8 0.166666666666667 0.333333333333333 0.125
4788 120 5 5 120 0.0416666666666667 1 0.0416666666666667
47885 1 2 0 3 0 0 0
47886 4 2 2 4 0.5 1 0.5
47917 1 1 1 1 1 1 1
4795 27 4 2 29 0.0740740740740741 0.5 0.0689655172413793
47956 2 1 0 3 0 0 0
4796 3 1 1 3 0.333333333333333 1 0.333333333333333
47973 2 1 0 3 0 0 0
47998 2 1 1 2 0.5 1 0.5
48039 9 5 5 9 0.555555555555556 1 0.555555555555556
48053 1 1 1 1 1 1 1
48056 2 1 1 2 0.5 1 0.5
48118 2 1 1 2 0.5 1 0.5
48136 1 1 1 1 1 1 1
48173 7 2 2 7 0.285714285714286 1 0.285714285714286
4818 4 1 1 4 0.25 1 0.25
48185 2 2 1 3 0.5 0.5 0.333333333333333
48191 5 1 0 6 0 0 0
48200 2 10 1 11 0.5 0.1 0.0909090909090909
48218 2 1 1 2 0.5 1 0.5
48259 2 1 1 2 0.5 1 0.5
4826 196 31 27 200 0.137755102040816 0.870967741935484 0.135
48284 2 1 0 3 0 0 0
48417 3 2 2 3 0.666666666666667 1 0.666666666666667
4842 5 1 1 5 0.2 1 0.2
4844 2 1 1 2 0.5 1 0.5
4845 3 1 1 3 0.333333333333333 1 0.333333333333333
48451 2 1 1 2 0.5 1 0.5
48484 14 15 6 23 0.428571428571429 0.4 0.260869565217391
48514 3 3 1 5 0.333333333333333 0.333333333333333 0.2
48519 3 1 1 3 0.333333333333333 1 0.333333333333333
48528 3 1 1 3 0.333333333333333 1 0.333333333333333
48539 9 6 5 10 0.555555555555556 0.833333333333333 0.5
48564 2 1 1 2 0.5 1 0.5
48961 8 1 1 8 0.125 1 0.125
48972 1 1 1 1 1 1 1
48994 2 1 1 2 0.5 1 0.5
49237 5 1 1 5 0.2 1 0.2
4927 17 7 6 18 0.352941176470588 0.857142857142857 0.333333333333333
49334 1 1 1 1 1 1 1
49352 1 1 0 2 0 0 0
49409 2 1 0 3 0 0 0
49416 1 1 1 1 1 1 1
49463 2 1 1 2 0.5 1 0.5
49488 4 3 3 4 0.75 1 0.75
49573 2 1 1 2 0.5 1 0.5
49627 2 2 2 2 1 1 1
5050 21 6 6 21 0.285714285714286 1 0.285714285714286
5056 31 2 0 33 0 0 0
5078 18 1 1 18 0.0555555555555556 1 0.0555555555555556
513 49 10 10 49 0.204081632653061 1 0.204081632653061
52 2 1 1 2 0.5 1 0.5
53280 2 1 1 2 0.5 1 0.5
5381 15 3 2 16 0.133333333333333 0.666666666666667 0.125
5385 59 3 3 59 0.0508474576271186 1 0.0508474576271186
5394 18 3 3 18 0.166666666666667 1 0.166666666666667
5400 212 17 13 216 0.0613207547169811 0.764705882352941 0.0601851851851852
5401 1 1 1 1 1 1 1
5403 20 7 6 21 0.3 0.857142857142857 0.285714285714286
5407 7 3 3 7 0.428571428571429 1 0.428571428571429
5408 28 2 1 29 0.0357142857142857 0.5 0.0344827586206897
5410 58 8 4 62 0.0689655172413793 0.5 0.0645161290322581
5413 218 2 2 218 0.00917431192660551 1 0.00917431192660551
5418 9 2 2 9 0.222222222222222 1 0.222222222222222
5421 3 3 2 4 0.666666666666667 0.666666666666667 0.5
543 1 1 1 1 1 1 1
5430 72 20 16 76 0.222222222222222 0.8 0.210526315789474
5432 32 2 1 33 0.03125 0.5 0.0303030303030303
5459 50 13 9 54 0.18 0.692307692307692 0.166666666666667
5466 73 2 1 74 0.0136986301369863 0.5 0.0135135135135135
5483 71 2 1 72 0.0140845070422535 0.5 0.0138888888888889
5486 30 2 0 32 0 0 0
5491 3 1 0 4 0 0 0
55 3 1 1 3 0.333333333333333 1 0.333333333333333
5507 38 7 7 38 0.184210526315789 1 0.184210526315789
5511 146 26 21 151 0.143835616438356 0.807692307692308 0.139072847682119
553 48 21 17 52 0.354166666666667 0.80952380952381 0.326923076923077
5537 26 3 2 27 0.0769230769230769 0.666666666666667 0.0740740740740741
5538 8 1 1 8 0.125 1 0.125
5539 52 61 21 92 0.403846153846154 0.344262295081967 0.228260869565217
5550 4 2 1 5 0.25 0.5 0.2
5560 10 2 2 10 0.2 1 0.2
5568 255 13 10 258 0.0392156862745098 0.769230769230769 0.0387596899224806
557 6 2 1 7 0.166666666666667 0.5 0.142857142857143
558 23 1 1 23 0.0434782608695652 1 0.0434782608695652
5580 268 24 20 272 0.0746268656716418 0.833333333333333 0.0735294117647059
559 251 109 101 259 0.402390438247012 0.926605504587156 0.38996138996139
5602 36 8 6 38 0.166666666666667 0.75 0.157894736842105
5607 1 1 1 1 1 1 1
5609 2 8 1 9 0.5 0.125 0.111111111111111
5617 209 3 3 209 0.0143540669856459 1 0.0143540669856459
5645 17 6 4 19 0.235294117647059 0.666666666666667 0.210526315789474
5661 4 1 1 4 0.25 1 0.25
567 10 2 2 10 0.2 1 0.2
57 30 6 6 30 0.2 1 0.2
5707 3 1 1 3 0.333333333333333 1 0.333333333333333
5713 63 4 3 64 0.0476190476190476 0.75 0.046875
5726 12 1 1 12 0.0833333333333333 1 0.0833333333333333
5752 2 1 0 3 0 0 0
5764 6 1 1 6 0.166666666666667 1 0.166666666666667
577 136 2 2 136 0.0147058823529412 1 0.0147058823529412
5786 2 1 1 2 0.5 1 0.5
59 6 3 3 6 0.5 1 0.5
600 25 3 3 25 0.12 1 0.12
6057 7 5 4 8 0.571428571428571 0.8 0.5
6062 10 2 0 12 0 0 0
6066 1 1 0 2 0 0 0
6083 28 13 10 31 0.357142857142857 0.769230769230769 0.32258064516129
6106 2 1 1 2 0.5 1 0.5
6122 11 1 1 11 0.0909090909090909 1 0.0909090909090909
6128 301 2 2 301 0.00664451827242525 1 0.00664451827242525
6147 1 9 1 9 1 0.111111111111111 0.111111111111111
6181 45 2 2 45 0.0444444444444444 1 0.0444444444444444
6182 1 1 1 1 1 1 1
6245 2 1 0 3 0 0 0
6262 1 1 1 1 1 1 1
6263 3 1 1 3 0.333333333333333 1 0.333333333333333
6315 7 1 1 7 0.142857142857143 1 0.142857142857143
6327 179 1 1 179 0.00558659217877095 1 0.00558659217877095
6337 5 1 0 6 0 0 0
6342 5 1 0 6 0 0 0
6360 7 3 2 8 0.285714285714286 0.666666666666667 0.25
6366 3 1 1 3 0.333333333333333 1 0.333333333333333
6406 1 1 1 1 1 1 1
6435 3 6 2 7 0.666666666666667 0.333333333333333 0.285714285714286
6453 543 110 96 557 0.176795580110497 0.872727272727273 0.172351885098743
6456 16 2 2 16 0.125 1 0.125
65071 1 2 1 2 1 0.5 0.5
65075 1 1 0 2 0 0 0
6509 27 10 9 28 0.333333333333333 0.9 0.321428571428571
6536 17 2 1 18 0.0588235294117647 0.5 0.0555555555555556
65530 1 1 0 2 0 0 0
6619 24 7 5 26 0.208333333333333 0.714285714285714 0.192307692307692
6629 3 1 1 3 0.333333333333333 1 0.333333333333333
6648 47 7 6 48 0.127659574468085 0.857142857142857 0.125
6656 40 7 4 43 0.1 0.571428571428571 0.0930232558139535
6661 75 2 2 75 0.0266666666666667 1 0.0266666666666667
6667 515 135 129 521 0.250485436893204 0.955555555555556 0.247600767754319
6677 57 4 2 59 0.0350877192982456 0.5 0.0338983050847458
668 31 6 2 35 0.0645161290322581 0.333333333333333 0.0571428571428571
6695 242 83 74 251 0.305785123966942 0.891566265060241 0.294820717131474
6702 16 1 1 16 0.0625 1 0.0625
6706 12 6 4 14 0.333333333333333 0.666666666666667 0.285714285714286
6724 36 19 14 41 0.388888888888889 0.736842105263158 0.341463414634146
6730 580 7 6 581 0.0103448275862069 0.857142857142857 0.0103270223752151
6734 14 4 3 15 0.214285714285714 0.75 0.2
6760 25 6 4 27 0.16 0.666666666666667 0.148148148148148
6762 194 62 53 203 0.27319587628866 0.854838709677419 0.261083743842365
6770 38 14 5 47 0.131578947368421 0.357142857142857 0.106382978723404
6772 17 5 5 17 0.294117647058824 1 0.294117647058824
6774 79 14 14 79 0.177215189873418 1 0.177215189873418
6775 5 3 3 5 0.6 1 0.6
680 67 20 17 70 0.253731343283582 0.85 0.242857142857143
6802 7 2 2 7 0.285714285714286 1 0.285714285714286
681 2 1 1 2 0.5 1 0.5
6824 3 1 1 3 0.333333333333333 1 0.333333333333333
683 2 1 1 2 0.5 1 0.5
6830 369 28 20 377 0.0542005420054201 0.714285714285714 0.0530503978779841
6838 1 1 1 1 1 1 1
6881 87 35 31 91 0.35632183908046 0.885714285714286 0.340659340659341
6893 2 1 1 2 0.5 1 0.5
6895 5 1 1 5 0.2 1 0.2
6908 95 19 17 97 0.178947368421053 0.894736842105263 0.175257731958763
6911 21 3 3 21 0.142857142857143 1 0.142857142857143
6939 1250 611 410 1451 0.328 0.671031096563011 0.282563749138525
6966 3 1 1 3 0.333333333333333 1 0.333333333333333
6968 3 1 1 3 0.333333333333333 1 0.333333333333333
701 2100 23 17 2106 0.00809523809523809 0.739130434782609 0.00807217473884141
7012 17 3 2 18 0.117647058823529 0.666666666666667 0.111111111111111
7018 2262 19 15 2266 0.00663129973474801 0.789473684210526 0.00661959399823478
7019 1 1 1 1 1 1 1
7055 3 1 1 3 0.333333333333333 1 0.333333333333333
7065 20 3 2 21 0.1 0.666666666666667 0.0952380952380952
7066 18 2 2 18 0.111111111111111 1 0.111111111111111
7081 44 7 5 46 0.113636363636364 0.714285714285714 0.108695652173913
71 13 2 1 14 0.0769230769230769 0.5 0.0714285714285714
7106 8 1 0 9 0 0 0
714 12 2 2 12 0.166666666666667 1 0.166666666666667
719 22 3 3 22 0.136363636363636 1 0.136363636363636
7195 1 1 0 2 0 0 0
72 9 1 0 10 0 0 0
7303 73 2 2 73 0.0273972602739726 1 0.0273972602739726
7377 4 1 1 4 0.25 1 0.25
7385 193 8 6 195 0.0310880829015544 0.75 0.0307692307692308
7412 1 1 0 2 0 0 0
7470 35 1 1 35 0.0285714285714286 1 0.0285714285714286
7473 143 26 21 148 0.146853146853147 0.807692307692308 0.141891891891892
7477 1 1 1 1 1 1 1
7491 7 1 0 8 0 0 0
7500 55 9 6 58 0.109090909090909 0.666666666666667 0.103448275862069
7503 4 3 1 6 0.25 0.333333333333333 0.166666666666667
7511 3 1 0 4 0 0 0
7514 20 4 3 21 0.15 0.75 0.142857142857143
7516 5 1 0 6 0 0 0
7521 5 2 1 6 0.2 0.5 0.166666666666667
7522 6 4 1 9 0.166666666666667 0.25 0.111111111111111
7527 6 1 1 6 0.166666666666667 1 0.166666666666667
7529 19 3 2 20 0.105263157894737 0.666666666666667 0.1
7530 2 2 1 3 0.5 0.5 0.333333333333333
7539 21 8 7 22 0.333333333333333 0.875 0.318181818181818
7543 19 2 1 20 0.0526315789473684 0.5 0.05
7545 17 1 0 18 0 0 0
7575 243 21 21 243 0.0864197530864197 1 0.0864197530864197
7587 1 2 1 2 1 0.5 0.5
7594 4 3 1 6 0.25 0.333333333333333 0.166666666666667
760 3 2 2 3 0.666666666666667 1 0.666666666666667
7602 8 1 0 9 0 0 0
7606 49 6 4 51 0.0816326530612245 0.666666666666667 0.0784313725490196
7629 5 2 0 7 0 0 0
7657 10 1 1 10 0.1 1 0.1
766 18 5 5 18 0.277777777777778 1 0.277777777777778
7660 43 25 21 47 0.488372093023256 0.84 0.446808510638298
7665 1 1 1 1 1 1 1
7667 6 2 1 7 0.166666666666667 0.5 0.142857142857143
7668 10 1 0 11 0 0 0
7670 21 4 2 23 0.0952380952380952 0.5 0.0869565217391304
7671 3 1 1 3 0.333333333333333 1 0.333333333333333
7682 11 3 2 12 0.181818181818182 0.666666666666667 0.166666666666667
7687 4 1 1 4 0.25 1 0.25
7693 21 2 2 21 0.0952380952380952 1 0.0952380952380952
7718 17 2 2 17 0.117647058823529 1 0.117647058823529
7753 6 1 1 6 0.166666666666667 1 0.166666666666667
7781 7 8 4 11 0.571428571428571 0.5 0.363636363636364
7784 32 3 3 32 0.09375 1 0.09375
7786 9 3 2 10 0.222222222222222 0.666666666666667 0.2
7843 50 1 1 50 0.02 1 0.02
7847 2 1 1 2 0.5 1 0.5
786 63 12 9 66 0.142857142857143 0.75 0.136363636363636
7860 2 1 1 2 0.5 1 0.5
790 1 1 0 2 0 0 0
7908 35 4 2 37 0.0571428571428571 0.5 0.0540540540540541
7922 78 10 9 79 0.115384615384615 0.9 0.113924050632911
7941 3 1 1 3 0.333333333333333 1 0.333333333333333
7949 12 2 0 14 0 0 0
8001 323 12 12 323 0.0371517027863777 1 0.0371517027863777
8002 54 5 4 55 0.0740740740740741 0.8 0.0727272727272727
8018 2 1 0 3 0 0 0
8025 6 1 0 7 0 0 0
803 25 1 1 25 0.04 1 0.04
8038 1 2 1 2 1 0.5 0.5
8047 26 5 5 26 0.192307692307692 1 0.192307692307692
8075 81 6 5 82 0.0617283950617284 0.833333333333333 0.0609756097560976
8092 12 4 4 12 0.333333333333333 1 0.333333333333333
81 30 2 1 31 0.0333333333333333 0.5 0.032258064516129
8111 5 2 2 5 0.4 1 0.4
8121 63 11 7 67 0.111111111111111 0.636363636363636 0.104477611940299
8158 2 1 1 2 0.5 1 0.5
8190 68 1 1 68 0.0147058823529412 1 0.0147058823529412
8201 9 2 2 9 0.222222222222222 1 0.222222222222222
8218 266 29 27 268 0.101503759398496 0.931034482758621 0.100746268656716
8220 553 12 11 554 0.0198915009041591 0.916666666666667 0.01985559566787
8224 10 7 5 12 0.5 0.714285714285714 0.416666666666667
8226 5 3 0 8 0 0 0
8237 8 5 4 9 0.5 0.8 0.444444444444444
8240 1 1 0 2 0 0 0
8246 199 3 0 202 0 0 0
8251 11 5 5 11 0.454545454545455 1 0.454545454545455
8256 1 1 1 1 1 1 1
8262 37 1 1 37 0.027027027027027 1 0.027027027027027
8267 2 1 1 2 0.5 1 0.5
8282 9 1 1 9 0.111111111111111 1 0.111111111111111
8283 5 4 3 6 0.6 0.75 0.5
8299 12 1 0 13 0 0 0
8302 3 1 1 3 0.333333333333333 1 0.333333333333333
8308 54 3 2 55 0.037037037037037 0.666666666666667 0.0363636363636364
8312 12 1 1 12 0.0833333333333333 1 0.0833333333333333
8319 52 16 13 55 0.25 0.8125 0.236363636363636
8330 11 3 2 12 0.181818181818182 0.666666666666667 0.166666666666667
8331 260 1 1 260 0.00384615384615385 1 0.00384615384615385
8346 6 2 2 6 0.333333333333333 1 0.333333333333333
8358 16 1 1 16 0.0625 1 0.0625
8359 671 38 28 681 0.0417287630402385 0.736842105263158 0.0411160058737151
8364 10 1 1 10 0.1 1 0.1
8365 157 105 53 209 0.337579617834395 0.504761904761905 0.253588516746411
8368 39 12 11 40 0.282051282051282 0.916666666666667 0.275
8374 9 3 3 9 0.333333333333333 1 0.333333333333333
8386 5 1 0 6 0 0 0
8387 17 4 3 18 0.176470588235294 0.75 0.166666666666667
8391 21 15 7 29 0.333333333333333 0.466666666666667 0.241379310344828
8396 1 1 0 2 0 0 0
8412 20 4 3 21 0.15 0.75 0.142857142857143
8419 273 3 3 273 0.010989010989011 1 0.010989010989011
8422 105 17 12 110 0.114285714285714 0.705882352941177 0.109090909090909
8426 490 22 18 494 0.036734693877551 0.818181818181818 0.0364372469635627
8442 25 17 10 32 0.4 0.588235294117647 0.3125
8447 578 93 78 593 0.134948096885813 0.838709677419355 0.131534569983137
8452 36 3 3 36 0.0833333333333333 1 0.0833333333333333
8455 3 4 1 6 0.333333333333333 0.25 0.166666666666667
8462 3 1 1 3 0.333333333333333 1 0.333333333333333
8468 634 15 14 635 0.0220820189274448 0.933333333333333 0.0220472440944882
8469 31 17 13 35 0.419354838709677 0.764705882352941 0.371428571428571
8473 72 9 6 75 0.0833333333333333 0.666666666666667 0.08
8481 2 1 1 2 0.5 1 0.5
8492 931 2 2 931 0.00214822771213749 1 0.00214822771213749
8495 24 5 4 25 0.166666666666667 0.8 0.16
8501 35 12 12 35 0.342857142857143 1 0.342857142857143
8508 1 1 1 1 1 1 1
8517 19 2 1 20 0.0526315789473684 0.5 0.05
8518 5 1 1 5 0.2 1 0.2
852 167 2 2 167 0.0119760479041916 1 0.0119760479041916
8527 22 4 4 22 0.181818181818182 1 0.181818181818182
8529 8 1 1 8 0.125 1 0.125
8535 5 3 3 5 0.6 1 0.6
8545 5 10 2 13 0.4 0.2 0.153846153846154
855 32 1 1 32 0.03125 1 0.03125
8551 231 13 8 236 0.0346320346320346 0.615384615384615 0.0338983050847458
8560 79 29 22 86 0.278481012658228 0.758620689655172 0.255813953488372
8565 16 5 4 17 0.25 0.8 0.235294117647059
8567 2 1 1 2 0.5 1 0.5
8582 53 20 15 58 0.283018867924528 0.75 0.258620689655172
8586 60 7 4 63 0.0666666666666667 0.571428571428571 0.0634920634920635
8591 47 10 8 49 0.170212765957447 0.8 0.163265306122449
8596 99 9 9 99 0.0909090909090909 1 0.0909090909090909
8607 46 5 4 47 0.0869565217391304 0.8 0.0851063829787234
8648 33 14 7 40 0.212121212121212 0.5 0.175
8657 93 13 11 95 0.118279569892473 0.846153846153846 0.115789473684211
8664 12 4 3 13 0.25 0.75 0.230769230769231
8674 53 6 5 54 0.0943396226415094 0.833333333333333 0.0925925925925926
8676 5 2 2 5 0.4 1 0.4
8677 9 1 1 9 0.111111111111111 1 0.111111111111111
8681 43 7 3 47 0.0697674418604651 0.428571428571429 0.0638297872340425
8683 29 1 1 29 0.0344827586206897 1 0.0344827586206897
8717 104 15 10 109 0.0961538461538462 0.666666666666667 0.0917431192660551
8728 2 1 1 2 0.5 1 0.5
8737 29 5 3 31 0.103448275862069 0.6 0.0967741935483871
8758 13 4 4 13 0.307692307692308 1 0.307692307692308
8763 168 56 53 171 0.31547619047619 0.946428571428571 0.309941520467836
8767 65 27 20 72 0.307692307692308 0.740740740740741 0.277777777777778
8771 9 1 0 10 0 0 0
8778 8 2 1 9 0.125 0.5 0.111111111111111
8781 57 7 6 58 0.105263157894737 0.857142857142857 0.103448275862069
8784 10 1 0 11 0 0 0
8804 44 13 9 48 0.204545454545455 0.692307692307692 0.1875
8816 16 1 1 16 0.0625 1 0.0625
8820 8 3 2 9 0.25 0.666666666666667 0.222222222222222
8833 11 1 1 11 0.0909090909090909 1 0.0909090909090909
8844 36 2 2 36 0.0555555555555556 1 0.0555555555555556
8866 105 2 2 105 0.019047619047619 1 0.019047619047619
8878 2 1 1 2 0.5 1 0.5
8879 25 12 6 31 0.24 0.5 0.193548387096774
8881 191 33 31 193 0.162303664921466 0.939393939393939 0.160621761658031
8890 2 1 1 2 0.5 1 0.5
8895 8 2 2 8 0.25 1 0.25
8897 59 14 7 66 0.11864406779661 0.5 0.106060606060606
8903 15 3 1 17 0.0666666666666667 0.333333333333333 0.0588235294117647
8928 640 22 21 641 0.0328125 0.954545454545455 0.0327613104524181
8943 19 5 5 19 0.263157894736842 1 0.263157894736842
8953 21 1 0 22 0 0 0
8954 37 13 8 42 0.216216216216216 0.615384615384615 0.19047619047619
8966 100 1 1 100 0.01 1 0.01
8970 2 1 1 2 0.5 1 0.5
8978 3 2 2 3 0.666666666666667 1 0.666666666666667
9 4 1 1 4 0.25 1 0.25
9002 1388 394 381 1401 0.274495677233429 0.967005076142132 0.271948608137045
9008 5 1 1 5 0.2 1 0.2
9009 156 17 12 161 0.0769230769230769 0.705882352941177 0.0745341614906832
9022 3 1 1 3 0.333333333333333 1 0.333333333333333
9026 13 5 4 14 0.307692307692308 0.8 0.285714285714286
9031 76 19 15 80 0.197368421052632 0.789473684210526 0.1875
9044 62 15 11 66 0.17741935483871 0.733333333333333 0.166666666666667
9063 50 16 11 55 0.22 0.6875 0.2
9080 9 6 4 11 0.444444444444444 0.666666666666667 0.363636363636364
9085 10 1 1 10 0.1 1 0.1
9112 5 1 1 5 0.2 1 0.2
9121 246 2 2 246 0.00813008130081301 1 0.00813008130081301
9129 6 1 0 7 0 0 0
9145 85 13 9 89 0.105882352941176 0.692307692307692 0.101123595505618
9150 28 8 5 31 0.178571428571429 0.625 0.161290322580645
9153 43 7 7 43 0.162790697674419 1 0.162790697674419
9162 1 1 1 1 1 1 1
9167 22 1 1 22 0.0454545454545455 1 0.0454545454545455
9188 3 2 1 4 0.333333333333333 0.5 0.25
9191 51 6 5 52 0.0980392156862745 0.833333333333333 0.0961538461538462
9211 44 13 9 48 0.204545454545455 0.692307692307692 0.1875
9231 2 2 1 3 0.5 0.5 0.333333333333333
9264 31 17 7 41 0.225806451612903 0.411764705882353 0.170731707317073
9268 8 1 1 8 0.125 1 0.125
9270 27 5 3 29 0.111111111111111 0.6 0.103448275862069
9293 23 1 1 23 0.0434782608695652 1 0.0434782608695652
9299 46 2 1 47 0.0217391304347826 0.5 0.0212765957446809
9304 196 8 7 197 0.0357142857142857 0.875 0.0355329949238579
9329 12 2 2 12 0.166666666666667 1 0.166666666666667
9340 2 2 1 3 0.5 0.5 0.333333333333333
9354 13 1 1 13 0.0769230769230769 1 0.0769230769230769
9365 7 1 1 7 0.142857142857143 1 0.142857142857143
9367 3 1 1 3 0.333333333333333 1 0.333333333333333
9406 2 1 0 3 0 0 0
9431 2 2 2 2 1 1 1
9433 4 2 1 5 0.25 0.5 0.2
9445 1 1 1 1 1 1 1
9476 7 1 0 8 0 0 0
9482 18 4 4 18 0.222222222222222 1 0.222222222222222
9497 34 6 6 34 0.176470588235294 1 0.176470588235294
9498 219 2 2 219 0.0091324200913242 1 0.0091324200913242
9503 30 5 3 32 0.1 0.6 0.09375
9505 112 8 7 113 0.0625 0.875 0.0619469026548673
9534 10 2 2 10 0.2 1 0.2
9541 6 2 0 8 0 0 0
9549 3 1 1 3 0.333333333333333 1 0.333333333333333
9555 2 1 0 3 0 0 0
9583 33 2 2 33 0.0606060606060606 1 0.0606060606060606
9584 11 2 1 12 0.0909090909090909 0.5 0.0833333333333333
9595 6 5 3 8 0.5 0.6 0.375
9600 5 3 3 5 0.6 1 0.6
9601 10 1 1 10 0.1 1 0.1
9607 6 4 0 10 0 0 0
9612 1 1 0 2 0 0 0
9619 2 2 2 2 1 1 1
9621 3 1 1 3 0.333333333333333 1 0.333333333333333
9622 7 5 2 10 0.285714285714286 0.4 0.2
9700 7 3 2 8 0.285714285714286 0.666666666666667 0.25
9732 2 2 1 3 0.5 0.5 0.333333333333333
9737 8 1 1 8 0.125 1 0.125
9738 8 1 0 9 0 0 0
9794 5 1 1 5 0.2 1 0.2
9800 12 2 0 14 0 0 0
9821 6 3 3 6 0.5 1 0.5
9829 16 2 2 16 0.125 1 0.125
9892 3 1 1 3 0.333333333333333 1 0.333333333333333
9896 2 1 1 2 0.5 1 0.5
9901 23 6 3 26 0.130434782608696 0.5 0.115384615384615
9911 21 1 1 21 0.0476190476190476 1 0.0476190476190476
9919 15 1 0 16 0 0 0
9924 47 1 0 48 0 0 0
9930 12 4 4 12 0.333333333333333 1 0.333333333333333
9999 2 1 0 3 0 0 0
