#ASN num_v4adj num_v6adj num_intersect(v4v6adj) num_union(adj) fr_v4(num_intersect/num_v4adj) fr_v6(num_intersect/num_v6adj) fr_intersect(num_intersect/num_union)
10013 2 8 1 9 0.5 0.125 0.111111111111111
10015 10 1 0 11 0 0 0
10030 2 1 1 2 0.5 1 0.5
101 37 5 5 37 0.135135135135135 1 0.135135135135135
102 3 1 1 3 0.333333333333333 1 0.333333333333333
10204 7 5 1 11 0.142857142857143 0.2 0.0909090909090909
10217 17 3 1 19 0.0588235294117647 0.333333333333333 0.0526315789473684
10318 2 1 0 3 0 0 0
10480 6 1 1 6 0.166666666666667 1 0.166666666666667
10490 29 2 2 29 0.0689655172413793 1 0.0689655172413793
10533 1 2 1 2 1 0.5 0.5
10569 1 1 1 1 1 1 1
10578 25 3 3 25 0.12 1 0.12
10586 4 1 0 5 0 0 0
10745 1 3 0 4 0 0 0
10764 14 3 2 15 0.142857142857143 0.666666666666667 0.133333333333333
10778 5 2 2 5 0.4 1 0.4
10886 38 16 6 48 0.157894736842105 0.375 0.125
109 13 5 0 18 0 0 0
1103 177 37 33 181 0.186440677966102 0.891891891891892 0.18232044198895
111 3 1 1 3 0.333333333333333 1 0.333333333333333
1126 37 10 6 41 0.162162162162162 0.6 0.146341463414634
11340 4 2 2 4 0.5 1 0.5
1140 22 3 1 24 0.0454545454545455 0.333333333333333 0.0416666666666667
11537 84 46 32 98 0.380952380952381 0.695652173913043 0.326530612244898
11588 12 1 1 12 0.0833333333333333 1 0.0833333333333333
11656 1 1 0 2 0 0 0
11815 2 1 0 3 0 0 0
11960 5 2 2 5 0.4 1 0.4
11990 4 1 0 5 0 0 0
1200 42 13 8 47 0.19047619047619 0.615384615384615 0.170212765957447
12008 31 1 1 31 0.032258064516129 1 0.032258064516129
12041 2 2 1 3 0.5 0.5 0.333333333333333
12046 2 1 1 2 0.5 1 0.5
12111 26 2 1 27 0.0384615384615385 0.5 0.037037037037037
1213 4 2 2 4 0.5 1 0.5
1221 93 7 1 99 0.010752688172043 0.142857142857143 0.0101010101010101
12287 2 2 1 3 0.5 0.5 0.333333333333333
12312 22 1 1 22 0.0454545454545455 1 0.0454545454545455
12337 37 15 13 39 0.351351351351351 0.866666666666667 0.333333333333333
12353 5 5 1 9 0.2 0.2 0.111111111111111
12355 14 9 7 16 0.5 0.777777777777778 0.4375
1237 35 3 2 36 0.0571428571428571 0.666666666666667 0.0555555555555556
12371 2 1 0 3 0 0 0
12386 12 2 2 12 0.166666666666667 1 0.166666666666667
12399 201 1 1 201 0.00497512437810945 1 0.00497512437810945
12401 12 3 2 13 0.166666666666667 0.666666666666667 0.153846153846154
12414 38 13 10 41 0.263157894736842 0.769230769230769 0.24390243902439
12429 21 1 1 21 0.0476190476190476 1 0.0476190476190476
12533 2 1 0 3 0 0 0
1257 113 5 1 117 0.00884955752212389 0.2 0.00854700854700855
12600 11 1 1 11 0.0909090909090909 1 0.0909090909090909
12611 36 2 0 38 0 0 0
12634 36 13 10 39 0.277777777777778 0.769230769230769 0.256410256410256
12637 9 4 1 12 0.111111111111111 0.25 0.0833333333333333
12638 3 3 0 6 0 0 0
12657 3 3 3 3 1 1 1
12709 2 1 0 3 0 0 0
1273 330 71 43 358 0.13030303030303 0.605633802816901 0.120111731843575
12731 45 10 8 47 0.177777777777778 0.8 0.170212765957447
12732 17 2 2 17 0.117647058823529 1 0.117647058823529
12741 71 1 0 72 0 0 0
12767 11 1 0 12 0 0 0
12769 6 1 1 6 0.166666666666667 1 0.166666666666667
12779 66 17 7 76 0.106060606060606 0.411764705882353 0.0921052631578947
12816 2 1 1 2 0.5 1 0.5
12817 2 2 2 2 1 1 1
12853 1 7 0 8 0 0 0
12859 335 69 64 340 0.191044776119403 0.927536231884058 0.188235294117647
12871 29 16 9 36 0.310344827586207 0.5625 0.25
12874 110 2 2 110 0.0181818181818182 1 0.0181818181818182
12895 9 1 1 9 0.111111111111111 1 0.111111111111111
12902 40 11 9 42 0.225 0.818181818181818 0.214285714285714
12931 4 1 1 4 0.25 1 0.25
12956 139 9 8 140 0.0575539568345324 0.888888888888889 0.0571428571428571
12968 98 2 1 99 0.0102040816326531 0.5 0.0101010101010101
12989 259 4 3 260 0.0115830115830116 0.75 0.0115384615384615
1299 454 30 25 459 0.0550660792951542 0.833333333333333 0.0544662309368192
13030 674 7 7 674 0.0103857566765579 1 0.0103857566765579
13039 4 1 1 4 0.25 1 0.25
13041 6 1 1 6 0.166666666666667 1 0.166666666666667
13092 5 1 1 5 0.2 1 0.2
13110 4 2 2 4 0.5 1 0.5
13115 4 2 1 5 0.25 0.5 0.2
1312 2 1 1 2 0.5 1 0.5
13189 19 2 2 19 0.105263157894737 1 0.105263157894737
13193 46 13 8 51 0.173913043478261 0.615384615384615 0.156862745098039
132 2 1 1 2 0.5 1 0.5
13237 474 47 41 480 0.0864978902953586 0.872340425531915 0.0854166666666667
13272 1 1 1 1 1 1 1
13293 22 2 2 22 0.0909090909090909 1 0.0909090909090909
13319 3 1 0 4 0 0 0
13448 4 1 1 4 0.25 1 0.25
13645 163 12 6 169 0.0368098159509202 0.5 0.0355029585798817
137 14 4 4 14 0.285714285714286 1 0.285714285714286
13802 6 1 0 7 0 0 0
13911 4 1 0 5 0 0 0
14277 9 10 3 16 0.333333333333333 0.3 0.1875
15169 91 5 2 94 0.021978021978022 0.4 0.0212765957446809
15412 246 2 1 247 0.0040650406504065 0.5 0.00404858299595142
15431 1 1 1 1 1 1 1
15444 247 23 15 255 0.0607287449392713 0.652173913043478 0.0588235294117647
15456 2 3 0 5 0 0 0
15469 1 1 0 2 0 0 0
15501 2 2 2 2 1 1 1
15589 35 8 2 41 0.0571428571428571 0.25 0.0487804878048781
15598 51 11 8 54 0.156862745098039 0.727272727272727 0.148148148148148
15623 28 3 2 29 0.0714285714285714 0.666666666666667 0.0689655172413793
15685 18 4 4 18 0.222222222222222 1 0.222222222222222
15694 45 1 1 45 0.0222222222222222 1 0.0222222222222222
15706 3 2 1 4 0.333333333333333 0.5 0.25
15725 2 2 1 3 0.5 0.5 0.333333333333333
15744 10 1 1 10 0.1 1 0.1
15782 10 2 2 10 0.2 1 0.2
15798 2 1 0 3 0 0 0
15919 6 1 1 6 0.166666666666667 1 0.166666666666667
16004 10 2 1 11 0.1 0.5 0.0909090909090909
16023 3 1 0 4 0 0 0
16030 57 13 10 60 0.175438596491228 0.769230769230769 0.166666666666667
16034 255 24 22 257 0.0862745098039216 0.916666666666667 0.0856031128404669
16086 32 18 6 44 0.1875 0.333333333333333 0.136363636363636
16128 14 4 3 15 0.214285714285714 0.75 0.2
16131 31 9 6 34 0.193548387096774 0.666666666666667 0.176470588235294
16150 232 7 4 235 0.0172413793103448 0.571428571428571 0.0170212765957447
16186 45 7 3 49 0.0666666666666667 0.428571428571429 0.0612244897959184
16215 207 33 32 208 0.154589371980676 0.96969696969697 0.153846153846154
16237 30 4 2 32 0.0666666666666667 0.5 0.0625
16245 21 3 1 23 0.0476190476190476 0.333333333333333 0.0434782608695652
16265 88 2 1 89 0.0113636363636364 0.5 0.0112359550561798
16276 61 2 2 61 0.0327868852459016 1 0.0327868852459016
16305 1 1 1 1 1 1 1
16316 4 3 1 6 0.25 0.333333333333333 0.166666666666667
16397 7 1 0 8 0 0 0
1653 31 4 2 33 0.0645161290322581 0.5 0.0606060606060606
16531 9 1 0 10 0 0 0
1659 7 3 2 8 0.285714285714286 0.666666666666667 0.25
16668 6 1 0 7 0 0 0
16713 29 1 0 30 0 0 0
16838 12 1 0 13 0 0 0
16942 2 3 0 5 0 0 0
16993 2 1 0 3 0 0 0
17263 3 1 0 4 0 0 0
1741 10 3 2 11 0.2 0.666666666666667 0.181818181818182
17435 3 2 0 5 0 0 0
17511 8 2 0 10 0 0 0
17529 7 1 0 8 0 0 0
17554 8 2 2 8 0.25 1 0.25
17579 10 4 2 12 0.2 0.5 0.166666666666667
1764 21 6 4 23 0.19047619047619 0.666666666666667 0.173913043478261
17676 35 7 2 40 0.0571428571428571 0.285714285714286 0.05
17716 3 1 1 3 0.333333333333333 1 0.333333333333333
17832 4 13 1 16 0.25 0.0769230769230769 0.0625
17843 2 1 1 2 0.5 1 0.5
17853 1 1 0 2 0 0 0
17934 2 4 1 5 0.5 0.25 0.2
1797 2 2 1 3 0.5 0.5 0.333333333333333
1798 3 2 0 5 0 0 0
18015 2 2 2 2 1 1 1
18059 12 1 0 13 0 0 0
18062 1 1 0 2 0 0 0
18119 2 1 0 3 0 0 0
18126 4 1 1 4 0.25 1 0.25
18182 3 1 0 4 0 0 0
18185 4 2 1 5 0.25 0.5 0.2
18206 2 2 0 4 0 0 0
18210 2 1 0 3 0 0 0
18266 3 1 1 3 0.333333333333333 1 0.333333333333333
18288 2 1 0 3 0 0 0
1835 6 1 1 6 0.166666666666667 1 0.166666666666667
18422 4 2 2 4 0.5 1 0.5
1853 100 17 14 103 0.14 0.823529411764706 0.135922330097087
18592 25 12 10 27 0.4 0.833333333333333 0.37037037037037
18666 2 2 0 4 0 0 0
1880 14 3 2 15 0.142857142857143 0.666666666666667 0.133333333333333
1881 2 1 1 2 0.5 1 0.5
1887 6 1 1 6 0.166666666666667 1 0.166666666666667
1901 129 2 1 130 0.00775193798449612 0.5 0.00769230769230769
19021 1 1 0 2 0 0 0
1916 19 3 3 19 0.157894736842105 1 0.157894736842105
19165 3 1 0 4 0 0 0
19166 3 1 1 3 0.333333333333333 1 0.333333333333333
1930 21 6 6 21 0.285714285714286 1 0.285714285714286
19318 40 6 4 42 0.1 0.666666666666667 0.0952380952380952
19401 32 9 7 34 0.21875 0.777777777777778 0.205882352941176
195 7 2 2 7 0.285714285714286 1 0.285714285714286
1955 11 2 2 11 0.181818181818182 1 0.181818181818182
19782 13 1 1 13 0.0769230769230769 1 0.0769230769230769
20080 16 2 2 16 0.125 1 0.125
2018 6 5 1 10 0.166666666666667 0.2 0.1
20312 4 2 1 5 0.25 0.5 0.2
2042 15 2 1 16 0.0666666666666667 0.5 0.0625
20473 25 1 0 26 0 0 0
20495 51 7 6 52 0.117647058823529 0.857142857142857 0.115384615384615
20569 12 1 1 12 0.0833333333333333 1 0.0833333333333333
20597 2 1 0 3 0 0 0
20612 3 2 2 3 0.666666666666667 1 0.666666666666667
20621 2 1 1 2 0.5 1 0.5
20633 16 7 2 21 0.125 0.285714285714286 0.0952380952380952
20640 196 63 49 210 0.25 0.777777777777778 0.233333333333333
20646 44 20 12 52 0.272727272727273 0.6 0.230769230769231
20650 6 1 1 6 0.166666666666667 1 0.166666666666667
20704 22 3 3 22 0.136363636363636 1 0.136363636363636
20712 7 2 0 9 0 0 0
20718 32 10 4 38 0.125 0.4 0.105263157894737
20745 1 3 0 4 0 0 0
20794 2 1 0 3 0 0 0
20834 35 5 4 36 0.114285714285714 0.8 0.111111111111111
20847 35 11 7 39 0.2 0.636363636363636 0.179487179487179
209 1272 5 3 1274 0.00235849056603774 0.6 0.00235478806907378
20900 2 1 0 3 0 0 0
20912 3 4 0 7 0 0 0
20965 48 41 41 48 0.854166666666667 1 0.854166666666667
210 9 1 1 9 0.111111111111111 1 0.111111111111111
21055 23 2 1 24 0.0434782608695652 0.5 0.0416666666666667
2107 1 1 1 1 1 1 1
2108 1 1 1 1 1 1 1
2110 49 6 1 54 0.0204081632653061 0.166666666666667 0.0185185185185185
21119 6 1 1 6 0.166666666666667 1 0.166666666666667
21155 37 13 9 41 0.243243243243243 0.692307692307692 0.219512195121951
2116 29 1 1 29 0.0344827586206897 1 0.0344827586206897
21221 29 8 6 31 0.206896551724138 0.75 0.193548387096774
2128 4 1 1 4 0.25 1 0.25
21280 9 1 0 10 0 0 0
21385 92 13 10 95 0.108695652173913 0.769230769230769 0.105263157894737
2153 40 7 7 40 0.175 1 0.175
21844 12 1 1 12 0.0833333333333333 1 0.0833333333333333
21947 19 2 2 19 0.105263157894737 1 0.105263157894737
22 1 1 1 1 1 1 1
2200 43 3 3 43 0.0697674418604651 1 0.0697674418604651
22166 2 1 0 3 0 0 0
22388 9 6 6 9 0.666666666666667 1 0.666666666666667
224 5 2 1 6 0.2 0.5 0.166666666666667
22548 21 2 1 22 0.0476190476190476 0.5 0.0454545454545455
226 22 2 2 22 0.0909090909090909 1 0.0909090909090909
22767 2 1 1 2 0.5 1 0.5
23140 3 1 1 3 0.333333333333333 1 0.333333333333333
23265 20 1 1 20 0.05 1 0.05
23393 53 3 2 54 0.0377358490566038 0.666666666666667 0.037037037037037
23504 28 6 2 32 0.0714285714285714 0.333333333333333 0.0625
23541 4 2 0 6 0 0 0
23554 2 1 1 2 0.5 1 0.5
23596 1 1 1 1 1 1 1
23600 3 2 2 3 0.666666666666667 1 0.666666666666667
23624 2 1 1 2 0.5 1 0.5
23634 4 2 2 4 0.5 1 0.5
23654 2 2 2 2 1 1 1
23693 5 1 0 6 0 0 0
23754 1 1 0 2 0 0 0
23774 4 2 1 5 0.25 0.5 0.2
23787 2 2 1 3 0.5 0.5 0.333333333333333
2381 30 2 1 31 0.0333333333333333 0.5 0.032258064516129
23836 1 1 1 1 1 1 1
23855 12 2 1 13 0.0833333333333333 0.5 0.0769230769230769
23889 4 1 1 4 0.25 1 0.25
23902 1 2 0 3 0 0 0
23910 2 5 1 6 0.5 0.2 0.166666666666667
23911 2 11 2 11 1 0.181818181818182 0.181818181818182
23912 1 2 0 3 0 0 0
23966 5 3 0 8 0 0 0
24 9 5 3 11 0.333333333333333 0.6 0.272727272727273
24226 2 1 0 3 0 0 0
24229 3 1 1 3 0.333333333333333 1 0.333333333333333
24287 4 3 3 4 0.75 1 0.75
24311 1 1 0 2 0 0 0
24334 2 1 1 2 0.5 1 0.5
24433 2 1 1 2 0.5 1 0.5
24435 1 1 0 2 0 0 0
24475 3 3 3 3 1 1 1
24489 6 5 4 7 0.666666666666667 0.8 0.571428571428571
24490 9 8 8 9 0.888888888888889 1 0.888888888888889
24514 2 1 1 2 0.5 1 0.5
24541 2 3 1 4 0.5 0.333333333333333 0.25
24555 2 1 1 2 0.5 1 0.5
24586 24 5 3 26 0.125 0.6 0.115384615384615
24587 41 4 2 43 0.0487804878048781 0.5 0.0465116279069767
24724 49 4 4 49 0.0816326530612245 1 0.0816326530612245
24730 50 8 6 52 0.12 0.75 0.115384615384615
24776 6 2 1 7 0.166666666666667 0.5 0.142857142857143
24875 195 42 37 200 0.18974358974359 0.880952380952381 0.185
2497 215 58 40 233 0.186046511627907 0.689655172413793 0.171673819742489
24973 3 1 0 4 0 0 0
250 9 3 0 12 0 0 0
2500 30 47 12 65 0.4 0.25531914893617 0.184615384615385
25058 2 1 1 2 0.5 1 0.5
2506 3 1 1 3 0.333333333333333 1 0.333333333333333
25061 31 2 1 32 0.032258064516129 0.5 0.03125
25098 16 1 1 16 0.0625 1 0.0625
2510 17 7 3 21 0.176470588235294 0.428571428571429 0.142857142857143
25108 15 4 4 15 0.266666666666667 1 0.266666666666667
25137 8 5 3 10 0.375 0.6 0.3
2514 19 4 2 21 0.105263157894737 0.5 0.0952380952380952
2515 6 1 1 6 0.166666666666667 1 0.166666666666667
25152 50 5 3 52 0.06 0.6 0.0576923076923077
2516 298 47 31 314 0.104026845637584 0.659574468085106 0.0987261146496815
2518 62 8 3 67 0.0483870967741935 0.375 0.0447761194029851
2519 26 3 1 28 0.0384615384615385 0.333333333333333 0.0357142857142857
25192 19 6 4 21 0.210526315789474 0.666666666666667 0.19047619047619
25208 5 1 0 6 0 0 0
25220 14 2 2 14 0.142857142857143 1 0.142857142857143
2523 4 1 1 4 0.25 1 0.25
25232 239 9 9 239 0.0376569037656904 1 0.0376569037656904
2527 10 6 2 14 0.2 0.333333333333333 0.142857142857143
25358 16 9 1 24 0.0625 0.111111111111111 0.0416666666666667
25384 9 2 0 11 0 0 0
25441 11 1 1 11 0.0909090909090909 1 0.0909090909090909
25473 4 1 1 4 0.25 1 0.25
2549 3 2 1 4 0.333333333333333 0.5 0.25
25538 2 1 0 3 0 0 0
25560 58 16 13 61 0.224137931034483 0.8125 0.213114754098361
25689 6 2 1 7 0.166666666666667 0.5 0.142857142857143
2586 6 1 1 6 0.166666666666667 1 0.166666666666667
2594 5 1 0 6 0 0 0
2595 2 1 0 3 0 0 0
2602 2 1 1 2 0.5 1 0.5
2603 31 12 8 35 0.258064516129032 0.666666666666667 0.228571428571429
2607 31 4 4 31 0.129032258064516 1 0.129032258064516
2611 49 10 9 50 0.183673469387755 0.9 0.18
2614 10 1 1 10 0.1 1 0.1
26415 24 3 0 27 0 0 0
26943 150 10 9 151 0.06 0.9 0.0596026490066225
2697 4 1 1 4 0.25 1 0.25
27 2 1 1 2 0.5 1 0.5
27319 24 3 3 24 0.125 1 0.125
27446 5 1 0 6 0 0 0
27678 6 1 1 6 0.166666666666667 1 0.166666666666667
27750 16 13 11 18 0.6875 0.846153846153846 0.611111111111111
278 5 7 1 11 0.2 0.142857142857143 0.0909090909090909
27841 1 1 1 1 1 1 1
2819 24 4 0 28 0 0 0
2839 3 2 1 4 0.333333333333333 0.5 0.25
2847 2 1 1 2 0.5 1 0.5
28472 1 1 1 1 1 1 1
2852 40 3 3 40 0.075 1 0.075
2857 142 11 7 146 0.0492957746478873 0.636363636363636 0.0479452054794521
286 323 49 27 345 0.0835913312693498 0.551020408163265 0.0782608695652174
2861 10 2 2 10 0.2 1 0.2
28678 2 1 1 2 0.5 1 0.5
28716 41 1 1 41 0.024390243902439 1 0.024390243902439
28725 5 1 0 6 0 0 0
28788 47 3 3 47 0.0638297872340425 1 0.0638297872340425
28792 10 1 0 11 0 0 0
28814 1 1 1 1 1 1 1
28824 1 1 0 2 0 0 0
2884 6 2 2 6 0.333333333333333 1 0.333333333333333
28855 9 1 1 9 0.111111111111111 1 0.111111111111111
28857 9 3 2 10 0.222222222222222 0.666666666666667 0.2
2895 9 2 2 9 0.222222222222222 1 0.222222222222222
2905 25 2 0 27 0 0 0
2907 70 6 4 72 0.0571428571428571 0.666666666666667 0.0555555555555556
29134 3 1 0 4 0 0 0
2914 559 124 68 615 0.121645796064401 0.548387096774194 0.110569105691057
2915 10 9 1 18 0.1 0.111111111111111 0.0555555555555556
29208 29 3 3 29 0.103448275862069 1 0.103448275862069
29216 1 2 1 2 1 0.5 0.5
29243 2 1 1 2 0.5 1 0.5
29259 5 3 3 5 0.6 1 0.6
293 130 26 20 136 0.153846153846154 0.769230769230769 0.147058823529412
29317 2 2 2 2 1 1 1
29402 7 1 0 8 0 0 0
29422 19 2 1 20 0.0526315789473684 0.5 0.05
29449 3 4 0 7 0 0 0
29452 3 1 0 4 0 0 0
29527 37 5 4 38 0.108108108108108 0.8 0.105263157894737
29632 9 2 0 11 0 0 0
29636 173 25 24 174 0.138728323699422 0.96 0.137931034482759
29668 32 2 1 33 0.03125 0.5 0.0303030303030303
29670 3 1 1 3 0.333333333333333 1 0.333333333333333
29686 299 72 69 302 0.230769230769231 0.958333333333333 0.228476821192053
29748 29 2 2 29 0.0689655172413793 1 0.0689655172413793
29791 39 2 0 41 0 0 0
29838 15 2 0 17 0 0 0
29877 5 3 1 7 0.2 0.333333333333333 0.142857142857143
3 5 1 0 6 0 0 0
30071 25 86 10 101 0.4 0.116279069767442 0.099009900990099
30128 4 3 2 5 0.5 0.666666666666667 0.4
30129 2 2 2 2 1 1 1
30132 10 2 2 10 0.2 1 0.2
30374 2 1 0 3 0 0 0
30653 20 2 1 21 0.05 0.5 0.0476190476190476
30834 5 2 2 5 0.4 1 0.4
30913 21 4 2 23 0.0952380952380952 0.5 0.0869565217391304
30947 3 1 1 3 0.333333333333333 1 0.333333333333333
31065 2 2 0 4 0 0 0
31103 3 3 0 6 0 0 0
31127 3 1 1 3 0.333333333333333 1 0.333333333333333
31246 6 1 1 6 0.166666666666667 1 0.166666666666667
31265 1 1 1 1 1 1 1
31283 60 2 2 60 0.0333333333333333 1 0.0333333333333333
31333 6 2 2 6 0.333333333333333 1 0.333333333333333
31383 21 10 5 26 0.238095238095238 0.5 0.192307692307692
3140 1 1 1 1 1 1 1
31424 12 2 1 13 0.0833333333333333 0.5 0.0769230769230769
31458 43 2 1 44 0.0232558139534884 0.5 0.0227272727272727
31477 50 1 1 50 0.02 1 0.02
31479 6 1 1 6 0.166666666666667 1 0.166666666666667
31708 5 2 2 5 0.4 1 0.4
31859 2 1 0 3 0 0 0
31985 6 1 0 7 0 0 0
32034 5 2 1 6 0.2 0.5 0.166666666666667
3212 50 1 1 50 0.02 1 0.02
3213 141 6 6 141 0.0425531914893617 1 0.0425531914893617
3221 1 1 1 1 1 1 1
3224 1 1 0 2 0 0 0
32361 7 1 1 7 0.142857142857143 1 0.142857142857143
3243 13 5 2 16 0.153846153846154 0.4 0.125
32459 3 1 1 3 0.333333333333333 1 0.333333333333333
3246 125 19 15 129 0.12 0.789473684210526 0.116279069767442
3248 37 13 8 42 0.216216216216216 0.615384615384615 0.19047619047619
3249 45 7 4 48 0.0888888888888889 0.571428571428571 0.0833333333333333
3257 366 155 71 450 0.193989071038251 0.458064516129032 0.157777777777778
3265 64 14 9 69 0.140625 0.642857142857143 0.130434782608696
3268 1 1 1 1 1 1 1
3277 99 1 0 100 0 0 0
3292 299 7 5 301 0.0167224080267559 0.714285714285714 0.0166112956810631
32978 3 1 1 3 0.333333333333333 1 0.333333333333333
3301 52 2 1 53 0.0192307692307692 0.5 0.0188679245283019
3303 375 2 1 376 0.00266666666666667 0.5 0.00265957446808511
3320 433 11 6 438 0.0138568129330254 0.545454545454545 0.0136986301369863
3327 69 12 11 70 0.159420289855072 0.916666666666667 0.157142857142857
3333 143 5 3 145 0.020979020979021 0.6 0.0206896551724138
3343 17 6 3 20 0.176470588235294 0.5 0.15
33437 1 8 1 8 1 0.125 0.125
3344 26 13 8 31 0.307692307692308 0.615384615384615 0.258064516129032
3352 59 3 1 61 0.0169491525423729 0.333333333333333 0.0163934426229508
3356 1362 31 26 1367 0.0190895741556534 0.838709677419355 0.0190197512801756
33843 26 8 4 30 0.153846153846154 0.5 0.133333333333333
34081 2 1 1 2 0.5 1 0.5
34159 7 1 1 7 0.142857142857143 1 0.142857142857143
34225 28 2 2 28 0.0714285714285714 1 0.0714285714285714
34243 1 1 1 1 1 1 1
34288 7 3 2 8 0.285714285714286 0.666666666666667 0.25
34309 26 8 4 30 0.153846153846154 0.5 0.133333333333333
34419 6 4 2 8 0.333333333333333 0.5 0.25
34631 2 2 1 3 0.5 0.5 0.333333333333333
34763 60 6 1 65 0.0166666666666667 0.166666666666667 0.0153846153846154
35003 2 1 1 2 0.5 1 0.5
35244 17 8 7 18 0.411764705882353 0.875 0.388888888888889
35272 9 1 1 9 0.111111111111111 1 0.111111111111111
35425 6 1 1 6 0.166666666666667 1 0.166666666666667
35485 7 3 2 8 0.285714285714286 0.666666666666667 0.25
3549 899 66 47 918 0.0522803114571746 0.712121212121212 0.05119825708061
35492 3 1 1 3 0.333333333333333 1 0.333333333333333
3551 1 1 0 2 0 0 0
3557 86 24 15 95 0.174418604651163 0.625 0.157894736842105
35612 3 2 0 5 0 0 0
35706 13 4 2 15 0.153846153846154 0.5 0.133333333333333
3597 9 1 1 9 0.111111111111111 1 0.111111111111111
3640 4 1 1 4 0.25 1 0.25
3662 13 1 1 13 0.0769230769230769 1 0.0769230769230769
36810 1 1 0 2 0 0 0
3741 240 1 0 241 0 0 0
3758 36 4 0 40 0 0 0
376 14 1 1 14 0.0714285714285714 1 0.0714285714285714
378 3 1 1 3 0.333333333333333 1 0.333333333333333
3790 2 1 1 2 0.5 1 0.5
38018 5 4 3 6 0.6 0.75 0.5
38022 12 3 3 12 0.25 1 0.25
38083 2 1 1 2 0.5 1 0.5
38128 1 1 0 2 0 0 0
38140 2 1 1 2 0.5 1 0.5
3825 1 2 0 3 0 0 0
38299 1 1 1 1 1 1 1
3836 4 9 1 12 0.25 0.111111111111111 0.0833333333333333
38986 3 1 1 3 0.333333333333333 1 0.333333333333333
39122 4 1 1 4 0.25 1 0.25
39211 1 1 1 1 1 1 1
39301 2 1 1 2 0.5 1 0.5
39469 164 37 33 168 0.201219512195122 0.891891891891892 0.196428571428571
39854 1 1 0 2 0 0 0
3999 1 1 1 1 1 1 1
40220 10 2 2 10 0.2 1 0.2
41075 1 1 0 2 0 0 0
41102 1 11 1 11 1 0.0909090909090909 0.0909090909090909
4134 68 2 0 70 0 0 0
41670 1 1 0 2 0 0 0
41773 1 1 1 1 1 1 1
42 86 2 2 86 0.0232558139534884 1 0.0232558139534884
4436 90 10 9 91 0.1 0.9 0.0989010989010989
4538 17 7 5 19 0.294117647058824 0.714285714285714 0.263157894736842
4555 1 3 0 4 0 0 0
4589 665 49 44 670 0.0661654135338346 0.897959183673469 0.0656716417910448
4608 3 2 1 4 0.333333333333333 0.5 0.25
4618 15 7 1 21 0.0666666666666667 0.142857142857143 0.0476190476190476
4621 27 3 2 28 0.0740740740740741 0.666666666666667 0.0714285714285714
4645 14 1 1 14 0.0714285714285714 1 0.0714285714285714
4651 30 6 4 32 0.133333333333333 0.666666666666667 0.125
4673 7 1 0 8 0 0 0
4675 6 6 2 10 0.333333333333333 0.333333333333333 0.2
4677 5 8 2 11 0.4 0.25 0.181818181818182
4678 8 7 2 13 0.25 0.285714285714286 0.153846153846154
4680 10 6 2 14 0.2 0.333333333333333 0.142857142857143
4685 8 6 3 11 0.375 0.5 0.272727272727273
4688 10 7 3 14 0.3 0.428571428571429 0.214285714285714
4691 8 13 4 17 0.5 0.307692307692308 0.235294117647059
4697 1 16 1 16 1 0.0625 0.0625
4702 5 4 2 7 0.4 0.5 0.285714285714286
4713 87 5 4 88 0.0459770114942529 0.8 0.0454545454545455
4716 87 44 11 120 0.126436781609195 0.25 0.0916666666666667
4717 3 2 2 3 0.666666666666667 1 0.666666666666667
4718 2 4 0 6 0 0 0
4721 11 5 0 16 0 0 0
4725 123 29 11 141 0.0894308943089431 0.379310344827586 0.0780141843971631
4738 1 1 1 1 1 1 1
4741 10 2 1 11 0.1 0.5 0.0909090909090909
4747 7 2 0 9 0 0 0
4750 45 4 1 48 0.0222222222222222 0.25 0.0208333333333333
4755 98 1 1 98 0.0102040816326531 1 0.0102040816326531
4761 38 2 1 39 0.0263157894736842 0.5 0.0256410256410256
4768 22 1 1 22 0.0454545454545455 1 0.0454545454545455
4775 42 2 1 43 0.0238095238095238 0.5 0.0232558139534884
4777 26 7 5 28 0.192307692307692 0.714285714285714 0.178571428571429
4780 26 2 1 27 0.0384615384615385 0.5 0.037037037037037
4782 3 1 0 4 0 0 0
4787 7 6 0 13 0 0 0
4788 92 9 4 97 0.0434782608695652 0.444444444444444 0.0412371134020619
4795 33 10 3 40 0.0909090909090909 0.3 0.075
48 1 1 1 1 1 1 1
4818 4 1 0 5 0 0 0
5050 17 2 2 17 0.117647058823529 1 0.117647058823529
513 39 8 5 42 0.128205128205128 0.625 0.119047619047619
5381 12 3 1 14 0.0833333333333333 0.333333333333333 0.0714285714285714
5385 14 8 4 18 0.285714285714286 0.5 0.222222222222222
5401 3 2 1 4 0.333333333333333 0.5 0.25
5408 29 1 1 29 0.0344827586206897 1 0.0344827586206897
5410 56 6 1 61 0.0178571428571429 0.166666666666667 0.0163934426229508
5413 182 2 1 183 0.00549450549450549 0.5 0.00546448087431694
5417 164 32 25 171 0.152439024390244 0.78125 0.146198830409357
5418 8 1 1 8 0.125 1 0.125
5421 3 1 1 3 0.333333333333333 1 0.333333333333333
5430 76 20 17 79 0.223684210526316 0.85 0.215189873417722
5459 225 9 9 225 0.04 1 0.04
5466 71 2 1 72 0.0140845070422535 0.5 0.0138888888888889
5486 41 2 0 43 0 0 0
5511 163 22 14 171 0.0858895705521472 0.636363636363636 0.0818713450292398
553 41 14 11 44 0.268292682926829 0.785714285714286 0.25
5533 11 5 2 14 0.181818181818182 0.4 0.142857142857143
5537 30 2 1 31 0.0333333333333333 0.5 0.032258064516129
5539 33 45 15 63 0.454545454545455 0.333333333333333 0.238095238095238
5549 3 2 2 3 0.666666666666667 1 0.666666666666667
5550 4 3 1 6 0.25 0.333333333333333 0.166666666666667
5568 99 4 3 100 0.0303030303030303 0.75 0.03
557 4 1 1 4 0.25 1 0.25
559 57 15 14 58 0.245614035087719 0.933333333333333 0.241379310344828
5602 15 3 1 17 0.0666666666666667 0.333333333333333 0.0588235294117647
5609 2 11 0 13 0 0 0
5623 1 3 0 4 0 0 0
5669 35 2 0 37 0 0 0
5693 10 2 0 12 0 0 0
57 20 2 2 20 0.1 1 0.1
5713 124 2 1 125 0.00806451612903226 0.5 0.008
577 108 1 1 108 0.00925925925925926 1 0.00925925925925926
6057 5 1 0 6 0 0 0
6062 8 2 0 10 0 0 0
6066 3 1 0 4 0 0 0
6083 25 6 4 27 0.16 0.666666666666667 0.148148148148148
6140 104 1 0 105 0 0 0
6149 1 2 0 3 0 0 0
6163 11 2 0 13 0 0 0
6182 1 1 1 1 1 1 1
6263 3 1 1 3 0.333333333333333 1 0.333333333333333
6320 302 1 0 303 0 0 0
6342 4 1 0 5 0 0 0
6360 10 2 2 10 0.2 1 0.2
6435 3 11 0 14 0 0 0
6453 403 52 39 416 0.0967741935483871 0.75 0.09375
6509 40 6 5 41 0.125 0.833333333333333 0.121951219512195
65500 4 1 0 5 0 0 0
6596 21 1 1 21 0.0476190476190476 1 0.0476190476190476
6619 13 2 0 15 0 0 0
6629 2 1 1 2 0.5 1 0.5
6648 26 2 1 27 0.0384615384615385 0.5 0.037037037037037
6666 36 17 12 41 0.333333333333333 0.705882352941177 0.292682926829268
6667 462 81 78 465 0.168831168831169 0.962962962962963 0.167741935483871
668 37 9 4 42 0.108108108108108 0.444444444444444 0.0952380952380952
6695 148 14 13 149 0.0878378378378378 0.928571428571429 0.087248322147651
6696 8 4 2 10 0.25 0.5 0.2
6706 8 3 2 9 0.25 0.666666666666667 0.222222222222222
6730 629 6 6 629 0.0095389507154213 1 0.0095389507154213
6762 136 26 21 141 0.154411764705882 0.807692307692308 0.148936170212766
6770 44 13 8 49 0.181818181818182 0.615384615384615 0.163265306122449
6772 14 5 5 14 0.357142857142857 1 0.357142857142857
6774 83 9 8 84 0.0963855421686747 0.888888888888889 0.0952380952380952
6775 6 3 2 7 0.333333333333333 0.666666666666667 0.285714285714286
680 53 11 9 55 0.169811320754717 0.818181818181818 0.163636363636364
6802 8 2 2 8 0.25 1 0.25
6830 148 67 26 189 0.175675675675676 0.388059701492537 0.137566137566138
6881 66 1 1 66 0.0151515151515152 1 0.0151515151515152
6882 4 1 1 4 0.25 1 0.25
6893 4 1 0 5 0 0 0
6895 8 1 1 8 0.125 1 0.125
6939 554 41 19 576 0.0342960288808664 0.463414634146341 0.0329861111111111
701 2853 1 0 2854 0 0 0
7018 2073 7 4 2076 0.00192957067052581 0.571428571428571 0.00192678227360308
7019 1 1 1 1 1 1 1
7065 15 3 1 17 0.0666666666666667 0.333333333333333 0.0588235294117647
7066 23 3 3 23 0.130434782608696 1 0.130434782608696
719 11 2 1 12 0.0909090909090909 0.5 0.0833333333333333
7470 32 1 1 32 0.03125 1 0.03125
7500 66 4 2 68 0.0303030303030303 0.5 0.0294117647058824
7514 20 9 5 24 0.25 0.555555555555556 0.208333333333333
7516 5 1 0 6 0 0 0
7521 4 3 1 6 0.25 0.333333333333333 0.166666666666667
7522 7 6 2 11 0.285714285714286 0.333333333333333 0.181818181818182
7530 2 1 0 3 0 0 0
7539 23 10 6 27 0.260869565217391 0.6 0.222222222222222
7570 2 4 1 5 0.5 0.25 0.2
7575 376 61 57 380 0.151595744680851 0.934426229508197 0.15
7606 51 2 2 51 0.0392156862745098 1 0.0392156862745098
7610 22 1 1 22 0.0454545454545455 1 0.0454545454545455
766 16 5 4 17 0.25 0.8 0.235294117647059
7660 38 28 14 52 0.368421052631579 0.5 0.269230769230769
7665 2 1 1 2 0.5 1 0.5
7667 3 1 0 4 0 0 0
7668 9 1 0 10 0 0 0
7670 21 2 1 22 0.0476190476190476 0.5 0.0454545454545455
7671 4 33 3 34 0.75 0.0909090909090909 0.0882352941176471
7682 10 3 2 11 0.2 0.666666666666667 0.181818181818182
7687 4 1 1 4 0.25 1 0.25
7717 2 3 0 5 0 0 0
7753 5 1 0 6 0 0 0
7781 4 3 1 6 0.25 0.333333333333333 0.166666666666667
7786 6 1 0 7 0 0 0
786 46 9 2 53 0.0434782608695652 0.222222222222222 0.0377358490566038
790 1 1 1 1 1 1 1
7908 36 2 1 37 0.0277777777777778 0.5 0.027027027027027
7949 9 2 0 11 0 0 0
8002 37 3 2 38 0.0540540540540541 0.666666666666667 0.0526315789473684
8018 2 1 1 2 0.5 1 0.5
81 16 1 1 16 0.0625 1 0.0625
8121 37 5 3 39 0.0810810810810811 0.6 0.0769230769230769
8195 77 8 8 77 0.103896103896104 1 0.103896103896104
8201 9 2 1 10 0.111111111111111 0.5 0.1
8220 534 13 12 535 0.0224719101123595 0.923076923076923 0.0224299065420561
8226 2 2 0 4 0 0 0
8237 7 5 3 9 0.428571428571429 0.6 0.333333333333333
8246 146 1 0 147 0 0 0
8256 1 1 1 1 1 1 1
8267 2 1 1 2 0.5 1 0.5
8286 1 1 0 2 0 0 0
8299 7 1 0 8 0 0 0
8319 33 12 9 36 0.272727272727273 0.75 0.25
8346 3 1 1 3 0.333333333333333 1 0.333333333333333
8364 9 1 0 10 0 0 0
8365 72 18 12 78 0.166666666666667 0.666666666666667 0.153846153846154
8368 12 2 2 12 0.166666666666667 1 0.166666666666667
8387 16 1 1 16 0.0625 1 0.0625
8419 195 4 3 196 0.0153846153846154 0.75 0.0153061224489796
8422 95 7 3 99 0.0315789473684211 0.428571428571429 0.0303030303030303
8426 236 11 8 239 0.0338983050847458 0.727272727272727 0.0334728033472803
8447 335 18 16 337 0.0477611940298507 0.888888888888889 0.0474777448071217
8469 33 10 8 35 0.242424242424242 0.8 0.228571428571429
8473 20 4 2 22 0.1 0.5 0.0909090909090909
8481 4 1 0 5 0 0 0
8489 5 3 1 7 0.2 0.333333333333333 0.142857142857143
8495 5 1 1 5 0.2 1 0.2
8501 32 10 10 32 0.3125 1 0.3125
8508 1 1 1 1 1 1 1
8517 17 1 1 17 0.0588235294117647 1 0.0588235294117647
852 132 1 1 132 0.00757575757575758 1 0.00757575757575758
8527 17 2 2 17 0.117647058823529 1 0.117647058823529
855 20 1 0 21 0 0 0
8560 68 18 15 71 0.220588235294118 0.833333333333333 0.211267605633803
8565 9 1 0 10 0 0 0
8586 69 5 4 70 0.0579710144927536 0.8 0.0571428571428571
8591 26 6 3 29 0.115384615384615 0.5 0.103448275862069
8657 90 3 2 91 0.0222222222222222 0.666666666666667 0.021978021978022
8664 5 2 1 6 0.2 0.5 0.166666666666667
8665 19 13 8 24 0.421052631578947 0.615384615384615 0.333333333333333
8674 46 4 3 47 0.0652173913043478 0.75 0.0638297872340425
8676 5 1 0 6 0 0 0
8728 1 1 1 1 1 1 1
8737 37 8 4 41 0.108108108108108 0.5 0.0975609756097561
8758 9 5 4 10 0.444444444444444 0.8 0.4
8763 131 33 31 133 0.236641221374046 0.939393939393939 0.233082706766917
8767 57 16 13 60 0.228070175438596 0.8125 0.216666666666667
8820 236 28 18 246 0.076271186440678 0.642857142857143 0.0731707317073171
8881 158 5 4 159 0.0253164556962025 0.8 0.0251572327044025
8897 56 10 6 60 0.107142857142857 0.6 0.1
8903 13 3 0 16 0 0 0
8943 18 3 2 19 0.111111111111111 0.666666666666667 0.105263157894737
8954 24 7 3 28 0.125 0.428571428571429 0.107142857142857
8966 76 1 1 76 0.0131578947368421 1 0.0131578947368421
8970 2 1 1 2 0.5 1 0.5
8975 68 3 2 69 0.0294117647058824 0.666666666666667 0.0289855072463768
8978 4 2 1 5 0.25 0.5 0.2
9009 173 12 6 179 0.0346820809248555 0.5 0.0335195530726257
9052 3 2 0 5 0 0 0
9080 10 3 2 11 0.2 0.666666666666667 0.181818181818182
9085 5 1 1 5 0.2 1 0.2
9112 8 1 1 8 0.125 1 0.125
9150 32 4 4 32 0.125 1 0.125
9153 35 3 3 35 0.0857142857142857 1 0.0857142857142857
9162 2 1 0 3 0 0 0
9264 60 41 9 92 0.15 0.219512195121951 0.0978260869565217
9270 32 8 6 34 0.1875 0.75 0.176470588235294
9299 37 1 1 37 0.027027027027027 1 0.027027027027027
9316 37 1 0 38 0 0 0
9327 2 1 0 3 0 0 0
9340 10 4 0 14 0 0 0
9406 1 2 0 3 0 0 0
9416 15 1 0 16 0 0 0
9505 76 5 4 77 0.0526315789473684 0.8 0.051948051948052
9541 7 3 0 10 0 0 0
9583 33 1 0 34 0 0 0
9595 10 4 2 12 0.2 0.5 0.166666666666667
9600 6 9 2 13 0.333333333333333 0.222222222222222 0.153846153846154
9607 5 1 0 6 0 0 0
9619 2 2 2 2 1 1 1
9621 3 8 2 9 0.666666666666667 0.25 0.222222222222222
9622 5 1 1 5 0.2 1 0.2
9687 2 1 1 2 0.5 1 0.5
9700 5 2 2 5 0.4 1 0.4
9758 1 1 0 2 0 0 0
9800 33 2 0 35 0 0 0
9821 2 2 2 2 1 1 1
9844 2 1 0 3 0 0 0
9875 3 2 1 4 0.333333333333333 0.5 0.25
9901 22 3 1 24 0.0454545454545455 0.333333333333333 0.0416666666666667
9919 17 1 0 18 0 0 0
9995 3 2 2 3 0.666666666666667 1 0.666666666666667
