#ASN num_v4adj num_v6adj num_intersect(v4v6adj) num_union(adj) fr_v4(num_intersect/num_v4adj) fr_v6(num_intersect/num_v6adj) fr_intersect(num_intersect/num_union)
10013 2 2 1 3 0.5 0.5 0.333333333333333
10015 10 1 0 11 0 0 0
10026 401 7 4 404 0.00997506234413965 0.571428571428571 0.0099009900990099
101 32 9 7 34 0.21875 0.777777777777778 0.205882352941176
10148 1 2 1 2 1 0.5 0.5
102 3 1 1 3 0.333333333333333 1 0.333333333333333
10204 3 4 1 6 0.333333333333333 0.25 0.166666666666667
10217 23 1 1 23 0.0434782608695652 1 0.0434782608695652
10310 145 4 2 147 0.0137931034482759 0.5 0.0136054421768707
10318 3 1 0 4 0 0 0
10343 2 1 1 2 0.5 1 0.5
10405 3 1 0 4 0 0 0
10429 76 2 1 77 0.0131578947368421 0.5 0.012987012987013
10466 29 3 3 29 0.103448275862069 1 0.103448275862069
10490 32 3 2 33 0.0625 0.666666666666667 0.0606060606060606
10533 1 1 1 1 1 1 1
10569 1 1 1 1 1 1 1
10578 25 4 4 25 0.16 1 0.16
10745 2 7 0 9 0 0 0
10778 5 1 1 5 0.2 1 0.2
10886 35 19 9 45 0.257142857142857 0.473684210526316 0.2
109 19 4 0 23 0 0 0
10996 5 1 1 5 0.2 1 0.2
1101 1 1 1 1 1 1 1
1103 192 68 65 195 0.338541666666667 0.955882352941177 0.333333333333333
111 2 2 1 3 0.5 0.5 0.333333333333333
11170 1 2 0 3 0 0 0
1120 15 2 0 17 0 0 0
1125 3 3 3 3 1 1 1
1126 40 10 7 43 0.175 0.7 0.162790697674419
11274 9 3 3 9 0.333333333333333 1 0.333333333333333
11279 3 1 1 3 0.333333333333333 1 0.333333333333333
11317 7 4 4 7 0.571428571428571 1 0.571428571428571
11340 8 1 1 8 0.125 1 0.125
1140 34 12 8 38 0.235294117647059 0.666666666666667 0.210526315789474
11457 11 1 0 12 0 0 0
11508 3 1 1 3 0.333333333333333 1 0.333333333333333
11537 121 51 44 128 0.363636363636364 0.862745098039216 0.34375
11588 5 1 1 5 0.2 1 0.2
11666 103 7 6 104 0.058252427184466 0.857142857142857 0.0576923076923077
11686 44 2 2 44 0.0454545454545455 1 0.0454545454545455
11694 2 1 1 2 0.5 1 0.5
11734 4 1 0 5 0 0 0
11830 4 1 0 5 0 0 0
11834 5 2 2 5 0.4 1 0.4
11847 5 1 0 6 0 0 0
11960 5 3 3 5 0.6 1 0.6
12 5 1 1 5 0.2 1 0.2
1200 46 15 10 51 0.217391304347826 0.666666666666667 0.196078431372549
12008 32 1 1 32 0.03125 1 0.03125
12041 45 17 15 47 0.333333333333333 0.882352941176471 0.319148936170213
12046 2 1 1 2 0.5 1 0.5
12111 23 2 2 23 0.0869565217391304 1 0.0869565217391304
1213 11 4 4 11 0.363636363636364 1 0.363636363636364
1221 119 2 0 121 0 0 0
1224 3 1 1 3 0.333333333333333 1 0.333333333333333
12287 2 1 1 2 0.5 1 0.5
12301 69 1 1 69 0.0144927536231884 1 0.0144927536231884
12303 3 2 1 4 0.333333333333333 0.5 0.25
12306 85 16 12 89 0.141176470588235 0.75 0.134831460674157
12312 58 17 14 61 0.241379310344828 0.823529411764706 0.229508196721311
12322 62 4 4 62 0.0645161290322581 1 0.0645161290322581
12329 8 2 1 9 0.125 0.5 0.111111111111111
12335 12 1 1 12 0.0833333333333333 1 0.0833333333333333
12337 43 54 21 76 0.488372093023256 0.388888888888889 0.276315789473684
12347 4 3 2 5 0.5 0.666666666666667 0.4
12350 121 5 5 121 0.0413223140495868 1 0.0413223140495868
12353 5 2 1 6 0.2 0.5 0.166666666666667
12355 37 16 13 40 0.351351351351351 0.8125 0.325
1237 36 4 2 38 0.0555555555555556 0.5 0.0526315789473684
12371 2 1 0 3 0 0 0
12374 4 1 1 4 0.25 1 0.25
12386 14 3 3 14 0.214285714285714 1 0.214285714285714
1239 1619 2 0 1621 0 0 0
12399 261 1 1 261 0.00383141762452107 1 0.00383141762452107
12401 14 2 1 15 0.0714285714285714 0.5 0.0666666666666667
12414 41 15 12 44 0.292682926829268 0.8 0.272727272727273
1248 18 4 0 22 0 0 0
12496 44 1 0 45 0 0 0
12502 3 2 1 4 0.333333333333333 0.5 0.25
1251 8 1 1 8 0.125 1 0.125
12533 2 1 0 3 0 0 0
12566 15 4 4 15 0.266666666666667 1 0.266666666666667
1257 131 51 28 154 0.213740458015267 0.549019607843137 0.181818181818182
12573 36 16 13 39 0.361111111111111 0.8125 0.333333333333333
12600 19 1 0 20 0 0 0
12611 43 21 14 50 0.325581395348837 0.666666666666667 0.28
12634 43 16 12 47 0.27906976744186 0.75 0.25531914893617
12637 67 24 21 70 0.313432835820896 0.875 0.3
12638 2 3 0 5 0 0 0
12654 53 21 13 61 0.245283018867925 0.619047619047619 0.213114754098361
12657 3 1 1 3 0.333333333333333 1 0.333333333333333
12684 5 3 2 6 0.4 0.666666666666667 0.333333333333333
12709 2 1 0 3 0 0 0
12714 55 1 1 55 0.0181818181818182 1 0.0181818181818182
1273 285 73 49 309 0.171929824561404 0.671232876712329 0.158576051779935
12731 55 21 15 61 0.272727272727273 0.714285714285714 0.245901639344262
12732 21 8 5 24 0.238095238095238 0.625 0.208333333333333
12757 3 1 1 3 0.333333333333333 1 0.333333333333333
12767 13 3 2 14 0.153846153846154 0.666666666666667 0.142857142857143
12769 4 1 1 4 0.25 1 0.25
12779 80 23 15 88 0.1875 0.652173913043478 0.170454545454545
1280 102 40 31 111 0.303921568627451 0.775 0.279279279279279
12816 1 1 1 1 1 1 1
12817 2 2 2 2 1 1 1
12850 17 5 5 17 0.294117647058824 1 0.294117647058824
12853 2 3 1 4 0.5 0.333333333333333 0.25
12859 558 157 149 566 0.267025089605735 0.949044585987261 0.263250883392226
12871 33 16 10 39 0.303030303030303 0.625 0.256410256410256
12874 204 2 2 204 0.00980392156862745 1 0.00980392156862745
12902 44 10 8 46 0.181818181818182 0.8 0.173913043478261
12931 4 3 2 5 0.5 0.666666666666667 0.4
12956 127 8 8 127 0.062992125984252 1 0.062992125984252
12968 145 17 10 152 0.0689655172413793 0.588235294117647 0.0657894736842105
12989 509 41 35 515 0.068762278978389 0.853658536585366 0.0679611650485437
1299 557 45 44 558 0.0789946140035907 0.977777777777778 0.0788530465949821
13030 928 202 194 936 0.209051724137931 0.96039603960396 0.207264957264957
13039 4 1 1 4 0.25 1 0.25
13041 7 2 2 7 0.285714285714286 1 0.285714285714286
13049 28 1 1 28 0.0357142857142857 1 0.0357142857142857
13062 13 2 0 15 0 0 0
13092 4 1 1 4 0.25 1 0.25
131 3 1 1 3 0.333333333333333 1 0.333333333333333
13105 21 8 4 25 0.19047619047619 0.5 0.16
131075 1 1 1 1 1 1 1
13110 6 2 1 7 0.166666666666667 0.5 0.142857142857143
13115 4 2 2 4 0.5 1 0.5
1312 2 1 1 2 0.5 1 0.5
13132 21 14 11 24 0.523809523809524 0.785714285714286 0.458333333333333
13184 40 18 10 48 0.25 0.555555555555556 0.208333333333333
13189 29 5 5 29 0.172413793103448 1 0.172413793103448
13193 50 15 12 53 0.24 0.8 0.226415094339623
13237 504 90 77 517 0.152777777777778 0.855555555555556 0.148936170212766
13272 1 2 1 2 1 0.5 0.5
13284 12 6 3 15 0.25 0.5 0.2
13293 22 3 3 22 0.136363636363636 1 0.136363636363636
13301 32 3 2 33 0.0625 0.666666666666667 0.0606060606060606
13319 7 4 3 8 0.428571428571429 0.75 0.375
13332 7 1 1 7 0.142857142857143 1 0.142857142857143
13448 6 2 1 7 0.166666666666667 0.5 0.142857142857143
13645 18 3 1 20 0.0555555555555556 0.333333333333333 0.05
13680 48 13 12 49 0.25 0.923076923076923 0.244897959183673
137 22 8 8 22 0.363636363636364 1 0.363636363636364
13714 2 1 1 2 0.5 1 0.5
13810 2 1 1 2 0.5 1 0.5
13855 4 1 0 5 0 0 0
13867 3 1 0 4 0 0 0
13901 2 1 1 2 0.5 1 0.5
13910 4 1 0 5 0 0 0
13911 3 1 0 4 0 0 0
14234 3 1 1 3 0.333333333333333 1 0.333333333333333
14259 27 3 1 29 0.037037037037037 0.333333333333333 0.0344827586206897
14262 4 2 2 4 0.5 1 0.5
14277 7 9 3 13 0.428571428571429 0.333333333333333 0.230769230769231
14325 11 2 2 11 0.181818181818182 1 0.181818181818182
14383 9 1 1 9 0.111111111111111 1 0.111111111111111
14589 17 6 5 18 0.294117647058824 0.833333333333333 0.277777777777778
14595 6 1 0 7 0 0 0
14650 1 2 1 2 1 0.5 0.5
14868 4 1 0 5 0 0 0
14907 3 3 2 4 0.666666666666667 0.666666666666667 0.5
15169 116 37 26 127 0.224137931034483 0.702702702702703 0.204724409448819
15189 5 1 1 5 0.2 1 0.2
15226 3 2 0 5 0 0 0
15373 2 1 1 2 0.5 1 0.5
15412 464 13 11 466 0.0237068965517241 0.846153846153846 0.0236051502145923
15444 264 21 14 271 0.053030303030303 0.666666666666667 0.0516605166051661
15456 3 3 3 3 1 1 1
15469 1 1 0 2 0 0 0
15474 2 1 1 2 0.5 1 0.5
15480 1 1 1 1 1 1 1
15533 19 2 1 20 0.0526315789473684 0.5 0.05
15557 124 1 1 124 0.00806451612903226 1 0.00806451612903226
15589 37 14 5 46 0.135135135135135 0.357142857142857 0.108695652173913
15598 151 28 23 156 0.152317880794702 0.821428571428571 0.147435897435897
15600 54 9 8 55 0.148148148148148 0.888888888888889 0.145454545454545
15623 34 5 3 36 0.0882352941176471 0.6 0.0833333333333333
15685 33 10 8 35 0.242424242424242 0.8 0.228571428571429
15694 67 1 1 67 0.0149253731343284 1 0.0149253731343284
15696 3 1 0 4 0 0 0
15725 2 2 1 3 0.5 0.5 0.333333333333333
15726 2 1 1 2 0.5 1 0.5
15744 10 1 1 10 0.1 1 0.1
15782 14 3 3 14 0.214285714285714 1 0.214285714285714
15798 2 1 0 3 0 0 0
15805 24 5 5 24 0.208333333333333 1 0.208333333333333
15879 46 14 11 49 0.239130434782609 0.785714285714286 0.224489795918367
15919 9 1 1 9 0.111111111111111 1 0.111111111111111
16004 14 6 5 15 0.357142857142857 0.833333333333333 0.333333333333333
16030 52 12 7 57 0.134615384615385 0.583333333333333 0.12280701754386
16034 21 6 3 24 0.142857142857143 0.5 0.125
16065 7 1 1 7 0.142857142857143 1 0.142857142857143
16086 32 19 10 41 0.3125 0.526315789473684 0.24390243902439
16117 3 1 1 3 0.333333333333333 1 0.333333333333333
16128 17 4 3 18 0.176470588235294 0.75 0.166666666666667
16131 49 16 10 55 0.204081632653061 0.625 0.181818181818182
16150 223 13 10 226 0.0448430493273543 0.769230769230769 0.0442477876106195
16178 5 1 0 6 0 0 0
16186 47 1 1 47 0.0212765957446809 1 0.0212765957446809
16206 13 2 0 15 0 0 0
16210 5 3 3 5 0.6 1 0.6
16215 16 6 5 17 0.3125 0.833333333333333 0.294117647058824
16237 38 7 5 40 0.131578947368421 0.714285714285714 0.125
16242 6 1 1 6 0.166666666666667 1 0.166666666666667
16243 62 9 8 63 0.129032258064516 0.888888888888889 0.126984126984127
16245 26 4 3 27 0.115384615384615 0.75 0.111111111111111
16246 5 4 3 6 0.6 0.75 0.5
16265 84 23 18 89 0.214285714285714 0.782608695652174 0.202247191011236
16276 76 2 2 76 0.0263157894736842 1 0.0263157894736842
16316 5 1 1 5 0.2 1 0.2
16347 8 1 1 8 0.125 1 0.125
16471 3 1 1 3 0.333333333333333 1 0.333333333333333
1653 28 3 3 28 0.107142857142857 1 0.107142857142857
16531 8 1 0 9 0 0 0
1659 10 3 2 11 0.2 0.666666666666667 0.181818181818182
16668 6 4 2 8 0.333333333333333 0.5 0.25
16724 5 1 1 5 0.2 1 0.2
16807 3 2 0 5 0 0 0
16838 10 1 0 11 0 0 0
16942 2 2 2 2 1 1 1
16993 2 1 0 3 0 0 0
1706 4 1 0 5 0 0 0
17061 2 1 0 3 0 0 0
17263 8 1 0 9 0 0 0
1741 10 4 3 11 0.3 0.75 0.272727272727273
17412 4 1 0 5 0 0 0
17435 1 3 0 4 0 0 0
17511 12 2 0 14 0 0 0
17529 7 1 1 7 0.142857142857143 1 0.142857142857143
17554 10 3 3 10 0.3 1 0.3
17579 12 13 9 16 0.75 0.692307692307692 0.5625
1764 44 7 6 45 0.136363636363636 0.857142857142857 0.133333333333333
17660 27 7 7 27 0.259259259259259 1 0.259259259259259
17676 38 3 2 39 0.0526315789473684 0.666666666666667 0.0512820512820513
17707 6 2 1 7 0.166666666666667 0.5 0.142857142857143
17709 13 1 0 14 0 0 0
17741 3 2 1 4 0.333333333333333 0.5 0.25
17832 2 2 0 4 0 0 0
17920 5 1 1 5 0.2 1 0.2
17934 2 2 2 2 1 1 1
17955 3 2 1 4 0.333333333333333 0.5 0.25
1797 3 2 1 4 0.333333333333333 0.5 0.25
1798 3 3 0 6 0 0 0
17990 5 1 1 5 0.2 1 0.2
18011 1 1 0 2 0 0 0
18119 3 1 0 4 0 0 0
18126 3 1 0 4 0 0 0
18146 3 4 1 6 0.333333333333333 0.25 0.166666666666667
18149 4 3 3 4 0.75 1 0.75
18182 3 1 0 4 0 0 0
18185 4 2 1 5 0.25 0.5 0.2
18203 3 2 0 5 0 0 0
18206 2 3 1 4 0.5 0.333333333333333 0.25
18218 2 1 1 2 0.5 1 0.5
18266 2 1 0 3 0 0 0
18344 1 2 0 3 0 0 0
1835 10 2 2 10 0.2 1 0.2
1836 60 10 9 61 0.15 0.9 0.147540983606557
18366 2 3 1 4 0.5 0.333333333333333 0.25
18422 4 1 1 4 0.25 1 0.25
18508 10 5 4 11 0.4 0.8 0.363636363636364
1853 119 22 21 120 0.176470588235294 0.954545454545455 0.175
18592 22 10 5 27 0.227272727272727 0.5 0.185185185185185
18666 2 2 0 4 0 0 0
18750 2 1 1 2 0.5 1 0.5
1880 13 4 3 14 0.230769230769231 0.75 0.214285714285714
1881 2 1 1 2 0.5 1 0.5
1887 6 1 1 6 0.166666666666667 1 0.166666666666667
1901 42 1 1 42 0.0238095238095238 1 0.0238095238095238
19021 3 2 1 4 0.333333333333333 0.5 0.25
19151 833 172 163 842 0.195678271308523 0.947674418604651 0.193586698337292
1916 20 10 4 26 0.2 0.4 0.153846153846154
19192 3 2 2 3 0.666666666666667 1 0.666666666666667
19255 7 7 4 10 0.571428571428571 0.571428571428571 0.4
1930 21 7 6 22 0.285714285714286 0.857142857142857 0.272727272727273
19401 39 14 13 40 0.333333333333333 0.928571428571429 0.325
195 7 3 1 9 0.142857142857143 0.333333333333333 0.111111111111111
1955 11 4 3 12 0.272727272727273 0.75 0.25
19557 4 1 0 5 0 0 0
19624 3 1 1 3 0.333333333333333 1 0.333333333333333
196613 2 2 2 2 1 1 1
196621 2 1 1 2 0.5 1 0.5
19782 16 2 2 16 0.125 1 0.125
19783 2 1 0 3 0 0 0
19866 2 1 1 2 0.5 1 0.5
20080 13 4 4 13 0.307692307692308 1 0.307692307692308
20144 33 5 5 33 0.151515151515152 1 0.151515151515152
2018 4 1 1 4 0.25 1 0.25
20312 8 4 3 9 0.375 0.75 0.333333333333333
2042 17 3 3 17 0.176470588235294 1 0.176470588235294
20436 2 1 0 3 0 0 0
20473 24 2 1 25 0.0416666666666667 0.5 0.04
20495 63 9 7 65 0.111111111111111 0.777777777777778 0.107692307692308
20507 41 2 2 41 0.0487804878048781 1 0.0487804878048781
20547 36 6 4 38 0.111111111111111 0.666666666666667 0.105263157894737
20555 3 1 1 3 0.333333333333333 1 0.333333333333333
20569 12 4 4 12 0.333333333333333 1 0.333333333333333
20570 4 1 1 4 0.25 1 0.25
20597 3 1 1 3 0.333333333333333 1 0.333333333333333
20608 3 2 0 5 0 0 0
20612 3 1 0 4 0 0 0
20621 3 1 1 3 0.333333333333333 1 0.333333333333333
20633 26 14 10 30 0.384615384615385 0.714285714285714 0.333333333333333
20634 37 1 1 37 0.027027027027027 1 0.027027027027027
20640 242 79 69 252 0.285123966942149 0.873417721518987 0.273809523809524
20650 6 1 1 6 0.166666666666667 1 0.166666666666667
20704 18 5 5 18 0.277777777777778 1 0.277777777777778
20707 2 1 1 2 0.5 1 0.5
20712 13 6 5 14 0.384615384615385 0.833333333333333 0.357142857142857
20718 28 12 3 37 0.107142857142857 0.25 0.0810810810810811
20766 16 1 1 16 0.0625 1 0.0625
20783 5 2 0 7 0 0 0
20847 35 18 13 40 0.371428571428571 0.722222222222222 0.325
209 1431 6 5 1432 0.00349406009783368 0.833333333333333 0.00349162011173184
20912 7 6 1 12 0.142857142857143 0.166666666666667 0.0833333333333333
20932 325 12 10 327 0.0307692307692308 0.833333333333333 0.0305810397553517
20953 24 1 1 24 0.0416666666666667 1 0.0416666666666667
20965 48 41 41 48 0.854166666666667 1 0.854166666666667
210 10 1 1 10 0.1 1 0.1
21011 81 8 7 82 0.0864197530864197 0.875 0.0853658536585366
21017 1 1 0 2 0 0 0
21042 3 1 1 3 0.333333333333333 1 0.333333333333333
21055 37 8 6 39 0.162162162162162 0.75 0.153846153846154
2107 1 1 1 1 1 1 1
2108 1 1 1 1 1 1 1
2110 42 2 0 44 0 0 0
21155 45 15 11 49 0.244444444444444 0.733333333333333 0.224489795918367
2116 26 3 3 26 0.115384615384615 1 0.115384615384615
21221 38 13 7 44 0.184210526315789 0.538461538461538 0.159090909090909
21263 35 14 10 39 0.285714285714286 0.714285714285714 0.256410256410256
2128 4 1 1 4 0.25 1 0.25
21320 6 1 1 6 0.166666666666667 1 0.166666666666667
21371 43 11 9 45 0.209302325581395 0.818181818181818 0.2
21385 91 23 17 97 0.186813186813187 0.739130434782609 0.175257731958763
21392 42 7 6 43 0.142857142857143 0.857142857142857 0.13953488372093
21396 33 11 9 35 0.272727272727273 0.818181818181818 0.257142857142857
21409 42 1 1 42 0.0238095238095238 1 0.0238095238095238
21414 72 1 1 72 0.0138888888888889 1 0.0138888888888889
21435 7 2 2 7 0.285714285714286 1 0.285714285714286
21497 10 1 1 10 0.1 1 0.1
21513 8 3 3 8 0.375 1 0.375
2152 90 2 1 91 0.0111111111111111 0.5 0.010989010989011
21527 5 1 1 5 0.2 1 0.2
2153 40 13 13 40 0.325 1 0.325
21548 24 1 1 24 0.0416666666666667 1 0.0416666666666667
21719 1 1 0 2 0 0 0
21737 7 1 0 8 0 0 0
21844 17 3 3 17 0.176470588235294 1 0.176470588235294
21947 27 3 3 27 0.111111111111111 1 0.111111111111111
21976 20 1 1 20 0.05 1 0.05
2200 43 6 4 45 0.0930232558139535 0.666666666666667 0.0888888888888889
22166 2 1 0 3 0 0 0
22192 3 1 1 3 0.333333333333333 1 0.333333333333333
22284 7 1 0 8 0 0 0
22302 7 1 1 7 0.142857142857143 1 0.142857142857143
22335 35 2 2 35 0.0571428571428571 1 0.0571428571428571
22356 29 1 0 30 0 0 0
22388 9 7 7 9 0.777777777777778 1 0.777777777777778
224 5 1 1 5 0.2 1 0.2
22404 2 1 0 3 0 0 0
22438 2 2 1 3 0.5 0.5 0.333333333333333
225 2 1 1 2 0.5 1 0.5
22548 9 2 2 9 0.222222222222222 1 0.222222222222222
226 29 3 3 29 0.103448275862069 1 0.103448275862069
22767 1 1 1 1 1 1 1
22773 254 1 1 254 0.00393700787401575 1 0.00393700787401575
22779 2 1 1 2 0.5 1 0.5
22829 18 2 2 18 0.111111111111111 1 0.111111111111111
23007 2 1 1 2 0.5 1 0.5
23028 4 2 0 6 0 0 0
23148 207 2 2 207 0.00966183574879227 1 0.00966183574879227
23342 43 7 7 43 0.162790697674419 1 0.162790697674419
23352 34 3 3 34 0.0882352941176471 1 0.0882352941176471
23456 18 7 4 21 0.222222222222222 0.571428571428571 0.19047619047619
23504 28 8 4 32 0.142857142857143 0.5 0.125
23541 11 1 0 12 0 0 0
23577 2 1 0 3 0 0 0
23596 3 2 2 3 0.666666666666667 1 0.666666666666667
23600 3 2 2 3 0.666666666666667 1 0.666666666666667
23624 2 1 1 2 0.5 1 0.5
23634 6 4 4 6 0.666666666666667 1 0.666666666666667
23637 2 1 0 3 0 0 0
23654 1 1 1 1 1 1 1
23655 19 1 0 20 0 0 0
237 30 1 1 30 0.0333333333333333 1 0.0333333333333333
23709 3 2 2 3 0.666666666666667 1 0.666666666666667
23745 10 3 1 12 0.1 0.333333333333333 0.0833333333333333
23754 3 1 0 4 0 0 0
23774 4 3 2 5 0.5 0.666666666666667 0.4
2381 21 3 3 21 0.142857142857143 1 0.142857142857143
23816 5 1 1 5 0.2 1 0.2
23836 1 1 1 1 1 1 1
23869 2 1 0 3 0 0 0
23889 3 1 1 3 0.333333333333333 1 0.333333333333333
23896 1 1 0 2 0 0 0
23902 2 2 0 4 0 0 0
23910 3 6 2 7 0.666666666666667 0.333333333333333 0.285714285714286
23911 8 17 5 20 0.625 0.294117647058824 0.25
23912 1 1 0 2 0 0 0
23966 3 1 0 4 0 0 0
24 10 8 5 13 0.5 0.625 0.384615384615385
24005 3 3 0 6 0 0 0
24130 12 2 2 12 0.166666666666667 1 0.166666666666667
24151 10 2 0 12 0 0 0
24175 3 1 1 3 0.333333333333333 1 0.333333333333333
24211 1 1 1 1 1 1 1
24218 18 2 0 20 0 0 0
24220 6 2 2 6 0.333333333333333 1 0.333333333333333
24226 3 2 0 5 0 0 0
24227 1 1 0 2 0 0 0
24229 4 1 1 4 0.25 1 0.25
24238 7 3 2 8 0.285714285714286 0.666666666666667 0.25
24287 4 4 4 4 1 1 1
24311 1 1 0 2 0 0 0
24326 15 1 1 15 0.0666666666666667 1 0.0666666666666667
24334 2 1 1 2 0.5 1 0.5
24390 2 1 1 2 0.5 1 0.5
24424 2 1 0 3 0 0 0
24433 2 1 1 2 0.5 1 0.5
24475 3 3 3 3 1 1 1
24489 9 8 8 9 0.888888888888889 1 0.888888888888889
24490 11 9 9 11 0.818181818181818 1 0.818181818181818
24499 2 1 0 3 0 0 0
24514 6 2 2 6 0.333333333333333 1 0.333333333333333
24541 2 3 1 4 0.5 0.333333333333333 0.25
24557 4 1 1 4 0.25 1 0.25
24586 31 11 6 36 0.193548387096774 0.545454545454545 0.166666666666667
24594 19 7 5 21 0.263157894736842 0.714285714285714 0.238095238095238
24638 22 1 1 22 0.0454545454545455 1 0.0454545454545455
24642 40 9 8 41 0.2 0.888888888888889 0.195121951219512
24679 34 13 9 38 0.264705882352941 0.692307692307692 0.236842105263158
24724 123 22 17 128 0.138211382113821 0.772727272727273 0.1328125
24730 55 1 1 55 0.0181818181818182 1 0.0181818181818182
24776 6 2 1 7 0.166666666666667 0.5 0.142857142857143
24785 98 8 6 100 0.0612244897959184 0.75 0.06
24796 5 2 2 5 0.4 1 0.4
24835 12 1 1 12 0.0833333333333333 1 0.0833333333333333
24863 15 3 2 16 0.133333333333333 0.666666666666667 0.125
24867 29 1 1 29 0.0344827586206897 1 0.0344827586206897
24875 231 19 17 233 0.0735930735930736 0.894736842105263 0.0729613733905579
24889 11 5 3 13 0.272727272727273 0.6 0.230769230769231
24900 1 1 1 1 1 1 1
24940 26 12 9 29 0.346153846153846 0.75 0.310344827586207
2495 10 1 1 10 0.1 1 0.1
24963 62 9 9 62 0.145161290322581 1 0.145161290322581
2497 237 55 43 249 0.181434599156118 0.781818181818182 0.172690763052209
24971 22 5 5 22 0.227272727272727 1 0.227272727272727
24973 4 1 0 5 0 0 0
25 2 1 1 2 0.5 1 0.5
250 9 2 1 10 0.111111111111111 0.5 0.1
2500 32 29 16 45 0.5 0.551724137931034 0.355555555555556
2506 2 1 1 2 0.5 1 0.5
25061 38 4 4 38 0.105263157894737 1 0.105263157894737
2510 16 3 2 17 0.125 0.666666666666667 0.117647058823529
25137 13 3 3 13 0.230769230769231 1 0.230769230769231
2514 14 1 1 14 0.0714285714285714 1 0.0714285714285714
25148 6 1 1 6 0.166666666666667 1 0.166666666666667
2515 6 2 1 7 0.166666666666667 0.5 0.142857142857143
25152 63 11 8 66 0.126984126984127 0.727272727272727 0.121212121212121
2516 320 36 32 324 0.1 0.888888888888889 0.0987654320987654
25164 2 1 1 2 0.5 1 0.5
2518 10 3 3 10 0.3 1 0.3
25182 33 7 5 35 0.151515151515152 0.714285714285714 0.142857142857143
2519 26 4 3 27 0.115384615384615 0.75 0.111111111111111
25192 25 11 10 26 0.4 0.909090909090909 0.384615384615385
25223 3 1 0 4 0 0 0
25234 6 3 2 7 0.333333333333333 0.666666666666667 0.285714285714286
2527 10 4 2 12 0.2 0.5 0.166666666666667
25279 18 5 5 18 0.277777777777778 1 0.277777777777778
25295 2 1 1 2 0.5 1 0.5
25358 13 11 4 20 0.307692307692308 0.363636363636364 0.2
25384 8 1 0 9 0 0 0
25415 4 1 1 4 0.25 1 0.25
25441 12 1 1 12 0.0833333333333333 1 0.0833333333333333
25466 28 10 8 30 0.285714285714286 0.8 0.266666666666667
25473 4 1 1 4 0.25 1 0.25
2549 2 1 0 3 0 0 0
25512 24 3 3 24 0.125 1 0.125
25525 55 9 9 55 0.163636363636364 1 0.163636363636364
25538 2 2 0 4 0 0 0
25560 277 80 71 286 0.256317689530686 0.8875 0.248251748251748
25563 3 1 1 3 0.333333333333333 1 0.333333333333333
25588 20 7 3 24 0.15 0.428571428571429 0.125
25596 39 10 8 41 0.205128205128205 0.8 0.195121951219512
2561 3 2 2 3 0.666666666666667 1 0.666666666666667
25689 13 2 1 14 0.0769230769230769 0.5 0.0714285714285714
2572 7 1 1 7 0.142857142857143 1 0.142857142857143
2576 2 1 1 2 0.5 1 0.5
25795 2 2 2 2 1 1 1
25818 8 1 0 9 0 0 0
25829 2 1 1 2 0.5 1 0.5
2586 10 1 1 10 0.1 1 0.1
25933 3 2 0 5 0 0 0
2594 4 1 0 5 0 0 0
2595 1 1 0 2 0 0 0
2602 4 3 3 4 0.75 1 0.75
2603 75 27 21 81 0.28 0.777777777777778 0.259259259259259
2607 26 7 6 27 0.230769230769231 0.857142857142857 0.222222222222222
2609 3 1 0 4 0 0 0
2611 38 9 8 39 0.210526315789474 0.888888888888889 0.205128205128205
2614 14 1 1 14 0.0714285714285714 1 0.0714285714285714
2637 4 1 1 4 0.25 1 0.25
26415 40 8 1 47 0.025 0.125 0.0212765957446809
26496 8 1 1 8 0.125 1 0.125
26773 2 2 2 2 1 1 1
26943 216 16 14 218 0.0648148148148148 0.875 0.0642201834862385
2697 7 2 2 7 0.285714285714286 1 0.285714285714286
26978 16 2 0 18 0 0 0
2698 6 3 3 6 0.5 1 0.5
27 2 1 1 2 0.5 1 0.5
2714 1 1 1 1 1 1 1
27319 24 5 5 24 0.208333333333333 1 0.208333333333333
27400 3 1 1 3 0.333333333333333 1 0.333333333333333
27446 3 1 0 4 0 0 0
27524 48 4 3 49 0.0625 0.75 0.0612244897959184
27552 7 1 1 7 0.142857142857143 1 0.142857142857143
27589 11 1 1 11 0.0909090909090909 1 0.0909090909090909
27630 4 1 1 4 0.25 1 0.25
27664 52 1 1 52 0.0192307692307692 1 0.0192307692307692
27678 6 1 0 7 0 0 0
27686 2 1 1 2 0.5 1 0.5
27725 1 1 1 1 1 1 1
27750 12 14 11 15 0.916666666666667 0.785714285714286 0.733333333333333
278 8 7 1 14 0.125 0.142857142857143 0.0714285714285714
27807 12 9 9 12 0.75 1 0.75
27817 5 1 1 5 0.2 1 0.2
27841 3 1 1 3 0.333333333333333 1 0.333333333333333
27891 2 1 1 2 0.5 1 0.5
27892 2 1 1 2 0.5 1 0.5
27924 3 1 1 3 0.333333333333333 1 0.333333333333333
27929 4 2 2 4 0.5 1 0.5
27933 3 1 1 3 0.333333333333333 1 0.333333333333333
28000 1 1 1 1 1 1 1
2819 31 3 2 32 0.0645161290322581 0.666666666666667 0.0625
2828 744 12 11 745 0.0147849462365591 0.916666666666667 0.0147651006711409
28289 3 1 0 4 0 0 0
28346 2 1 0 3 0 0 0
2847 3 2 2 3 0.666666666666667 1 0.666666666666667
2848 19 1 1 19 0.0526315789473684 1 0.0526315789473684
2852 73 10 9 74 0.123287671232877 0.9 0.121621621621622
2857 175 27 25 177 0.142857142857143 0.925925925925926 0.141242937853107
286 336 103 56 383 0.166666666666667 0.543689320388349 0.14621409921671
28618 3 2 0 5 0 0 0
28677 3 1 1 3 0.333333333333333 1 0.333333333333333
28678 2 1 1 2 0.5 1 0.5
28697 7 1 0 8 0 0 0
28716 55 1 1 55 0.0181818181818182 1 0.0181818181818182
28725 4 2 1 5 0.25 0.5 0.2
28753 50 13 10 53 0.2 0.769230769230769 0.188679245283019
28788 50 11 10 51 0.2 0.909090909090909 0.196078431372549
2884 4 2 2 4 0.5 1 0.5
28855 11 4 4 11 0.363636363636364 1 0.363636363636364
28857 8 4 4 8 0.5 1 0.5
28878 42 14 11 45 0.261904761904762 0.785714285714286 0.244444444444444
28929 55 7 5 57 0.0909090909090909 0.714285714285714 0.087719298245614
2895 216 2 1 217 0.00462962962962963 0.5 0.00460829493087558
29009 28 11 7 32 0.25 0.636363636363636 0.21875
2905 27 2 0 29 0 0 0
29066 34 13 9 38 0.264705882352941 0.692307692307692 0.236842105263158
2907 81 5 5 81 0.0617283950617284 1 0.0617283950617284
29113 66 11 10 67 0.151515151515152 0.909090909090909 0.149253731343284
29134 7 4 4 7 0.571428571428571 1 0.571428571428571
2914 649 183 122 710 0.187981510015408 0.666666666666667 0.171830985915493
29147 1 1 1 1 1 1 1
29208 574 153 136 591 0.236933797909408 0.888888888888889 0.230118443316413
29216 1 1 1 1 1 1 1
29222 50 3 3 50 0.06 1 0.06
29243 2 1 1 2 0.5 1 0.5
29259 4 2 2 4 0.5 1 0.5
293 62 19 15 66 0.241935483870968 0.789473684210526 0.227272727272727
29317 2 2 2 2 1 1 1
29372 1 2 0 3 0 0 0
29396 37 8 7 38 0.189189189189189 0.875 0.184210526315789
29405 14 2 2 14 0.142857142857143 1 0.142857142857143
29422 23 3 2 24 0.0869565217391304 0.666666666666667 0.0833333333333333
29449 44 17 10 51 0.227272727272727 0.588235294117647 0.196078431372549
29452 21 7 5 23 0.238095238095238 0.714285714285714 0.217391304347826
29488 1 1 1 1 1 1 1
29527 37 10 8 39 0.216216216216216 0.8 0.205128205128205
29542 4 1 1 4 0.25 1 0.25
29608 16 4 4 16 0.25 1 0.25
29611 23 7 6 24 0.260869565217391 0.857142857142857 0.25
29632 24 16 4 36 0.166666666666667 0.25 0.111111111111111
29636 217 49 48 218 0.221198156682028 0.979591836734694 0.220183486238532
29651 16 3 2 17 0.125 0.666666666666667 0.117647058823529
29655 6 2 2 6 0.333333333333333 1 0.333333333333333
29668 31 1 1 31 0.032258064516129 1 0.032258064516129
29670 10 2 2 10 0.2 1 0.2
29671 3 1 1 3 0.333333333333333 1 0.333333333333333
29686 312 108 96 324 0.307692307692308 0.888888888888889 0.296296296296296
29748 22 10 4 28 0.181818181818182 0.4 0.142857142857143
29791 187 2 1 188 0.0053475935828877 0.5 0.00531914893617021
29838 34 5 5 34 0.147058823529412 1 0.147058823529412
29877 7 2 1 8 0.142857142857143 0.5 0.125
29904 1 1 1 1 1 1 1
3 6 1 0 7 0 0 0
30058 5 1 1 5 0.2 1 0.2
30059 3 3 2 4 0.666666666666667 0.666666666666667 0.5
30071 8 100 6 102 0.75 0.06 0.0588235294117647
30129 3 2 2 3 0.666666666666667 1 0.666666666666667
30132 25 16 10 31 0.4 0.625 0.32258064516129
30217 5 1 1 5 0.2 1 0.2
30225 1 1 0 2 0 0 0
30340 20 1 1 20 0.05 1 0.05
30374 2 1 0 3 0 0 0
30528 6 4 2 8 0.333333333333333 0.5 0.25
30653 21 9 6 24 0.285714285714286 0.666666666666667 0.25
30700 4 2 2 4 0.5 1 0.5
30708 1 1 1 1 1 1 1
30781 41 11 11 41 0.268292682926829 1 0.268292682926829
30795 3 2 2 3 0.666666666666667 1 0.666666666666667
30833 14 2 1 15 0.0714285714285714 0.5 0.0666666666666667
30834 10 3 3 10 0.3 1 0.3
30844 249 4 3 250 0.0120481927710843 0.75 0.012
30880 11 1 1 11 0.0909090909090909 1 0.0909090909090909
30975 5 2 0 7 0 0 0
31078 4 1 1 4 0.25 1 0.25
31103 22 15 8 29 0.363636363636364 0.533333333333333 0.275862068965517
31117 8 4 3 9 0.375 0.75 0.333333333333333
31127 2 2 0 4 0 0 0
31252 18 3 3 18 0.166666666666667 1 0.166666666666667
31261 22 1 0 23 0 0 0
31265 1 1 1 1 1 1 1
31283 144 2 2 144 0.0138888888888889 1 0.0138888888888889
31333 14 5 5 14 0.357142857142857 1 0.357142857142857
3134 2 1 1 2 0.5 1 0.5
31383 29 8 5 32 0.172413793103448 0.625 0.15625
3140 1 1 1 1 1 1 1
31400 13 2 1 14 0.0769230769230769 0.5 0.0714285714285714
31424 15 3 2 16 0.133333333333333 0.666666666666667 0.125
31442 2 1 0 3 0 0 0
31445 67 9 4 72 0.0597014925373134 0.444444444444444 0.0555555555555556
31458 50 10 9 51 0.18 0.9 0.176470588235294
31477 190 2 2 190 0.0105263157894737 1 0.0105263157894737
31479 5 1 1 5 0.2 1 0.2
31529 48 4 2 50 0.0416666666666667 0.5 0.04
31615 3 1 0 4 0 0 0
31677 3 2 0 5 0 0 0
31708 21 11 8 24 0.380952380952381 0.727272727272727 0.333333333333333
31985 7 1 0 8 0 0 0
32034 5 2 2 5 0.4 1 0.4
3212 23 1 1 23 0.0434782608695652 1 0.0434782608695652
3213 38 12 10 40 0.263157894736842 0.833333333333333 0.25
3221 1 1 1 1 1 1 1
32329 3 1 1 3 0.333333333333333 1 0.333333333333333
32335 4 1 1 4 0.25 1 0.25
32346 1 2 1 2 1 0.5 0.5
32354 16 6 5 17 0.3125 0.833333333333333 0.294117647058824
32361 6 3 2 7 0.333333333333333 0.666666666666667 0.285714285714286
3243 15 3 2 16 0.133333333333333 0.666666666666667 0.125
32440 23 1 1 23 0.0434782608695652 1 0.0434782608695652
3248 56 24 18 62 0.321428571428571 0.75 0.290322580645161
3249 54 12 8 58 0.148148148148148 0.666666666666667 0.137931034482759
3257 499 225 115 609 0.230460921843687 0.511111111111111 0.188834154351396
32592 16 3 3 16 0.1875 1 0.1875
3261 23 1 1 23 0.0434782608695652 1 0.0434782608695652
3265 41 15 11 45 0.268292682926829 0.733333333333333 0.244444444444444
3267 334 6 6 334 0.0179640718562874 1 0.0179640718562874
3269 107 1 1 107 0.00934579439252336 1 0.00934579439252336
3277 50 1 1 50 0.02 1 0.02
32825 2 1 0 3 0 0 0
32890 2 1 0 3 0 0 0
32915 3 1 0 4 0 0 0
3292 403 15 14 404 0.0347394540942928 0.933333333333333 0.0346534653465347
32978 2 1 1 2 0.5 1 0.5
33 7 1 0 8 0 0 0
3301 64 4 3 65 0.046875 0.75 0.0461538461538462
3303 469 30 27 472 0.0575692963752665 0.9 0.0572033898305085
33073 6 1 1 6 0.166666666666667 1 0.166666666666667
33189 8 1 1 8 0.125 1 0.125
3320 512 17 11 518 0.021484375 0.647058823529412 0.0212355212355212
3327 121 21 17 125 0.140495867768595 0.80952380952381 0.136
3333 156 3 3 156 0.0192307692307692 1 0.0192307692307692
3344 9 5 2 12 0.222222222222222 0.4 0.166666666666667
33517 8 1 1 8 0.125 1 0.125
3352 69 3 1 71 0.0144927536231884 0.333333333333333 0.0140845070422535
3356 2191 70 60 2201 0.0273847558192606 0.857142857142857 0.0272603362108133
33597 22 1 1 22 0.0454545454545455 1 0.0454545454545455
3363 2 1 1 2 0.5 1 0.5
33789 1 2 1 2 1 0.5 0.5
33843 42 21 14 49 0.333333333333333 0.666666666666667 0.285714285714286
33876 1 1 1 1 1 1 1
33885 12 2 2 12 0.166666666666667 1 0.166666666666667
33891 42 17 14 45 0.333333333333333 0.823529411764706 0.311111111111111
33926 57 1 0 58 0 0 0
33930 2 1 0 3 0 0 0
34019 9 4 4 9 0.444444444444444 1 0.444444444444444
34021 7 2 1 8 0.142857142857143 0.5 0.125
34080 4 2 2 4 0.5 1 0.5
34081 3 2 2 3 0.666666666666667 1 0.666666666666667
34141 28 1 1 28 0.0357142857142857 1 0.0357142857142857
34146 15 1 1 15 0.0666666666666667 1 0.0666666666666667
34225 44 4 3 45 0.0681818181818182 0.75 0.0666666666666667
34244 5 2 2 5 0.4 1 0.4
34270 38 4 4 38 0.105263157894737 1 0.105263157894737
34288 6 2 1 7 0.166666666666667 0.5 0.142857142857143
34305 69 17 14 72 0.202898550724638 0.823529411764706 0.194444444444444
34309 41 97 21 117 0.51219512195122 0.216494845360825 0.179487179487179
34313 19 5 5 19 0.263157894736842 1 0.263157894736842
34372 4 1 1 4 0.25 1 0.25
34419 58 10 8 60 0.137931034482759 0.8 0.133333333333333
34427 3 1 1 3 0.333333333333333 1 0.333333333333333
34505 4 2 2 4 0.5 1 0.5
34549 8 4 2 10 0.25 0.5 0.2
34554 11 2 1 12 0.0909090909090909 0.5 0.0833333333333333
34567 1 2 1 2 1 0.5 0.5
34602 14 2 1 15 0.0714285714285714 0.5 0.0666666666666667
34631 2 1 1 2 0.5 1 0.5
34683 1 1 1 1 1 1 1
34695 312 44 39 317 0.125 0.886363636363636 0.123028391167192
34752 2 1 1 2 0.5 1 0.5
34763 73 20 13 80 0.178082191780822 0.65 0.1625
34781 13 1 1 13 0.0769230769230769 1 0.0769230769230769
34784 2 1 1 2 0.5 1 0.5
34863 2 1 0 3 0 0 0
34958 3 1 1 3 0.333333333333333 1 0.333333333333333
34968 30 12 9 33 0.3 0.75 0.272727272727273
34997 10 6 5 11 0.5 0.833333333333333 0.454545454545455
35 2 1 0 3 0 0 0
35028 33 11 9 35 0.272727272727273 0.818181818181818 0.257142857142857
35070 7 2 2 7 0.285714285714286 1 0.285714285714286
35087 11 1 1 11 0.0909090909090909 1 0.0909090909090909
35244 30 19 13 36 0.433333333333333 0.684210526315789 0.361111111111111
35272 4 2 2 4 0.5 1 0.5
35283 8 1 1 8 0.125 1 0.125
35320 117 16 12 121 0.102564102564103 0.75 0.0991735537190083
35393 9 2 1 10 0.111111111111111 0.5 0.1
35425 15 3 3 15 0.2 1 0.2
35432 2 1 1 2 0.5 1 0.5
35470 4 2 1 5 0.25 0.5 0.2
35485 2 1 0 3 0 0 0
3549 1277 118 104 1291 0.0814408770555991 0.88135593220339 0.080557707203718
35492 5 3 3 5 0.6 1 0.6
3551 1 1 0 2 0 0 0
3557 18 5 5 18 0.277777777777778 1 0.277777777777778
35592 7 3 3 7 0.428571428571429 1 0.428571428571429
3561 497 3 3 497 0.00603621730382294 1 0.00603621730382294
35612 5 3 0 8 0 0 0
35706 16 5 2 19 0.125 0.4 0.105263157894737
3582 2 2 1 3 0.5 0.5 0.333333333333333
35826 2 1 1 2 0.5 1 0.5
35908 21 1 1 21 0.0476190476190476 1 0.0476190476190476
3597 9 2 2 9 0.222222222222222 1 0.222222222222222
36252 2 2 2 2 1 1 1
36351 9 1 1 9 0.111111111111111 1 0.111111111111111
36383 2 2 1 3 0.5 0.5 0.333333333333333
36384 1 1 1 1 1 1 1
3640 5 1 1 5 0.2 1 0.2
36472 12 5 5 12 0.416666666666667 1 0.416666666666667
3661 6 6 2 10 0.333333333333333 0.333333333333333 0.2
3662 17 10 10 17 0.588235294117647 1 0.588235294117647
36671 2 1 1 2 0.5 1 0.5
36692 35 10 10 35 0.285714285714286 1 0.285714285714286
3676 6 2 2 6 0.333333333333333 1 0.333333333333333
36797 1 1 1 1 1 1 1
36856 10 4 2 12 0.2 0.5 0.166666666666667
36944 6 4 3 7 0.5 0.75 0.428571428571429
3714 5 1 1 5 0.2 1 0.2
3741 86 1 1 86 0.0116279069767442 1 0.0116279069767442
3742 14 1 1 14 0.0714285714285714 1 0.0714285714285714
3754 39 2 2 39 0.0512820512820513 1 0.0512820512820513
376 17 1 1 17 0.0588235294117647 1 0.0588235294117647
378 3 1 1 3 0.333333333333333 1 0.333333333333333
3790 4 1 1 4 0.25 1 0.25
38005 2 2 2 2 1 1 1
38018 6 6 5 7 0.833333333333333 0.833333333333333 0.714285714285714
38022 32 9 9 32 0.28125 1 0.28125
38082 20 6 6 20 0.3 1 0.3
38128 1 1 0 2 0 0 0
38140 2 1 1 2 0.5 1 0.5
38158 4 2 2 4 0.5 1 0.5
38229 1 1 1 1 1 1 1
3825 1 1 0 2 0 0 0
38299 2 1 1 2 0.5 1 0.5
3836 8 2 1 9 0.125 0.5 0.111111111111111
38457 3 1 0 4 0 0 0
38462 2 1 1 2 0.5 1 0.5
38477 3 1 1 3 0.333333333333333 1 0.333333333333333
38620 1 1 1 1 1 1 1
38629 1 1 1 1 1 1 1
38639 1 1 1 1 1 1 1
38711 1 1 1 1 1 1 1
38819 3 2 2 3 0.666666666666667 1 0.666666666666667
38922 14 1 0 15 0 0 0
39040 8 1 1 8 0.125 1 0.125
39093 3 1 1 3 0.333333333333333 1 0.333333333333333
39122 11 1 0 12 0 0 0
39145 7 3 2 8 0.285714285714286 0.666666666666667 0.25
39211 2 2 1 3 0.5 0.5 0.333333333333333
39301 2 1 0 3 0 0 0
39309 26 1 0 27 0 0 0
393222 1 1 1 1 1 1 1
39326 240 20 15 245 0.0625 0.75 0.0612244897959184
39342 2 1 1 2 0.5 1 0.5
3943 3 2 1 4 0.333333333333333 0.5 0.25
39537 2 1 0 3 0 0 0
39556 33 9 7 35 0.212121212121212 0.777777777777778 0.2
39560 2 1 1 2 0.5 1 0.5
39570 2 2 1 3 0.5 0.5 0.333333333333333
39602 2 1 0 3 0 0 0
39792 630 23 18 635 0.0285714285714286 0.782608695652174 0.0283464566929134
39837 4 2 2 4 0.5 1 0.5
39839 2 1 1 2 0.5 1 0.5
39854 1 1 1 1 1 1 1
39875 1 1 0 2 0 0 0
39912 330 2 2 330 0.00606060606060606 1 0.00606060606060606
3999 1 1 1 1 1 1 1
40009 29 6 5 30 0.172413793103448 0.833333333333333 0.166666666666667
40060 8 1 0 9 0 0 0
40068 9 2 2 9 0.222222222222222 1 0.222222222222222
40193 12 7 5 14 0.416666666666667 0.714285714285714 0.357142857142857
40220 13 5 5 13 0.384615384615385 1 0.384615384615385
40528 5 3 3 5 0.6 1 0.6
40589 2 1 1 2 0.5 1 0.5
40679 2 2 2 2 1 1 1
40832 2 1 1 2 0.5 1 0.5
40912 2 1 1 2 0.5 1 0.5
41012 25 8 6 27 0.24 0.75 0.222222222222222
41045 9 4 3 10 0.333333333333333 0.75 0.3
41075 3 3 0 6 0 0 0
4134 98 2 0 100 0 0 0
4150 3 1 0 4 0 0 0
4158 2 1 1 2 0.5 1 0.5
41589 3 1 1 3 0.333333333333333 1 0.333333333333333
41670 1 2 1 2 1 0.5 0.5
41692 389 69 51 407 0.131105398457584 0.739130434782609 0.125307125307125
41695 3 1 0 4 0 0 0
41698 2 1 1 2 0.5 1 0.5
41711 8 4 2 10 0.25 0.5 0.2
41773 5 2 2 5 0.4 1 0.4
41887 3 1 1 3 0.333333333333333 1 0.333333333333333
41913 8 1 1 8 0.125 1 0.125
42 103 3 3 103 0.029126213592233 1 0.029126213592233
42096 10 1 1 10 0.1 1 0.1
42178 4 1 1 4 0.25 1 0.25
42227 9 3 2 10 0.222222222222222 0.666666666666667 0.2
42579 8 2 2 8 0.25 1 0.25
42585 7 2 2 7 0.285714285714286 1 0.285714285714286
42652 36 3 3 36 0.0833333333333333 1 0.0833333333333333
42689 28 8 6 30 0.214285714285714 0.75 0.2
4270 4 2 2 4 0.5 1 0.5
42732 3 2 2 3 0.666666666666667 1 0.666666666666667
42841 5 2 2 5 0.4 1 0.4
42884 32 1 1 32 0.03125 1 0.03125
42909 12 2 2 12 0.166666666666667 1 0.166666666666667
42937 1 1 1 1 1 1 1
42965 1 1 1 1 1 1 1
43037 4 1 1 4 0.25 1 0.25
4323 1160 5 5 1160 0.00431034482758621 1 0.00431034482758621
43289 3 1 1 3 0.333333333333333 1 0.333333333333333
43313 3 1 1 3 0.333333333333333 1 0.333333333333333
43383 1 1 1 1 1 1 1
43556 4 1 1 4 0.25 1 0.25
43602 3 3 2 4 0.666666666666667 0.666666666666667 0.5
43751 4 1 0 5 0 0 0
43821 36 16 10 42 0.277777777777778 0.625 0.238095238095238
43843 3 1 1 3 0.333333333333333 1 0.333333333333333
43911 3 3 1 5 0.333333333333333 0.333333333333333 0.2
43948 3 1 1 3 0.333333333333333 1 0.333333333333333
43950 2 1 0 3 0 0 0
44042 34 17 11 40 0.323529411764706 0.647058823529412 0.275
44065 1 1 1 1 1 1 1
44212 5 1 1 5 0.2 1 0.2
44285 4 1 0 5 0 0 0
44358 1 1 1 1 1 1 1
4436 145 21 20 146 0.137931034482759 0.952380952380952 0.136986301369863
44489 1 1 1 1 1 1 1
44514 4 1 0 5 0 0 0
44654 5 2 2 5 0.4 1 0.4
44683 2 1 1 2 0.5 1 0.5
44928 1 1 1 1 1 1 1
44980 4 1 1 4 0.25 1 0.25
45131 1 1 1 1 1 1 1
4528 3 1 1 3 0.333333333333333 1 0.333333333333333
4538 52 5 4 53 0.0769230769230769 0.8 0.0754716981132075
45425 5 2 1 6 0.2 0.5 0.166666666666667
45459 1 1 0 2 0 0 0
4555 1 3 0 4 0 0 0
4589 700 91 87 704 0.124285714285714 0.956043956043956 0.123579545454545
4600 5 2 2 5 0.4 1 0.4
4605 1 1 1 1 1 1 1
4608 6 3 1 8 0.166666666666667 0.333333333333333 0.125
46135 9 1 1 9 0.111111111111111 1 0.111111111111111
4618 15 2 1 16 0.0666666666666667 0.5 0.0625
46208 2 1 1 2 0.5 1 0.5
4621 33 3 3 33 0.0909090909090909 1 0.0909090909090909
4622 1 1 0 2 0 0 0
4635 102 21 19 104 0.186274509803922 0.904761904761905 0.182692307692308
46357 2 1 1 2 0.5 1 0.5
4648 52 1 1 52 0.0192307692307692 1 0.0192307692307692
4651 29 8 7 30 0.241379310344828 0.875 0.233333333333333
46722 1 1 1 1 1 1 1
4675 6 1 0 7 0 0 0
4677 5 1 1 5 0.2 1 0.2
4680 9 3 1 11 0.111111111111111 0.333333333333333 0.0909090909090909
4685 10 3 2 11 0.2 0.666666666666667 0.181818181818182
4691 1 19 1 19 1 0.0526315789473684 0.0526315789473684
4697 3 8 3 8 1 0.375 0.375
4704 6 1 1 6 0.166666666666667 1 0.166666666666667
4711 2 1 0 3 0 0 0
4713 95 11 8 98 0.0842105263157895 0.727272727272727 0.0816326530612245
4716 49 14 5 58 0.102040816326531 0.357142857142857 0.0862068965517241
4717 3 2 2 3 0.666666666666667 1 0.666666666666667
4718 3 2 2 3 0.666666666666667 1 0.666666666666667
47227 2 1 1 2 0.5 1 0.5
4725 122 20 10 132 0.0819672131147541 0.5 0.0757575757575758
4739 51 11 10 52 0.196078431372549 0.909090909090909 0.192307692307692
4741 8 1 1 8 0.125 1 0.125
4747 4 2 0 6 0 0 0
4750 54 4 0 58 0 0 0
4755 166 1 1 166 0.00602409638554217 1 0.00602409638554217
4761 68 4 3 69 0.0441176470588235 0.75 0.0434782608695652
47617 3 1 1 3 0.333333333333333 1 0.333333333333333
4768 26 1 1 26 0.0384615384615385 1 0.0384615384615385
4770 17 3 0 20 0 0 0
4775 60 1 1 60 0.0166666666666667 1 0.0166666666666667
4777 36 6 3 39 0.0833333333333333 0.5 0.0769230769230769
4780 25 3 2 26 0.08 0.666666666666667 0.0769230769230769
4782 3 1 0 4 0 0 0
4787 7 4 1 10 0.142857142857143 0.25 0.1
4788 109 4 4 109 0.036697247706422 1 0.036697247706422
47880 2 2 1 3 0.5 0.5 0.333333333333333
47885 1 2 0 3 0 0 0
4795 35 5 2 38 0.0571428571428571 0.4 0.0526315789473684
4796 3 1 1 3 0.333333333333333 1 0.333333333333333
48039 5 2 2 5 0.4 1 0.4
48053 1 1 1 1 1 1 1
48185 2 2 1 3 0.5 0.5 0.333333333333333
48191 1 1 0 2 0 0 0
4826 36 14 12 38 0.333333333333333 0.857142857142857 0.315789473684211
48288 1 1 1 1 1 1 1
4829 4 1 1 4 0.25 1 0.25
48345 18 5 4 19 0.222222222222222 0.8 0.210526315789474
4844 2 1 1 2 0.5 1 0.5
4927 8 3 2 9 0.25 0.666666666666667 0.222222222222222
5050 21 4 4 21 0.19047619047619 1 0.19047619047619
5056 26 2 0 28 0 0 0
513 49 9 9 49 0.183673469387755 1 0.183673469387755
52 2 1 1 2 0.5 1 0.5
5381 14 3 2 15 0.142857142857143 0.666666666666667 0.133333333333333
5385 16 7 5 18 0.3125 0.714285714285714 0.277777777777778
5400 234 12 10 236 0.0427350427350427 0.833333333333333 0.0423728813559322
5401 1 1 1 1 1 1 1
5403 19 6 5 20 0.263157894736842 0.833333333333333 0.25
5408 30 3 2 31 0.0666666666666667 0.666666666666667 0.0645161290322581
5410 52 5 3 54 0.0576923076923077 0.6 0.0555555555555556
5413 222 2 2 222 0.00900900900900901 1 0.00900900900900901
5418 8 2 2 8 0.25 1 0.25
5421 3 2 1 4 0.333333333333333 0.5 0.25
543 1 1 1 1 1 1 1
5430 75 22 17 80 0.226666666666667 0.772727272727273 0.2125
5432 27 1 0 28 0 0 0
5459 48 14 10 52 0.208333333333333 0.714285714285714 0.192307692307692
5466 70 2 1 71 0.0142857142857143 0.5 0.0140845070422535
5486 28 2 0 30 0 0 0
55 3 1 1 3 0.333333333333333 1 0.333333333333333
5511 166 25 20 171 0.120481927710843 0.8 0.116959064327485
553 48 21 19 50 0.395833333333333 0.904761904761905 0.38
5537 28 3 2 29 0.0714285714285714 0.666666666666667 0.0689655172413793
5538 5 1 1 5 0.2 1 0.2
5539 43 52 19 76 0.441860465116279 0.365384615384615 0.25
5550 4 2 1 5 0.25 0.5 0.2
5568 231 9 6 234 0.025974025974026 0.666666666666667 0.0256410256410256
557 5 1 1 5 0.2 1 0.2
558 19 1 1 19 0.0526315789473684 1 0.0526315789473684
559 157 57 53 161 0.337579617834395 0.929824561403509 0.329192546583851
5602 27 5 4 28 0.148148148148148 0.8 0.142857142857143
5609 1 8 0 9 0 0 0
5615 22 1 1 22 0.0454545454545455 1 0.0454545454545455
5617 201 1 1 201 0.00497512437810945 1 0.00497512437810945
5645 18 6 4 20 0.222222222222222 0.666666666666667 0.2
5661 4 1 1 4 0.25 1 0.25
567 10 2 2 10 0.2 1 0.2
57 23 5 5 23 0.217391304347826 1 0.217391304347826
5713 60 2 1 61 0.0166666666666667 0.5 0.0163934426229508
577 122 2 2 122 0.0163934426229508 1 0.0163934426229508
5786 2 1 1 2 0.5 1 0.5
59 4 1 1 4 0.25 1 0.25
600 26 1 1 26 0.0384615384615385 1 0.0384615384615385
6057 6 5 4 7 0.666666666666667 0.8 0.571428571428571
6062 10 2 0 12 0 0 0
6066 1 1 0 2 0 0 0
6083 32 15 13 34 0.40625 0.866666666666667 0.382352941176471
6106 2 1 1 2 0.5 1 0.5
6122 9 1 1 9 0.111111111111111 1 0.111111111111111
6128 256 1 1 256 0.00390625 1 0.00390625
6147 1 7 0 8 0 0 0
6163 9 1 1 9 0.111111111111111 1 0.111111111111111
6181 41 2 2 41 0.0487804878048781 1 0.0487804878048781
6182 1 1 1 1 1 1 1
6262 1 1 1 1 1 1 1
6263 3 1 1 3 0.333333333333333 1 0.333333333333333
6342 4 1 0 5 0 0 0
6360 9 2 2 9 0.222222222222222 1 0.222222222222222
6366 3 1 1 3 0.333333333333333 1 0.333333333333333
6435 3 7 1 9 0.333333333333333 0.142857142857143 0.111111111111111
6453 516 82 71 527 0.137596899224806 0.865853658536585 0.134724857685009
6456 13 3 1 15 0.0769230769230769 0.333333333333333 0.0666666666666667
64603 1 1 0 2 0 0 0
6509 24 6 4 26 0.166666666666667 0.666666666666667 0.153846153846154
6536 19 2 1 20 0.0526315789473684 0.5 0.05
6619 25 5 4 26 0.16 0.8 0.153846153846154
6629 3 1 1 3 0.333333333333333 1 0.333333333333333
6648 42 3 1 44 0.0238095238095238 0.333333333333333 0.0227272727272727
6661 66 1 1 66 0.0151515151515152 1 0.0151515151515152
6666 40 19 11 48 0.275 0.578947368421053 0.229166666666667
6667 509 108 103 514 0.202357563850688 0.953703703703704 0.200389105058366
6677 71 17 6 82 0.0845070422535211 0.352941176470588 0.0731707317073171
668 34 7 3 38 0.0882352941176471 0.428571428571429 0.0789473684210526
6695 213 54 49 218 0.230046948356808 0.907407407407407 0.224770642201835
6702 18 2 2 18 0.111111111111111 1 0.111111111111111
6706 12 6 5 13 0.416666666666667 0.833333333333333 0.384615384615385
6724 40 18 16 42 0.4 0.888888888888889 0.380952380952381
6730 559 7 7 559 0.0125223613595707 1 0.0125223613595707
6760 9 1 1 9 0.111111111111111 1 0.111111111111111
6762 175 43 39 179 0.222857142857143 0.906976744186046 0.217877094972067
6770 37 15 8 44 0.216216216216216 0.533333333333333 0.181818181818182
6772 14 5 4 15 0.285714285714286 0.8 0.266666666666667
6774 78 14 13 79 0.166666666666667 0.928571428571429 0.164556962025316
6775 6 2 2 6 0.333333333333333 1 0.333333333333333
680 60 19 16 63 0.266666666666667 0.842105263157895 0.253968253968254
6802 7 2 2 7 0.285714285714286 1 0.285714285714286
681 2 1 1 2 0.5 1 0.5
6830 348 30 21 357 0.0603448275862069 0.7 0.0588235294117647
6838 1 1 1 1 1 1 1
6881 84 26 25 85 0.297619047619048 0.961538461538462 0.294117647058824
6893 2 1 1 2 0.5 1 0.5
6895 5 1 1 5 0.2 1 0.2
6908 103 18 16 105 0.155339805825243 0.888888888888889 0.152380952380952
6911 5 2 1 6 0.2 0.5 0.166666666666667
6939 947 355 245 1057 0.258711721224921 0.690140845070423 0.231788079470199
6966 3 2 2 3 0.666666666666667 1 0.666666666666667
6968 2 1 1 2 0.5 1 0.5
701 2636 21 15 2642 0.00569044006069803 0.714285714285714 0.0056775170325511
7012 16 4 3 17 0.1875 0.75 0.176470588235294
7018 2202 15 12 2205 0.00544959128065395 0.8 0.0054421768707483
7019 1 1 1 1 1 1 1
7065 17 3 2 18 0.117647058823529 0.666666666666667 0.111111111111111
7066 18 2 2 18 0.111111111111111 1 0.111111111111111
71 13 2 1 14 0.0769230769230769 0.5 0.0714285714285714
719 14 1 1 14 0.0714285714285714 1 0.0714285714285714
7195 1 1 0 2 0 0 0
72 9 1 0 10 0 0 0
7303 60 2 2 60 0.0333333333333333 1 0.0333333333333333
7377 3 1 0 4 0 0 0
7385 169 8 7 170 0.0414201183431953 0.875 0.0411764705882353
7412 2 1 0 3 0 0 0
7470 37 2 2 37 0.0540540540540541 1 0.0540540540540541
7473 142 10 10 142 0.0704225352112676 1 0.0704225352112676
7500 60 10 8 62 0.133333333333333 0.8 0.129032258064516
7503 4 3 0 7 0 0 0
7511 3 1 0 4 0 0 0
7514 24 3 3 24 0.125 1 0.125
7516 4 1 0 5 0 0 0
7521 5 2 1 6 0.2 0.5 0.166666666666667
7522 6 5 1 10 0.166666666666667 0.2 0.1
7529 18 1 1 18 0.0555555555555556 1 0.0555555555555556
7539 22 8 5 25 0.227272727272727 0.625 0.2
7543 12 3 1 14 0.0833333333333333 0.333333333333333 0.0714285714285714
7573 1 1 1 1 1 1 1
7575 210 54 51 213 0.242857142857143 0.944444444444444 0.23943661971831
7594 4 3 2 5 0.5 0.666666666666667 0.4
7599 1 1 0 2 0 0 0
7606 40 5 5 40 0.125 1 0.125
7610 17 1 0 18 0 0 0
7629 6 1 0 7 0 0 0
766 16 5 4 17 0.25 0.8 0.235294117647059
7660 41 19 16 44 0.390243902439024 0.842105263157895 0.363636363636364
7665 2 1 1 2 0.5 1 0.5
7667 6 1 1 6 0.166666666666667 1 0.166666666666667
7668 10 1 1 10 0.1 1 0.1
7670 19 3 2 20 0.105263157894737 0.666666666666667 0.1
7671 3 1 1 3 0.333333333333333 1 0.333333333333333
7682 9 3 1 11 0.111111111111111 0.333333333333333 0.0909090909090909
7687 3 1 1 3 0.333333333333333 1 0.333333333333333
7693 27 3 2 28 0.0740740740740741 0.666666666666667 0.0714285714285714
7718 12 2 1 13 0.0833333333333333 0.5 0.0769230769230769
7753 7 1 1 7 0.142857142857143 1 0.142857142857143
7781 5 9 3 11 0.6 0.333333333333333 0.272727272727273
7784 30 4 3 31 0.1 0.75 0.0967741935483871
7786 10 2 1 11 0.1 0.5 0.0909090909090909
7847 3 1 1 3 0.333333333333333 1 0.333333333333333
786 58 11 9 60 0.155172413793103 0.818181818181818 0.15
790 1 1 0 2 0 0 0
7902 15 1 1 15 0.0666666666666667 1 0.0666666666666667
7922 60 3 3 60 0.05 1 0.05
7941 3 1 1 3 0.333333333333333 1 0.333333333333333
7949 10 2 0 12 0 0 0
8001 273 8 8 273 0.0293040293040293 1 0.0293040293040293
8002 54 6 4 56 0.0740740740740741 0.666666666666667 0.0714285714285714
8018 2 1 0 3 0 0 0
8038 1 2 1 2 1 0.5 0.5
8047 23 5 5 23 0.217391304347826 1 0.217391304347826
8092 2 1 0 3 0 0 0
81 28 1 0 29 0 0 0
8121 45 11 7 49 0.155555555555556 0.636363636363636 0.142857142857143
8158 2 1 1 2 0.5 1 0.5
8201 7 1 1 7 0.142857142857143 1 0.142857142857143
8218 160 18 18 160 0.1125 1 0.1125
8220 558 12 11 559 0.0197132616487455 0.916666666666667 0.0196779964221825
8224 11 5 4 12 0.363636363636364 0.8 0.333333333333333
8226 2 2 0 4 0 0 0
8237 5 3 2 6 0.4 0.666666666666667 0.333333333333333
8240 3 1 0 4 0 0 0
8246 194 1 0 195 0 0 0
8251 8 5 5 8 0.625 1 0.625
8256 1 1 1 1 1 1 1
8262 33 1 1 33 0.0303030303030303 1 0.0303030303030303
8267 2 1 1 2 0.5 1 0.5
8282 11 1 1 11 0.0909090909090909 1 0.0909090909090909
8299 13 2 0 15 0 0 0
8302 7 1 1 7 0.142857142857143 1 0.142857142857143
8312 7 1 1 7 0.142857142857143 1 0.142857142857143
8319 39 15 13 41 0.333333333333333 0.866666666666667 0.317073170731707
8330 10 3 2 11 0.2 0.666666666666667 0.181818181818182
8346 6 2 2 6 0.333333333333333 1 0.333333333333333
8358 13 1 1 13 0.0769230769230769 1 0.0769230769230769
8359 540 32 24 548 0.0444444444444444 0.75 0.0437956204379562
8364 9 1 1 9 0.111111111111111 1 0.111111111111111
8365 115 45 32 128 0.278260869565217 0.711111111111111 0.25
8368 37 9 7 39 0.189189189189189 0.777777777777778 0.179487179487179
8374 4 1 1 4 0.25 1 0.25
8387 17 4 3 18 0.176470588235294 0.75 0.166666666666667
8391 21 13 9 25 0.428571428571429 0.692307692307692 0.36
8396 1 1 0 2 0 0 0
8419 252 3 3 252 0.0119047619047619 1 0.0119047619047619
8422 103 19 13 109 0.12621359223301 0.684210526315789 0.119266055045872
8426 438 19 15 442 0.0342465753424658 0.789473684210526 0.0339366515837104
8442 30 17 14 33 0.466666666666667 0.823529411764706 0.424242424242424
8447 521 26 22 525 0.0422264875239923 0.846153846153846 0.0419047619047619
8452 38 2 2 38 0.0526315789473684 1 0.0526315789473684
8468 564 10 9 565 0.0159574468085106 0.9 0.015929203539823
8469 37 16 13 40 0.351351351351351 0.8125 0.325
8473 30 4 3 31 0.1 0.75 0.0967741935483871
8481 2 1 0 3 0 0 0
8492 368 1 1 368 0.00271739130434783 1 0.00271739130434783
8495 20 2 2 20 0.1 1 0.1
8501 35 11 11 35 0.314285714285714 1 0.314285714285714
8508 1 1 1 1 1 1 1
8517 18 1 1 18 0.0555555555555556 1 0.0555555555555556
852 150 2 2 150 0.0133333333333333 1 0.0133333333333333
8522 2 2 2 2 1 1 1
8527 18 2 2 18 0.111111111111111 1 0.111111111111111
855 27 1 1 27 0.037037037037037 1 0.037037037037037
8551 112 1 1 112 0.00892857142857143 1 0.00892857142857143
8560 80 29 23 86 0.2875 0.793103448275862 0.267441860465116
8565 17 5 4 18 0.235294117647059 0.8 0.222222222222222
8586 65 2 2 65 0.0307692307692308 1 0.0307692307692308
8591 38 8 4 42 0.105263157894737 0.5 0.0952380952380952
8607 28 6 4 30 0.142857142857143 0.666666666666667 0.133333333333333
8648 34 12 7 39 0.205882352941176 0.583333333333333 0.179487179487179
8657 93 4 2 95 0.021505376344086 0.5 0.0210526315789474
8664 4 2 1 5 0.25 0.5 0.2
8674 59 5 4 60 0.0677966101694915 0.8 0.0666666666666667
8676 4 1 1 4 0.25 1 0.25
8683 28 2 2 28 0.0714285714285714 1 0.0714285714285714
8708 261 5 4 262 0.0153256704980843 0.8 0.0152671755725191
8717 89 4 3 90 0.0337078651685393 0.75 0.0333333333333333
8728 1 1 1 1 1 1 1
8737 34 5 3 36 0.0882352941176471 0.6 0.0833333333333333
8758 10 6 4 12 0.4 0.666666666666667 0.333333333333333
8763 150 44 41 153 0.273333333333333 0.931818181818182 0.26797385620915
8767 67 25 18 74 0.26865671641791 0.72 0.243243243243243
8781 25 1 0 26 0 0 0
8804 45 12 10 47 0.222222222222222 0.833333333333333 0.212765957446809
8816 17 1 1 17 0.0588235294117647 1 0.0588235294117647
8820 11 4 3 12 0.272727272727273 0.75 0.25
8823 7 1 0 8 0 0 0
8881 441 28 27 442 0.0612244897959184 0.964285714285714 0.0610859728506787
8895 7 2 2 7 0.285714285714286 1 0.285714285714286
8897 52 10 8 54 0.153846153846154 0.8 0.148148148148148
8903 12 4 0 16 0 0 0
8928 655 4 4 655 0.00610687022900763 1 0.00610687022900763
8943 17 5 5 17 0.294117647058824 1 0.294117647058824
8954 41 9 7 43 0.170731707317073 0.777777777777778 0.162790697674419
8966 61 1 1 61 0.0163934426229508 1 0.0163934426229508
8970 2 1 1 2 0.5 1 0.5
8978 6 2 2 6 0.333333333333333 1 0.333333333333333
9002 1022 246 227 1041 0.222113502935421 0.922764227642276 0.218059558117195
9008 4 1 1 4 0.25 1 0.25
9009 96 5 4 97 0.0416666666666667 0.8 0.0412371134020619
9022 2 1 1 2 0.5 1 0.5
9026 14 5 5 14 0.357142857142857 1 0.357142857142857
9031 55 4 3 56 0.0545454545454545 0.75 0.0535714285714286
9044 60 20 17 63 0.283333333333333 0.85 0.26984126984127
9080 8 4 3 9 0.375 0.75 0.333333333333333
9085 5 1 1 5 0.2 1 0.2
9112 7 1 1 7 0.142857142857143 1 0.142857142857143
9121 248 1 1 248 0.00403225806451613 1 0.00403225806451613
9129 10 1 0 11 0 0 0
9150 29 6 5 30 0.172413793103448 0.833333333333333 0.166666666666667
9153 38 6 6 38 0.157894736842105 1 0.157894736842105
9162 1 1 1 1 1 1 1
9188 4 2 1 5 0.25 0.5 0.2
9231 2 2 1 3 0.5 0.5 0.333333333333333
9264 27 20 9 38 0.333333333333333 0.45 0.236842105263158
9270 27 4 3 28 0.111111111111111 0.75 0.107142857142857
9299 41 2 1 42 0.024390243902439 0.5 0.0238095238095238
9304 249 8 7 250 0.0281124497991968 0.875 0.028
9329 13 2 2 13 0.153846153846154 1 0.153846153846154
9340 2 3 1 4 0.5 0.333333333333333 0.25
9367 3 1 1 3 0.333333333333333 1 0.333333333333333
9406 2 1 0 3 0 0 0
9431 2 1 1 2 0.5 1 0.5
9433 3 2 1 4 0.333333333333333 0.5 0.25
9445 1 1 1 1 1 1 1
9476 5 2 1 6 0.2 0.5 0.166666666666667
9497 29 4 4 29 0.137931034482759 1 0.137931034482759
9505 112 7 5 114 0.0446428571428571 0.714285714285714 0.043859649122807
9534 6 1 1 6 0.166666666666667 1 0.166666666666667
9541 7 2 0 9 0 0 0
9543 5 1 1 5 0.2 1 0.2
9549 2 1 1 2 0.5 1 0.5
9555 3 1 0 4 0 0 0
9583 40 2 1 41 0.025 0.5 0.024390243902439
9584 9 2 1 10 0.111111111111111 0.5 0.1
9595 6 4 2 8 0.333333333333333 0.5 0.25
9600 5 2 1 6 0.2 0.5 0.166666666666667
9607 6 2 1 7 0.166666666666667 0.5 0.142857142857143
9612 2 4 1 5 0.5 0.25 0.2
9619 2 1 1 2 0.5 1 0.5
9621 3 1 1 3 0.333333333333333 1 0.333333333333333
9622 8 2 1 9 0.125 0.5 0.111111111111111
9680 30 2 1 31 0.0333333333333333 0.5 0.032258064516129
9700 7 3 2 8 0.285714285714286 0.666666666666667 0.25
9722 44 8 7 45 0.159090909090909 0.875 0.155555555555556
9732 3 1 1 3 0.333333333333333 1 0.333333333333333
9794 4 1 1 4 0.25 1 0.25
9800 29 2 0 31 0 0 0
9821 5 3 3 5 0.6 1 0.6
9837 34 1 0 35 0 0 0
9896 1 1 1 1 1 1 1
9901 24 4 2 26 0.0833333333333333 0.5 0.0769230769230769
9919 18 1 0 19 0 0 0
9924 32 1 0 33 0 0 0
9930 19 3 3 19 0.157894736842105 1 0.157894736842105
