#ASN num_v4adj num_v6adj num_intersect(v4v6adj) num_union(adj) fr_v4(num_intersect/num_v4adj) fr_v6(num_intersect/num_v6adj) fr_intersect(num_intersect/num_union)
10013 1 2 1 2 1 0.5 0.5
10015 8 2 0 10 0 0 0
10021 18 2 2 18 0.111111111111111 1 0.111111111111111
10026 443 24 19 448 0.0428893905191874 0.791666666666667 0.0424107142857143
101 32 12 9 35 0.28125 0.75 0.257142857142857
10105 3 1 0 4 0 0 0
102 3 1 1 3 0.333333333333333 1 0.333333333333333
10204 6 5 1 10 0.166666666666667 0.2 0.1
10217 20 3 3 20 0.15 1 0.15
10248 1 1 1 1 1 1 1
10310 145 11 8 148 0.0551724137931034 0.727272727272727 0.0540540540540541
10318 6 1 0 7 0 0 0
10326 7 2 1 8 0.142857142857143 0.5 0.125
10343 2 1 1 2 0.5 1 0.5
10405 3 1 0 4 0 0 0
10429 98 1 1 98 0.0102040816326531 1 0.0102040816326531
10430 10 1 1 10 0.1 1 0.1
10466 28 3 3 28 0.107142857142857 1 0.107142857142857
10490 33 6 4 35 0.121212121212121 0.666666666666667 0.114285714285714
10533 1 3 1 3 1 0.333333333333333 0.333333333333333
10566 1 1 0 2 0 0 0
10569 1 1 1 1 1 1 1
10578 27 5 5 27 0.185185185185185 1 0.185185185185185
10586 6 2 0 8 0 0 0
10596 1 1 1 1 1 1 1
10745 2 7 0 9 0 0 0
10764 13 2 1 14 0.0769230769230769 0.5 0.0714285714285714
10835 22 1 1 22 0.0454545454545455 1 0.0454545454545455
10848 33 2 2 33 0.0606060606060606 1 0.0606060606060606
10886 40 18 9 49 0.225 0.5 0.183673469387755
109 22 3 0 25 0 0 0
10996 5 1 0 6 0 0 0
1101 1 1 1 1 1 1 1
1103 206 81 77 210 0.37378640776699 0.950617283950617 0.366666666666667
11051 12 2 2 12 0.166666666666667 1 0.166666666666667
11090 3 1 1 3 0.333333333333333 1 0.333333333333333
11096 42 2 2 42 0.0476190476190476 1 0.0476190476190476
111 2 2 1 3 0.5 0.5 0.333333333333333
11164 86 5 4 87 0.0465116279069767 0.8 0.0459770114942529
11170 2 2 0 4 0 0 0
1120 17 5 4 18 0.235294117647059 0.8 0.222222222222222
1126 42 12 7 47 0.166666666666667 0.583333333333333 0.148936170212766
11260 23 3 3 23 0.130434782608696 1 0.130434782608696
11274 11 4 3 12 0.272727272727273 0.75 0.25
11317 7 2 2 7 0.285714285714286 1 0.285714285714286
1132 2 2 2 2 1 1 1
11340 8 1 1 8 0.125 1 0.125
1140 33 11 7 37 0.212121212121212 0.636363636363636 0.189189189189189
11404 59 3 3 59 0.0508474576271186 1 0.0508474576271186
11457 6 1 0 7 0 0 0
11508 4 2 2 4 0.5 1 0.5
11522 6 3 2 7 0.333333333333333 0.666666666666667 0.285714285714286
11537 134 72 63 143 0.470149253731343 0.875 0.440559440559441
11588 6 1 1 6 0.166666666666667 1 0.166666666666667
11590 8 2 1 9 0.125 0.5 0.111111111111111
11666 229 12 10 231 0.0436681222707424 0.833333333333333 0.0432900432900433
11686 50 3 3 50 0.06 1 0.06
11694 3 1 1 3 0.333333333333333 1 0.333333333333333
11706 8 3 2 9 0.25 0.666666666666667 0.222222222222222
11734 4 1 0 5 0 0 0
11752 1 1 1 1 1 1 1
11758 17 2 1 18 0.0588235294117647 0.5 0.0555555555555556
11815 3 1 0 4 0 0 0
11847 7 1 0 8 0 0 0
11960 5 4 4 5 0.8 1 0.8
12 4 1 1 4 0.25 1 0.25
1200 48 15 12 51 0.25 0.8 0.235294117647059
12008 36 3 3 36 0.0833333333333333 1 0.0833333333333333
12036 3 2 1 4 0.333333333333333 0.5 0.25
12041 45 21 14 52 0.311111111111111 0.666666666666667 0.269230769230769
12046 3 1 1 3 0.333333333333333 1 0.333333333333333
1206 1 1 1 1 1 1 1
1207 1 1 1 1 1 1 1
12111 22 1 1 22 0.0454545454545455 1 0.0454545454545455
12129 30 2 2 30 0.0666666666666667 1 0.0666666666666667
1213 7 4 4 7 0.571428571428571 1 0.571428571428571
12188 19 4 4 19 0.210526315789474 1 0.210526315789474
1221 137 1 0 138 0 0 0
1224 3 1 1 3 0.333333333333333 1 0.333333333333333
12251 5 1 1 5 0.2 1 0.2
12287 2 1 1 2 0.5 1 0.5
12293 3 1 1 3 0.333333333333333 1 0.333333333333333
12301 116 15 9 122 0.0775862068965517 0.6 0.0737704918032787
12303 4 2 2 4 0.5 1 0.5
12306 86 19 16 89 0.186046511627907 0.842105263157895 0.179775280898876
12312 57 9 8 58 0.140350877192982 0.888888888888889 0.137931034482759
12316 3 1 1 3 0.333333333333333 1 0.333333333333333
12322 66 12 10 68 0.151515151515152 0.833333333333333 0.147058823529412
12329 9 3 2 10 0.222222222222222 0.666666666666667 0.2
12335 11 1 1 11 0.0909090909090909 1 0.0909090909090909
12337 62 21 17 66 0.274193548387097 0.80952380952381 0.257575757575758
12347 9 3 3 9 0.333333333333333 1 0.333333333333333
12348 22 1 1 22 0.0454545454545455 1 0.0454545454545455
12350 179 5 5 179 0.0279329608938547 1 0.0279329608938547
12353 3 3 2 4 0.666666666666667 0.666666666666667 0.5
12355 42 14 12 44 0.285714285714286 0.857142857142857 0.272727272727273
1237 32 4 2 34 0.0625 0.5 0.0588235294117647
12371 2 1 0 3 0 0 0
12374 4 1 1 4 0.25 1 0.25
12381 4 1 1 4 0.25 1 0.25
12386 15 3 3 15 0.2 1 0.2
12389 800 16 12 804 0.015 0.75 0.0149253731343284
1239 1424 3 0 1427 0 0 0
12399 309 1 1 309 0.00323624595469256 1 0.00323624595469256
12401 14 3 2 15 0.142857142857143 0.666666666666667 0.133333333333333
12414 51 17 13 55 0.254901960784314 0.764705882352941 0.236363636363636
12466 3 2 1 4 0.333333333333333 0.5 0.25
12476 9 1 0 10 0 0 0
1248 46 17 13 50 0.282608695652174 0.764705882352941 0.26
12496 48 1 0 49 0 0 0
12502 3 2 1 4 0.333333333333333 0.5 0.25
1251 10 2 2 10 0.2 1 0.2
12533 2 1 0 3 0 0 0
12552 85 9 8 86 0.0941176470588235 0.888888888888889 0.0930232558139535
12566 16 5 4 17 0.25 0.8 0.235294117647059
1257 118 64 29 153 0.245762711864407 0.453125 0.189542483660131
12573 43 18 15 46 0.348837209302326 0.833333333333333 0.326086956521739
12594 2 2 2 2 1 1 1
12597 4 1 1 4 0.25 1 0.25
12605 19 3 2 20 0.105263157894737 0.666666666666667 0.1
12611 46 20 12 54 0.260869565217391 0.6 0.222222222222222
12614 3 1 1 3 0.333333333333333 1 0.333333333333333
12634 47 18 13 52 0.276595744680851 0.722222222222222 0.25
12637 74 31 29 76 0.391891891891892 0.935483870967742 0.381578947368421
12638 2 3 0 5 0 0 0
12654 41 19 12 48 0.292682926829268 0.631578947368421 0.25
12657 2 1 0 3 0 0 0
12684 4 2 1 5 0.25 0.5 0.2
12709 3 1 0 4 0 0 0
12714 42 15 8 49 0.19047619047619 0.533333333333333 0.163265306122449
1273 294 80 53 321 0.180272108843537 0.6625 0.165109034267913
12731 54 20 13 61 0.240740740740741 0.65 0.213114754098361
12732 18 8 8 18 0.444444444444444 1 0.444444444444444
12757 8 1 0 9 0 0 0
12759 31 10 7 34 0.225806451612903 0.7 0.205882352941176
12767 15 3 2 16 0.133333333333333 0.666666666666667 0.125
12769 4 1 1 4 0.25 1 0.25
12778 12 2 1 13 0.0833333333333333 0.5 0.0769230769230769
12779 90 24 17 97 0.188888888888889 0.708333333333333 0.175257731958763
12782 2 1 1 2 0.5 1 0.5
1280 40 27 17 50 0.425 0.62962962962963 0.34
12816 1 1 1 1 1 1 1
12817 2 2 2 2 1 1 1
12822 3 1 1 3 0.333333333333333 1 0.333333333333333
12835 11 4 3 12 0.272727272727273 0.75 0.25
12850 20 5 5 20 0.25 1 0.25
12853 2 2 1 3 0.5 0.5 0.333333333333333
12859 605 224 214 615 0.353719008264463 0.955357142857143 0.347967479674797
12871 39 21 13 47 0.333333333333333 0.619047619047619 0.276595744680851
12874 221 2 2 221 0.00904977375565611 1 0.00904977375565611
12895 10 1 1 10 0.1 1 0.1
12902 44 11 7 48 0.159090909090909 0.636363636363636 0.145833333333333
12931 4 2 2 4 0.5 1 0.5
12956 122 15 13 124 0.10655737704918 0.866666666666667 0.104838709677419
12964 2 1 1 2 0.5 1 0.5
12968 149 16 10 155 0.0671140939597315 0.625 0.0645161290322581
12969 17 1 0 18 0 0 0
12989 540 35 32 543 0.0592592592592593 0.914285714285714 0.0589318600368324
1299 566 82 78 570 0.137809187279152 0.951219512195122 0.136842105263158
13000 9 3 3 9 0.333333333333333 1 0.333333333333333
13030 1073 320 306 1087 0.285181733457596 0.95625 0.281508739650414
13039 5 2 1 6 0.2 0.5 0.166666666666667
13041 8 2 2 8 0.25 1 0.25
13045 4 1 1 4 0.25 1 0.25
13049 11 1 1 11 0.0909090909090909 1 0.0909090909090909
13062 18 3 1 20 0.0555555555555556 0.333333333333333 0.05
13092 4 1 1 4 0.25 1 0.25
131 2 1 1 2 0.5 1 0.5
13105 24 6 4 26 0.166666666666667 0.666666666666667 0.153846153846154
131075 1 1 1 1 1 1 1
13110 8 2 2 8 0.25 1 0.25
13115 4 2 2 4 0.5 1 0.5
1312 3 2 2 3 0.666666666666667 1 0.666666666666667
13132 20 12 8 24 0.4 0.666666666666667 0.333333333333333
13184 42 16 9 49 0.214285714285714 0.5625 0.183673469387755
13189 32 10 9 33 0.28125 0.9 0.272727272727273
13193 56 21 16 61 0.285714285714286 0.761904761904762 0.262295081967213
13210 2 1 1 2 0.5 1 0.5
13214 7 2 2 7 0.285714285714286 1 0.285714285714286
13237 501 107 91 517 0.181636726546906 0.850467289719626 0.176015473887814
13238 32 1 1 32 0.03125 1 0.03125
13243 4 1 1 4 0.25 1 0.25
13284 17 9 6 20 0.352941176470588 0.666666666666667 0.3
13293 21 3 3 21 0.142857142857143 1 0.142857142857143
13319 7 6 4 9 0.571428571428571 0.666666666666667 0.444444444444444
13448 7 4 3 8 0.428571428571429 0.75 0.375
13536 9 1 0 10 0 0 0
13576 21 1 0 22 0 0 0
13645 15 2 1 16 0.0666666666666667 0.5 0.0625
13647 2 1 1 2 0.5 1 0.5
13657 8 2 2 8 0.25 1 0.25
13680 58 17 14 61 0.241379310344828 0.823529411764706 0.229508196721311
137 26 9 9 26 0.346153846153846 1 0.346153846153846
13714 2 1 1 2 0.5 1 0.5
13768 163 3 3 163 0.0184049079754601 1 0.0184049079754601
13810 2 1 1 2 0.5 1 0.5
13855 4 1 0 5 0 0 0
13867 3 2 1 4 0.333333333333333 0.5 0.25
13868 5 1 0 6 0 0 0
13901 2 1 1 2 0.5 1 0.5
13910 5 1 0 6 0 0 0
13911 3 1 0 4 0 0 0
13945 3 1 0 4 0 0 0
14 5 2 2 5 0.4 1 0.4
14026 6 1 1 6 0.166666666666667 1 0.166666666666667
14037 1 1 1 1 1 1 1
1406 1 1 1 1 1 1 1
14080 12 2 2 12 0.166666666666667 1 0.166666666666667
14085 5 2 2 5 0.4 1 0.4
14103 7 1 0 8 0 0 0
1424 1 1 1 1 1 1 1
14259 30 4 3 31 0.1 0.75 0.0967741935483871
1426 1 1 1 1 1 1 1
14262 3 2 2 3 0.666666666666667 1 0.666666666666667
14277 5 4 2 7 0.4 0.5 0.285714285714286
14325 11 2 2 11 0.181818181818182 1 0.181818181818182
14383 4 1 1 4 0.25 1 0.25
14492 47 1 1 47 0.0212765957446809 1 0.0212765957446809
14511 1 2 0 3 0 0 0
14589 24 7 6 25 0.25 0.857142857142857 0.24
14595 6 1 0 7 0 0 0
14609 14 1 1 14 0.0714285714285714 1 0.0714285714285714
14650 1 2 1 2 1 0.5 0.5
14868 13 1 1 13 0.0769230769230769 1 0.0769230769230769
14907 3 2 2 3 0.666666666666667 1 0.666666666666667
15003 6 1 1 6 0.166666666666667 1 0.166666666666667
15022 1 1 1 1 1 1 1
15088 2 1 0 3 0 0 0
15169 120 50 30 140 0.25 0.6 0.214285714285714
15189 7 3 2 8 0.285714285714286 0.666666666666667 0.25
15216 2 1 0 3 0 0 0
15226 3 2 0 5 0 0 0
15296 7 1 1 7 0.142857142857143 1 0.142857142857143
15318 2 1 0 3 0 0 0
15373 2 1 1 2 0.5 1 0.5
15412 421 12 9 424 0.0213776722090261 0.75 0.0212264150943396
15436 12 3 3 12 0.25 1 0.25
15444 299 18 12 305 0.040133779264214 0.666666666666667 0.039344262295082
15451 2 1 0 3 0 0 0
15456 3 1 1 3 0.333333333333333 1 0.333333333333333
15469 5 3 0 8 0 0 0
15474 1 1 1 1 1 1 1
15479 13 1 1 13 0.0769230769230769 1 0.0769230769230769
15498 11 3 3 11 0.272727272727273 1 0.272727272727273
15525 15 1 0 16 0 0 0
15533 35 5 4 36 0.114285714285714 0.8 0.111111111111111
15557 134 2 2 134 0.0149253731343284 1 0.0149253731343284
15576 35 6 6 35 0.171428571428571 1 0.171428571428571
15589 39 6 4 41 0.102564102564103 0.666666666666667 0.0975609756097561
15598 132 28 22 138 0.166666666666667 0.785714285714286 0.159420289855072
15600 52 12 11 53 0.211538461538462 0.916666666666667 0.207547169811321
15623 39 7 6 40 0.153846153846154 0.857142857142857 0.15
15653 3 1 1 3 0.333333333333333 1 0.333333333333333
15657 2 1 1 2 0.5 1 0.5
15685 36 15 14 37 0.388888888888889 0.933333333333333 0.378378378378378
15694 88 1 1 88 0.0113636363636364 1 0.0113636363636364
15696 2 1 0 3 0 0 0
15716 5 2 2 5 0.4 1 0.4
15725 3 3 2 4 0.666666666666667 0.666666666666667 0.5
15726 2 1 1 2 0.5 1 0.5
15744 11 1 1 11 0.0909090909090909 1 0.0909090909090909
15772 95 1 1 95 0.0105263157894737 1 0.0105263157894737
15782 13 2 2 13 0.153846153846154 1 0.153846153846154
15798 2 1 0 3 0 0 0
15805 20 6 4 22 0.2 0.666666666666667 0.181818181818182
15830 120 1 0 121 0 0 0
15835 36 4 4 36 0.111111111111111 1 0.111111111111111
15879 45 18 13 50 0.288888888888889 0.722222222222222 0.26
15894 2 1 1 2 0.5 1 0.5
159 2 1 1 2 0.5 1 0.5
15919 9 1 1 9 0.111111111111111 1 0.111111111111111
15965 4 1 1 4 0.25 1 0.25
16004 13 6 5 14 0.384615384615385 0.833333333333333 0.357142857142857
16016 21 4 4 21 0.19047619047619 1 0.19047619047619
16030 9 8 1 16 0.111111111111111 0.125 0.0625
16086 27 24 11 40 0.407407407407407 0.458333333333333 0.275
16097 57 15 12 60 0.210526315789474 0.8 0.2
16117 3 1 1 3 0.333333333333333 1 0.333333333333333
16128 16 4 3 17 0.1875 0.75 0.176470588235294
16131 39 19 11 47 0.282051282051282 0.578947368421053 0.234042553191489
16150 271 14 12 273 0.044280442804428 0.857142857142857 0.043956043956044
16171 4 1 0 5 0 0 0
16178 6 1 0 7 0 0 0
16186 6 2 1 7 0.166666666666667 0.5 0.142857142857143
16206 17 2 0 19 0 0 0
16210 7 3 2 8 0.285714285714286 0.666666666666667 0.25
16215 20 6 6 20 0.3 1 0.3
16237 39 9 5 43 0.128205128205128 0.555555555555556 0.116279069767442
16242 10 1 1 10 0.1 1 0.1
16243 46 20 15 51 0.326086956521739 0.75 0.294117647058824
16245 22 4 3 23 0.136363636363636 0.75 0.130434782608696
16246 8 1 1 8 0.125 1 0.125
16265 81 26 21 86 0.259259259259259 0.807692307692308 0.244186046511628
16276 78 15 11 82 0.141025641025641 0.733333333333333 0.134146341463415
16316 5 4 3 6 0.6 0.75 0.5
16326 1 2 1 2 1 0.5 0.5
16347 9 3 3 9 0.333333333333333 1 0.333333333333333
16397 23 3 2 24 0.0869565217391304 0.666666666666667 0.0833333333333333
1653 29 3 3 29 0.103448275862069 1 0.103448275862069
16531 3 1 0 4 0 0 0
1659 9 3 2 10 0.222222222222222 0.666666666666667 0.2
16668 8 5 3 10 0.375 0.6 0.3
16724 4 2 2 4 0.5 1 0.5
16735 92 10 8 94 0.0869565217391304 0.8 0.0851063829787234
16807 3 2 0 5 0 0 0
16838 11 1 0 12 0 0 0
16866 3 3 2 4 0.666666666666667 0.666666666666667 0.5
16876 2 2 2 2 1 1 1
16942 5 1 1 5 0.2 1 0.2
17048 3 1 0 4 0 0 0
1706 5 1 1 5 0.2 1 0.2
17061 2 1 0 3 0 0 0
17204 2 1 0 3 0 0 0
1734 1 2 1 2 1 0.5 0.5
174 2489 35 34 2490 0.0136601044596223 0.971428571428571 0.0136546184738956
1741 9 4 3 10 0.333333333333333 0.75 0.3
17412 3 1 0 4 0 0 0
17435 1 1 1 1 1 1 1
17439 5 1 0 6 0 0 0
17451 65 3 2 66 0.0307692307692308 0.666666666666667 0.0303030303030303
17464 2 1 1 2 0.5 1 0.5
17498 5 1 1 5 0.2 1 0.2
17511 14 1 1 14 0.0714285714285714 1 0.0714285714285714
17529 7 3 2 8 0.285714285714286 0.666666666666667 0.25
17554 10 3 3 10 0.3 1 0.3
17579 13 12 6 19 0.461538461538462 0.5 0.315789473684211
1759 29 4 3 30 0.103448275862069 0.75 0.1
1764 73 20 15 78 0.205479452054795 0.75 0.192307692307692
17645 7 1 1 7 0.142857142857143 1 0.142857142857143
17660 21 7 6 22 0.285714285714286 0.857142857142857 0.272727272727273
17671 4 1 1 4 0.25 1 0.25
17676 37 3 2 38 0.0540540540540541 0.666666666666667 0.0526315789473684
17705 5 1 1 5 0.2 1 0.2
17707 8 1 0 9 0 0 0
17709 16 1 0 17 0 0 0
17727 4 1 1 4 0.25 1 0.25
17741 3 1 1 3 0.333333333333333 1 0.333333333333333
17746 16 1 1 16 0.0625 1 0.0625
17820 10 1 1 10 0.1 1 0.1
17832 1 3 0 4 0 0 0
17885 1 1 0 2 0 0 0
17886 1 1 1 1 1 1 1
17888 18 2 2 18 0.111111111111111 1 0.111111111111111
17893 1 1 0 2 0 0 0
17920 7 1 1 7 0.142857142857143 1 0.142857142857143
17934 3 3 3 3 1 1 1
17955 4 2 1 5 0.25 0.5 0.2
1797 3 3 2 4 0.666666666666667 0.666666666666667 0.5
17977 2 1 1 2 0.5 1 0.5
1798 3 3 0 6 0 0 0
17990 5 1 1 5 0.2 1 0.2
18001 7 2 0 9 0 0 0
18007 5 2 2 5 0.4 1 0.4
18011 1 1 0 2 0 0 0
18059 17 1 0 18 0 0 0
18070 2 1 1 2 0.5 1 0.5
18119 3 2 1 4 0.333333333333333 0.5 0.25
18126 3 1 1 3 0.333333333333333 1 0.333333333333333
18146 2 3 0 5 0 0 0
18149 4 4 3 5 0.75 0.75 0.6
18182 2 1 0 3 0 0 0
18185 4 2 1 5 0.25 0.5 0.2
18203 2 3 2 3 1 0.666666666666667 0.666666666666667
18206 2 1 0 3 0 0 0
18218 1 1 0 2 0 0 0
18266 3 1 1 3 0.333333333333333 1 0.333333333333333
18344 1 2 0 3 0 0 0
1835 8 2 2 8 0.25 1 0.25
1836 64 11 10 65 0.15625 0.909090909090909 0.153846153846154
18366 2 3 0 5 0 0 0
18369 1 1 0 2 0 0 0
18398 53 2 1 54 0.0188679245283019 0.5 0.0185185185185185
18407 1 1 1 1 1 1 1
18422 4 1 1 4 0.25 1 0.25
18450 5 1 1 5 0.2 1 0.2
1850 2 1 1 2 0.5 1 0.5
18508 9 5 4 10 0.444444444444444 0.8 0.4
1853 125 37 36 126 0.288 0.972972972972973 0.285714285714286
18592 25 10 7 28 0.28 0.7 0.25
18666 1 1 1 1 1 1 1
18750 2 1 1 2 0.5 1 0.5
18779 10 3 3 10 0.3 1 0.3
1879 1 1 0 2 0 0 0
1880 18 6 3 21 0.166666666666667 0.5 0.142857142857143
1881 1 1 1 1 1 1 1
1887 8 1 1 8 0.125 1 0.125
19021 3 2 1 4 0.333333333333333 0.5 0.25
19073 2 1 0 3 0 0 0
19080 105 4 3 106 0.0285714285714286 0.75 0.0283018867924528
19089 90 3 3 90 0.0333333333333333 1 0.0333333333333333
19151 793 226 198 821 0.24968474148802 0.876106194690266 0.241169305724726
1916 136 22 21 137 0.154411764705882 0.954545454545455 0.153284671532847
19192 2 1 1 2 0.5 1 0.5
19255 4 4 1 7 0.25 0.25 0.142857142857143
1930 23 8 7 24 0.304347826086957 0.875 0.291666666666667
19318 29 8 6 31 0.206896551724138 0.75 0.193548387096774
19384 8 1 0 9 0 0 0
19401 51 18 18 51 0.352941176470588 1 0.352941176470588
195 8 2 1 9 0.125 0.5 0.111111111111111
19517 1 1 0 2 0 0 0
1955 12 4 4 12 0.333333333333333 1 0.333333333333333
19557 6 1 0 7 0 0 0
19624 4 1 1 4 0.25 1 0.25
196621 5 2 2 5 0.4 1 0.4
1967 2 1 1 2 0.5 1 0.5
19740 15 3 3 15 0.2 1 0.2
19782 18 1 1 18 0.0555555555555556 1 0.0555555555555556
19783 2 1 0 3 0 0 0
19855 48 2 1 49 0.0208333333333333 0.5 0.0204081632653061
19866 2 1 1 2 0.5 1 0.5
19872 1 1 1 1 1 1 1
1998 5 1 1 5 0.2 1 0.2
20080 18 5 5 18 0.277777777777778 1 0.277777777777778
20130 3 1 1 3 0.333333333333333 1 0.333333333333333
20144 17 10 8 19 0.470588235294118 0.8 0.421052631578947
2018 5 1 1 5 0.2 1 0.2
20205 2 1 0 3 0 0 0
20225 10 1 0 11 0 0 0
20308 1 1 1 1 1 1 1
20312 9 5 4 10 0.444444444444444 0.8 0.4
20341 1 1 0 2 0 0 0
20381 2 2 1 3 0.5 0.5 0.333333333333333
2042 15 4 3 16 0.2 0.75 0.1875
20436 2 1 0 3 0 0 0
2044 16 3 3 16 0.1875 1 0.1875
20473 26 4 3 27 0.115384615384615 0.75 0.111111111111111
20495 56 11 8 59 0.142857142857143 0.727272727272727 0.135593220338983
20507 41 9 7 43 0.170731707317073 0.777777777777778 0.162790697674419
20535 10 1 1 10 0.1 1 0.1
20547 42 6 5 43 0.119047619047619 0.833333333333333 0.116279069767442
2055 2 1 1 2 0.5 1 0.5
20552 7 1 0 8 0 0 0
20555 6 2 2 6 0.333333333333333 1 0.333333333333333
20562 341 9 9 341 0.0263929618768328 1 0.0263929618768328
20569 12 5 4 13 0.333333333333333 0.8 0.307692307692308
20570 3 1 1 3 0.333333333333333 1 0.333333333333333
20597 8 2 2 8 0.25 1 0.25
20608 3 2 0 5 0 0 0
20612 5 2 1 6 0.2 0.5 0.166666666666667
20621 5 3 2 6 0.4 0.666666666666667 0.333333333333333
20626 1 1 1 1 1 1 1
20633 24 14 8 30 0.333333333333333 0.571428571428571 0.266666666666667
20634 44 1 1 44 0.0227272727272727 1 0.0227272727272727
20640 256 100 88 268 0.34375 0.88 0.328358208955224
20650 5 1 1 5 0.2 1 0.2
20704 24 5 5 24 0.208333333333333 1 0.208333333333333
20707 2 2 2 2 1 1 1
20712 16 5 4 17 0.25 0.8 0.235294117647059
20718 32 15 3 44 0.09375 0.2 0.0681818181818182
20766 12 1 1 12 0.0833333333333333 1 0.0833333333333333
20773 29 16 12 33 0.413793103448276 0.75 0.363636363636364
20783 6 2 0 8 0 0 0
20836 8 1 0 9 0 0 0
20845 2 2 2 2 1 1 1
20847 37 19 12 44 0.324324324324324 0.631578947368421 0.272727272727273
20857 29 3 2 30 0.0689655172413793 0.666666666666667 0.0666666666666667
209 1449 26 24 1451 0.0165631469979296 0.923076923076923 0.0165403170227429
20912 12 9 5 16 0.416666666666667 0.555555555555556 0.3125
20932 297 17 13 301 0.0437710437710438 0.764705882352941 0.0431893687707641
20940 133 5 2 136 0.0150375939849624 0.4 0.0147058823529412
20953 36 9 7 38 0.194444444444444 0.777777777777778 0.184210526315789
20965 53 42 42 53 0.792452830188679 1 0.792452830188679
20968 1 1 1 1 1 1 1
210 12 1 1 12 0.0833333333333333 1 0.0833333333333333
21011 111 15 12 114 0.108108108108108 0.8 0.105263157894737
21013 38 18 10 46 0.263157894736842 0.555555555555556 0.217391304347826
21017 1 1 1 1 1 1 1
21055 43 8 6 45 0.13953488372093 0.75 0.133333333333333
2107 1 1 1 1 1 1 1
2108 1 1 1 1 1 1 1
2110 48 2 2 48 0.0416666666666667 1 0.0416666666666667
21155 47 16 13 50 0.276595744680851 0.8125 0.26
21159 3 2 2 3 0.666666666666667 1 0.666666666666667
2116 29 6 6 29 0.206896551724138 1 0.206896551724138
21174 3 1 0 4 0 0 0
21195 22 4 4 22 0.181818181818182 1 0.181818181818182
21213 13 4 4 13 0.307692307692308 1 0.307692307692308
21219 217 14 9 222 0.0414746543778802 0.642857142857143 0.0405405405405405
21221 35 14 8 41 0.228571428571429 0.571428571428571 0.195121951219512
21263 34 17 12 39 0.352941176470588 0.705882352941177 0.307692307692308
2128 4 2 2 4 0.5 1 0.5
21320 6 1 1 6 0.166666666666667 1 0.166666666666667
21371 50 14 9 55 0.18 0.642857142857143 0.163636363636364
21385 118 27 18 127 0.152542372881356 0.666666666666667 0.141732283464567
21392 38 10 8 40 0.210526315789474 0.8 0.2
21396 36 11 8 39 0.222222222222222 0.727272727272727 0.205128205128205
21409 42 1 0 43 0 0 0
21414 70 9 4 75 0.0571428571428571 0.444444444444444 0.0533333333333333
21497 12 1 1 12 0.0833333333333333 1 0.0833333333333333
21499 3 1 1 3 0.333333333333333 1 0.333333333333333
21513 14 4 4 14 0.285714285714286 1 0.285714285714286
2152 92 2 2 92 0.0217391304347826 1 0.0217391304347826
21527 7 1 1 7 0.142857142857143 1 0.142857142857143
2153 42 15 14 43 0.333333333333333 0.933333333333333 0.325581395348837
21548 25 1 1 25 0.04 1 0.04
21719 5 1 0 6 0 0 0
21737 8 1 0 9 0 0 0
21788 12 5 5 12 0.416666666666667 1 0.416666666666667
21816 2 1 1 2 0.5 1 0.5
21844 21 4 4 21 0.19047619047619 1 0.19047619047619
21856 1 1 1 1 1 1 1
21911 7 3 3 7 0.428571428571429 1 0.428571428571429
21928 4 3 1 6 0.25 0.333333333333333 0.166666666666667
21947 29 3 3 29 0.103448275862069 1 0.103448275862069
21968 2 1 0 3 0 0 0
21976 19 2 2 19 0.105263157894737 1 0.105263157894737
2200 52 5 4 53 0.0769230769230769 0.8 0.0754716981132075
22070 4 1 0 5 0 0 0
22095 4 1 1 4 0.25 1 0.25
22192 2 1 1 2 0.5 1 0.5
22212 197 13 10 200 0.050761421319797 0.769230769230769 0.05
22284 8 1 0 9 0 0 0
22298 16 1 1 16 0.0625 1 0.0625
22302 8 2 2 8 0.25 1 0.25
22335 24 3 3 24 0.125 1 0.125
22351 40 2 2 40 0.05 1 0.05
22356 37 2 2 37 0.0540540540540541 1 0.0540540540540541
22388 9 8 8 9 0.888888888888889 1 0.888888888888889
224 5 2 2 5 0.4 1 0.4
22404 2 1 0 3 0 0 0
22438 3 2 1 4 0.333333333333333 0.5 0.25
22439 3 1 1 3 0.333333333333333 1 0.333333333333333
225 2 1 1 2 0.5 1 0.5
22548 77 17 17 77 0.220779220779221 1 0.220779220779221
22577 8 3 3 8 0.375 1 0.375
22581 2 1 1 2 0.5 1 0.5
226 32 4 4 32 0.125 1 0.125
22645 9 1 1 9 0.111111111111111 1 0.111111111111111
22652 7 1 1 7 0.142857142857143 1 0.142857142857143
22767 1 1 1 1 1 1 1
22773 282 1 1 282 0.00354609929078014 1 0.00354609929078014
22779 2 1 1 2 0.5 1 0.5
22822 740 11 11 740 0.0148648648648649 1 0.0148648648648649
22829 18 3 3 18 0.166666666666667 1 0.166666666666667
22911 11 2 1 12 0.0909090909090909 0.5 0.0833333333333333
22958 6 2 2 6 0.333333333333333 1 0.333333333333333
23007 3 1 1 3 0.333333333333333 1 0.333333333333333
23028 2 3 1 4 0.5 0.333333333333333 0.25
23033 9 1 1 9 0.111111111111111 1 0.111111111111111
23127 2 1 0 3 0 0 0
23148 351 2 2 351 0.0056980056980057 1 0.0056980056980057
23171 2 1 1 2 0.5 1 0.5
23308 13 4 4 13 0.307692307692308 1 0.307692307692308
23316 2 1 1 2 0.5 1 0.5
23342 51 9 7 53 0.137254901960784 0.777777777777778 0.132075471698113
23352 40 5 4 41 0.1 0.8 0.0975609756097561
23456 155 7 5 157 0.032258064516129 0.714285714285714 0.0318471337579618
23504 28 7 3 32 0.107142857142857 0.428571428571429 0.09375
23541 9 1 0 10 0 0 0
23577 7 1 0 8 0 0 0
23596 3 2 2 3 0.666666666666667 1 0.666666666666667
23600 3 2 2 3 0.666666666666667 1 0.666666666666667
23624 2 1 1 2 0.5 1 0.5
23634 4 4 3 5 0.75 0.75 0.6
23637 3 1 0 4 0 0 0
23655 21 2 2 21 0.0952380952380952 1 0.0952380952380952
23661 3 1 1 3 0.333333333333333 1 0.333333333333333
237 34 2 2 34 0.0588235294117647 1 0.0588235294117647
23754 4 1 0 5 0 0 0
23774 4 3 2 5 0.5 0.666666666666667 0.4
2381 27 4 4 27 0.148148148148148 1 0.148148148148148
23836 1 1 1 1 1 1 1
23838 3 1 0 4 0 0 0
23862 2 1 1 2 0.5 1 0.5
23869 3 1 0 4 0 0 0
23889 3 1 1 3 0.333333333333333 1 0.333333333333333
23902 1 1 0 2 0 0 0
23905 3 1 0 4 0 0 0
23910 3 3 1 5 0.333333333333333 0.333333333333333 0.2
23911 7 18 4 21 0.571428571428571 0.222222222222222 0.19047619047619
23912 1 1 0 2 0 0 0
23930 31 4 3 32 0.0967741935483871 0.75 0.09375
23936 3 1 1 3 0.333333333333333 1 0.333333333333333
23947 35 1 1 35 0.0285714285714286 1 0.0285714285714286
23953 3 1 0 4 0 0 0
23966 6 1 0 7 0 0 0
24 12 8 5 15 0.416666666666667 0.625 0.333333333333333
24005 3 1 1 3 0.333333333333333 1 0.333333333333333
24047 4 2 2 4 0.5 1 0.5
24086 14 1 0 15 0 0 0
24129 5 3 2 6 0.4 0.666666666666667 0.333333333333333
24130 27 3 2 28 0.0740740740740741 0.666666666666667 0.0714285714285714
24151 13 3 1 15 0.0769230769230769 0.333333333333333 0.0666666666666667
24175 3 2 2 3 0.666666666666667 1 0.666666666666667
24203 25 1 1 25 0.04 1 0.04
24211 1 1 0 2 0 0 0
24212 3 1 0 4 0 0 0
24218 19 7 5 21 0.263157894736842 0.714285714285714 0.238095238095238
24220 4 1 1 4 0.25 1 0.25
24226 3 2 0 5 0 0 0
24229 4 1 1 4 0.25 1 0.25
24238 9 2 1 10 0.111111111111111 0.5 0.1
24287 4 3 3 4 0.75 1 0.75
24311 1 1 0 2 0 0 0
24321 2 1 1 2 0.5 1 0.5
24334 2 1 1 2 0.5 1 0.5
24390 2 1 1 2 0.5 1 0.5
24424 2 1 0 3 0 0 0
24437 1 1 1 1 1 1 1
24475 4 4 4 4 1 1 1
24489 9 9 8 10 0.888888888888889 0.888888888888889 0.8
24490 9 8 8 9 0.888888888888889 1 0.888888888888889
24514 6 2 2 6 0.333333333333333 1 0.333333333333333
24530 3 1 0 4 0 0 0
24541 3 3 1 5 0.333333333333333 0.333333333333333 0.2
24557 4 3 3 4 0.75 1 0.75
24586 33 12 8 37 0.242424242424242 0.666666666666667 0.216216216216216
24594 26 7 5 28 0.192307692307692 0.714285714285714 0.178571428571429
24629 2 1 1 2 0.5 1 0.5
24642 39 9 7 41 0.179487179487179 0.777777777777778 0.170731707317073
24679 29 14 7 36 0.241379310344828 0.5 0.194444444444444
24724 128 32 25 135 0.1953125 0.78125 0.185185185185185
24730 52 1 1 52 0.0192307692307692 1 0.0192307692307692
24731 3 1 0 4 0 0 0
24739 43 15 6 52 0.13953488372093 0.4 0.115384615384615
24776 7 1 0 8 0 0 0
24785 114 21 14 121 0.12280701754386 0.666666666666667 0.115702479338843
24796 8 2 2 8 0.25 1 0.25
2484 2 1 1 2 0.5 1 0.5
24863 20 3 3 20 0.15 1 0.15
24875 48 18 10 56 0.208333333333333 0.555555555555556 0.178571428571429
24889 15 5 5 15 0.333333333333333 1 0.333333333333333
24900 1 1 1 1 1 1 1
24940 26 12 9 29 0.346153846153846 0.75 0.310344827586207
2495 12 1 1 12 0.0833333333333333 1 0.0833333333333333
24953 21 2 2 21 0.0952380952380952 1 0.0952380952380952
24963 56 12 9 59 0.160714285714286 0.75 0.152542372881356
2497 251 73 57 267 0.227091633466135 0.780821917808219 0.213483146067416
24971 22 6 5 23 0.227272727272727 0.833333333333333 0.217391304347826
24973 3 2 0 5 0 0 0
2499 1 1 1 1 1 1 1
25 2 1 1 2 0.5 1 0.5
2500 31 39 17 53 0.548387096774194 0.435897435897436 0.320754716981132
25058 2 1 1 2 0.5 1 0.5
2506 2 1 1 2 0.5 1 0.5
25061 39 5 5 39 0.128205128205128 1 0.128205128205128
25074 98 24 18 104 0.183673469387755 0.75 0.173076923076923
25091 38 1 1 38 0.0263157894736842 1 0.0263157894736842
25098 14 2 2 14 0.142857142857143 1 0.142857142857143
2510 15 3 2 16 0.133333333333333 0.666666666666667 0.125
25137 19 6 6 19 0.315789473684211 1 0.315789473684211
2514 17 2 2 17 0.117647058823529 1 0.117647058823529
25148 7 1 1 7 0.142857142857143 1 0.142857142857143
2515 6 2 2 6 0.333333333333333 1 0.333333333333333
25151 21 1 0 22 0 0 0
25152 66 15 11 70 0.166666666666667 0.733333333333333 0.157142857142857
2516 326 44 39 331 0.119631901840491 0.886363636363636 0.117824773413897
25164 2 1 1 2 0.5 1 0.5
2518 10 3 3 10 0.3 1 0.3
25182 32 10 6 36 0.1875 0.6 0.166666666666667
2519 29 6 5 30 0.172413793103448 0.833333333333333 0.166666666666667
25192 26 15 11 30 0.423076923076923 0.733333333333333 0.366666666666667
25234 3 4 2 5 0.666666666666667 0.5 0.4
2527 12 6 3 15 0.25 0.5 0.2
25279 24 14 10 28 0.416666666666667 0.714285714285714 0.357142857142857
25286 31 1 1 31 0.032258064516129 1 0.032258064516129
25295 2 1 1 2 0.5 1 0.5
25358 18 10 5 23 0.277777777777778 0.5 0.217391304347826
25372 5 1 1 5 0.2 1 0.2
25384 9 2 1 10 0.111111111111111 0.5 0.1
25409 2 1 1 2 0.5 1 0.5
25415 4 2 2 4 0.5 1 0.5
25441 15 2 2 15 0.133333333333333 1 0.133333333333333
25459 34 7 7 34 0.205882352941176 1 0.205882352941176
25466 34 8 7 35 0.205882352941176 0.875 0.2
25473 5 3 3 5 0.6 1 0.6
25486 5 2 2 5 0.4 1 0.4
2549 2 2 1 3 0.5 0.5 0.333333333333333
25512 24 3 3 24 0.125 1 0.125
25525 67 18 17 68 0.253731343283582 0.944444444444444 0.25
25532 11 1 1 11 0.0909090909090909 1 0.0909090909090909
25538 2 2 0 4 0 0 0
25560 76 109 35 150 0.460526315789474 0.321100917431193 0.233333333333333
25563 5 1 1 5 0.2 1 0.2
25577 82 6 5 83 0.0609756097560976 0.833333333333333 0.0602409638554217
25588 7 1 0 8 0 0 0
25596 49 10 7 52 0.142857142857143 0.7 0.134615384615385
2561 3 2 2 3 0.666666666666667 1 0.666666666666667
25689 12 2 1 13 0.0833333333333333 0.5 0.0769230769230769
2576 2 1 1 2 0.5 1 0.5
25795 10 3 3 10 0.3 1 0.3
25818 23 5 3 25 0.130434782608696 0.6 0.12
25829 2 1 1 2 0.5 1 0.5
2586 14 1 1 14 0.0714285714285714 1 0.0714285714285714
2588 28 2 2 28 0.0714285714285714 1 0.0714285714285714
25885 7 1 1 7 0.142857142857143 1 0.142857142857143
25899 29 1 1 29 0.0344827586206897 1 0.0344827586206897
2594 5 1 0 6 0 0 0
2595 3 1 0 4 0 0 0
2597 2 2 2 2 1 1 1
26 5 2 2 5 0.4 1 0.4
2602 4 3 3 4 0.75 1 0.75
2603 106 32 23 115 0.216981132075472 0.71875 0.2
2607 43 10 10 43 0.232558139534884 1 0.232558139534884
2609 3 1 0 4 0 0 0
2611 58 12 10 60 0.172413793103448 0.833333333333333 0.166666666666667
2614 16 1 1 16 0.0625 1 0.0625
26299 4 1 1 4 0.25 1 0.25
26347 9 2 2 9 0.222222222222222 1 0.222222222222222
2637 5 1 1 5 0.2 1 0.2
26415 58 9 2 65 0.0344827586206897 0.222222222222222 0.0307692307692308
26496 7 2 2 7 0.285714285714286 1 0.285714285714286
26592 26 3 2 27 0.0769230769230769 0.666666666666667 0.0740740740740741
26610 2 1 1 2 0.5 1 0.5
26622 9 2 1 10 0.111111111111111 0.5 0.1
26677 43 1 1 43 0.0232558139534884 1 0.0232558139534884
26711 3 2 2 3 0.666666666666667 1 0.666666666666667
26773 13 4 4 13 0.307692307692308 1 0.307692307692308
26785 3 2 1 4 0.333333333333333 0.5 0.25
26788 16 1 1 16 0.0625 1 0.0625
26888 2 2 2 2 1 1 1
26935 10 1 1 10 0.1 1 0.1
26949 1 1 0 2 0 0 0
2697 6 1 1 6 0.166666666666667 1 0.166666666666667
26978 13 3 1 15 0.0769230769230769 0.333333333333333 0.0666666666666667
2698 6 2 2 6 0.333333333333333 1 0.333333333333333
27 2 1 1 2 0.5 1 0.5
271 13 1 1 13 0.0769230769230769 1 0.0769230769230769
2714 1 1 1 1 1 1 1
2716 5 1 1 5 0.2 1 0.2
27319 79 27 24 82 0.30379746835443 0.888888888888889 0.292682926829268
27321 3 3 2 4 0.666666666666667 0.666666666666667 0.5
27325 8 1 0 9 0 0 0
27400 3 1 1 3 0.333333333333333 1 0.333333333333333
27446 4 1 0 5 0 0 0
27524 51 4 3 52 0.0588235294117647 0.75 0.0576923076923077
27552 10 1 1 10 0.1 1 0.1
27589 8 2 2 8 0.25 1 0.25
27630 3 1 1 3 0.333333333333333 1 0.333333333333333
27664 79 3 3 79 0.0379746835443038 1 0.0379746835443038
27678 9 2 2 9 0.222222222222222 1 0.222222222222222
27686 2 1 1 2 0.5 1 0.5
27693 4 1 1 4 0.25 1 0.25
27725 1 1 1 1 1 1 1
27750 18 14 13 19 0.722222222222222 0.928571428571429 0.684210526315789
27767 1 1 0 2 0 0 0
27770 1 1 0 2 0 0 0
27781 4 1 0 5 0 0 0
278 8 6 1 13 0.125 0.166666666666667 0.0769230769230769
27807 14 3 3 14 0.214285714285714 1 0.214285714285714
27814 4 1 0 5 0 0 0
27817 4 2 2 4 0.5 1 0.5
27820 3 1 0 4 0 0 0
27841 3 1 1 3 0.333333333333333 1 0.333333333333333
27893 3 1 0 4 0 0 0
27912 2 1 0 3 0 0 0
27924 3 1 1 3 0.333333333333333 1 0.333333333333333
27929 5 2 2 5 0.4 1 0.4
27933 2 1 1 2 0.5 1 0.5
27970 2 1 1 2 0.5 1 0.5
27986 11 2 2 11 0.181818181818182 1 0.181818181818182
28000 1 1 1 1 1 1 1
28001 5 2 2 5 0.4 1 0.4
2819 36 3 2 37 0.0555555555555556 0.666666666666667 0.0540540540540541
2828 832 15 15 832 0.0180288461538462 1 0.0180288461538462
28296 3 1 1 3 0.333333333333333 1 0.333333333333333
28299 7 3 2 8 0.285714285714286 0.666666666666667 0.25
28360 4 1 1 4 0.25 1 0.25
28362 1 1 1 1 1 1 1
2847 4 3 3 4 0.75 1 0.75
2848 18 3 2 19 0.111111111111111 0.666666666666667 0.105263157894737
28497 5 2 2 5 0.4 1 0.4
28499 3 2 1 4 0.333333333333333 0.5 0.25
28511 4 2 1 5 0.25 0.5 0.2
2852 91 11 9 93 0.0989010989010989 0.818181818181818 0.0967741935483871
2857 35 32 12 55 0.342857142857143 0.375 0.218181818181818
28571 6 3 2 7 0.333333333333333 0.666666666666667 0.285714285714286
286 346 163 86 423 0.248554913294798 0.52760736196319 0.203309692671395
28606 1 1 0 2 0 0 0
28618 5 3 1 7 0.2 0.333333333333333 0.142857142857143
28677 2 1 1 2 0.5 1 0.5
28678 2 1 1 2 0.5 1 0.5
28697 8 1 1 8 0.125 1 0.125
28716 55 1 1 55 0.0181818181818182 1 0.0181818181818182
28717 20 3 3 20 0.15 1 0.15
28725 1 2 0 3 0 0 0
28747 2 2 2 2 1 1 1
28753 37 16 10 43 0.27027027027027 0.625 0.232558139534884
28762 10 1 1 10 0.1 1 0.1
28788 44 13 10 47 0.227272727272727 0.769230769230769 0.212765957446809
28809 107 3 3 107 0.0280373831775701 1 0.0280373831775701
28824 2 1 0 3 0 0 0
2884 4 2 2 4 0.5 1 0.5
28847 1 1 1 1 1 1 1
28855 11 5 5 11 0.454545454545455 1 0.454545454545455
28857 9 4 4 9 0.444444444444444 1 0.444444444444444
28859 4 1 1 4 0.25 1 0.25
28878 45 16 12 49 0.266666666666667 0.75 0.244897959183673
28929 84 11 10 85 0.119047619047619 0.909090909090909 0.117647058823529
2895 258 4 3 259 0.0116279069767442 0.75 0.0115830115830116
29003 6 1 1 6 0.166666666666667 1 0.166666666666667
29009 34 8 4 38 0.117647058823529 0.5 0.105263157894737
29014 8 1 1 8 0.125 1 0.125
29017 59 8 7 60 0.11864406779661 0.875 0.116666666666667
2905 36 2 0 38 0 0 0
29056 24 3 3 24 0.125 1 0.125
2906 6 4 3 7 0.5 0.75 0.428571428571429
29066 38 17 11 44 0.289473684210526 0.647058823529412 0.25
2907 82 5 5 82 0.0609756097560976 1 0.0609756097560976
29073 87 9 7 89 0.0804597701149425 0.777777777777778 0.0786516853932584
29076 81 20 11 90 0.135802469135802 0.55 0.122222222222222
29113 68 14 13 69 0.191176470588235 0.928571428571429 0.188405797101449
29134 9 4 4 9 0.444444444444444 1 0.444444444444444
2914 625 201 147 679 0.2352 0.73134328358209 0.216494845360825
29140 17 14 6 25 0.352941176470588 0.428571428571429 0.24
29147 1 1 1 1 1 1 1
29169 11 2 2 11 0.181818181818182 1 0.181818181818182
29208 345 173 103 415 0.298550724637681 0.595375722543353 0.248192771084337
29216 1 1 1 1 1 1 1
29222 38 3 2 39 0.0526315789473684 0.666666666666667 0.0512820512820513
29240 2 1 1 2 0.5 1 0.5
29243 2 1 1 2 0.5 1 0.5
29259 4 2 2 4 0.5 1 0.5
29276 1 1 0 2 0 0 0
29278 14 3 3 14 0.214285714285714 1 0.214285714285714
293 159 20 19 160 0.119496855345912 0.95 0.11875
29311 5 1 1 5 0.2 1 0.2
29317 1 2 1 2 1 0.5 0.5
29321 9 3 3 9 0.333333333333333 1 0.333333333333333
29329 18 3 2 19 0.111111111111111 0.666666666666667 0.105263157894737
29396 39 10 9 40 0.230769230769231 0.9 0.225
29405 14 2 2 14 0.142857142857143 1 0.142857142857143
29422 25 3 2 26 0.08 0.666666666666667 0.0769230769230769
29432 2 1 1 2 0.5 1 0.5
29449 53 23 18 58 0.339622641509434 0.782608695652174 0.310344827586207
29452 22 5 4 23 0.181818181818182 0.8 0.173913043478261
29488 3 2 2 3 0.666666666666667 1 0.666666666666667
29527 38 11 9 40 0.236842105263158 0.818181818181818 0.225
29542 5 3 1 7 0.2 0.333333333333333 0.142857142857143
29550 50 5 5 50 0.1 1 0.1
29608 18 4 4 18 0.222222222222222 1 0.222222222222222
29611 34 8 6 36 0.176470588235294 0.75 0.166666666666667
29632 35 3 2 36 0.0571428571428571 0.666666666666667 0.0555555555555556
29636 204 48 41 211 0.200980392156863 0.854166666666667 0.194312796208531
29651 13 2 2 13 0.153846153846154 1 0.153846153846154
29655 10 3 3 10 0.3 1 0.3
29659 4 1 1 4 0.25 1 0.25
29668 38 1 1 38 0.0263157894736842 1 0.0263157894736842
29670 9 5 2 12 0.222222222222222 0.4 0.166666666666667
29671 4 3 3 4 0.75 1 0.75
29680 4 1 1 4 0.25 1 0.25
29684 7 1 1 7 0.142857142857143 1 0.142857142857143
29686 318 136 109 345 0.342767295597484 0.801470588235294 0.315942028985507
29744 1 1 0 2 0 0 0
29748 31 11 7 35 0.225806451612903 0.636363636363636 0.2
29763 1 1 1 1 1 1 1
29789 1 1 1 1 1 1 1
29791 228 12 9 231 0.0394736842105263 0.75 0.038961038961039
29838 36 6 5 37 0.138888888888889 0.833333333333333 0.135135135135135
29904 1 1 1 1 1 1 1
3 6 1 0 7 0 0 0
30008 4 1 1 4 0.25 1 0.25
30058 6 2 2 6 0.333333333333333 1 0.333333333333333
30059 3 3 2 4 0.666666666666667 0.666666666666667 0.5
30071 10 107 7 110 0.7 0.0654205607476635 0.0636363636363636
30075 2 1 0 3 0 0 0
30124 6 2 2 6 0.333333333333333 1 0.333333333333333
30126 4 2 1 5 0.25 0.5 0.2
30128 3 2 1 4 0.333333333333333 0.5 0.25
30132 43 61 20 84 0.465116279069767 0.327868852459016 0.238095238095238
30134 3 2 1 4 0.333333333333333 0.5 0.25
30160 11 1 0 12 0 0 0
30176 14 2 1 15 0.0714285714285714 0.5 0.0666666666666667
30217 6 1 1 6 0.166666666666667 1 0.166666666666667
30221 2 1 0 3 0 0 0
30225 1 1 0 2 0 0 0
30259 3 1 1 3 0.333333333333333 1 0.333333333333333
30340 17 1 1 17 0.0588235294117647 1 0.0588235294117647
30362 2 1 0 3 0 0 0
3043 27 6 5 28 0.185185185185185 0.833333333333333 0.178571428571429
30528 6 3 2 7 0.333333333333333 0.666666666666667 0.285714285714286
30619 9 1 1 9 0.111111111111111 1 0.111111111111111
30653 30 11 8 33 0.266666666666667 0.727272727272727 0.242424242424242
30700 5 2 2 5 0.4 1 0.4
30708 1 1 1 1 1 1 1
30740 39 8 6 41 0.153846153846154 0.75 0.146341463414634
30781 143 25 19 149 0.132867132867133 0.76 0.12751677852349
30795 3 2 2 3 0.666666666666667 1 0.666666666666667
30833 12 2 1 13 0.0833333333333333 0.5 0.0769230769230769
30844 309 8 8 309 0.0258899676375405 1 0.0258899676375405
30880 8 2 1 9 0.125 0.5 0.111111111111111
30889 43 10 8 45 0.186046511627907 0.8 0.177777777777778
30890 152 25 19 158 0.125 0.76 0.120253164556962
30925 21 9 6 24 0.285714285714286 0.666666666666667 0.25
30961 4 2 2 4 0.5 1 0.5
30971 6 3 3 6 0.5 1 0.5
30975 8 6 2 12 0.25 0.333333333333333 0.166666666666667
31027 38 2 1 39 0.0263157894736842 0.5 0.0256410256410256
31065 4 1 1 4 0.25 1 0.25
31078 3 2 2 3 0.666666666666667 1 0.666666666666667
31103 20 2 2 20 0.1 1 0.1
31117 13 5 4 14 0.307692307692308 0.8 0.285714285714286
31122 9 2 2 9 0.222222222222222 1 0.222222222222222
31127 3 3 1 5 0.333333333333333 0.333333333333333 0.2
31147 10 2 2 10 0.2 1 0.2
31148 6 1 1 6 0.166666666666667 1 0.166666666666667
31229 7 2 1 8 0.142857142857143 0.5 0.125
31252 69 17 13 73 0.188405797101449 0.764705882352941 0.178082191780822
31261 25 1 1 25 0.04 1 0.04
31283 49 3 3 49 0.0612244897959184 1 0.0612244897959184
31333 10 4 4 10 0.4 1 0.4
31334 52 1 0 53 0 0 0
31383 27 8 5 30 0.185185185185185 0.625 0.166666666666667
3140 1 1 1 1 1 1 1
31400 27 3 3 27 0.111111111111111 1 0.111111111111111
31424 26 5 5 26 0.192307692307692 1 0.192307692307692
31442 2 2 1 3 0.5 0.5 0.333333333333333
31458 55 8 6 57 0.109090909090909 0.75 0.105263157894737
31477 233 4 4 233 0.0171673819742489 1 0.0171673819742489
31479 3 1 1 3 0.333333333333333 1 0.333333333333333
31513 3 1 1 3 0.333333333333333 1 0.333333333333333
31529 62 23 17 68 0.274193548387097 0.739130434782609 0.25
31530 6 1 1 6 0.166666666666667 1 0.166666666666667
31615 5 1 0 6 0 0 0
31621 7 2 1 8 0.142857142857143 0.5 0.125
31677 4 2 0 6 0 0 0
31688 10 3 3 10 0.3 1 0.3
31708 28 10 8 30 0.285714285714286 0.8 0.266666666666667
31736 13 2 2 13 0.153846153846154 1 0.153846153846154
31877 11 1 1 11 0.0909090909090909 1 0.0909090909090909
31939 3 1 1 3 0.333333333333333 1 0.333333333333333
32 5 1 1 5 0.2 1 0.2
32034 6 2 2 6 0.333333333333333 1 0.333333333333333
3209 150 3 3 150 0.02 1 0.02
3212 24 1 1 24 0.0416666666666667 1 0.0416666666666667
3213 44 11 9 46 0.204545454545455 0.818181818181818 0.195652173913043
3215 98 2 2 98 0.0204081632653061 1 0.0204081632653061
3221 1 1 1 1 1 1 1
3223 1 1 1 1 1 1 1
32244 4 1 1 4 0.25 1 0.25
32329 3 1 1 3 0.333333333333333 1 0.333333333333333
32335 4 1 1 4 0.25 1 0.25
32346 2 2 2 2 1 1 1
32354 18 5 4 19 0.222222222222222 0.8 0.210526315789474
32360 3 1 0 4 0 0 0
32361 7 2 1 8 0.142857142857143 0.5 0.125
3243 18 4 2 20 0.111111111111111 0.5 0.1
32440 23 2 2 23 0.0869565217391304 1 0.0869565217391304
3248 64 22 16 70 0.25 0.727272727272727 0.228571428571429
3249 61 12 8 65 0.131147540983607 0.666666666666667 0.123076923076923
3257 632 308 174 766 0.275316455696203 0.564935064935065 0.227154046997389
32592 18 3 3 18 0.166666666666667 1 0.166666666666667
3261 33 1 1 33 0.0303030303030303 1 0.0303030303030303
32613 12 2 2 12 0.166666666666667 1 0.166666666666667
3265 38 14 11 41 0.289473684210526 0.785714285714286 0.268292682926829
3267 464 12 9 467 0.0193965517241379 0.75 0.019271948608137
32678 3 2 2 3 0.666666666666667 1 0.666666666666667
3269 136 1 1 136 0.00735294117647059 1 0.00735294117647059
32748 37 9 8 38 0.216216216216216 0.888888888888889 0.210526315789474
3277 85 1 1 85 0.0117647058823529 1 0.0117647058823529
32782 4 1 0 5 0 0 0
32809 1 1 0 2 0 0 0
32825 2 1 0 3 0 0 0
32890 4 1 1 4 0.25 1 0.25
32915 3 1 0 4 0 0 0
3292 429 25 24 430 0.0559440559440559 0.96 0.0558139534883721
32978 1 1 1 1 1 1 1
3301 65 5 3 67 0.0461538461538462 0.6 0.0447761194029851
3302 49 1 1 49 0.0204081632653061 1 0.0204081632653061
3303 515 27 23 519 0.0446601941747573 0.851851851851852 0.0443159922928709
33071 9 2 2 9 0.222222222222222 1 0.222222222222222
33075 2 1 1 2 0.5 1 0.5
33079 4 1 1 4 0.25 1 0.25
3308 22 1 1 22 0.0454545454545455 1 0.0454545454545455
33080 4 1 1 4 0.25 1 0.25
33081 4 2 1 5 0.25 0.5 0.2
33082 1 1 1 1 1 1 1
33152 1 1 0 2 0 0 0
3316 18 3 3 18 0.166666666666667 1 0.166666666666667
33189 9 1 1 9 0.111111111111111 1 0.111111111111111
3320 539 23 16 546 0.0296846011131725 0.695652173913043 0.0293040293040293
3327 101 25 20 106 0.198019801980198 0.8 0.188679245283019
33310 2 1 0 3 0 0 0
3333 171 4 4 171 0.0233918128654971 1 0.0233918128654971
33362 3 1 0 4 0 0 0
33437 2 9 1 10 0.5 0.111111111111111 0.1
3344 8 4 2 10 0.25 0.5 0.2
33475 3 1 1 3 0.333333333333333 1 0.333333333333333
33517 7 2 2 7 0.285714285714286 1 0.285714285714286
3352 75 3 1 77 0.0133333333333333 0.333333333333333 0.012987012987013
33557 1 2 0 3 0 0 0
3356 2626 108 95 2639 0.0361766945925362 0.87962962962963 0.0359984842743463
33597 28 1 1 28 0.0357142857142857 1 0.0357142857142857
3363 2 1 1 2 0.5 1 0.5
33642 2 1 1 2 0.5 1 0.5
33789 2 2 2 2 1 1 1
33843 45 20 13 52 0.288888888888889 0.65 0.25
33845 14 3 3 14 0.214285714285714 1 0.214285714285714
33868 7 1 1 7 0.142857142857143 1 0.142857142857143
33873 23 1 1 23 0.0434782608695652 1 0.0434782608695652
33876 1 1 1 1 1 1 1
33885 14 5 5 14 0.357142857142857 1 0.357142857142857
33891 44 17 11 50 0.25 0.647058823529412 0.22
33930 2 1 0 3 0 0 0
33965 30 1 1 30 0.0333333333333333 1 0.0333333333333333
33984 2 1 1 2 0.5 1 0.5
34011 21 13 7 27 0.333333333333333 0.538461538461538 0.259259259259259
34019 13 5 3 15 0.230769230769231 0.6 0.2
34021 9 3 2 10 0.222222222222222 0.666666666666667 0.2
34056 2 1 1 2 0.5 1 0.5
34080 7 2 2 7 0.285714285714286 1 0.285714285714286
34081 3 2 2 3 0.666666666666667 1 0.666666666666667
34108 4 4 2 6 0.5 0.5 0.333333333333333
34109 12 2 1 13 0.0833333333333333 0.5 0.0769230769230769
34123 37 3 3 37 0.0810810810810811 1 0.0810810810810811
34139 2 1 1 2 0.5 1 0.5
34141 29 1 1 29 0.0344827586206897 1 0.0344827586206897
34146 14 3 3 14 0.214285714285714 1 0.214285714285714
34225 52 6 5 53 0.0961538461538462 0.833333333333333 0.0943396226415094
34244 4 1 1 4 0.25 1 0.25
34245 45 1 1 45 0.0222222222222222 1 0.0222222222222222
34270 42 4 4 42 0.0952380952380952 1 0.0952380952380952
34279 14 1 1 14 0.0714285714285714 1 0.0714285714285714
34288 10 5 5 10 0.5 1 0.5
34305 61 11 10 62 0.163934426229508 0.909090909090909 0.161290322580645
34309 50 189 24 215 0.48 0.126984126984127 0.111627906976744
34313 23 6 4 25 0.173913043478261 0.666666666666667 0.16
34372 3 1 1 3 0.333333333333333 1 0.333333333333333
34419 26 8 2 32 0.0769230769230769 0.25 0.0625
34426 3 1 0 4 0 0 0
34427 3 1 1 3 0.333333333333333 1 0.333333333333333
34486 36 5 4 37 0.111111111111111 0.8 0.108108108108108
34505 3 2 2 3 0.666666666666667 1 0.666666666666667
34549 7 5 4 8 0.571428571428571 0.8 0.5
34554 15 5 5 15 0.333333333333333 1 0.333333333333333
34567 11 3 2 12 0.181818181818182 0.666666666666667 0.166666666666667
34574 3 1 0 4 0 0 0
34594 19 3 3 19 0.157894736842105 1 0.157894736842105
34602 11 4 2 13 0.181818181818182 0.5 0.153846153846154
34623 1 1 1 1 1 1 1
3464 10 1 1 10 0.1 1 0.1
34683 2 1 1 2 0.5 1 0.5
34695 687 39 35 691 0.0509461426491994 0.897435897435897 0.0506512301013025
34718 10 1 0 11 0 0 0
34744 3 1 1 3 0.333333333333333 1 0.333333333333333
34752 3 1 1 3 0.333333333333333 1 0.333333333333333
34763 72 22 12 82 0.166666666666667 0.545454545454545 0.146341463414634
34781 16 1 1 16 0.0625 1 0.0625
34784 2 1 1 2 0.5 1 0.5
34863 2 2 2 2 1 1 1
34878 2 1 1 2 0.5 1 0.5
3491 439 4 4 439 0.00911161731207289 1 0.00911161731207289
34912 2 1 0 3 0 0 0
34953 6 1 1 6 0.166666666666667 1 0.166666666666667
34968 31 10 7 34 0.225806451612903 0.7 0.205882352941176
34997 10 3 3 10 0.3 1 0.3
35 2 1 0 3 0 0 0
35028 34 7 6 35 0.176470588235294 0.857142857142857 0.171428571428571
35070 8 3 3 8 0.375 1 0.375
35087 10 2 2 10 0.2 1 0.2
35236 7 3 2 8 0.285714285714286 0.666666666666667 0.25
35244 24 21 12 33 0.5 0.571428571428571 0.363636363636364
35272 1 1 0 2 0 0 0
35283 8 5 2 11 0.25 0.4 0.181818181818182
35310 1 1 0 2 0 0 0
35320 108 16 10 114 0.0925925925925926 0.625 0.087719298245614
35339 6 2 2 6 0.333333333333333 1 0.333333333333333
35366 30 16 9 37 0.3 0.5625 0.243243243243243
35383 3 1 0 4 0 0 0
35393 13 2 2 13 0.153846153846154 1 0.153846153846154
35425 14 3 3 14 0.214285714285714 1 0.214285714285714
35470 10 4 2 12 0.2 0.5 0.166666666666667
3549 1369 157 146 1380 0.106647187728269 0.929936305732484 0.105797101449275
35492 3 3 3 3 1 1 1
3551 1 1 0 2 0 0 0
35548 5 1 1 5 0.2 1 0.2
3557 24 9 9 24 0.375 1 0.375
35574 9 3 2 10 0.222222222222222 0.666666666666667 0.2
35592 7 3 3 7 0.428571428571429 1 0.428571428571429
35609 2 1 1 2 0.5 1 0.5
3561 429 4 4 429 0.00932400932400932 1 0.00932400932400932
35612 8 3 0 11 0 0 0
35627 7 3 2 8 0.285714285714286 0.666666666666667 0.25
35703 3 1 1 3 0.333333333333333 1 0.333333333333333
35705 4 1 1 4 0.25 1 0.25
35706 18 7 3 22 0.166666666666667 0.428571428571429 0.136363636363636
35745 7 3 2 8 0.285714285714286 0.666666666666667 0.25
35819 13 3 2 14 0.153846153846154 0.666666666666667 0.142857142857143
35826 2 1 1 2 0.5 1 0.5
35908 22 1 1 22 0.0454545454545455 1 0.0454545454545455
3597 8 2 2 8 0.25 1 0.25
35974 2 1 1 2 0.5 1 0.5
36017 2 1 0 3 0 0 0
3603 2 1 1 2 0.5 1 0.5
36086 5 2 2 5 0.4 1 0.4
36221 1 1 1 1 1 1 1
36229 1 1 1 1 1 1 1
36236 15 1 1 15 0.0666666666666667 1 0.0666666666666667
36252 2 2 2 2 1 1 1
36351 21 5 5 21 0.238095238095238 1 0.238095238095238
36383 1 1 0 2 0 0 0
36384 1 1 1 1 1 1 1
3640 4 1 1 4 0.25 1 0.25
36412 4 2 2 4 0.5 1 0.5
36430 1 1 0 2 0 0 0
36472 3 1 1 3 0.333333333333333 1 0.333333333333333
36483 3 1 1 3 0.333333333333333 1 0.333333333333333
36563 2 1 1 2 0.5 1 0.5
3661 7 5 1 11 0.142857142857143 0.2 0.0909090909090909
3662 17 8 7 18 0.411764705882353 0.875 0.388888888888889
3663 7 2 1 8 0.142857142857143 0.5 0.125
36671 2 1 1 2 0.5 1 0.5
36692 49 4 4 49 0.0816326530612245 1 0.0816326530612245
3676 5 1 1 5 0.2 1 0.2
36786 1 1 1 1 1 1 1
36797 1 1 1 1 1 1 1
3681 4 1 1 4 0.25 1 0.25
36856 12 4 2 14 0.166666666666667 0.5 0.142857142857143
36944 33 5 4 34 0.121212121212121 0.8 0.117647058823529
3714 4 1 1 4 0.25 1 0.25
3741 104 1 1 104 0.00961538461538462 1 0.00961538461538462
3742 17 2 2 17 0.117647058823529 1 0.117647058823529
3754 43 4 4 43 0.0930232558139535 1 0.0930232558139535
3758 52 1 1 52 0.0192307692307692 1 0.0192307692307692
376 20 4 4 20 0.2 1 0.2
378 2 1 1 2 0.5 1 0.5
37918 2 1 1 2 0.5 1 0.5
38005 2 2 2 2 1 1 1
38018 7 6 5 8 0.714285714285714 0.833333333333333 0.625
38022 35 9 9 35 0.257142857142857 1 0.257142857142857
38037 2 2 2 2 1 1 1
38040 11 2 2 11 0.181818181818182 1 0.181818181818182
38082 49 6 6 49 0.122448979591837 1 0.122448979591837
38128 1 1 0 2 0 0 0
38158 4 4 4 4 1 1 1
38229 1 1 1 1 1 1 1
3825 1 1 0 2 0 0 0
38299 2 1 1 2 0.5 1 0.5
38321 2 1 1 2 0.5 1 0.5
3836 7 2 1 8 0.142857142857143 0.5 0.125
38457 1 1 0 2 0 0 0
38462 3 3 2 4 0.666666666666667 0.666666666666667 0.5
38477 2 1 1 2 0.5 1 0.5
3856 84 17 11 90 0.130952380952381 0.647058823529412 0.122222222222222
38566 4 2 2 4 0.5 1 0.5
38629 2 1 1 2 0.5 1 0.5
38639 2 2 2 2 1 1 1
38646 2 2 1 3 0.5 0.5 0.333333333333333
38652 2 1 1 2 0.5 1 0.5
38710 2 1 0 3 0 0 0
38711 1 1 1 1 1 1 1
38727 3 1 1 3 0.333333333333333 1 0.333333333333333
38759 3 11 2 12 0.666666666666667 0.181818181818182 0.166666666666667
38794 10 1 1 10 0.1 1 0.1
38796 1 1 0 2 0 0 0
38826 4 2 2 4 0.5 1 0.5
38858 4 1 1 4 0.25 1 0.25
38915 9 1 1 9 0.111111111111111 1 0.111111111111111
38922 14 2 1 15 0.0714285714285714 0.5 0.0666666666666667
38930 30 4 3 31 0.1 0.75 0.0967741935483871
39029 4 2 2 4 0.5 1 0.5
39040 15 2 2 15 0.133333333333333 1 0.133333333333333
39091 5 1 1 5 0.2 1 0.2
39093 3 2 1 4 0.333333333333333 0.5 0.25
39102 18 1 1 18 0.0555555555555556 1 0.0555555555555556
39117 7 1 1 7 0.142857142857143 1 0.142857142857143
39122 10 1 1 10 0.1 1 0.1
39145 11 3 3 11 0.272727272727273 1 0.272727272727273
39211 4 2 1 5 0.25 0.5 0.2
39288 2 1 1 2 0.5 1 0.5
39301 7 2 2 7 0.285714285714286 1 0.285714285714286
39309 25 9 5 29 0.2 0.555555555555556 0.172413793103448
3931 2 1 0 3 0 0 0
393220 2 2 2 2 1 1 1
393222 1 1 1 1 1 1 1
393224 1 1 1 1 1 1 1
39326 241 25 22 244 0.0912863070539419 0.88 0.0901639344262295
39342 2 1 1 2 0.5 1 0.5
39472 2 1 1 2 0.5 1 0.5
3949 2 1 1 2 0.5 1 0.5
39520 2 1 0 3 0 0 0
39537 1 1 0 2 0 0 0
39545 4 2 2 4 0.5 1 0.5
39554 5 2 2 5 0.4 1 0.4
39556 35 11 8 38 0.228571428571429 0.727272727272727 0.210526315789474
39560 2 1 1 2 0.5 1 0.5
39570 3 4 2 5 0.666666666666667 0.5 0.4
39572 3 1 1 3 0.333333333333333 1 0.333333333333333
39598 7 1 1 7 0.142857142857143 1 0.142857142857143
39602 4 1 0 5 0 0 0
39637 31 9 5 35 0.161290322580645 0.555555555555556 0.142857142857143
39700 7 3 1 9 0.142857142857143 0.333333333333333 0.111111111111111
39737 81 15 8 88 0.0987654320987654 0.533333333333333 0.0909090909090909
39761 2 1 1 2 0.5 1 0.5
39787 6 2 1 7 0.166666666666667 0.5 0.142857142857143
39792 853 31 25 859 0.0293083235638921 0.806451612903226 0.0291036088474971
39837 4 2 2 4 0.5 1 0.5
39839 3 2 2 3 0.666666666666667 1 0.666666666666667
39854 1 1 1 1 1 1 1
39875 2 1 1 2 0.5 1 0.5
39905 7 3 3 7 0.428571428571429 1 0.428571428571429
39912 346 7 7 346 0.0202312138728324 1 0.0202312138728324
3999 2 1 1 2 0.5 1 0.5
40009 49 5 4 50 0.0816326530612245 0.8 0.08
40068 12 2 2 12 0.166666666666667 1 0.166666666666667
40193 16 7 5 18 0.3125 0.714285714285714 0.277777777777778
40220 13 4 4 13 0.307692307692308 1 0.307692307692308
40387 21 1 1 21 0.0476190476190476 1 0.0476190476190476
40490 2 1 1 2 0.5 1 0.5
40528 11 8 8 11 0.727272727272727 1 0.727272727272727
40581 7 3 2 8 0.285714285714286 0.666666666666667 0.25
40589 2 1 1 2 0.5 1 0.5
40679 2 2 2 2 1 1 1
40832 2 1 1 2 0.5 1 0.5
40912 2 1 1 2 0.5 1 0.5
40943 2 1 0 3 0 0 0
41012 31 7 6 32 0.193548387096774 0.857142857142857 0.1875
41045 31 11 8 34 0.258064516129032 0.727272727272727 0.235294117647059
41075 3 4 1 6 0.333333333333333 0.25 0.166666666666667
41145 13 1 0 14 0 0 0
41176 2 1 0 3 0 0 0
41293 1 1 1 1 1 1 1
41323 4 1 1 4 0.25 1 0.25
4134 107 2 0 109 0 0 0
41391 7 2 1 8 0.142857142857143 0.5 0.125
41412 5 1 1 5 0.2 1 0.2
4150 7 4 2 9 0.285714285714286 0.5 0.222222222222222
41572 7 2 2 7 0.285714285714286 1 0.285714285714286
4158 2 1 1 2 0.5 1 0.5
41589 5 1 1 5 0.2 1 0.2
41692 519 28 24 523 0.046242774566474 0.857142857142857 0.0458891013384321
41698 2 1 1 2 0.5 1 0.5
41705 2 1 0 3 0 0 0
41711 9 4 2 11 0.222222222222222 0.5 0.181818181818182
41773 3 2 1 4 0.333333333333333 0.5 0.25
41824 14 5 5 14 0.357142857142857 1 0.357142857142857
41828 2 1 1 2 0.5 1 0.5
41884 3 2 2 3 0.666666666666667 1 0.666666666666667
41887 11 6 4 13 0.363636363636364 0.666666666666667 0.307692307692308
41913 14 6 6 14 0.428571428571429 1 0.428571428571429
41960 8 1 0 9 0 0 0
42 109 17 14 112 0.128440366972477 0.823529411764706 0.125
42017 4 1 0 5 0 0 0
42184 33 11 7 37 0.212121212121212 0.636363636363636 0.189189189189189
42227 10 5 4 11 0.4 0.8 0.363636363636364
42369 26 4 3 27 0.115384615384615 0.75 0.111111111111111
42476 2 2 1 3 0.5 0.5 0.333333333333333
42525 34 3 3 34 0.0882352941176471 1 0.0882352941176471
42579 9 2 2 9 0.222222222222222 1 0.222222222222222
42585 8 2 2 8 0.25 1 0.25
42605 21 16 9 28 0.428571428571429 0.5625 0.321428571428571
42652 45 3 2 46 0.0444444444444444 0.666666666666667 0.0434782608695652
42678 2 1 1 2 0.5 1 0.5
42689 33 9 7 35 0.212121212121212 0.777777777777778 0.2
4270 6 4 2 8 0.333333333333333 0.5 0.25
42732 1 1 1 1 1 1 1
42841 7 4 4 7 0.571428571428571 1 0.571428571428571
42909 23 5 4 24 0.173913043478261 0.8 0.166666666666667
42965 9 1 1 9 0.111111111111111 1 0.111111111111111
42979 16 3 3 16 0.1875 1 0.1875
43037 5 1 1 5 0.2 1 0.2
43070 5 1 1 5 0.2 1 0.2
43118 6 2 1 7 0.166666666666667 0.5 0.142857142857143
43128 1 1 1 1 1 1 1
43148 3 1 0 4 0 0 0
43190 2 1 0 3 0 0 0
4323 1289 16 16 1289 0.0124127230411171 1 0.0124127230411171
43289 5 1 1 5 0.2 1 0.2
43313 3 1 1 3 0.333333333333333 1 0.333333333333333
43333 10 3 3 10 0.3 1 0.3
43383 1 1 1 1 1 1 1
43447 1 1 1 1 1 1 1
43483 2 1 1 2 0.5 1 0.5
43602 2 2 2 2 1 1 1
43615 2 1 1 2 0.5 1 0.5
43629 2 1 1 2 0.5 1 0.5
43646 4 2 1 5 0.25 0.5 0.2
43655 2 1 1 2 0.5 1 0.5
43751 4 1 0 5 0 0 0
43782 3 3 0 6 0 0 0
43821 33 15 9 39 0.272727272727273 0.6 0.230769230769231
43843 7 2 2 7 0.285714285714286 1 0.285714285714286
43892 2 1 0 3 0 0 0
43893 5 2 2 5 0.4 1 0.4
43911 3 5 0 8 0 0 0
43930 4 1 0 5 0 0 0
43948 3 2 2 3 0.666666666666667 1 0.666666666666667
43950 3 2 1 4 0.333333333333333 0.5 0.25
43978 2 1 1 2 0.5 1 0.5
44034 11 4 4 11 0.363636363636364 1 0.363636363636364
44042 15 6 4 17 0.266666666666667 0.666666666666667 0.235294117647059
44065 2 1 1 2 0.5 1 0.5
44066 28 12 7 33 0.25 0.583333333333333 0.212121212121212
44140 1 1 0 2 0 0 0
44146 8 3 3 8 0.375 1 0.375
44160 10 1 1 10 0.1 1 0.1
44176 3 1 1 3 0.333333333333333 1 0.333333333333333
44212 4 1 1 4 0.25 1 0.25
44227 4 1 1 4 0.25 1 0.25
44237 31 2 2 31 0.0645161290322581 1 0.0645161290322581
44285 5 1 0 6 0 0 0
4434 5 1 0 6 0 0 0
44358 5 2 2 5 0.4 1 0.4
4436 129 27 25 131 0.193798449612403 0.925925925925926 0.190839694656489
44513 7 2 2 7 0.285714285714286 1 0.285714285714286
44514 8 3 1 10 0.125 0.333333333333333 0.1
44515 1 1 0 2 0 0 0
44581 10 3 2 11 0.2 0.666666666666667 0.181818181818182
44654 46 15 9 52 0.195652173913043 0.6 0.173076923076923
44683 3 2 2 3 0.666666666666667 1 0.666666666666667
44706 10 5 5 10 0.5 1 0.5
44806 2 2 2 2 1 1 1
44928 2 2 2 2 1 1 1
44953 11 3 3 11 0.272727272727273 1 0.272727272727273
44980 2 1 1 2 0.5 1 0.5
44993 2 2 1 3 0.5 0.5 0.333333333333333
45131 1 1 1 1 1 1 1
45147 56 6 4 58 0.0714285714285714 0.666666666666667 0.0689655172413793
4515 44 2 2 44 0.0454545454545455 1 0.0454545454545455
45170 3 1 1 3 0.333333333333333 1 0.333333333333333
45177 5 2 0 7 0 0 0
45192 1 1 0 2 0 0 0
4528 5 1 1 5 0.2 1 0.2
45344 2 1 1 2 0.5 1 0.5
4538 54 3 3 54 0.0555555555555556 1 0.0555555555555556
45411 4 1 1 4 0.25 1 0.25
45437 1 1 1 1 1 1 1
45438 1 1 1 1 1 1 1
45444 2 2 0 4 0 0 0
45456 1 2 0 3 0 0 0
45459 2 1 0 3 0 0 0
45483 3 1 1 3 0.333333333333333 1 0.333333333333333
45506 2 1 1 2 0.5 1 0.5
45522 2 1 0 3 0 0 0
4555 1 3 0 4 0 0 0
4557 11 2 2 11 0.181818181818182 1 0.181818181818182
45577 5 1 1 5 0.2 1 0.2
45638 3 1 1 3 0.333333333333333 1 0.333333333333333
45695 2 1 1 2 0.5 1 0.5
45729 1 1 0 2 0 0 0
45809 1 1 1 1 1 1 1
4589 711 133 128 716 0.180028129395218 0.962406015037594 0.17877094972067
45929 1 1 1 1 1 1 1
46 2 1 1 2 0.5 1 0.5
4605 2 1 1 2 0.5 1 0.5
4608 5 2 0 7 0 0 0
46176 2 1 0 3 0 0 0
46177 9 1 1 9 0.111111111111111 1 0.111111111111111
4618 13 2 1 14 0.0769230769230769 0.5 0.0714285714285714
46208 5 2 2 5 0.4 1 0.4
4621 34 2 2 34 0.0588235294117647 1 0.0588235294117647
4622 2 1 0 3 0 0 0
4635 119 29 26 122 0.218487394957983 0.896551724137931 0.213114754098361
46357 2 1 1 2 0.5 1 0.5
4637 170 6 5 171 0.0294117647058824 0.833333333333333 0.0292397660818713
4641 9 2 2 9 0.222222222222222 1 0.222222222222222
4648 58 3 3 58 0.0517241379310345 1 0.0517241379310345
46496 1 1 1 1 1 1 1
4651 41 8 6 43 0.146341463414634 0.75 0.13953488372093
4657 113 5 5 113 0.0442477876106195 1 0.0442477876106195
46609 5 2 2 5 0.4 1 0.4
46722 1 1 1 1 1 1 1
4673 8 2 2 8 0.25 1 0.25
4675 6 3 1 8 0.166666666666667 0.333333333333333 0.125
4677 5 1 1 5 0.2 1 0.2
46786 48 10 8 50 0.166666666666667 0.8 0.16
4680 9 4 2 11 0.222222222222222 0.5 0.181818181818182
4685 11 1 1 11 0.0909090909090909 1 0.0909090909090909
4691 2 15 1 16 0.5 0.0666666666666667 0.0625
46925 8 1 1 8 0.125 1 0.125
4697 3 8 3 8 1 0.375 0.375
4704 7 4 1 10 0.142857142857143 0.25 0.1
4713 108 15 13 110 0.12037037037037 0.866666666666667 0.118181818181818
4716 19 8 2 25 0.105263157894737 0.25 0.08
4717 3 2 2 3 0.666666666666667 1 0.666666666666667
4718 2 2 2 2 1 1 1
47201 1 1 0 2 0 0 0
47207 6 1 1 6 0.166666666666667 1 0.166666666666667
47227 2 1 1 2 0.5 1 0.5
4725 124 22 11 135 0.0887096774193548 0.5 0.0814814814814815
4739 82 17 13 86 0.158536585365854 0.764705882352941 0.151162790697674
4741 11 1 1 11 0.0909090909090909 1 0.0909090909090909
47447 6 3 3 6 0.5 1 0.5
4747 2 1 0 3 0 0 0
47473 1 2 1 2 1 0.5 0.5
47490 1 1 1 1 1 1 1
4750 48 2 0 50 0 0 0
47506 5 1 1 5 0.2 1 0.2
47533 2 1 1 2 0.5 1 0.5
4755 208 4 3 209 0.0144230769230769 0.75 0.0143540669856459
4760 5 2 2 5 0.4 1 0.4
4761 53 6 4 55 0.0754716981132075 0.666666666666667 0.0727272727272727
47617 4 1 1 4 0.25 1 0.25
4766 385 1 1 385 0.0025974025974026 1 0.0025974025974026
4768 28 2 2 28 0.0714285714285714 1 0.0714285714285714
4770 15 2 1 16 0.0666666666666667 0.5 0.0625
4777 36 3 3 36 0.0833333333333333 1 0.0833333333333333
4780 26 3 2 27 0.0769230769230769 0.666666666666667 0.0740740740740741
47841 2 1 1 2 0.5 1 0.5
47862 2 2 2 2 1 1 1
47869 3 1 1 3 0.333333333333333 1 0.333333333333333
4787 6 3 1 8 0.166666666666667 0.333333333333333 0.125
4788 119 6 6 119 0.0504201680672269 1 0.0504201680672269
47880 2 2 1 3 0.5 0.5 0.333333333333333
47885 1 2 0 3 0 0 0
47886 4 2 2 4 0.5 1 0.5
47917 1 1 1 1 1 1 1
4795 26 5 2 29 0.0769230769230769 0.4 0.0689655172413793
47956 2 1 0 3 0 0 0
4796 3 1 1 3 0.333333333333333 1 0.333333333333333
47973 2 1 0 3 0 0 0
47998 2 1 1 2 0.5 1 0.5
4800 13 1 1 13 0.0769230769230769 1 0.0769230769230769
48039 8 7 6 9 0.75 0.857142857142857 0.666666666666667
48053 2 1 1 2 0.5 1 0.5
48056 3 1 1 3 0.333333333333333 1 0.333333333333333
48118 2 1 1 2 0.5 1 0.5
48136 1 1 1 1 1 1 1
48144 2 2 1 3 0.5 0.5 0.333333333333333
48173 7 3 3 7 0.428571428571429 1 0.428571428571429
4818 4 1 1 4 0.25 1 0.25
48185 2 1 1 2 0.5 1 0.5
48191 5 1 0 6 0 0 0
48200 3 9 1 11 0.333333333333333 0.111111111111111 0.0909090909090909
48218 2 1 1 2 0.5 1 0.5
48259 2 1 1 2 0.5 1 0.5
4826 214 29 25 218 0.116822429906542 0.862068965517241 0.114678899082569
48284 2 1 0 3 0 0 0
48285 7 1 1 7 0.142857142857143 1 0.142857142857143
48417 3 2 2 3 0.666666666666667 1 0.666666666666667
4842 5 1 1 5 0.2 1 0.2
4844 2 1 1 2 0.5 1 0.5
4845 3 1 1 3 0.333333333333333 1 0.333333333333333
48451 2 1 1 2 0.5 1 0.5
48484 15 14 6 23 0.4 0.428571428571429 0.260869565217391
48514 3 3 1 5 0.333333333333333 0.333333333333333 0.2
48519 3 1 1 3 0.333333333333333 1 0.333333333333333
48528 2 1 1 2 0.5 1 0.5
48539 9 7 6 10 0.666666666666667 0.857142857142857 0.6
48885 10 1 1 10 0.1 1 0.1
48961 8 1 1 8 0.125 1 0.125
48972 1 1 1 1 1 1 1
48994 2 1 1 2 0.5 1 0.5
49026 1 1 1 1 1 1 1
49237 8 2 2 8 0.25 1 0.25
4927 18 7 6 19 0.333333333333333 0.857142857142857 0.315789473684211
49272 2 2 2 2 1 1 1
49334 1 1 1 1 1 1 1
49352 1 1 0 2 0 0 0
49409 2 1 0 3 0 0 0
49416 1 1 1 1 1 1 1
49463 2 2 1 3 0.5 0.5 0.333333333333333
49488 4 3 3 4 0.75 1 0.75
49573 2 1 1 2 0.5 1 0.5
49624 2 1 1 2 0.5 1 0.5
49627 2 2 2 2 1 1 1
49630 1 1 1 1 1 1 1
49983 2 1 1 2 0.5 1 0.5
5050 19 7 7 19 0.368421052631579 1 0.368421052631579
5056 30 2 0 32 0 0 0
5078 18 2 2 18 0.111111111111111 1 0.111111111111111
513 48 11 11 48 0.229166666666667 1 0.229166666666667
52 2 1 1 2 0.5 1 0.5
53280 2 1 1 2 0.5 1 0.5
5381 15 3 2 16 0.133333333333333 0.666666666666667 0.125
5385 54 3 3 54 0.0555555555555556 1 0.0555555555555556
5394 18 4 3 19 0.166666666666667 0.75 0.157894736842105
5400 214 17 13 218 0.0607476635514019 0.764705882352941 0.0596330275229358
5401 1 1 1 1 1 1 1
5403 20 7 6 21 0.3 0.857142857142857 0.285714285714286
5407 8 4 3 9 0.375 0.75 0.333333333333333
5408 31 3 2 32 0.0645161290322581 0.666666666666667 0.0625
5410 55 9 5 59 0.0909090909090909 0.555555555555556 0.0847457627118644
5413 222 9 9 222 0.0405405405405405 1 0.0405405405405405
5418 9 2 2 9 0.222222222222222 1 0.222222222222222
5421 2 3 2 3 1 0.666666666666667 0.666666666666667
543 1 1 1 1 1 1 1
5430 71 20 16 75 0.225352112676056 0.8 0.213333333333333
5432 33 2 1 34 0.0303030303030303 0.5 0.0294117647058824
5459 47 15 9 53 0.191489361702128 0.6 0.169811320754717
5466 72 2 1 73 0.0138888888888889 0.5 0.0136986301369863
5483 71 3 2 72 0.028169014084507 0.666666666666667 0.0277777777777778
5486 29 2 0 31 0 0 0
5491 3 1 0 4 0 0 0
55 3 1 1 3 0.333333333333333 1 0.333333333333333
5507 38 8 8 38 0.210526315789474 1 0.210526315789474
5511 145 30 21 154 0.144827586206897 0.7 0.136363636363636
553 48 21 18 51 0.375 0.857142857142857 0.352941176470588
5537 26 2 2 26 0.0769230769230769 1 0.0769230769230769
5538 8 1 1 8 0.125 1 0.125
5539 44 77 23 98 0.522727272727273 0.298701298701299 0.23469387755102
5550 3 2 1 4 0.333333333333333 0.5 0.25
5560 10 2 2 10 0.2 1 0.2
5568 184 15 12 187 0.0652173913043478 0.8 0.0641711229946524
557 6 2 1 7 0.166666666666667 0.5 0.142857142857143
5577 35 20 10 45 0.285714285714286 0.5 0.222222222222222
558 24 1 1 24 0.0416666666666667 1 0.0416666666666667
5580 276 23 18 281 0.0652173913043478 0.782608695652174 0.0640569395017794
559 258 116 107 267 0.414728682170543 0.922413793103448 0.400749063670412
5602 32 8 6 34 0.1875 0.75 0.176470588235294
5607 1 1 1 1 1 1 1
5609 2 8 1 9 0.5 0.125 0.111111111111111
5610 25 1 1 25 0.04 1 0.04
5617 213 3 3 213 0.0140845070422535 1 0.0140845070422535
5645 18 6 4 20 0.222222222222222 0.666666666666667 0.2
5661 5 1 1 5 0.2 1 0.2
567 10 2 2 10 0.2 1 0.2
5692 1 1 0 2 0 0 0
57 29 6 6 29 0.206896551724138 1 0.206896551724138
5707 3 1 1 3 0.333333333333333 1 0.333333333333333
5713 64 4 3 65 0.046875 0.75 0.0461538461538462
5726 13 1 1 13 0.0769230769230769 1 0.0769230769230769
5752 2 1 0 3 0 0 0
5764 7 1 1 7 0.142857142857143 1 0.142857142857143
577 135 2 1 136 0.00740740740740741 0.5 0.00735294117647059
5786 2 1 1 2 0.5 1 0.5
59 6 3 3 6 0.5 1 0.5
600 31 3 3 31 0.0967741935483871 1 0.0967741935483871
6057 7 5 4 8 0.571428571428571 0.8 0.5
6062 10 2 0 12 0 0 0
6066 1 1 0 2 0 0 0
6083 28 13 10 31 0.357142857142857 0.769230769230769 0.32258064516129
6106 2 1 1 2 0.5 1 0.5
6122 10 1 1 10 0.1 1 0.1
6128 309 2 2 309 0.00647249190938511 1 0.00647249190938511
6147 1 8 1 8 1 0.125 0.125
6181 46 2 2 46 0.0434782608695652 1 0.0434782608695652
6182 1 1 1 1 1 1 1
6245 2 1 0 3 0 0 0
6262 1 1 1 1 1 1 1
6263 3 1 1 3 0.333333333333333 1 0.333333333333333
6315 7 1 1 7 0.142857142857143 1 0.142857142857143
6327 180 1 1 180 0.00555555555555556 1 0.00555555555555556
6337 5 1 0 6 0 0 0
6360 7 3 2 8 0.285714285714286 0.666666666666667 0.25
6366 3 1 1 3 0.333333333333333 1 0.333333333333333
64 2 1 0 3 0 0 0
6406 2 1 1 2 0.5 1 0.5
6435 3 7 2 8 0.666666666666667 0.285714285714286 0.25
6453 541 111 95 557 0.175600739371534 0.855855855855856 0.170556552962298
6456 16 2 2 16 0.125 1 0.125
65071 1 2 1 2 1 0.5 0.5
65075 1 1 0 2 0 0 0
6509 24 10 9 25 0.375 0.9 0.36
6536 16 2 1 17 0.0625 0.5 0.0588235294117647
65530 1 1 0 2 0 0 0
6619 24 8 6 26 0.25 0.75 0.230769230769231
6629 3 1 1 3 0.333333333333333 1 0.333333333333333
6648 48 7 6 49 0.125 0.857142857142857 0.122448979591837
6656 40 7 4 43 0.1 0.571428571428571 0.0930232558139535
6661 74 4 4 74 0.0540540540540541 1 0.0540540540540541
6667 517 139 133 523 0.257253384912959 0.956834532374101 0.254302103250478
6677 58 4 3 59 0.0517241379310345 0.75 0.0508474576271186
668 31 7 2 36 0.0645161290322581 0.285714285714286 0.0555555555555556
6695 243 82 73 252 0.300411522633745 0.890243902439024 0.28968253968254
6702 16 1 1 16 0.0625 1 0.0625
6706 9 4 3 10 0.333333333333333 0.75 0.3
6724 36 19 14 41 0.388888888888889 0.736842105263158 0.341463414634146
6730 565 9 7 567 0.0123893805309735 0.777777777777778 0.0123456790123457
6734 14 4 3 15 0.214285714285714 0.75 0.2
6760 26 6 4 28 0.153846153846154 0.666666666666667 0.142857142857143
6762 192 63 53 202 0.276041666666667 0.841269841269841 0.262376237623762
6770 38 14 6 46 0.157894736842105 0.428571428571429 0.130434782608696
6772 21 6 6 21 0.285714285714286 1 0.285714285714286
6774 79 14 14 79 0.177215189873418 1 0.177215189873418
6775 6 4 4 6 0.666666666666667 1 0.666666666666667
680 66 20 17 69 0.257575757575758 0.85 0.246376811594203
6802 7 2 2 7 0.285714285714286 1 0.285714285714286
681 2 1 1 2 0.5 1 0.5
6824 3 1 1 3 0.333333333333333 1 0.333333333333333
683 2 1 1 2 0.5 1 0.5
6830 374 29 20 383 0.053475935828877 0.689655172413793 0.0522193211488251
6838 1 1 1 1 1 1 1
6855 19 1 1 19 0.0526315789473684 1 0.0526315789473684
6881 89 34 32 91 0.359550561797753 0.941176470588235 0.351648351648352
6893 2 1 1 2 0.5 1 0.5
6895 5 1 1 5 0.2 1 0.2
6908 97 19 17 99 0.175257731958763 0.894736842105263 0.171717171717172
6911 24 3 3 24 0.125 1 0.125
6939 1299 650 437 1512 0.336412625096228 0.672307692307692 0.289021164021164
6966 3 1 1 3 0.333333333333333 1 0.333333333333333
6968 3 1 1 3 0.333333333333333 1 0.333333333333333
701 2086 22 16 2092 0.00767018216682646 0.727272727272727 0.00764818355640535
7012 18 3 2 19 0.111111111111111 0.666666666666667 0.105263157894737
7018 2284 19 15 2288 0.00656742556917688 0.789473684210526 0.00655594405594406
7019 1 1 1 1 1 1 1
7055 3 1 1 3 0.333333333333333 1 0.333333333333333
7065 19 3 2 20 0.105263157894737 0.666666666666667 0.1
7066 18 3 3 18 0.166666666666667 1 0.166666666666667
7078 3 1 1 3 0.333333333333333 1 0.333333333333333
7081 46 11 5 52 0.108695652173913 0.454545454545455 0.0961538461538462
71 13 2 1 14 0.0769230769230769 0.5 0.0714285714285714
7106 8 1 0 9 0 0 0
714 12 2 2 12 0.166666666666667 1 0.166666666666667
719 24 3 3 24 0.125 1 0.125
7195 1 1 0 2 0 0 0
72 9 1 0 10 0 0 0
7303 74 2 2 74 0.027027027027027 1 0.027027027027027
7377 4 1 1 4 0.25 1 0.25
7385 190 8 6 192 0.0315789473684211 0.75 0.03125
7412 1 1 0 2 0 0 0
7470 35 1 1 35 0.0285714285714286 1 0.0285714285714286
7473 145 28 22 151 0.151724137931034 0.785714285714286 0.145695364238411
7477 1 1 1 1 1 1 1
7491 8 1 0 9 0 0 0
7500 53 10 6 57 0.113207547169811 0.6 0.105263157894737
7503 4 3 1 6 0.25 0.333333333333333 0.166666666666667
7511 3 1 0 4 0 0 0
7514 20 5 3 22 0.15 0.6 0.136363636363636
7516 5 1 0 6 0 0 0
7521 5 2 1 6 0.2 0.5 0.166666666666667
7522 6 4 1 9 0.166666666666667 0.25 0.111111111111111
7527 6 1 1 6 0.166666666666667 1 0.166666666666667
7529 19 3 2 20 0.105263157894737 0.666666666666667 0.1
7530 2 2 1 3 0.5 0.5 0.333333333333333
7539 21 10 8 23 0.380952380952381 0.8 0.347826086956522
7543 19 2 1 20 0.0526315789473684 0.5 0.05
7545 16 1 0 17 0 0 0
7575 246 22 22 246 0.0894308943089431 1 0.0894308943089431
7587 1 2 1 2 1 0.5 0.5
7594 4 3 1 6 0.25 0.333333333333333 0.166666666666667
7599 1 1 0 2 0 0 0
760 3 2 2 3 0.666666666666667 1 0.666666666666667
7602 8 1 0 9 0 0 0
7606 49 6 3 52 0.0612244897959184 0.5 0.0576923076923077
7629 3 2 0 5 0 0 0
7657 10 1 1 10 0.1 1 0.1
766 18 6 5 19 0.277777777777778 0.833333333333333 0.263157894736842
7660 43 25 21 47 0.488372093023256 0.84 0.446808510638298
7665 1 1 1 1 1 1 1
7667 4 2 1 5 0.25 0.5 0.2
7668 10 2 1 11 0.1 0.5 0.0909090909090909
7670 21 4 2 23 0.0952380952380952 0.5 0.0869565217391304
7671 3 1 1 3 0.333333333333333 1 0.333333333333333
7682 11 3 2 12 0.181818181818182 0.666666666666667 0.166666666666667
7687 4 1 1 4 0.25 1 0.25
7693 21 2 2 21 0.0952380952380952 1 0.0952380952380952
7718 16 2 2 16 0.125 1 0.125
7753 6 1 1 6 0.166666666666667 1 0.166666666666667
7781 6 8 3 11 0.5 0.375 0.272727272727273
7784 35 3 3 35 0.0857142857142857 1 0.0857142857142857
7786 9 3 2 10 0.222222222222222 0.666666666666667 0.2
7843 53 1 1 53 0.0188679245283019 1 0.0188679245283019
7847 2 1 1 2 0.5 1 0.5
786 62 12 9 65 0.145161290322581 0.75 0.138461538461538
7860 1 1 1 1 1 1 1
790 1 1 0 2 0 0 0
7908 34 3 2 35 0.0588235294117647 0.666666666666667 0.0571428571428571
7922 82 11 10 83 0.121951219512195 0.909090909090909 0.120481927710843
7941 3 1 1 3 0.333333333333333 1 0.333333333333333
7949 12 2 0 14 0 0 0
8001 324 12 12 324 0.037037037037037 1 0.037037037037037
8002 52 5 4 53 0.0769230769230769 0.8 0.0754716981132075
8015 8 2 1 9 0.125 0.5 0.111111111111111
8018 2 1 0 3 0 0 0
8025 6 1 0 7 0 0 0
803 24 2 2 24 0.0833333333333333 1 0.0833333333333333
8038 1 2 1 2 1 0.5 0.5
8047 26 5 5 26 0.192307692307692 1 0.192307692307692
8057 10 1 0 11 0 0 0
8075 78 7 6 79 0.0769230769230769 0.857142857142857 0.0759493670886076
8092 13 4 4 13 0.307692307692308 1 0.307692307692308
81 29 2 1 30 0.0344827586206897 0.5 0.0333333333333333
8111 5 2 2 5 0.4 1 0.4
812 125 1 1 125 0.008 1 0.008
8121 65 11 7 69 0.107692307692308 0.636363636363636 0.101449275362319
8158 2 1 1 2 0.5 1 0.5
8201 9 2 2 9 0.222222222222222 1 0.222222222222222
8218 268 30 28 270 0.104477611940299 0.933333333333333 0.103703703703704
8220 552 12 11 553 0.0199275362318841 0.916666666666667 0.0198915009041591
8224 10 7 5 12 0.5 0.714285714285714 0.416666666666667
8226 5 3 0 8 0 0 0
8237 10 6 5 11 0.5 0.833333333333333 0.454545454545455
8240 1 1 0 2 0 0 0
8246 205 3 0 208 0 0 0
8251 11 5 5 11 0.454545454545455 1 0.454545454545455
8256 1 1 1 1 1 1 1
8262 36 1 1 36 0.0277777777777778 1 0.0277777777777778
8267 2 1 1 2 0.5 1 0.5
8282 9 1 1 9 0.111111111111111 1 0.111111111111111
8283 6 4 3 7 0.5 0.75 0.428571428571429
8299 14 1 0 15 0 0 0
8308 55 3 2 56 0.0363636363636364 0.666666666666667 0.0357142857142857
8312 14 1 1 14 0.0714285714285714 1 0.0714285714285714
8319 51 16 13 54 0.254901960784314 0.8125 0.240740740740741
8330 11 3 2 12 0.181818181818182 0.666666666666667 0.166666666666667
8331 266 1 1 266 0.0037593984962406 1 0.0037593984962406
8346 6 2 2 6 0.333333333333333 1 0.333333333333333
8358 14 1 1 14 0.0714285714285714 1 0.0714285714285714
8359 697 39 28 708 0.0401721664275466 0.717948717948718 0.0395480225988701
8364 10 1 1 10 0.1 1 0.1
8365 188 110 69 229 0.367021276595745 0.627272727272727 0.301310043668122
8368 43 15 11 47 0.255813953488372 0.733333333333333 0.234042553191489
8374 7 3 3 7 0.428571428571429 1 0.428571428571429
8386 5 1 0 6 0 0 0
8387 17 4 3 18 0.176470588235294 0.75 0.166666666666667
8391 20 15 7 28 0.35 0.466666666666667 0.25
8396 1 1 0 2 0 0 0
8412 20 4 3 21 0.15 0.75 0.142857142857143
8419 272 4 4 272 0.0147058823529412 1 0.0147058823529412
8422 100 18 11 107 0.11 0.611111111111111 0.102803738317757
8426 492 25 23 494 0.0467479674796748 0.92 0.0465587044534413
8442 25 17 10 32 0.4 0.588235294117647 0.3125
8447 593 93 76 610 0.128161888701518 0.817204301075269 0.124590163934426
8452 35 3 3 35 0.0857142857142857 1 0.0857142857142857
8455 2 4 1 5 0.5 0.25 0.2
8462 3 2 2 3 0.666666666666667 1 0.666666666666667
8468 646 14 13 647 0.0201238390092879 0.928571428571429 0.0200927357032458
8469 31 18 14 35 0.451612903225806 0.777777777777778 0.4
8473 69 9 6 72 0.0869565217391304 0.666666666666667 0.0833333333333333
8481 2 1 1 2 0.5 1 0.5
8492 925 2 2 925 0.00216216216216216 1 0.00216216216216216
8495 25 5 4 26 0.16 0.8 0.153846153846154
8501 35 13 13 35 0.371428571428571 1 0.371428571428571
8508 1 1 1 1 1 1 1
8517 18 3 2 19 0.111111111111111 0.666666666666667 0.105263157894737
8518 5 1 1 5 0.2 1 0.2
852 165 1 1 165 0.00606060606060606 1 0.00606060606060606
8527 22 4 4 22 0.181818181818182 1 0.181818181818182
8529 6 1 1 6 0.166666666666667 1 0.166666666666667
8535 6 2 2 6 0.333333333333333 1 0.333333333333333
8545 5 11 2 14 0.4 0.181818181818182 0.142857142857143
855 32 1 1 32 0.03125 1 0.03125
8551 238 13 8 243 0.0336134453781513 0.615384615384615 0.0329218106995885
8560 81 28 22 87 0.271604938271605 0.785714285714286 0.252873563218391
8565 14 5 4 15 0.285714285714286 0.8 0.266666666666667
8567 2 1 1 2 0.5 1 0.5
8582 52 20 15 57 0.288461538461538 0.75 0.263157894736842
8586 59 10 7 62 0.11864406779661 0.7 0.112903225806452
8591 48 10 8 50 0.166666666666667 0.8 0.16
8596 93 9 9 93 0.0967741935483871 1 0.0967741935483871
8607 44 5 4 45 0.0909090909090909 0.8 0.0888888888888889
8624 1 1 1 1 1 1 1
8648 33 15 7 41 0.212121212121212 0.466666666666667 0.170731707317073
8657 99 14 12 101 0.121212121212121 0.857142857142857 0.118811881188119
8664 13 4 3 14 0.230769230769231 0.75 0.214285714285714
8674 49 7 6 50 0.122448979591837 0.857142857142857 0.12
8676 6 2 2 6 0.333333333333333 1 0.333333333333333
8677 9 1 1 9 0.111111111111111 1 0.111111111111111
8681 42 7 3 46 0.0714285714285714 0.428571428571429 0.0652173913043478
8683 28 1 1 28 0.0357142857142857 1 0.0357142857142857
8708 273 4 1 276 0.00366300366300366 0.25 0.0036231884057971
8717 99 16 10 105 0.101010101010101 0.625 0.0952380952380952
8728 2 1 1 2 0.5 1 0.5
8737 31 5 3 33 0.0967741935483871 0.6 0.0909090909090909
8758 15 6 6 15 0.4 1 0.4
8763 173 57 54 176 0.312138728323699 0.947368421052632 0.306818181818182
8767 65 28 21 72 0.323076923076923 0.75 0.291666666666667
8771 9 1 0 10 0 0 0
8778 9 2 2 9 0.222222222222222 1 0.222222222222222
8781 58 6 5 59 0.0862068965517241 0.833333333333333 0.0847457627118644
8784 9 1 0 10 0 0 0
8804 44 14 10 48 0.227272727272727 0.714285714285714 0.208333333333333
8816 14 1 1 14 0.0714285714285714 1 0.0714285714285714
8820 9 3 2 10 0.222222222222222 0.666666666666667 0.2
8833 12 1 1 12 0.0833333333333333 1 0.0833333333333333
8844 38 2 2 38 0.0526315789473684 1 0.0526315789473684
8866 108 2 2 108 0.0185185185185185 1 0.0185185185185185
8878 4 3 3 4 0.75 1 0.75
8879 26 12 6 32 0.230769230769231 0.5 0.1875
8881 193 33 32 194 0.16580310880829 0.96969696969697 0.164948453608247
8890 2 1 1 2 0.5 1 0.5
8895 8 2 2 8 0.25 1 0.25
8897 60 15 9 66 0.15 0.6 0.136363636363636
8903 15 3 1 17 0.0666666666666667 0.333333333333333 0.0588235294117647
8928 645 23 23 645 0.0356589147286822 1 0.0356589147286822
8943 19 5 5 19 0.263157894736842 1 0.263157894736842
8953 20 1 0 21 0 0 0
8954 34 12 7 39 0.205882352941176 0.583333333333333 0.179487179487179
8966 104 1 1 104 0.00961538461538462 1 0.00961538461538462
8970 2 1 1 2 0.5 1 0.5
8978 3 2 2 3 0.666666666666667 1 0.666666666666667
9 4 1 1 4 0.25 1 0.25
9002 1398 413 397 1414 0.283977110157368 0.961259079903148 0.280763790664781
9008 5 2 2 5 0.4 1 0.4
9009 156 18 13 161 0.0833333333333333 0.722222222222222 0.0807453416149068
9022 3 1 1 3 0.333333333333333 1 0.333333333333333
9026 13 5 4 14 0.307692307692308 0.8 0.285714285714286
9031 67 19 14 72 0.208955223880597 0.736842105263158 0.194444444444444
9044 61 14 10 65 0.163934426229508 0.714285714285714 0.153846153846154
9063 49 17 11 55 0.224489795918367 0.647058823529412 0.2
9080 10 6 5 11 0.5 0.833333333333333 0.454545454545455
9085 9 1 1 9 0.111111111111111 1 0.111111111111111
9112 5 1 1 5 0.2 1 0.2
9119 94 14 10 98 0.106382978723404 0.714285714285714 0.102040816326531
9121 245 2 2 245 0.00816326530612245 1 0.00816326530612245
9129 4 1 0 5 0 0 0
9145 85 13 9 89 0.105882352941176 0.692307692307692 0.101123595505618
9150 30 8 5 33 0.166666666666667 0.625 0.151515151515152
9153 42 7 7 42 0.166666666666667 1 0.166666666666667
9162 1 1 1 1 1 1 1
9167 22 1 1 22 0.0454545454545455 1 0.0454545454545455
9188 3 2 1 4 0.333333333333333 0.5 0.25
9191 51 6 5 52 0.0980392156862745 0.833333333333333 0.0961538461538462
9211 42 14 9 47 0.214285714285714 0.642857142857143 0.191489361702128
9231 2 2 1 3 0.5 0.5 0.333333333333333
9264 31 16 7 40 0.225806451612903 0.4375 0.175
9268 10 2 1 11 0.1 0.5 0.0909090909090909
9270 26 6 3 29 0.115384615384615 0.5 0.103448275862069
9293 24 1 1 24 0.0416666666666667 1 0.0416666666666667
9299 46 2 1 47 0.0217391304347826 0.5 0.0212765957446809
9304 197 8 7 198 0.0355329949238579 0.875 0.0353535353535354
9329 12 2 2 12 0.166666666666667 1 0.166666666666667
9340 1 6 0 7 0 0 0
9354 14 1 1 14 0.0714285714285714 1 0.0714285714285714
9365 7 1 1 7 0.142857142857143 1 0.142857142857143
9367 3 1 1 3 0.333333333333333 1 0.333333333333333
9406 2 1 0 3 0 0 0
9431 2 2 2 2 1 1 1
9433 4 3 2 5 0.5 0.666666666666667 0.4
9445 1 1 1 1 1 1 1
9476 7 1 0 8 0 0 0
9482 19 4 4 19 0.210526315789474 1 0.210526315789474
9497 35 6 6 35 0.171428571428571 1 0.171428571428571
9498 222 3 3 222 0.0135135135135135 1 0.0135135135135135
9503 33 7 5 35 0.151515151515152 0.714285714285714 0.142857142857143
9505 117 8 6 119 0.0512820512820513 0.75 0.0504201680672269
9534 9 2 2 9 0.222222222222222 1 0.222222222222222
9541 6 1 0 7 0 0 0
9549 3 1 1 3 0.333333333333333 1 0.333333333333333
9555 2 1 0 3 0 0 0
9583 36 2 2 36 0.0555555555555556 1 0.0555555555555556
9584 11 2 1 12 0.0909090909090909 0.5 0.0833333333333333
9595 6 5 3 8 0.5 0.6 0.375
9600 5 3 3 5 0.6 1 0.6
9601 10 1 1 10 0.1 1 0.1
9607 6 4 0 10 0 0 0
9612 1 1 0 2 0 0 0
9619 2 2 2 2 1 1 1
9621 4 1 1 4 0.25 1 0.25
9622 7 5 2 10 0.285714285714286 0.4 0.2
9700 7 3 2 8 0.285714285714286 0.666666666666667 0.25
9732 2 2 1 3 0.5 0.5 0.333333333333333
9737 7 1 1 7 0.142857142857143 1 0.142857142857143
9738 11 1 0 12 0 0 0
9794 5 1 1 5 0.2 1 0.2
9800 8 2 0 10 0 0 0
9821 6 3 3 6 0.5 1 0.5
9829 17 2 2 17 0.117647058823529 1 0.117647058823529
9892 3 1 1 3 0.333333333333333 1 0.333333333333333
9896 2 1 1 2 0.5 1 0.5
9901 24 7 4 27 0.166666666666667 0.571428571428571 0.148148148148148
9911 21 1 1 21 0.0476190476190476 1 0.0476190476190476
9919 15 1 0 16 0 0 0
9924 48 1 0 49 0 0 0
9930 13 4 4 13 0.307692307692308 1 0.307692307692308
9999 2 1 0 3 0 0 0
