#ASN num_v4adj num_v6adj num_intersect(v4v6adj) num_union(adj) fr_v4(num_intersect/num_v4adj) fr_v6(num_intersect/num_v6adj) fr_intersect(num_intersect/num_union)
10013 2 6 1 7 0.5 0.166666666666667 0.142857142857143
10015 10 1 0 11 0 0 0
101 37 10 8 39 0.216216216216216 0.8 0.205128205128205
10148 1 2 1 2 1 0.5 0.5
102 3 1 1 3 0.333333333333333 1 0.333333333333333
10204 7 5 1 11 0.142857142857143 0.2 0.0909090909090909
10217 27 1 1 27 0.037037037037037 1 0.037037037037037
10318 4 1 0 5 0 0 0
10343 2 1 1 2 0.5 1 0.5
10405 2 1 0 3 0 0 0
10429 73 1 1 73 0.0136986301369863 1 0.0136986301369863
10490 33 5 5 33 0.151515151515152 1 0.151515151515152
10533 1 1 1 1 1 1 1
10569 1 1 1 1 1 1 1
10578 25 3 3 25 0.12 1 0.12
10745 2 6 0 8 0 0 0
10778 5 1 1 5 0.2 1 0.2
10886 40 17 7 50 0.175 0.411764705882353 0.14
109 15 5 0 20 0 0 0
1101 1 1 1 1 1 1 1
1103 185 50 48 187 0.259459459459459 0.96 0.25668449197861
111 2 2 1 3 0.5 0.5 0.333333333333333
11170 2 1 0 3 0 0 0
1120 16 1 1 16 0.0625 1 0.0625
1126 43 10 7 46 0.162790697674419 0.7 0.152173913043478
11274 12 3 3 12 0.25 1 0.25
11317 6 4 4 6 0.666666666666667 1 0.666666666666667
11340 5 1 1 5 0.2 1 0.2
1140 31 6 4 33 0.129032258064516 0.666666666666667 0.121212121212121
11404 24 1 1 24 0.0416666666666667 1 0.0416666666666667
11537 117 50 38 129 0.324786324786325 0.76 0.294573643410853
11656 1 1 0 2 0 0 0
11666 5 2 0 7 0 0 0
11694 2 1 1 2 0.5 1 0.5
11734 3 1 0 4 0 0 0
11815 3 1 0 4 0 0 0
11960 5 2 2 5 0.4 1 0.4
11990 4 1 0 5 0 0 0
1200 51 16 10 57 0.196078431372549 0.625 0.175438596491228
12008 33 1 1 33 0.0303030303030303 1 0.0303030303030303
12041 11 6 5 12 0.454545454545455 0.833333333333333 0.416666666666667
12046 2 1 1 2 0.5 1 0.5
12111 28 3 2 29 0.0714285714285714 0.666666666666667 0.0689655172413793
1213 6 3 3 6 0.5 1 0.5
1221 111 2 0 113 0 0 0
12287 2 1 1 2 0.5 1 0.5
12301 55 1 1 55 0.0181818181818182 1 0.0181818181818182
12312 57 14 11 60 0.192982456140351 0.785714285714286 0.183333333333333
12322 74 3 3 74 0.0405405405405405 1 0.0405405405405405
12337 46 17 14 49 0.304347826086957 0.823529411764706 0.285714285714286
12353 5 3 1 7 0.2 0.333333333333333 0.142857142857143
12355 24 8 7 25 0.291666666666667 0.875 0.28
1237 34 4 2 36 0.0588235294117647 0.5 0.0555555555555556
12371 3 1 0 4 0 0 0
12386 15 2 2 15 0.133333333333333 1 0.133333333333333
1239 1711 4 1 1714 0.000584453535943892 0.25 0.00058343057176196
12399 278 1 1 278 0.00359712230215827 1 0.00359712230215827
12401 12 3 2 13 0.166666666666667 0.666666666666667 0.153846153846154
12414 43 13 10 46 0.232558139534884 0.769230769230769 0.217391304347826
12502 3 1 1 3 0.333333333333333 1 0.333333333333333
12533 2 1 0 3 0 0 0
12566 19 2 2 19 0.105263157894737 1 0.105263157894737
1257 154 5 3 156 0.0194805194805195 0.6 0.0192307692307692
12573 37 6 6 37 0.162162162162162 1 0.162162162162162
12600 17 1 0 18 0 0 0
12611 46 16 11 51 0.239130434782609 0.6875 0.215686274509804
12634 41 16 12 45 0.292682926829268 0.75 0.266666666666667
12637 61 7 6 62 0.0983606557377049 0.857142857142857 0.0967741935483871
12638 3 3 0 6 0 0 0
12654 61 17 10 68 0.163934426229508 0.588235294117647 0.147058823529412
12657 2 1 0 3 0 0 0
12709 2 1 0 3 0 0 0
1273 299 70 41 328 0.137123745819398 0.585714285714286 0.125
12731 83 16 11 88 0.132530120481928 0.6875 0.125
12732 18 4 2 20 0.111111111111111 0.5 0.1
12741 111 1 0 112 0 0 0
12757 4 1 1 4 0.25 1 0.25
12767 9 1 0 10 0 0 0
12769 4 1 1 4 0.25 1 0.25
12779 72 20 11 81 0.152777777777778 0.55 0.135802469135802
1280 91 28 17 102 0.186813186813187 0.607142857142857 0.166666666666667
12816 1 1 1 1 1 1 1
12817 2 2 2 2 1 1 1
12853 1 3 0 4 0 0 0
12859 462 99 91 470 0.196969696969697 0.919191919191919 0.193617021276596
12871 39 14 7 46 0.179487179487179 0.5 0.152173913043478
12874 143 2 2 143 0.013986013986014 1 0.013986013986014
12895 10 1 1 10 0.1 1 0.1
12902 46 11 9 48 0.195652173913043 0.818181818181818 0.1875
12931 4 3 2 5 0.5 0.666666666666667 0.4
12956 125 8 7 126 0.056 0.875 0.0555555555555556
12968 111 1 1 111 0.00900900900900901 1 0.00900900900900901
12989 473 10 10 473 0.0211416490486258 1 0.0211416490486258
1299 531 33 31 533 0.0583804143126177 0.939393939393939 0.0581613508442777
13030 150 6 6 150 0.04 1 0.04
13039 5 1 1 5 0.2 1 0.2
13041 7 1 1 7 0.142857142857143 1 0.142857142857143
13092 5 2 2 5 0.4 1 0.4
131075 2 2 1 3 0.5 0.5 0.333333333333333
13110 6 1 1 6 0.166666666666667 1 0.166666666666667
13115 4 1 1 4 0.25 1 0.25
1312 2 1 1 2 0.5 1 0.5
13189 30 5 5 30 0.166666666666667 1 0.166666666666667
13193 53 12 9 56 0.169811320754717 0.75 0.160714285714286
13237 509 70 60 519 0.117878192534381 0.857142857142857 0.115606936416185
13272 1 1 1 1 1 1 1
13284 8 4 2 10 0.25 0.5 0.2
13293 23 2 2 23 0.0869565217391304 1 0.0869565217391304
13301 34 2 1 35 0.0294117647058824 0.5 0.0285714285714286
13319 4 1 0 5 0 0 0
13332 6 1 1 6 0.166666666666667 1 0.166666666666667
13448 4 1 1 4 0.25 1 0.25
13645 173 12 6 179 0.0346820809248555 0.5 0.0335195530726257
13657 6 2 0 8 0 0 0
13680 30 3 3 30 0.1 1 0.1
137 19 2 2 19 0.105263157894737 1 0.105263157894737
13714 2 1 1 2 0.5 1 0.5
13810 2 2 1 3 0.5 0.5 0.333333333333333
13855 5 1 0 6 0 0 0
13901 1 1 1 1 1 1 1
13911 4 1 0 5 0 0 0
14037 1 1 1 1 1 1 1
14085 5 2 2 5 0.4 1 0.4
14259 21 2 1 22 0.0476190476190476 0.5 0.0454545454545455
14262 4 2 2 4 0.5 1 0.5
14277 8 9 3 14 0.375 0.333333333333333 0.214285714285714
14589 21 2 1 22 0.0476190476190476 0.5 0.0454545454545455
14595 3 1 0 4 0 0 0
14868 4 1 1 4 0.25 1 0.25
15169 115 6 3 118 0.0260869565217391 0.5 0.0254237288135593
15226 3 2 0 5 0 0 0
15373 3 1 1 3 0.333333333333333 1 0.333333333333333
15412 324 8 7 325 0.0216049382716049 0.875 0.0215384615384615
15440 6 1 1 6 0.166666666666667 1 0.166666666666667
15444 267 16 8 275 0.0299625468164794 0.5 0.0290909090909091
15456 1 2 0 3 0 0 0
15469 1 1 0 2 0 0 0
15474 1 1 1 1 1 1 1
15480 1 1 1 1 1 1 1
15589 36 7 3 40 0.0833333333333333 0.428571428571429 0.075
15598 62 20 15 67 0.241935483870968 0.75 0.223880597014925
15623 31 2 1 32 0.032258064516129 0.5 0.03125
15685 23 5 5 23 0.217391304347826 1 0.217391304347826
15694 57 1 1 57 0.0175438596491228 1 0.0175438596491228
15725 2 2 1 3 0.5 0.5 0.333333333333333
15744 12 1 1 12 0.0833333333333333 1 0.0833333333333333
15782 13 2 1 14 0.0769230769230769 0.5 0.0714285714285714
15798 3 1 0 4 0 0 0
15919 8 1 1 8 0.125 1 0.125
16004 13 4 3 14 0.230769230769231 0.75 0.214285714285714
16030 64 14 11 67 0.171875 0.785714285714286 0.164179104477612
16034 300 11 11 300 0.0366666666666667 1 0.0366666666666667
16086 33 16 6 43 0.181818181818182 0.375 0.13953488372093
16117 3 1 1 3 0.333333333333333 1 0.333333333333333
16128 17 3 3 17 0.176470588235294 1 0.176470588235294
16131 44 13 9 48 0.204545454545455 0.692307692307692 0.1875
16150 210 4 3 211 0.0142857142857143 0.75 0.014218009478673
16186 41 6 1 46 0.024390243902439 0.166666666666667 0.0217391304347826
16206 15 1 0 16 0 0 0
16210 4 3 3 4 0.75 1 0.75
16215 13 3 3 13 0.230769230769231 1 0.230769230769231
16237 33 4 2 35 0.0606060606060606 0.5 0.0571428571428571
16245 26 1 1 26 0.0384615384615385 1 0.0384615384615385
16265 106 1 1 106 0.00943396226415094 1 0.00943396226415094
16276 69 2 2 69 0.0289855072463768 1 0.0289855072463768
16316 5 2 0 7 0 0 0
16397 10 1 0 11 0 0 0
1653 26 7 4 29 0.153846153846154 0.571428571428571 0.137931034482759
1654 1 1 0 2 0 0 0
1659 10 3 2 11 0.2 0.666666666666667 0.181818181818182
16668 6 2 1 7 0.166666666666667 0.5 0.142857142857143
16713 29 2 1 30 0.0344827586206897 0.5 0.0333333333333333
16807 3 2 0 5 0 0 0
16838 12 1 0 13 0 0 0
16942 2 2 1 3 0.5 0.5 0.333333333333333
16993 3 1 0 4 0 0 0
1706 4 1 0 5 0 0 0
17061 2 1 0 3 0 0 0
17197 1 2 0 3 0 0 0
17263 6 1 0 7 0 0 0
1741 11 3 2 12 0.181818181818182 0.666666666666667 0.166666666666667
17435 3 1 0 4 0 0 0
17511 11 2 0 13 0 0 0
17529 8 1 1 8 0.125 1 0.125
17554 9 3 3 9 0.333333333333333 1 0.333333333333333
17579 12 8 5 15 0.416666666666667 0.625 0.333333333333333
1764 33 7 5 35 0.151515151515152 0.714285714285714 0.142857142857143
17676 32 6 2 36 0.0625 0.333333333333333 0.0555555555555556
17709 12 1 0 13 0 0 0
17716 3 1 1 3 0.333333333333333 1 0.333333333333333
17832 1 7 1 7 1 0.142857142857143 0.142857142857143
17884 2 1 0 3 0 0 0
17934 2 3 1 4 0.5 0.333333333333333 0.25
17955 3 1 1 3 0.333333333333333 1 0.333333333333333
1797 2 3 2 3 1 0.666666666666667 0.666666666666667
1798 3 3 0 6 0 0 0
18011 1 1 0 2 0 0 0
18119 3 1 0 4 0 0 0
18126 4 1 0 5 0 0 0
18146 2 3 0 5 0 0 0
18182 3 1 0 4 0 0 0
18185 5 2 2 5 0.4 1 0.4
18203 3 2 0 5 0 0 0
18206 3 2 0 5 0 0 0
18266 3 1 1 3 0.333333333333333 1 0.333333333333333
18344 1 3 0 4 0 0 0
1835 7 2 2 7 0.285714285714286 1 0.285714285714286
1836 57 9 7 59 0.12280701754386 0.777777777777778 0.11864406779661
18366 2 3 1 4 0.5 0.333333333333333 0.25
18422 4 1 1 4 0.25 1 0.25
18508 1 2 0 3 0 0 0
1853 105 19 18 106 0.171428571428571 0.947368421052632 0.169811320754717
18592 23 7 6 24 0.260869565217391 0.857142857142857 0.25
18666 2 2 0 4 0 0 0
1879 1 2 1 2 1 0.5 0.5
1880 14 5 3 16 0.214285714285714 0.6 0.1875
1881 2 1 1 2 0.5 1 0.5
1887 7 1 1 7 0.142857142857143 1 0.142857142857143
18922 27 2 1 28 0.037037037037037 0.5 0.0357142857142857
1901 44 2 2 44 0.0454545454545455 1 0.0454545454545455
19021 1 1 0 2 0 0 0
19151 637 15 14 638 0.021978021978022 0.933333333333333 0.0219435736677116
1916 80 8 6 82 0.075 0.75 0.0731707317073171
19166 18 1 1 18 0.0555555555555556 1 0.0555555555555556
19192 3 1 1 3 0.333333333333333 1 0.333333333333333
19255 3 3 3 3 1 1 1
1930 23 5 4 24 0.173913043478261 0.8 0.166666666666667
19318 48 3 2 49 0.0416666666666667 0.666666666666667 0.0408163265306122
19401 43 12 12 43 0.27906976744186 1 0.27906976744186
195 8 3 1 10 0.125 0.333333333333333 0.1
1955 10 3 3 10 0.3 1 0.3
19782 15 2 2 15 0.133333333333333 1 0.133333333333333
19783 2 1 0 3 0 0 0
20021 5 1 0 6 0 0 0
20080 21 4 4 21 0.19047619047619 1 0.19047619047619
2018 12 3 3 12 0.25 1 0.25
20312 9 2 1 10 0.111111111111111 0.5 0.1
2042 18 3 2 19 0.111111111111111 0.666666666666667 0.105263157894737
20436 2 1 0 3 0 0 0
20473 22 1 0 23 0 0 0
20495 57 10 8 59 0.140350877192982 0.8 0.135593220338983
20569 12 2 2 12 0.166666666666667 1 0.166666666666667
20597 3 1 1 3 0.333333333333333 1 0.333333333333333
20621 2 1 1 2 0.5 1 0.5
20633 25 9 4 30 0.16 0.444444444444444 0.133333333333333
20640 199 69 51 217 0.256281407035176 0.739130434782609 0.235023041474654
20646 26 2 1 27 0.0384615384615385 0.5 0.037037037037037
20650 5 1 1 5 0.2 1 0.2
20704 22 3 3 22 0.136363636363636 1 0.136363636363636
20707 2 1 1 2 0.5 1 0.5
20712 9 1 0 10 0 0 0
20718 34 10 2 42 0.0588235294117647 0.2 0.0476190476190476
20745 1 2 0 3 0 0 0
20766 20 1 1 20 0.05 1 0.05
20847 36 14 7 43 0.194444444444444 0.5 0.162790697674419
209 1328 5 4 1329 0.00301204819277108 0.8 0.00300978179082017
20912 5 5 1 9 0.2 0.2 0.111111111111111
20932 327 14 12 329 0.036697247706422 0.857142857142857 0.0364741641337386
20965 50 41 41 50 0.82 1 0.82
210 9 1 1 9 0.111111111111111 1 0.111111111111111
21011 23 1 1 23 0.0434782608695652 1 0.0434782608695652
21055 33 3 1 35 0.0303030303030303 0.333333333333333 0.0285714285714286
2107 1 1 1 1 1 1 1
2108 1 1 1 1 1 1 1
2110 58 2 1 59 0.0172413793103448 0.5 0.0169491525423729
21155 47 11 8 50 0.170212765957447 0.727272727272727 0.16
2116 31 1 1 31 0.032258064516129 1 0.032258064516129
21221 28 10 6 32 0.214285714285714 0.6 0.1875
2128 3 2 2 3 0.666666666666667 1 0.666666666666667
21280 7 2 1 8 0.142857142857143 0.5 0.125
21320 6 1 1 6 0.166666666666667 1 0.166666666666667
21385 122 21 16 127 0.131147540983607 0.761904761904762 0.125984251968504
2152 88 2 1 89 0.0113636363636364 0.5 0.0112359550561798
21527 5 1 1 5 0.2 1 0.2
2153 41 10 10 41 0.24390243902439 1 0.24390243902439
21548 15 1 1 15 0.0666666666666667 1 0.0666666666666667
21737 6 1 0 7 0 0 0
21844 11 2 2 11 0.181818181818182 1 0.181818181818182
21864 5 1 1 5 0.2 1 0.2
21911 6 1 1 6 0.166666666666667 1 0.166666666666667
21947 27 3 3 27 0.111111111111111 1 0.111111111111111
2200 63 4 4 63 0.0634920634920635 1 0.0634920634920635
22166 2 1 0 3 0 0 0
22388 9 7 7 9 0.777777777777778 1 0.777777777777778
224 5 1 1 5 0.2 1 0.2
225 2 1 1 2 0.5 1 0.5
22548 34 2 1 35 0.0294117647058824 0.5 0.0285714285714286
22767 1 1 1 1 1 1 1
22779 1 1 0 2 0 0 0
23007 2 1 1 2 0.5 1 0.5
23028 6 2 0 8 0 0 0
23148 195 2 2 195 0.0102564102564103 1 0.0102564102564103
23352 105 3 3 105 0.0285714285714286 1 0.0285714285714286
23393 75 2 1 76 0.0133333333333333 0.5 0.0131578947368421
23456 10 4 2 12 0.2 0.5 0.166666666666667
23504 29 8 4 33 0.137931034482759 0.5 0.121212121212121
23541 7 1 0 8 0 0 0
23577 2 1 0 3 0 0 0
23596 2 1 1 2 0.5 1 0.5
23600 3 1 1 3 0.333333333333333 1 0.333333333333333
23624 2 1 1 2 0.5 1 0.5
23634 6 4 4 6 0.666666666666667 1 0.666666666666667
23654 2 1 1 2 0.5 1 0.5
237 31 1 1 31 0.032258064516129 1 0.032258064516129
23754 1 2 0 3 0 0 0
23774 3 2 1 4 0.333333333333333 0.5 0.25
23787 2 2 1 3 0.5 0.5 0.333333333333333
2381 26 3 2 27 0.0769230769230769 0.666666666666667 0.0740740740740741
23836 1 1 1 1 1 1 1
23855 9 1 1 9 0.111111111111111 1 0.111111111111111
23869 2 1 0 3 0 0 0
23910 3 4 2 5 0.666666666666667 0.5 0.4
23911 6 12 5 13 0.833333333333333 0.416666666666667 0.384615384615385
23912 1 1 0 2 0 0 0
23966 5 1 0 6 0 0 0
24 13 19 10 22 0.769230769230769 0.526315789473684 0.454545454545455
24005 3 1 0 4 0 0 0
24211 1 1 1 1 1 1 1
24226 2 3 0 5 0 0 0
24229 3 1 1 3 0.333333333333333 1 0.333333333333333
24287 4 3 3 4 0.75 1 0.75
24311 1 1 0 2 0 0 0
24326 11 1 1 11 0.0909090909090909 1 0.0909090909090909
24334 2 1 1 2 0.5 1 0.5
24390 2 1 1 2 0.5 1 0.5
24433 2 1 1 2 0.5 1 0.5
24475 3 3 3 3 1 1 1
24489 8 5 5 8 0.625 1 0.625
24490 9 8 8 9 0.888888888888889 1 0.888888888888889
24514 3 2 2 3 0.666666666666667 1 0.666666666666667
24541 2 4 1 5 0.5 0.25 0.2
24557 2 1 1 2 0.5 1 0.5
24586 28 6 4 30 0.142857142857143 0.666666666666667 0.133333333333333
24724 98 16 11 103 0.112244897959184 0.6875 0.106796116504854
24776 8 2 1 9 0.125 0.5 0.111111111111111
24785 75 2 2 75 0.0266666666666667 1 0.0266666666666667
24835 13 1 1 13 0.0769230769230769 1 0.0769230769230769
24867 23 1 1 23 0.0434782608695652 1 0.0434782608695652
24875 218 46 40 224 0.18348623853211 0.869565217391304 0.178571428571429
24900 1 1 1 1 1 1 1
24940 26 7 5 28 0.192307692307692 0.714285714285714 0.178571428571429
2495 10 1 1 10 0.1 1 0.1
2497 224 56 38 242 0.169642857142857 0.678571428571429 0.15702479338843
24971 22 3 2 23 0.0909090909090909 0.666666666666667 0.0869565217391304
24973 5 1 0 6 0 0 0
25 2 1 1 2 0.5 1 0.5
250 7 1 0 8 0 0 0
2500 30 43 12 61 0.4 0.27906976744186 0.19672131147541
2506 2 1 1 2 0.5 1 0.5
25061 39 1 0 40 0 0 0
2510 20 6 3 23 0.15 0.5 0.130434782608696
25137 6 2 2 6 0.333333333333333 1 0.333333333333333
2514 15 4 3 16 0.2 0.75 0.1875
2515 6 1 1 6 0.166666666666667 1 0.166666666666667
25152 67 6 6 67 0.0895522388059701 1 0.0895522388059701
2516 300 48 34 314 0.113333333333333 0.708333333333333 0.10828025477707
2518 46 7 3 50 0.0652173913043478 0.428571428571429 0.06
2519 28 3 1 30 0.0357142857142857 0.333333333333333 0.0333333333333333
25192 22 9 5 26 0.227272727272727 0.555555555555556 0.192307692307692
25220 13 2 2 13 0.153846153846154 1 0.153846153846154
25232 37 13 9 41 0.243243243243243 0.692307692307692 0.219512195121951
2527 11 6 3 14 0.272727272727273 0.5 0.214285714285714
25336 1 2 0 3 0 0 0
25358 14 8 2 20 0.142857142857143 0.25 0.1
25384 9 1 0 10 0 0 0
25441 14 1 1 14 0.0714285714285714 1 0.0714285714285714
25466 10 2 2 10 0.2 1 0.2
25473 4 2 1 5 0.25 0.5 0.2
2549 2 2 1 3 0.5 0.5 0.333333333333333
25538 2 1 0 3 0 0 0
25560 87 18 15 90 0.172413793103448 0.833333333333333 0.166666666666667
25588 17 1 0 18 0 0 0
25596 42 3 2 43 0.0476190476190476 0.666666666666667 0.0465116279069767
25689 8 2 1 9 0.125 0.5 0.111111111111111
2572 7 1 1 7 0.142857142857143 1 0.142857142857143
25818 10 1 0 11 0 0 0
2586 9 1 1 9 0.111111111111111 1 0.111111111111111
25933 5 2 0 7 0 0 0
2594 4 1 0 5 0 0 0
2595 1 1 0 2 0 0 0
2602 2 1 1 2 0.5 1 0.5
2603 47 29 18 58 0.382978723404255 0.620689655172414 0.310344827586207
2607 28 6 5 29 0.178571428571429 0.833333333333333 0.172413793103448
2609 4 1 0 5 0 0 0
2611 53 10 9 54 0.169811320754717 0.9 0.166666666666667
2614 12 1 1 12 0.0833333333333333 1 0.0833333333333333
2637 4 1 1 4 0.25 1 0.25
26415 30 7 1 36 0.0333333333333333 0.142857142857143 0.0277777777777778
26943 204 14 12 206 0.0588235294117647 0.857142857142857 0.058252427184466
2697 6 1 1 6 0.166666666666667 1 0.166666666666667
26978 13 2 0 15 0 0 0
2698 7 2 2 7 0.285714285714286 1 0.285714285714286
27 2 1 1 2 0.5 1 0.5
2714 1 1 1 1 1 1 1
27319 26 4 4 26 0.153846153846154 1 0.153846153846154
27325 11 2 2 11 0.181818181818182 1 0.181818181818182
27446 5 1 0 6 0 0 0
27524 56 2 2 56 0.0357142857142857 1 0.0357142857142857
27552 7 1 1 7 0.142857142857143 1 0.142857142857143
27576 1 1 0 2 0 0 0
27686 2 1 1 2 0.5 1 0.5
27750 21 18 16 23 0.761904761904762 0.888888888888889 0.695652173913043
27789 2 1 0 3 0 0 0
278 6 7 1 12 0.166666666666667 0.142857142857143 0.0833333333333333
27807 11 8 8 11 0.727272727272727 1 0.727272727272727
27841 3 1 1 3 0.333333333333333 1 0.333333333333333
27892 3 1 1 3 0.333333333333333 1 0.333333333333333
27924 2 1 1 2 0.5 1 0.5
27929 3 2 2 3 0.666666666666667 1 0.666666666666667
27933 3 1 1 3 0.333333333333333 1 0.333333333333333
2819 28 2 0 30 0 0 0
2847 3 2 2 3 0.666666666666667 1 0.666666666666667
28472 1 1 1 1 1 1 1
2852 48 2 2 48 0.0416666666666667 1 0.0416666666666667
2857 161 21 18 164 0.111801242236025 0.857142857142857 0.109756097560976
286 330 63 33 360 0.1 0.523809523809524 0.0916666666666667
2861 6 1 1 6 0.166666666666667 1 0.166666666666667
28678 2 1 1 2 0.5 1 0.5
28697 8 2 2 8 0.25 1 0.25
28716 51 1 1 51 0.0196078431372549 1 0.0196078431372549
28725 5 1 0 6 0 0 0
28788 48 4 3 49 0.0625 0.75 0.0612244897959184
28792 8 2 1 9 0.125 0.5 0.111111111111111
28824 2 1 0 3 0 0 0
2884 5 2 2 5 0.4 1 0.4
28855 9 2 2 9 0.222222222222222 1 0.222222222222222
28857 7 4 2 9 0.285714285714286 0.5 0.222222222222222
28878 39 6 3 42 0.0769230769230769 0.5 0.0714285714285714
2895 50 1 1 50 0.02 1 0.02
2905 26 2 0 28 0 0 0
2907 77 5 4 78 0.051948051948052 0.8 0.0512820512820513
29134 5 1 0 6 0 0 0
2914 620 154 92 682 0.148387096774194 0.597402597402597 0.134897360703812
29147 1 1 1 1 1 1 1
2915 8 5 0 13 0 0 0
29208 223 22 19 226 0.0852017937219731 0.863636363636364 0.084070796460177
29216 1 1 1 1 1 1 1
29222 44 3 3 44 0.0681818181818182 1 0.0681818181818182
29243 2 2 1 3 0.5 0.5 0.333333333333333
29259 5 2 2 5 0.4 1 0.4
293 137 16 11 142 0.0802919708029197 0.6875 0.0774647887323944
29317 1 2 1 2 1 0.5 0.5
29372 2 1 0 3 0 0 0
29405 4 2 1 5 0.25 0.5 0.2
29422 25 2 1 26 0.04 0.5 0.0384615384615385
29449 38 9 6 41 0.157894736842105 0.666666666666667 0.146341463414634
29452 5 1 1 5 0.2 1 0.2
29488 5 1 1 5 0.2 1 0.2
29527 39 5 4 40 0.102564102564103 0.8 0.1
29632 42 1 0 43 0 0 0
29636 187 22 20 189 0.106951871657754 0.909090909090909 0.105820105820106
29651 21 1 1 21 0.0476190476190476 1 0.0476190476190476
29668 33 1 1 33 0.0303030303030303 1 0.0303030303030303
29670 10 3 2 11 0.2 0.666666666666667 0.181818181818182
29671 3 1 1 3 0.333333333333333 1 0.333333333333333
29686 305 76 72 309 0.236065573770492 0.947368421052632 0.233009708737864
29748 25 6 4 27 0.16 0.666666666666667 0.148148148148148
29791 46 3 1 48 0.0217391304347826 0.333333333333333 0.0208333333333333
29838 22 1 0 23 0 0 0
29877 8 3 1 10 0.125 0.333333333333333 0.1
3 5 1 0 6 0 0 0
30008 5 1 1 5 0.2 1 0.2
30071 11 104 9 106 0.818181818181818 0.0865384615384615 0.0849056603773585
30126 65 2 2 65 0.0307692307692308 1 0.0307692307692308
30128 3 4 1 6 0.333333333333333 0.25 0.166666666666667
30132 169 26 26 169 0.153846153846154 1 0.153846153846154
30217 7 1 1 7 0.142857142857143 1 0.142857142857143
30313 2 1 1 2 0.5 1 0.5
30340 15 1 1 15 0.0666666666666667 1 0.0666666666666667
30528 1 1 1 1 1 1 1
30653 18 4 2 20 0.111111111111111 0.5 0.1
30781 38 6 6 38 0.157894736842105 1 0.157894736842105
30795 3 2 2 3 0.666666666666667 1 0.666666666666667
30880 10 1 1 10 0.1 1 0.1
31065 3 2 0 5 0 0 0
31117 14 3 2 15 0.142857142857143 0.666666666666667 0.133333333333333
31127 3 2 2 3 0.666666666666667 1 0.666666666666667
31265 1 1 1 1 1 1 1
31283 141 1 1 141 0.00709219858156028 1 0.00709219858156028
31333 10 3 3 10 0.3 1 0.3
3134 2 1 1 2 0.5 1 0.5
31383 26 11 6 31 0.230769230769231 0.545454545454545 0.193548387096774
3140 1 1 1 1 1 1 1
31424 11 1 1 11 0.0909090909090909 1 0.0909090909090909
31445 47 10 6 51 0.127659574468085 0.6 0.117647058823529
31477 62 1 1 62 0.0161290322580645 1 0.0161290322580645
31479 5 1 1 5 0.2 1 0.2
31529 40 3 2 41 0.05 0.666666666666667 0.0487804878048781
31530 6 7 4 9 0.666666666666667 0.571428571428571 0.444444444444444
31708 19 4 4 19 0.210526315789474 1 0.210526315789474
32034 5 4 3 6 0.6 0.75 0.5
3212 52 1 1 52 0.0192307692307692 1 0.0192307692307692
3213 185 9 8 186 0.0432432432432432 0.888888888888889 0.043010752688172
3221 2 1 1 2 0.5 1 0.5
3224 1 1 1 1 1 1 1
32361 7 3 2 8 0.285714285714286 0.666666666666667 0.25
3243 14 3 2 15 0.142857142857143 0.666666666666667 0.133333333333333
3248 52 17 12 57 0.230769230769231 0.705882352941177 0.210526315789474
3249 50 9 6 53 0.12 0.666666666666667 0.113207547169811
3257 443 174 89 528 0.200902934537246 0.511494252873563 0.168560606060606
3265 40 15 8 47 0.2 0.533333333333333 0.170212765957447
3267 204 6 6 204 0.0294117647058824 1 0.0294117647058824
3269 95 1 1 95 0.0105263157894737 1 0.0105263157894737
3277 42 1 1 42 0.0238095238095238 1 0.0238095238095238
32915 3 1 0 4 0 0 0
3292 367 20 13 374 0.0354223433242507 0.65 0.0347593582887701
32978 2 1 1 2 0.5 1 0.5
33 8 2 0 10 0 0 0
3301 60 5 3 62 0.05 0.6 0.0483870967741935
3303 440 24 20 444 0.0454545454545455 0.833333333333333 0.045045045045045
3320 463 10 5 468 0.0107991360691145 0.5 0.0106837606837607
3327 360 19 18 361 0.05 0.947368421052632 0.0498614958448753
3333 152 6 4 154 0.0263157894736842 0.666666666666667 0.025974025974026
33437 3 11 3 11 1 0.272727272727273 0.272727272727273
3344 23 14 7 30 0.304347826086957 0.5 0.233333333333333
3352 61 3 1 63 0.0163934426229508 0.333333333333333 0.0158730158730159
3356 1831 51 45 1837 0.0245767340251229 0.882352941176471 0.0244964616222101
33597 16 1 1 16 0.0625 1 0.0625
33843 35 11 5 41 0.142857142857143 0.454545454545455 0.121951219512195
33891 16 5 5 16 0.3125 1 0.3125
34019 13 2 2 13 0.153846153846154 1 0.153846153846154
34081 3 2 2 3 0.666666666666667 1 0.666666666666667
34159 4 1 1 4 0.25 1 0.25
34225 34 4 4 34 0.117647058823529 1 0.117647058823529
34270 39 2 2 39 0.0512820512820513 1 0.0512820512820513
34288 5 2 1 6 0.2 0.5 0.166666666666667
34305 67 2 2 67 0.0298507462686567 1 0.0298507462686567
34309 36 63 13 86 0.361111111111111 0.206349206349206 0.151162790697674
34313 2 1 1 2 0.5 1 0.5
34419 47 9 6 50 0.127659574468085 0.666666666666667 0.12
3450 4 1 1 4 0.25 1 0.25
34505 3 1 1 3 0.333333333333333 1 0.333333333333333
34549 8 3 1 10 0.125 0.333333333333333 0.1
34631 2 2 1 3 0.5 0.5 0.333333333333333
34752 3 1 1 3 0.333333333333333 1 0.333333333333333
34763 122 17 10 129 0.0819672131147541 0.588235294117647 0.0775193798449612
34771 3 3 2 4 0.666666666666667 0.666666666666667 0.5
34997 72 3 3 72 0.0416666666666667 1 0.0416666666666667
35028 32 5 4 33 0.125 0.8 0.121212121212121
35070 13 1 1 13 0.0769230769230769 1 0.0769230769230769
35244 29 18 12 35 0.413793103448276 0.666666666666667 0.342857142857143
35272 3 1 1 3 0.333333333333333 1 0.333333333333333
35292 9 1 0 10 0 0 0
35425 8 1 1 8 0.125 1 0.125
35485 4 1 1 4 0.25 1 0.25
3549 1091 84 68 1107 0.0623281393217232 0.80952380952381 0.0614272809394761
35492 4 3 3 4 0.75 1 0.75
3551 1 1 0 2 0 0 0
3557 18 5 5 18 0.277777777777778 1 0.277777777777778
35612 4 3 0 7 0 0 0
35627 4 1 1 4 0.25 1 0.25
35706 15 5 2 18 0.133333333333333 0.4 0.111111111111111
35908 19 1 1 19 0.0526315789473684 1 0.0526315789473684
3597 8 1 1 8 0.125 1 0.125
36351 6 1 1 6 0.166666666666667 1 0.166666666666667
3640 5 1 1 5 0.2 1 0.2
36472 14 3 3 14 0.214285714285714 1 0.214285714285714
3662 13 3 2 14 0.153846153846154 0.666666666666667 0.142857142857143
36671 3 1 1 3 0.333333333333333 1 0.333333333333333
3676 6 1 1 6 0.166666666666667 1 0.166666666666667
36856 5 2 0 7 0 0 0
36944 4 2 1 5 0.25 0.5 0.2
36948 2 1 1 2 0.5 1 0.5
3714 4 1 1 4 0.25 1 0.25
3742 22 1 1 22 0.0454545454545455 1 0.0454545454545455
3748 2 1 0 3 0 0 0
376 16 1 1 16 0.0625 1 0.0625
378 2 1 1 2 0.5 1 0.5
3790 4 1 1 4 0.25 1 0.25
38005 2 2 2 2 1 1 1
38018 8 6 5 9 0.625 0.833333333333333 0.555555555555556
38022 19 6 6 19 0.315789473684211 1 0.315789473684211
38082 12 1 1 12 0.0833333333333333 1 0.0833333333333333
38083 2 1 1 2 0.5 1 0.5
38128 1 1 0 2 0 0 0
38140 2 1 1 2 0.5 1 0.5
3825 1 1 0 2 0 0 0
38299 2 1 1 2 0.5 1 0.5
3836 8 6 1 13 0.125 0.166666666666667 0.0769230769230769
38462 2 1 1 2 0.5 1 0.5
38626 1 1 1 1 1 1 1
38819 2 2 1 3 0.5 0.5 0.333333333333333
39122 8 1 1 8 0.125 1 0.125
39211 1 1 1 1 1 1 1
39301 3 2 2 3 0.666666666666667 1 0.666666666666667
39309 19 1 0 20 0 0 0
393219 1 1 1 1 1 1 1
39326 53 10 6 57 0.113207547169811 0.6 0.105263157894737
3949 1 1 1 1 1 1 1
39537 1 1 0 2 0 0 0
39854 1 2 1 2 1 0.5 0.5
3999 1 1 1 1 1 1 1
40009 39 4 3 40 0.0769230769230769 0.75 0.075
40068 5 1 1 5 0.2 1 0.2
40193 9 4 2 11 0.222222222222222 0.5 0.181818181818182
40220 12 3 3 12 0.25 1 0.25
40490 2 2 1 3 0.5 0.5 0.333333333333333
40528 4 2 2 4 0.5 1 0.5
40587 1 1 0 2 0 0 0
41012 25 2 2 25 0.08 1 0.08
41045 5 1 1 5 0.2 1 0.2
41075 3 1 0 4 0 0 0
41102 1 2 1 2 1 0.5 0.5
4134 95 2 0 97 0 0 0
41670 1 1 0 2 0 0 0
41692 315 82 67 330 0.212698412698413 0.817073170731707 0.203030303030303
41773 1 1 1 1 1 1 1
42 92 2 2 92 0.0217391304347826 1 0.0217391304347826
42096 10 1 1 10 0.1 1 0.1
42689 30 1 1 30 0.0333333333333333 1 0.0333333333333333
43602 3 1 1 3 0.333333333333333 1 0.333333333333333
43821 27 10 7 30 0.259259259259259 0.7 0.233333333333333
43950 2 1 0 3 0 0 0
44066 3 1 1 3 0.333333333333333 1 0.333333333333333
44212 2 1 1 2 0.5 1 0.5
44358 1 1 1 1 1 1 1
4436 122 15 14 123 0.114754098360656 0.933333333333333 0.113821138211382
4538 21 7 5 23 0.238095238095238 0.714285714285714 0.217391304347826
4555 1 5 0 6 0 0 0
4557 10 2 2 10 0.2 1 0.2
4589 680 45 42 683 0.0617647058823529 0.933333333333333 0.061493411420205
4608 4 2 0 6 0 0 0
4618 15 5 1 19 0.0666666666666667 0.2 0.0526315789473684
4621 25 3 2 26 0.08 0.666666666666667 0.0769230769230769
4635 81 10 8 83 0.0987654320987654 0.8 0.0963855421686747
4651 33 10 9 34 0.272727272727273 0.9 0.264705882352941
4673 8 1 0 9 0 0 0
4675 6 5 1 10 0.166666666666667 0.2 0.1
4677 6 1 1 6 0.166666666666667 1 0.166666666666667
4678 8 6 3 11 0.375 0.5 0.272727272727273
4680 9 5 2 12 0.222222222222222 0.4 0.166666666666667
4685 10 5 3 12 0.3 0.6 0.25
4691 9 8 3 14 0.333333333333333 0.375 0.214285714285714
4697 3 12 3 12 1 0.25 0.25
4702 1 1 0 2 0 0 0
4711 2 1 0 3 0 0 0
4713 90 5 4 91 0.0444444444444444 0.8 0.043956043956044
4716 69 16 7 78 0.101449275362319 0.4375 0.0897435897435897
4717 3 2 2 3 0.666666666666667 1 0.666666666666667
4718 4 4 1 7 0.25 0.25 0.142857142857143
4721 12 6 2 16 0.166666666666667 0.333333333333333 0.125
4725 127 26 12 141 0.094488188976378 0.461538461538462 0.0851063829787234
4739 52 7 6 53 0.115384615384615 0.857142857142857 0.113207547169811
4741 9 1 1 9 0.111111111111111 1 0.111111111111111
4747 8 2 0 10 0 0 0
4750 56 3 1 58 0.0178571428571429 0.333333333333333 0.0172413793103448
4755 124 1 1 124 0.00806451612903226 1 0.00806451612903226
4761 58 3 2 59 0.0344827586206897 0.666666666666667 0.0338983050847458
4768 26 1 1 26 0.0384615384615385 1 0.0384615384615385
4770 14 3 0 17 0 0 0
4775 51 1 1 51 0.0196078431372549 1 0.0196078431372549
4777 35 7 3 39 0.0857142857142857 0.428571428571429 0.0769230769230769
4780 25 3 2 26 0.08 0.666666666666667 0.0769230769230769
4787 6 3 0 9 0 0 0
4788 154 2 2 154 0.012987012987013 1 0.012987012987013
4795 44 6 4 46 0.0909090909090909 0.666666666666667 0.0869565217391304
4796 3 1 1 3 0.333333333333333 1 0.333333333333333
4818 5 1 0 6 0 0 0
4829 2 1 1 2 0.5 1 0.5
5050 21 2 2 21 0.0952380952380952 1 0.0952380952380952
513 43 8 6 45 0.13953488372093 0.75 0.133333333333333
5381 16 3 1 18 0.0625 0.333333333333333 0.0555555555555556
5385 13 8 4 17 0.307692307692308 0.5 0.235294117647059
5400 274 4 3 275 0.0109489051094891 0.75 0.0109090909090909
5401 1 1 1 1 1 1 1
5403 18 2 2 18 0.111111111111111 1 0.111111111111111
5408 29 3 2 30 0.0689655172413793 0.666666666666667 0.0666666666666667
5410 65 5 3 67 0.0461538461538462 0.6 0.0447761194029851
5413 221 1 1 221 0.00452488687782805 1 0.00452488687782805
5418 9 1 1 9 0.111111111111111 1 0.111111111111111
5421 3 2 1 4 0.333333333333333 0.5 0.25
5430 345 23 19 349 0.0550724637681159 0.826086956521739 0.0544412607449857
5459 258 11 11 258 0.0426356589147287 1 0.0426356589147287
5466 74 2 1 75 0.0135135135135135 0.5 0.0133333333333333
5486 38 2 0 40 0 0 0
5511 174 22 17 179 0.0977011494252874 0.772727272727273 0.0949720670391061
553 50 17 13 54 0.26 0.764705882352941 0.240740740740741
5537 28 2 1 29 0.0357142857142857 0.5 0.0344827586206897
5539 40 47 18 69 0.45 0.382978723404255 0.260869565217391
5549 3 2 2 3 0.666666666666667 1 0.666666666666667
5550 4 2 1 5 0.25 0.5 0.2
5568 201 9 7 203 0.0348258706467662 0.777777777777778 0.0344827586206897
557 5 1 1 5 0.2 1 0.2
559 57 20 19 58 0.333333333333333 0.95 0.327586206896552
5602 20 4 3 21 0.15 0.75 0.142857142857143
5609 2 9 1 10 0.5 0.111111111111111 0.1
5617 169 1 1 169 0.00591715976331361 1 0.00591715976331361
5623 1 3 0 4 0 0 0
5645 8 4 0 12 0 0 0
5669 5 2 0 7 0 0 0
57 24 3 3 24 0.125 1 0.125
5707 3 1 1 3 0.333333333333333 1 0.333333333333333
5713 148 2 1 149 0.00675675675675676 0.5 0.00671140939597315
577 112 1 1 112 0.00892857142857143 1 0.00892857142857143
5786 2 1 1 2 0.5 1 0.5
600 29 1 1 29 0.0344827586206897 1 0.0344827586206897
6057 7 2 1 8 0.142857142857143 0.5 0.125
6062 10 2 0 12 0 0 0
6066 3 1 0 4 0 0 0
6083 35 12 11 36 0.314285714285714 0.916666666666667 0.305555555555556
6106 2 1 1 2 0.5 1 0.5
6122 8 1 1 8 0.125 1 0.125
6147 1 7 0 8 0 0 0
6163 12 1 1 12 0.0833333333333333 1 0.0833333333333333
6182 1 1 1 1 1 1 1
6263 3 1 1 3 0.333333333333333 1 0.333333333333333
6342 4 1 0 5 0 0 0
6360 11 3 3 11 0.272727272727273 1 0.272727272727273
6366 3 1 1 3 0.333333333333333 1 0.333333333333333
6435 3 9 1 11 0.333333333333333 0.111111111111111 0.0909090909090909
6453 485 66 57 494 0.117525773195876 0.863636363636364 0.115384615384615
64603 1 1 0 2 0 0 0
65072 1 1 0 2 0 0 0
6509 42 5 5 42 0.119047619047619 1 0.119047619047619
65099 1 1 0 2 0 0 0
6536 18 2 1 19 0.0555555555555556 0.5 0.0526315789473684
6619 19 2 1 20 0.0526315789473684 0.5 0.05
6629 3 1 1 3 0.333333333333333 1 0.333333333333333
6648 40 1 1 40 0.025 1 0.025
6666 37 19 12 44 0.324324324324324 0.631578947368421 0.272727272727273
6667 463 92 89 466 0.192224622030238 0.967391304347826 0.190987124463519
668 35 8 3 40 0.0857142857142857 0.375 0.075
6695 175 32 29 178 0.165714285714286 0.90625 0.162921348314607
6696 3 2 0 5 0 0 0
6702 15 1 1 15 0.0666666666666667 1 0.0666666666666667
6706 12 4 3 13 0.25 0.75 0.230769230769231
6713 7 1 1 7 0.142857142857143 1 0.142857142857143
6724 37 7 5 39 0.135135135135135 0.714285714285714 0.128205128205128
6730 605 6 5 606 0.00826446280991736 0.833333333333333 0.00825082508250825
6762 155 27 25 157 0.161290322580645 0.925925925925926 0.159235668789809
6770 44 12 6 50 0.136363636363636 0.5 0.12
6772 12 4 4 12 0.333333333333333 1 0.333333333333333
6774 87 9 9 87 0.103448275862069 1 0.103448275862069
680 55 12 10 57 0.181818181818182 0.833333333333333 0.175438596491228
6802 7 3 2 8 0.285714285714286 0.666666666666667 0.25
681 2 1 1 2 0.5 1 0.5
6830 293 31 19 305 0.0648464163822526 0.612903225806452 0.0622950819672131
6881 76 2 2 76 0.0263157894736842 1 0.0263157894736842
6895 5 1 1 5 0.2 1 0.2
6908 79 3 3 79 0.0379746835443038 1 0.0379746835443038
6939 781 175 137 819 0.175416133162612 0.782857142857143 0.167277167277167
6966 3 2 2 3 0.666666666666667 1 0.666666666666667
6968 4 1 1 4 0.25 1 0.25
701 2907 15 11 2911 0.00378396972824217 0.733333333333333 0.00377877018206802
7018 2111 10 6 2115 0.00284225485551871 0.6 0.00283687943262411
7019 1 1 1 1 1 1 1
7065 20 3 2 21 0.1 0.666666666666667 0.0952380952380952
7066 22 3 3 22 0.136363636363636 1 0.136363636363636
719 13 1 0 14 0 0 0
7377 3 1 0 4 0 0 0
7385 164 2 2 164 0.0121951219512195 1 0.0121951219512195
7470 32 1 1 32 0.03125 1 0.03125
7500 68 11 10 69 0.147058823529412 0.909090909090909 0.144927536231884
7514 21 8 4 25 0.19047619047619 0.5 0.16
7516 3 1 0 4 0 0 0
7521 5 2 1 6 0.2 0.5 0.166666666666667
7522 7 7 2 12 0.285714285714286 0.285714285714286 0.166666666666667
7530 2 2 0 4 0 0 0
7539 26 10 8 28 0.307692307692308 0.8 0.285714285714286
7573 1 1 1 1 1 1 1
7575 481 89 86 484 0.178794178794179 0.966292134831461 0.177685950413223
7594 3 1 0 4 0 0 0
7606 53 4 4 53 0.0754716981132075 1 0.0754716981132075
7610 20 1 0 21 0 0 0
766 17 5 4 18 0.235294117647059 0.8 0.222222222222222
7660 38 17 13 42 0.342105263157895 0.764705882352941 0.30952380952381
7665 2 1 1 2 0.5 1 0.5
7667 6 2 1 7 0.166666666666667 0.5 0.142857142857143
7668 10 1 0 11 0 0 0
7670 20 1 1 20 0.05 1 0.05
7671 3 29 3 29 1 0.103448275862069 0.103448275862069
7682 10 3 2 11 0.2 0.666666666666667 0.181818181818182
7687 3 1 1 3 0.333333333333333 1 0.333333333333333
7693 23 1 1 23 0.0434782608695652 1 0.0434782608695652
7753 6 1 1 6 0.166666666666667 1 0.166666666666667
7781 3 7 2 8 0.666666666666667 0.285714285714286 0.25
7784 36 3 2 37 0.0555555555555556 0.666666666666667 0.0540540540540541
7786 7 2 1 8 0.142857142857143 0.5 0.125
786 55 7 5 57 0.0909090909090909 0.714285714285714 0.087719298245614
790 1 2 1 2 1 0.5 0.5
7902 14 1 1 14 0.0714285714285714 1 0.0714285714285714
7908 38 4 2 40 0.0526315789473684 0.5 0.05
7949 10 2 0 12 0 0 0
8002 37 3 2 38 0.0540540540540541 0.666666666666667 0.0526315789473684
8018 2 1 1 2 0.5 1 0.5
81 20 1 1 20 0.05 1 0.05
8121 42 7 4 45 0.0952380952380952 0.571428571428571 0.0888888888888889
8201 6 1 1 6 0.166666666666667 1 0.166666666666667
8220 554 12 9 557 0.0162454873646209 0.75 0.0161579892280072
8224 10 4 3 11 0.3 0.75 0.272727272727273
8226 5 2 0 7 0 0 0
8237 6 2 2 6 0.333333333333333 1 0.333333333333333
8246 180 1 0 181 0 0 0
8251 8 2 2 8 0.25 1 0.25
8256 1 1 1 1 1 1 1
8267 2 1 1 2 0.5 1 0.5
8282 11 1 0 12 0 0 0
8299 10 1 0 11 0 0 0
8319 35 12 9 38 0.257142857142857 0.75 0.236842105263158
8330 10 1 0 11 0 0 0
8346 5 1 1 5 0.2 1 0.2
8364 9 1 0 10 0 0 0
8365 113 37 27 123 0.238938053097345 0.72972972972973 0.219512195121951
8368 25 4 3 26 0.12 0.75 0.115384615384615
8374 5 1 1 5 0.2 1 0.2
8387 14 2 1 15 0.0714285714285714 0.5 0.0666666666666667
8396 2 1 0 3 0 0 0
8419 224 4 4 224 0.0178571428571429 1 0.0178571428571429
8422 101 9 3 107 0.0297029702970297 0.333333333333333 0.0280373831775701
8426 387 12 9 390 0.0232558139534884 0.75 0.0230769230769231
8442 25 12 8 29 0.32 0.666666666666667 0.275862068965517
8447 466 21 17 470 0.036480686695279 0.80952380952381 0.0361702127659574
8468 516 8 7 517 0.0135658914728682 0.875 0.0135396518375242
8469 36 11 9 38 0.25 0.818181818181818 0.236842105263158
8473 28 4 1 31 0.0357142857142857 0.25 0.032258064516129
8481 4 1 0 5 0 0 0
8489 4 2 1 5 0.25 0.5 0.2
8495 16 3 3 16 0.1875 1 0.1875
8501 34 11 11 34 0.323529411764706 1 0.323529411764706
8508 5 1 1 5 0.2 1 0.2
8517 16 1 1 16 0.0625 1 0.0625
852 145 1 1 145 0.00689655172413793 1 0.00689655172413793
8527 22 2 2 22 0.0909090909090909 1 0.0909090909090909
855 24 1 1 24 0.0416666666666667 1 0.0416666666666667
8560 75 19 15 79 0.2 0.789473684210526 0.189873417721519
8565 19 1 0 20 0 0 0
8586 69 6 6 69 0.0869565217391304 1 0.0869565217391304
8591 33 7 4 36 0.121212121212121 0.571428571428571 0.111111111111111
8657 107 4 2 109 0.0186915887850467 0.5 0.018348623853211
8664 10 1 1 10 0.1 1 0.1
8665 17 11 6 22 0.352941176470588 0.545454545454545 0.272727272727273
8674 57 7 5 59 0.087719298245614 0.714285714285714 0.0847457627118644
8708 279 6 5 280 0.017921146953405 0.833333333333333 0.0178571428571429
8717 84 3 2 85 0.0238095238095238 0.666666666666667 0.0235294117647059
8728 1 1 1 1 1 1 1
8737 40 7 5 42 0.125 0.714285714285714 0.119047619047619
8758 10 2 2 10 0.2 1 0.2
8763 145 36 33 148 0.227586206896552 0.916666666666667 0.222972972972973
8767 62 19 13 68 0.209677419354839 0.684210526315789 0.191176470588235
8781 7 1 0 8 0 0 0
8820 12 4 3 13 0.25 0.75 0.230769230769231
8823 7 1 0 8 0 0 0
8881 355 8 8 355 0.0225352112676056 1 0.0225352112676056
8895 5 1 0 6 0 0 0
8897 56 11 7 60 0.125 0.636363636363636 0.116666666666667
8903 14 2 0 16 0 0 0
8943 19 3 3 19 0.157894736842105 1 0.157894736842105
8954 25 6 3 28 0.12 0.5 0.107142857142857
8966 91 1 1 91 0.010989010989011 1 0.010989010989011
8970 2 1 1 2 0.5 1 0.5
8978 5 2 2 5 0.4 1 0.4
9009 180 60 34 206 0.188888888888889 0.566666666666667 0.16504854368932
9026 11 2 2 11 0.181818181818182 1 0.181818181818182
9080 9 2 1 10 0.111111111111111 0.5 0.1
9112 9 1 1 9 0.111111111111111 1 0.111111111111111
9150 29 3 3 29 0.103448275862069 1 0.103448275862069
9153 43 5 5 43 0.116279069767442 1 0.116279069767442
9162 2 1 1 2 0.5 1 0.5
9264 22 42 8 56 0.363636363636364 0.19047619047619 0.142857142857143
9270 25 3 2 26 0.08 0.666666666666667 0.0769230769230769
9293 14 1 1 14 0.0714285714285714 1 0.0714285714285714
9299 44 2 1 45 0.0227272727272727 0.5 0.0222222222222222
9316 35 1 1 35 0.0285714285714286 1 0.0285714285714286
9340 4 3 2 5 0.5 0.666666666666667 0.4
9367 3 1 1 3 0.333333333333333 1 0.333333333333333
9406 2 2 1 3 0.5 0.5 0.333333333333333
9416 16 1 0 17 0 0 0
9433 2 1 1 2 0.5 1 0.5
9505 116 2 2 116 0.0172413793103448 1 0.0172413793103448
9534 4 1 1 4 0.25 1 0.25
9541 5 1 0 6 0 0 0
9543 3 1 1 3 0.333333333333333 1 0.333333333333333
9549 2 1 1 2 0.5 1 0.5
9555 4 1 0 5 0 0 0
9583 36 1 0 37 0 0 0
9584 7 1 1 7 0.142857142857143 1 0.142857142857143
9595 10 2 2 10 0.2 1 0.2
9600 7 6 2 11 0.285714285714286 0.333333333333333 0.181818181818182
9607 9 1 0 10 0 0 0
9612 1 2 0 3 0 0 0
9621 3 6 1 8 0.333333333333333 0.166666666666667 0.125
9622 6 1 1 6 0.166666666666667 1 0.166666666666667
9700 6 2 1 7 0.166666666666667 0.5 0.142857142857143
9701 2 1 0 3 0 0 0
9737 4 1 1 4 0.25 1 0.25
9758 1 1 0 2 0 0 0
9794 4 1 1 4 0.25 1 0.25
9800 32 1 0 33 0 0 0
9821 4 2 2 4 0.5 1 0.5
9875 3 1 1 3 0.333333333333333 1 0.333333333333333
9901 20 4 2 22 0.1 0.5 0.0909090909090909
9919 21 1 0 22 0 0 0
9924 26 1 0 27 0 0 0
9930 19 1 1 19 0.0526315789473684 1 0.0526315789473684
9931 27 1 1 27 0.037037037037037 1 0.037037037037037
9995 3 2 2 3 0.666666666666667 1 0.666666666666667
