#ASN num_v4adj num_v6adj num_intersect(v4v6adj) num_union(adj) fr_v4(num_intersect/num_v4adj) fr_v6(num_intersect/num_v6adj) fr_intersect(num_intersect/num_union)
10013 4 5 1 8 0.25 0.2 0.125
10015 13 1 0 14 0 0 0
10197 4 1 1 4 0.25 1 0.25
10204 5 3 1 7 0.2 0.333333333333333 0.142857142857143
10318 4 4 0 8 0 0 0
10764 17 2 2 17 0.117647058823529 1 0.117647058823529
109 9 28 1 36 0.111111111111111 0.0357142857142857 0.0277777777777778
1103 150 31 27 154 0.18 0.870967741935484 0.175324675324675
11085 1 2 0 3 0 0 0
11340 5 2 2 5 0.4 1 0.4
11537 78 27 25 80 0.320512820512821 0.925925925925926 0.3125
1200 29 6 3 32 0.103448275862069 0.5 0.09375
1213 7 4 4 7 0.571428571428571 1 0.571428571428571
12199 1 2 0 3 0 0 0
1221 82 3 0 85 0 0 0
12337 24 9 4 29 0.166666666666667 0.444444444444444 0.137931034482759
12353 3 6 1 8 0.333333333333333 0.166666666666667 0.125
12355 3 2 0 5 0 0 0
1237 22 2 2 22 0.0909090909090909 1 0.0909090909090909
12371 2 1 0 3 0 0 0
12392 10 1 0 11 0 0 0
12414 27 6 5 28 0.185185185185185 0.833333333333333 0.178571428571429
1248 5 1 1 5 0.2 1 0.2
1251 5 4 1 8 0.2 0.25 0.125
12533 2 5 1 6 0.5 0.2 0.166666666666667
12558 11 3 1 13 0.0909090909090909 0.333333333333333 0.0769230769230769
12565 4 4 0 8 0 0 0
1257 82 3 0 85 0 0 0
12600 8 1 1 8 0.125 1 0.125
12611 16 3 1 18 0.0625 0.333333333333333 0.0555555555555556
12634 26 9 4 31 0.153846153846154 0.444444444444444 0.129032258064516
12638 2 1 0 3 0 0 0
12731 26 6 2 30 0.0769230769230769 0.333333333333333 0.0666666666666667
12732 10 3 2 11 0.2 0.666666666666667 0.181818181818182
12767 3 1 0 4 0 0 0
12779 55 12 5 62 0.0909090909090909 0.416666666666667 0.0806451612903226
12793 163 5 4 164 0.0245398773006135 0.8 0.024390243902439
12853 1 3 0 4 0 0 0
12859 209 46 42 213 0.200956937799043 0.91304347826087 0.197183098591549
12871 24 12 5 31 0.208333333333333 0.416666666666667 0.161290322580645
12895 4 1 1 4 0.25 1 0.25
12902 27 8 4 31 0.148148148148148 0.5 0.129032258064516
12931 3 1 1 3 0.333333333333333 1 0.333333333333333
12956 228 1 1 228 0.0043859649122807 1 0.0043859649122807
12968 38 5 1 42 0.0263157894736842 0.2 0.0238095238095238
1299 260 13 11 262 0.0423076923076923 0.846153846153846 0.0419847328244275
13 3 1 1 3 0.333333333333333 1 0.333333333333333
13046 13 1 1 13 0.0769230769230769 1 0.0769230769230769
13058 2 2 0 4 0 0 0
13110 3 6 0 9 0 0 0
13129 247 9 8 248 0.0323886639676113 0.888888888888889 0.032258064516129
13189 18 1 1 18 0.0555555555555556 1 0.0555555555555556
13193 21 6 1 26 0.0476190476190476 0.166666666666667 0.0384615384615385
13285 32 1 0 33 0 0 0
13300 1 1 1 1 1 1 1
137 9 3 1 11 0.111111111111111 0.333333333333333 0.0909090909090909
13944 3 14 0 17 0 0 0
14277 8 8 1 15 0.125 0.125 0.0666666666666667
145 13 10 0 23 0 0 0
14654 2 1 0 3 0 0 0
15180 9 3 0 12 0 0 0
15440 4 1 0 5 0 0 0
15444 206 20 14 212 0.0679611650485437 0.7 0.0660377358490566
15450 4 3 0 7 0 0 0
15469 1 1 0 2 0 0 0
15474 1 1 1 1 1 1 1
15498 9 3 1 11 0.111111111111111 0.333333333333333 0.0909090909090909
15516 4 4 0 8 0 0 0
15557 40 1 0 41 0 0 0
15589 34 21 1 54 0.0294117647058824 0.0476190476190476 0.0185185185185185
15600 31 7 2 36 0.0645161290322581 0.285714285714286 0.0555555555555556
15623 160 9 5 164 0.03125 0.555555555555556 0.0304878048780488
15685 11 1 1 11 0.0909090909090909 1 0.0909090909090909
15694 22 5 0 27 0 0 0
15703 87 9 6 90 0.0689655172413793 0.666666666666667 0.0666666666666667
15709 2 1 0 3 0 0 0
15717 47 8 4 51 0.0851063829787234 0.5 0.0784313725490196
15861 7 1 0 8 0 0 0
15897 1 2 0 3 0 0 0
15982 7 9 1 15 0.142857142857143 0.111111111111111 0.0666666666666667
16004 9 4 1 12 0.111111111111111 0.25 0.0833333333333333
16023 4 1 0 5 0 0 0
16086 16 4 2 18 0.125 0.5 0.111111111111111
16091 2 2 0 4 0 0 0
16128 8 1 1 8 0.125 1 0.125
16186 6 7 1 12 0.166666666666667 0.142857142857143 0.0833333333333333
16237 18 3 1 20 0.0555555555555556 0.333333333333333 0.05
16245 9 2 2 9 0.222222222222222 1 0.222222222222222
1653 25 1 1 25 0.04 1 0.04
16531 7 1 0 8 0 0 0
16713 23 2 1 24 0.0434782608695652 0.5 0.0416666666666667
16838 6 1 0 7 0 0 0
17263 5 1 0 6 0 0 0
1741 11 2 2 11 0.181818181818182 1 0.181818181818182
17511 7 2 1 8 0.142857142857143 0.5 0.125
17527 5 6 3 8 0.6 0.5 0.375
17529 5 1 1 5 0.2 1 0.2
17579 4 2 1 5 0.25 0.5 0.2
1759 45 1 1 45 0.0222222222222222 1 0.0222222222222222
17828 2 1 0 3 0 0 0
17832 4 10 0 14 0 0 0
17934 1 1 0 2 0 0 0
1797 1 1 0 2 0 0 0
1798 3 2 0 5 0 0 0
18084 1 1 1 1 1 1 1
18098 1 1 0 2 0 0 0
18181 3 1 1 3 0.333333333333333 1 0.333333333333333
1835 7 2 2 7 0.285714285714286 1 0.285714285714286
1853 86 14 11 89 0.127906976744186 0.785714285714286 0.123595505617978
18592 20 3 3 20 0.15 1 0.15
1897 10 1 1 10 0.1 1 0.1
1916 18 5 3 20 0.166666666666667 0.6 0.15
1930 5 6 1 10 0.2 0.166666666666667 0.1
195 7 1 1 7 0.142857142857143 1 0.142857142857143
1955 10 2 1 11 0.1 0.5 0.0909090909090909
20080 13 4 4 13 0.307692307692308 1 0.307692307692308
2042 10 10 1 19 0.1 0.1 0.0526315789473684
20495 64 5 3 66 0.046875 0.6 0.0454545454545455
20569 6 3 2 7 0.333333333333333 0.666666666666667 0.285714285714286
20621 2 1 1 2 0.5 1 0.5
20646 45 13 9 49 0.2 0.692307692307692 0.183673469387755
20704 10 2 1 11 0.1 0.5 0.0909090909090909
20712 7 2 1 8 0.142857142857143 0.5 0.125
20718 22 3 1 24 0.0454545454545455 0.333333333333333 0.0416666666666667
20745 2 6 0 8 0 0 0
20794 3 3 1 5 0.333333333333333 0.333333333333333 0.2
20834 30 8 0 38 0 0 0
20847 61 4 3 62 0.0491803278688525 0.75 0.0483870967741935
209 1074 1 1 1074 0.000931098696461825 1 0.000931098696461825
20965 39 30 30 39 0.769230769230769 1 0.769230769230769
2107 1 1 1 1 1 1 1
2108 1 1 1 1 1 1 1
2110 36 7 3 40 0.0833333333333333 0.428571428571429 0.075
21119 6 2 0 8 0 0 0
21155 33 9 5 37 0.151515151515152 0.555555555555556 0.135135135135135
21193 2 1 1 2 0.5 1 0.5
21202 38 1 1 38 0.0263157894736842 1 0.0263157894736842
21221 26 7 4 29 0.153846153846154 0.571428571428571 0.137931034482759
21238 9 1 0 10 0 0 0
2128 1 2 1 2 1 0.5 0.5
21385 24 6 4 26 0.166666666666667 0.666666666666667 0.153846153846154
21392 28 5 2 31 0.0714285714285714 0.4 0.0645161290322581
21398 18 2 0 20 0 0 0
2153 12 3 3 12 0.25 1 0.25
2200 43 5 3 45 0.0697674418604651 0.6 0.0666666666666667
22166 2 1 0 3 0 0 0
22335 25 1 0 26 0 0 0
224 6 4 2 8 0.333333333333333 0.5 0.25
22548 4 1 0 5 0 0 0
23609 1 1 0 2 0 0 0
23774 3 2 1 4 0.333333333333333 0.5 0.25
23787 1 1 1 1 1 1 1
2381 21 1 1 21 0.0476190476190476 1 0.0476190476190476
23910 1 1 1 1 1 1 1
23911 2 2 2 2 1 1 1
23912 1 1 1 1 1 1 1
24 7 1 1 7 0.142857142857143 1 0.142857142857143
24587 39 8 4 43 0.102564102564103 0.5 0.0930232558139535
24730 42 5 2 45 0.0476190476190476 0.4 0.0444444444444444
24776 3 2 1 4 0.333333333333333 0.5 0.25
2486 15 1 1 15 0.0666666666666667 1 0.0666666666666667
24875 38 7 4 41 0.105263157894737 0.571428571428571 0.0975609756097561
2497 196 47 33 210 0.168367346938776 0.702127659574468 0.157142857142857
24973 2 2 1 3 0.5 0.5 0.333333333333333
2500 26 26 9 43 0.346153846153846 0.346153846153846 0.209302325581395
2510 13 3 2 14 0.153846153846154 0.666666666666667 0.142857142857143
25137 18 5 1 22 0.0555555555555556 0.2 0.0454545454545455
2514 16 4 3 17 0.1875 0.75 0.176470588235294
2516 302 36 27 311 0.0894039735099338 0.75 0.0868167202572347
2518 43 6 3 46 0.0697674418604651 0.5 0.0652173913043478
25208 4 2 0 6 0 0 0
2523 5 1 1 5 0.2 1 0.2
2527 8 6 2 12 0.25 0.333333333333333 0.166666666666667
25358 6 9 1 14 0.166666666666667 0.111111111111111 0.0714285714285714
25384 6 2 0 8 0 0 0
25396 43 14 4 53 0.0930232558139535 0.285714285714286 0.0754716981132075
2547 1 1 0 2 0 0 0
2549 1 2 0 3 0 0 0
25538 2 1 0 3 0 0 0
2595 4 2 1 5 0.25 0.5 0.2
2602 2 2 1 3 0.5 0.5 0.333333333333333
2603 30 10 7 33 0.233333333333333 0.7 0.212121212121212
2607 43 4 0 47 0 0 0
2609 3 1 0 4 0 0 0
2611 38 4 3 39 0.0789473684210526 0.75 0.0769230769230769
2614 9 2 1 10 0.111111111111111 0.5 0.1
267 1 1 1 1 1 1 1
27464 2 1 0 3 0 0 0
278 9 6 1 14 0.111111111111111 0.166666666666667 0.0714285714285714
2819 19 4 1 22 0.0526315789473684 0.25 0.0454545454545455
2847 2 3 1 4 0.5 0.333333333333333 0.25
2852 6 4 3 7 0.5 0.75 0.428571428571429
28747 160 4 4 160 0.025 1 0.025
2907 55 3 2 56 0.0363636363636364 0.666666666666667 0.0357142857142857
29134 2 1 1 2 0.5 1 0.5
2914 711 87 48 750 0.0675105485232067 0.551724137931034 0.064
2915 32 9 2 39 0.0625 0.222222222222222 0.0512820512820513
29216 1 1 0 2 0 0 0
29243 2 2 2 2 1 1 1
29259 12 2 1 13 0.0833333333333333 0.5 0.0769230769230769
293 108 22 10 120 0.0925925925925926 0.454545454545455 0.0833333333333333
29377 1 3 0 4 0 0 0
29449 2 5 1 6 0.5 0.2 0.166666666666667
29623 2 1 1 2 0.5 1 0.5
29629 5 1 1 5 0.2 1 0.2
29789 3 1 1 3 0.333333333333333 1 0.333333333333333
30071 2 8 1 9 0.5 0.125 0.111111111111111
3066 7 1 1 7 0.142857142857143 1 0.142857142857143
3221 1 1 1 1 1 1 1
3243 11 6 1 16 0.0909090909090909 0.166666666666667 0.0625
3246 337 6 6 337 0.0178041543026706 1 0.0178041543026706
3249 8 3 1 10 0.125 0.333333333333333 0.1
3257 287 109 46 350 0.160278745644599 0.422018348623853 0.131428571428571
3265 34 14 8 40 0.235294117647059 0.571428571428571 0.2
3274 3 1 0 4 0 0 0
3292 173 8 3 178 0.0173410404624277 0.375 0.0168539325842697
33 8 13 3 18 0.375 0.230769230769231 0.166666666666667
3301 27 2 2 27 0.0740740740740741 1 0.0740740740740741
3303 481 24 19 486 0.0395010395010395 0.791666666666667 0.0390946502057613
3320 253 19 8 264 0.0316205533596838 0.421052631578947 0.0303030303030303
3322 1 1 1 1 1 1 1
3327 5 5 1 9 0.2 0.2 0.111111111111111
3333 126 20 16 130 0.126984126984127 0.8 0.123076923076923
3344 4 3 1 6 0.25 0.333333333333333 0.166666666666667
3352 48 6 1 53 0.0208333333333333 0.166666666666667 0.0188679245283019
3549 658 48 23 683 0.0349544072948328 0.479166666666667 0.0336749633967789
3557 82 13 10 85 0.121951219512195 0.769230769230769 0.117647058823529
3561 443 7 1 449 0.00225733634311512 0.142857142857143 0.0022271714922049
3582 4 3 0 7 0 0 0
3597 7 1 1 7 0.142857142857143 1 0.142857142857143
3662 12 1 1 12 0.0833333333333333 1 0.0833333333333333
3741 77 1 0 78 0 0 0
3748 1 8 1 8 1 0.125 0.125
3758 30 5 0 35 0 0 0
3776 10 1 0 11 0 0 0
378 2 1 1 2 0.5 1 0.5
3786 302 3 1 304 0.0033112582781457 0.333333333333333 0.00328947368421053
3825 1 1 0 2 0 0 0
3836 5 4 0 9 0 0 0
4436 90 4 3 91 0.0333333333333333 0.75 0.032967032967033
4538 12 10 3 19 0.25 0.3 0.157894736842105
4555 1 13 0 14 0 0 0
4589 399 24 20 403 0.050125313283208 0.833333333333333 0.0496277915632754
4608 2 1 0 3 0 0 0
4618 13 7 0 20 0 0 0
4621 19 1 1 19 0.0526315789473684 1 0.0526315789473684
4645 14 1 1 14 0.0714285714285714 1 0.0714285714285714
4651 23 2 0 25 0 0 0
4673 6 1 0 7 0 0 0
4675 4 6 2 8 0.5 0.333333333333333 0.25
4677 4 7 2 9 0.5 0.285714285714286 0.222222222222222
4678 9 7 2 14 0.222222222222222 0.285714285714286 0.142857142857143
4680 8 6 2 12 0.25 0.333333333333333 0.166666666666667
4685 8 6 3 11 0.375 0.5 0.272727272727273
4688 12 4 2 14 0.166666666666667 0.5 0.142857142857143
4691 8 13 3 18 0.375 0.230769230769231 0.166666666666667
4694 86 2 2 86 0.0232558139534884 1 0.0232558139534884
4702 5 4 2 7 0.4 0.5 0.285714285714286
4713 78 2 2 78 0.0256410256410256 1 0.0256410256410256
4716 88 43 13 118 0.147727272727273 0.302325581395349 0.110169491525424
4717 4 1 1 4 0.25 1 0.25
4718 3 4 2 5 0.666666666666667 0.5 0.4
4721 6 5 0 11 0 0 0
4725 89 38 7 120 0.0786516853932584 0.184210526315789 0.0583333333333333
4736 13 1 1 13 0.0769230769230769 1 0.0769230769230769
4741 4 2 0 6 0 0 0
4747 8 1 0 9 0 0 0
4750 31 4 0 35 0 0 0
4774 6 3 2 7 0.333333333333333 0.666666666666667 0.285714285714286
4777 26 9 5 30 0.192307692307692 0.555555555555556 0.166666666666667
4780 23 1 1 23 0.0434782608695652 1 0.0434782608695652
4787 5 2 0 7 0 0 0
4795 5 2 0 7 0 0 0
5050 10 1 1 10 0.1 1 0.1
513 33 12 4 41 0.121212121212121 0.333333333333333 0.0975609756097561
5381 12 3 0 15 0 0 0
5385 9 5 2 12 0.222222222222222 0.4 0.166666666666667
5397 5 1 0 6 0 0 0
5408 31 2 1 32 0.032258064516129 0.5 0.03125
5410 37 3 2 38 0.0540540540540541 0.666666666666667 0.0526315789473684
5417 141 25 23 143 0.163120567375887 0.92 0.160839160839161
5418 4 1 1 4 0.25 1 0.25
5424 8 13 1 20 0.125 0.0769230769230769 0.05
5430 49 11 7 53 0.142857142857143 0.636363636363636 0.132075471698113
5459 124 3 3 124 0.0241935483870968 1 0.0241935483870968
5466 51 2 0 53 0 0 0
5511 188 19 8 199 0.0425531914893617 0.421052631578947 0.0402010050251256
553 34 7 5 36 0.147058823529412 0.714285714285714 0.138888888888889
5539 28 24 6 46 0.214285714285714 0.25 0.130434782608696
5568 68 2 2 68 0.0294117647058824 1 0.0294117647058824
559 38 16 9 45 0.236842105263158 0.5625 0.2
5602 16 5 3 18 0.1875 0.6 0.166666666666667
5609 2 18 0 20 0 0 0
5617 61 4 0 65 0 0 0
5623 1 6 0 7 0 0 0
5669 80 2 1 81 0.0125 0.5 0.0123456790123457
6062 8 2 0 10 0 0 0
6066 7 1 1 7 0.142857142857143 1 0.142857142857143
6163 9 1 0 10 0 0 0
6320 247 1 1 247 0.00404858299595142 1 0.00404858299595142
6342 4 3 0 7 0 0 0
6435 3 22 0 25 0 0 0
6453 230 3 2 231 0.00869565217391304 0.666666666666667 0.00865800865800866
6461 572 9 8 573 0.013986013986014 0.888888888888889 0.0139616055846422
6509 32 3 2 33 0.0625 0.666666666666667 0.0606060606060606
6619 12 1 0 13 0 0 0
6661 20 2 1 21 0.05 0.5 0.0476190476190476
6667 351 21 21 351 0.0598290598290598 1 0.0598290598290598
668 46 7 3 50 0.0652173913043478 0.428571428571429 0.06
6696 28 6 3 31 0.107142857142857 0.5 0.0967741935483871
6706 2 2 1 3 0.5 0.5 0.333333333333333
6730 176 4 3 177 0.0170454545454545 0.75 0.0169491525423729
680 40 8 4 44 0.1 0.5 0.0909090909090909
6830 68 78 19 127 0.279411764705882 0.243589743589744 0.149606299212598
6939 282 49 16 315 0.0567375886524823 0.326530612244898 0.0507936507936508
7018 1736 3 2 1737 0.00115207373271889 0.666666666666667 0.00115141047783535
7065 9 1 1 9 0.111111111111111 1 0.111111111111111
71 10 2 0 12 0 0 0
7500 65 3 3 65 0.0461538461538462 1 0.0461538461538462
7514 10 6 3 13 0.3 0.5 0.230769230769231
7516 6 1 0 7 0 0 0
7521 4 3 1 6 0.25 0.333333333333333 0.166666666666667
7522 3 5 2 6 0.666666666666667 0.4 0.333333333333333
7530 3 2 0 5 0 0 0
7539 16 2 2 16 0.125 1 0.125
7570 14 3 2 15 0.142857142857143 0.666666666666667 0.133333333333333
7575 14 5 5 14 0.357142857142857 1 0.357142857142857
7580 1 4 0 5 0 0 0
7610 24 4 2 26 0.0833333333333333 0.5 0.0769230769230769
7623 11 2 1 12 0.0909090909090909 0.5 0.0833333333333333
766 18 6 3 21 0.166666666666667 0.5 0.142857142857143
7660 29 27 13 43 0.448275862068966 0.481481481481481 0.302325581395349
7667 3 1 1 3 0.333333333333333 1 0.333333333333333
7668 7 1 1 7 0.142857142857143 1 0.142857142857143
7670 11 2 1 12 0.0909090909090909 0.5 0.0833333333333333
7671 6 7 2 11 0.333333333333333 0.285714285714286 0.181818181818182
7682 10 2 0 12 0 0 0
7687 4 2 1 5 0.25 0.5 0.2
786 36 13 2 47 0.0555555555555556 0.153846153846154 0.0425531914893617
790 2 7 1 8 0.5 0.142857142857143 0.125
8002 23 5 0 28 0 0 0
8015 8 1 0 9 0 0 0
8070 1 4 0 5 0 0 0
81 9 2 0 11 0 0 0
8121 36 3 2 37 0.0555555555555556 0.666666666666667 0.0540540540540541
8220 630 7 6 631 0.00952380952380952 0.857142857142857 0.00950871632329636
8228 26 1 0 27 0 0 0
8237 6 3 0 9 0 0 0
8251 120 1 1 120 0.00833333333333333 1 0.00833333333333333
8256 2 1 1 2 0.5 1 0.5
8267 2 4 1 5 0.5 0.25 0.2
8319 21 1 0 22 0 0 0
8386 12 2 0 14 0 0 0
8447 56 12 5 63 0.0892857142857143 0.416666666666667 0.0793650793650794
8469 21 4 2 23 0.0952380952380952 0.5 0.0869565217391304
8472 47 5 1 51 0.0212765957446809 0.2 0.0196078431372549
8473 16 2 0 18 0 0 0
8501 25 5 5 25 0.2 1 0.2
8514 26 4 1 29 0.0384615384615385 0.25 0.0344827586206897
8517 16 1 1 16 0.0625 1 0.0625
8560 41 10 8 43 0.195121951219512 0.8 0.186046511627907
8591 14 3 2 15 0.142857142857143 0.666666666666667 0.133333333333333
8657 53 3 2 54 0.0377358490566038 0.666666666666667 0.037037037037037
8664 14 5 0 19 0 0 0
8665 3 2 0 5 0 0 0
8676 3 2 0 5 0 0 0
8708 112 7 4 115 0.0357142857142857 0.571428571428571 0.0347826086956522
8728 1 1 1 1 1 1 1
8737 32 6 3 35 0.09375 0.5 0.0857142857142857
8758 7 3 1 9 0.142857142857143 0.333333333333333 0.111111111111111
8763 21 3 2 22 0.0952380952380952 0.666666666666667 0.0909090909090909
8767 18 3 2 19 0.111111111111111 0.666666666666667 0.105263157894737
8823 3 1 1 3 0.333333333333333 1 0.333333333333333
8903 35 6 1 40 0.0285714285714286 0.166666666666667 0.025
8921 1 1 0 2 0 0 0
8925 3 1 0 4 0 0 0
8943 12 1 0 13 0 0 0
8954 25 21 3 43 0.12 0.142857142857143 0.0697674418604651
8966 23 1 0 24 0 0 0
8970 1 1 1 1 1 1 1
8973 5 2 0 7 0 0 0
8975 48 1 1 48 0.0208333333333333 1 0.0208333333333333
9033 1 1 1 1 1 1 1
9044 79 7 2 84 0.0253164556962025 0.285714285714286 0.0238095238095238
9080 6 3 1 8 0.166666666666667 0.333333333333333 0.125
9112 2 7 1 8 0.5 0.142857142857143 0.125
9186 15 1 0 16 0 0 0
9264 33 18 7 44 0.212121212121212 0.388888888888889 0.159090909090909
9270 36 7 4 39 0.111111111111111 0.571428571428571 0.102564102564103
9407 2 3 2 3 1 0.666666666666667 0.666666666666667
9416 16 1 0 17 0 0 0
9534 2 1 0 3 0 0 0
9595 6 4 2 8 0.333333333333333 0.5 0.25
9600 6 8 2 12 0.333333333333333 0.25 0.166666666666667
9607 5 1 0 6 0 0 0
9612 2 2 0 4 0 0 0
9619 2 2 2 2 1 1 1
9621 2 2 1 3 0.5 0.5 0.333333333333333
9622 7 1 1 7 0.142857142857143 1 0.142857142857143
9701 3 1 0 4 0 0 0
9821 6 1 1 6 0.166666666666667 1 0.166666666666667
9844 1 1 0 2 0 0 0
