#ASN num_v4adj num_v6adj num_intersect(v4v6adj) num_union(adj) fr_v4(num_intersect/num_v4adj) fr_v6(num_intersect/num_v6adj) fr_intersect(num_intersect/num_union)
10013 1 2 1 2 1 0.5 0.5
10015 8 1 0 9 0 0 0
10021 18 2 2 18 0.111111111111111 1 0.111111111111111
10026 432 19 14 437 0.0324074074074074 0.736842105263158 0.0320366132723112
101 33 11 9 35 0.272727272727273 0.818181818181818 0.257142857142857
10105 2 1 0 3 0 0 0
102 3 1 1 3 0.333333333333333 1 0.333333333333333
10204 4 5 1 8 0.25 0.2 0.125
10217 20 2 2 20 0.1 1 0.1
10248 2 1 1 2 0.5 1 0.5
10310 149 7 6 150 0.0402684563758389 0.857142857142857 0.04
10318 3 1 0 4 0 0 0
10326 7 2 1 8 0.142857142857143 0.5 0.125
10343 2 1 1 2 0.5 1 0.5
10405 3 1 0 4 0 0 0
10429 90 1 1 90 0.0111111111111111 1 0.0111111111111111
10466 28 3 3 28 0.107142857142857 1 0.107142857142857
10480 7 1 1 7 0.142857142857143 1 0.142857142857143
10490 31 6 4 33 0.129032258064516 0.666666666666667 0.121212121212121
10533 1 2 1 2 1 0.5 0.5
10565 11 1 1 11 0.0909090909090909 1 0.0909090909090909
10569 1 1 1 1 1 1 1
10578 27 5 5 27 0.185185185185185 1 0.185185185185185
10586 5 2 0 7 0 0 0
10596 1 1 1 1 1 1 1
10745 2 7 0 9 0 0 0
10778 4 1 0 5 0 0 0
10835 18 1 1 18 0.0555555555555556 1 0.0555555555555556
10848 31 1 1 31 0.032258064516129 1 0.032258064516129
10886 41 17 9 49 0.219512195121951 0.529411764705882 0.183673469387755
109 19 4 0 23 0 0 0
10996 4 1 1 4 0.25 1 0.25
1101 1 1 1 1 1 1 1
1103 204 83 79 208 0.387254901960784 0.951807228915663 0.379807692307692
11051 13 2 2 13 0.153846153846154 1 0.153846153846154
11090 3 1 1 3 0.333333333333333 1 0.333333333333333
11096 41 2 2 41 0.0487804878048781 1 0.0487804878048781
111 2 2 1 3 0.5 0.5 0.333333333333333
11164 84 6 5 85 0.0595238095238095 0.833333333333333 0.0588235294117647
11170 1 2 0 3 0 0 0
1120 17 5 4 18 0.235294117647059 0.8 0.222222222222222
1125 3 3 3 3 1 1 1
1126 42 13 8 47 0.19047619047619 0.615384615384615 0.170212765957447
11260 23 2 2 23 0.0869565217391304 1 0.0869565217391304
11274 11 4 3 12 0.272727272727273 0.75 0.25
11279 3 1 1 3 0.333333333333333 1 0.333333333333333
11317 8 2 2 8 0.25 1 0.25
1132 2 2 2 2 1 1 1
11340 9 1 1 9 0.111111111111111 1 0.111111111111111
1140 34 12 8 38 0.235294117647059 0.666666666666667 0.210526315789474
11404 52 3 3 52 0.0576923076923077 1 0.0576923076923077
11457 6 1 0 7 0 0 0
11537 130 57 51 136 0.392307692307692 0.894736842105263 0.375
11588 5 1 1 5 0.2 1 0.2
11590 9 2 1 10 0.111111111111111 0.5 0.1
11666 238 9 8 239 0.0336134453781513 0.888888888888889 0.0334728033472803
11686 53 3 3 53 0.0566037735849057 1 0.0566037735849057
11694 3 1 1 3 0.333333333333333 1 0.333333333333333
11706 8 3 2 9 0.25 0.666666666666667 0.222222222222222
11734 4 1 0 5 0 0 0
11758 10 2 1 11 0.1 0.5 0.0909090909090909
11815 3 1 0 4 0 0 0
11830 5 1 0 6 0 0 0
11847 7 1 0 8 0 0 0
11960 5 4 4 5 0.8 1 0.8
12 4 1 1 4 0.25 1 0.25
1200 48 16 12 52 0.25 0.75 0.230769230769231
12008 34 2 2 34 0.0588235294117647 1 0.0588235294117647
12036 3 1 0 4 0 0 0
12041 44 21 14 51 0.318181818181818 0.666666666666667 0.274509803921569
12046 2 1 1 2 0.5 1 0.5
1206 1 1 1 1 1 1 1
1207 1 1 1 1 1 1 1
12111 25 1 1 25 0.04 1 0.04
12129 32 3 3 32 0.09375 1 0.09375
1213 7 5 5 7 0.714285714285714 1 0.714285714285714
12188 19 4 4 19 0.210526315789474 1 0.210526315789474
1221 127 2 0 129 0 0 0
1224 3 1 1 3 0.333333333333333 1 0.333333333333333
12251 4 1 1 4 0.25 1 0.25
12287 2 1 1 2 0.5 1 0.5
12293 3 2 2 3 0.666666666666667 1 0.666666666666667
12301 116 14 11 119 0.0948275862068965 0.785714285714286 0.092436974789916
12306 84 17 15 86 0.178571428571429 0.882352941176471 0.174418604651163
12312 56 17 15 58 0.267857142857143 0.882352941176471 0.258620689655172
12316 3 1 1 3 0.333333333333333 1 0.333333333333333
12322 71 12 12 71 0.169014084507042 1 0.169014084507042
12329 9 2 1 10 0.111111111111111 0.5 0.1
12335 12 1 1 12 0.0833333333333333 1 0.0833333333333333
12337 61 24 17 68 0.278688524590164 0.708333333333333 0.25
12347 7 3 3 7 0.428571428571429 1 0.428571428571429
12348 22 1 1 22 0.0454545454545455 1 0.0454545454545455
12350 175 5 5 175 0.0285714285714286 1 0.0285714285714286
12353 4 3 2 5 0.5 0.666666666666667 0.4
12355 35 14 12 37 0.342857142857143 0.857142857142857 0.324324324324324
1237 34 4 2 36 0.0588235294117647 0.5 0.0555555555555556
12371 2 1 0 3 0 0 0
12374 4 1 1 4 0.25 1 0.25
12381 3 1 1 3 0.333333333333333 1 0.333333333333333
12386 14 3 3 14 0.214285714285714 1 0.214285714285714
12389 785 5 5 785 0.00636942675159236 1 0.00636942675159236
1239 1488 3 0 1491 0 0 0
12399 357 1 1 357 0.00280112044817927 1 0.00280112044817927
12401 14 3 2 15 0.142857142857143 0.666666666666667 0.133333333333333
12414 47 16 12 51 0.25531914893617 0.75 0.235294117647059
12466 3 2 1 4 0.333333333333333 0.5 0.25
12476 8 1 0 9 0 0 0
1248 15 12 7 20 0.466666666666667 0.583333333333333 0.35
12496 47 2 1 48 0.0212765957446809 0.5 0.0208333333333333
12502 3 2 1 4 0.333333333333333 0.5 0.25
1251 10 2 2 10 0.2 1 0.2
12533 2 1 0 3 0 0 0
12552 88 7 7 88 0.0795454545454545 1 0.0795454545454545
12566 15 5 4 16 0.266666666666667 0.8 0.25
1257 106 66 30 142 0.283018867924528 0.454545454545455 0.211267605633803
12573 45 19 15 49 0.333333333333333 0.789473684210526 0.306122448979592
12594 1 1 1 1 1 1 1
12605 19 3 2 20 0.105263157894737 0.666666666666667 0.1
12611 48 20 14 54 0.291666666666667 0.7 0.259259259259259
12634 47 18 13 52 0.276595744680851 0.722222222222222 0.25
12637 71 28 25 74 0.352112676056338 0.892857142857143 0.337837837837838
12638 2 3 0 5 0 0 0
12654 47 21 15 53 0.319148936170213 0.714285714285714 0.283018867924528
12657 2 1 0 3 0 0 0
12684 4 1 0 5 0 0 0
12709 2 1 0 3 0 0 0
12714 52 13 9 56 0.173076923076923 0.692307692307692 0.160714285714286
1273 292 64 42 314 0.143835616438356 0.65625 0.133757961783439
12731 126 20 14 132 0.111111111111111 0.7 0.106060606060606
12732 18 7 5 20 0.277777777777778 0.714285714285714 0.25
12757 8 1 0 9 0 0 0
12759 28 2 2 28 0.0714285714285714 1 0.0714285714285714
12767 15 3 2 16 0.133333333333333 0.666666666666667 0.125
12769 4 1 1 4 0.25 1 0.25
12778 11 1 0 12 0 0 0
12779 85 22 15 92 0.176470588235294 0.681818181818182 0.16304347826087
12782 2 1 1 2 0.5 1 0.5
1280 41 25 16 50 0.390243902439024 0.64 0.32
12816 1 1 1 1 1 1 1
12817 2 2 2 2 1 1 1
12850 20 5 5 20 0.25 1 0.25
12853 2 2 1 3 0.5 0.5 0.333333333333333
12859 588 197 187 598 0.318027210884354 0.949238578680203 0.312709030100334
12871 43 21 15 49 0.348837209302326 0.714285714285714 0.306122448979592
12874 210 2 2 210 0.00952380952380952 1 0.00952380952380952
12888 3 1 0 4 0 0 0
12895 10 1 1 10 0.1 1 0.1
12902 41 11 8 44 0.195121951219512 0.727272727272727 0.181818181818182
12931 4 2 2 4 0.5 1 0.5
12956 126 12 11 127 0.0873015873015873 0.916666666666667 0.0866141732283465
12968 143 16 11 148 0.0769230769230769 0.6875 0.0743243243243243
12989 544 48 45 547 0.0827205882352941 0.9375 0.0822669104204753
1299 560 70 67 563 0.119642857142857 0.957142857142857 0.119005328596803
13000 8 2 2 8 0.25 1 0.25
13030 1057 280 271 1066 0.256385998107852 0.967857142857143 0.25422138836773
13039 3 1 1 3 0.333333333333333 1 0.333333333333333
13041 8 2 2 8 0.25 1 0.25
13045 4 1 1 4 0.25 1 0.25
13049 9 1 1 9 0.111111111111111 1 0.111111111111111
13062 15 3 1 17 0.0666666666666667 0.333333333333333 0.0588235294117647
13092 3 1 1 3 0.333333333333333 1 0.333333333333333
131 3 1 1 3 0.333333333333333 1 0.333333333333333
13105 22 6 4 24 0.181818181818182 0.666666666666667 0.166666666666667
131075 1 1 1 1 1 1 1
13110 8 2 2 8 0.25 1 0.25
13115 4 2 2 4 0.5 1 0.5
1312 3 2 2 3 0.666666666666667 1 0.666666666666667
13132 18 12 8 22 0.444444444444444 0.666666666666667 0.363636363636364
13184 45 17 11 51 0.244444444444444 0.647058823529412 0.215686274509804
13189 33 8 7 34 0.212121212121212 0.875 0.205882352941176
13193 55 20 16 59 0.290909090909091 0.8 0.271186440677966
13210 2 1 1 2 0.5 1 0.5
13237 503 103 87 519 0.172962226640159 0.844660194174757 0.167630057803468
13238 32 1 1 32 0.03125 1 0.03125
13243 5 1 1 5 0.2 1 0.2
13272 2 1 1 2 0.5 1 0.5
13284 19 9 6 22 0.315789473684211 0.666666666666667 0.272727272727273
13293 22 3 3 22 0.136363636363636 1 0.136363636363636
13319 7 6 4 9 0.571428571428571 0.666666666666667 0.444444444444444
13448 7 2 1 8 0.142857142857143 0.5 0.125
13645 15 2 1 16 0.0666666666666667 0.5 0.0625
13657 8 2 2 8 0.25 1 0.25
13680 46 13 11 48 0.239130434782609 0.846153846153846 0.229166666666667
137 26 11 11 26 0.423076923076923 1 0.423076923076923
13714 2 1 1 2 0.5 1 0.5
13810 1 1 1 1 1 1 1
13855 4 1 0 5 0 0 0
13867 3 1 0 4 0 0 0
13868 4 1 0 5 0 0 0
13901 2 1 1 2 0.5 1 0.5
13910 4 1 0 5 0 0 0
13911 3 2 1 4 0.333333333333333 0.5 0.25
13945 3 1 0 4 0 0 0
14 5 1 1 5 0.2 1 0.2
14026 5 1 1 5 0.2 1 0.2
1406 1 1 1 1 1 1 1
14080 12 2 2 12 0.166666666666667 1 0.166666666666667
14085 5 2 2 5 0.4 1 0.4
14234 3 1 1 3 0.333333333333333 1 0.333333333333333
1424 1 1 1 1 1 1 1
14259 29 3 2 30 0.0689655172413793 0.666666666666667 0.0666666666666667
14262 3 2 2 3 0.666666666666667 1 0.666666666666667
14277 4 5 1 8 0.25 0.2 0.125
14325 11 2 2 11 0.181818181818182 1 0.181818181818182
14383 5 1 1 5 0.2 1 0.2
14492 47 1 1 47 0.0212765957446809 1 0.0212765957446809
14589 20 6 5 21 0.25 0.833333333333333 0.238095238095238
14595 6 3 2 7 0.333333333333333 0.666666666666667 0.285714285714286
14609 13 1 1 13 0.0769230769230769 1 0.0769230769230769
14650 1 2 1 2 1 0.5 0.5
14868 7 1 1 7 0.142857142857143 1 0.142857142857143
14907 3 2 2 3 0.666666666666667 1 0.666666666666667
15169 119 40 30 129 0.252100840336134 0.75 0.232558139534884
15189 4 1 1 4 0.25 1 0.25
15216 3 1 1 3 0.333333333333333 1 0.333333333333333
15226 3 2 0 5 0 0 0
15296 5 1 1 5 0.2 1 0.2
15318 2 1 0 3 0 0 0
15373 2 1 1 2 0.5 1 0.5
15412 434 12 9 437 0.0207373271889401 0.75 0.0205949656750572
15421 4 2 0 6 0 0 0
15436 10 2 2 10 0.2 1 0.2
15444 289 19 12 296 0.041522491349481 0.631578947368421 0.0405405405405405
15451 2 1 0 3 0 0 0
15456 3 2 2 3 0.666666666666667 1 0.666666666666667
15469 1 2 0 3 0 0 0
15474 2 1 1 2 0.5 1 0.5
15480 1 1 1 1 1 1 1
15525 16 1 0 17 0 0 0
15533 21 2 2 21 0.0952380952380952 1 0.0952380952380952
15557 141 1 1 141 0.00709219858156028 1 0.00709219858156028
15576 30 4 4 30 0.133333333333333 1 0.133333333333333
15589 39 10 5 44 0.128205128205128 0.5 0.113636363636364
15598 150 31 26 155 0.173333333333333 0.838709677419355 0.167741935483871
15600 49 11 11 49 0.224489795918367 1 0.224489795918367
15623 34 5 4 35 0.117647058823529 0.8 0.114285714285714
15653 3 1 1 3 0.333333333333333 1 0.333333333333333
15657 2 1 1 2 0.5 1 0.5
15685 35 14 10 39 0.285714285714286 0.714285714285714 0.256410256410256
15694 78 1 1 78 0.0128205128205128 1 0.0128205128205128
15696 2 1 0 3 0 0 0
15716 3 2 1 4 0.333333333333333 0.5 0.25
15725 2 2 1 3 0.5 0.5 0.333333333333333
15726 2 1 1 2 0.5 1 0.5
15744 10 1 1 10 0.1 1 0.1
15772 89 1 1 89 0.0112359550561798 1 0.0112359550561798
15782 14 2 2 14 0.142857142857143 1 0.142857142857143
15798 2 1 0 3 0 0 0
15805 21 6 4 23 0.19047619047619 0.666666666666667 0.173913043478261
15830 119 1 0 120 0 0 0
15879 44 20 15 49 0.340909090909091 0.75 0.306122448979592
15894 2 1 1 2 0.5 1 0.5
15919 9 1 1 9 0.111111111111111 1 0.111111111111111
15965 4 1 1 4 0.25 1 0.25
16004 15 6 5 16 0.333333333333333 0.833333333333333 0.3125
16016 19 2 2 19 0.105263157894737 1 0.105263157894737
16030 9 8 1 16 0.111111111111111 0.125 0.0625
16034 9 2 0 11 0 0 0
16086 23 22 11 34 0.478260869565217 0.5 0.323529411764706
16097 51 13 10 54 0.196078431372549 0.769230769230769 0.185185185185185
16117 3 1 1 3 0.333333333333333 1 0.333333333333333
16128 16 4 3 17 0.1875 0.75 0.176470588235294
16131 43 18 11 50 0.255813953488372 0.611111111111111 0.22
16150 259 14 12 261 0.0463320463320463 0.857142857142857 0.0459770114942529
16171 4 1 1 4 0.25 1 0.25
16178 6 1 0 7 0 0 0
16186 49 2 1 50 0.0204081632653061 0.5 0.02
16206 18 2 0 20 0 0 0
16210 5 3 2 6 0.4 0.666666666666667 0.333333333333333
16215 16 4 4 16 0.25 1 0.25
16237 37 10 6 41 0.162162162162162 0.6 0.146341463414634
16242 6 1 1 6 0.166666666666667 1 0.166666666666667
16243 46 15 10 51 0.217391304347826 0.666666666666667 0.196078431372549
16245 24 4 3 25 0.125 0.75 0.12
16246 6 4 3 7 0.5 0.75 0.428571428571429
16265 78 24 19 83 0.243589743589744 0.791666666666667 0.228915662650602
16276 83 1 1 83 0.0120481927710843 1 0.0120481927710843
16316 5 3 2 6 0.4 0.666666666666667 0.333333333333333
16326 1 1 1 1 1 1 1
16347 8 1 1 8 0.125 1 0.125
16471 2 1 1 2 0.5 1 0.5
1653 29 4 3 30 0.103448275862069 0.75 0.1
16531 5 1 0 6 0 0 0
1659 9 3 2 10 0.222222222222222 0.666666666666667 0.2
16617 9 1 0 10 0 0 0
16668 8 5 3 10 0.375 0.6 0.3
16724 4 1 1 4 0.25 1 0.25
16735 81 8 7 82 0.0864197530864197 0.875 0.0853658536585366
16807 4 2 0 6 0 0 0
16838 11 1 0 12 0 0 0
16866 3 1 1 3 0.333333333333333 1 0.333333333333333
16942 2 1 1 2 0.5 1 0.5
17048 2 1 0 3 0 0 0
1706 6 1 1 6 0.166666666666667 1 0.166666666666667
17061 2 1 0 3 0 0 0
17204 2 1 0 3 0 0 0
1734 1 1 0 2 0 0 0
174 2378 15 15 2378 0.00630782169890664 1 0.00630782169890664
1741 10 4 3 11 0.3 0.75 0.272727272727273
17412 3 1 0 4 0 0 0
17435 1 3 1 3 1 0.333333333333333 0.333333333333333
17451 63 3 2 64 0.0317460317460317 0.666666666666667 0.03125
17464 2 1 1 2 0.5 1 0.5
17511 14 1 1 14 0.0714285714285714 1 0.0714285714285714
17529 6 3 2 7 0.333333333333333 0.666666666666667 0.285714285714286
17554 10 3 3 10 0.3 1 0.3
17579 8 4 3 9 0.375 0.75 0.333333333333333
1764 51 10 9 52 0.176470588235294 0.9 0.173076923076923
17660 31 7 6 32 0.193548387096774 0.857142857142857 0.1875
17676 37 3 2 38 0.0540540540540541 0.666666666666667 0.0526315789473684
17707 6 1 0 7 0 0 0
17709 15 1 0 16 0 0 0
17727 3 1 1 3 0.333333333333333 1 0.333333333333333
17741 3 1 0 4 0 0 0
17832 1 3 0 4 0 0 0
17888 18 2 2 18 0.111111111111111 1 0.111111111111111
17920 7 1 1 7 0.142857142857143 1 0.142857142857143
17934 3 3 3 3 1 1 1
17955 3 2 1 4 0.333333333333333 0.5 0.25
1797 3 4 3 4 1 0.75 0.75
1798 3 3 0 6 0 0 0
17990 5 1 1 5 0.2 1 0.2
18001 7 2 0 9 0 0 0
18007 5 2 2 5 0.4 1 0.4
18011 1 1 0 2 0 0 0
18059 15 2 1 16 0.0666666666666667 0.5 0.0625
18070 3 1 1 3 0.333333333333333 1 0.333333333333333
18119 4 2 1 5 0.25 0.5 0.2
18126 3 1 0 4 0 0 0
18146 2 3 0 5 0 0 0
18149 4 4 3 5 0.75 0.75 0.6
18182 3 1 0 4 0 0 0
18185 4 2 1 5 0.25 0.5 0.2
18203 3 3 2 4 0.666666666666667 0.666666666666667 0.5
18206 2 1 0 3 0 0 0
18218 2 1 1 2 0.5 1 0.5
18259 2 2 1 3 0.5 0.5 0.333333333333333
18266 3 1 1 3 0.333333333333333 1 0.333333333333333
18344 1 2 0 3 0 0 0
1835 8 2 2 8 0.25 1 0.25
1836 62 12 11 63 0.17741935483871 0.916666666666667 0.174603174603175
18366 2 2 1 3 0.5 0.5 0.333333333333333
18369 1 1 0 2 0 0 0
18422 4 1 1 4 0.25 1 0.25
18450 4 1 1 4 0.25 1 0.25
18508 10 5 4 11 0.4 0.8 0.363636363636364
1853 123 35 34 124 0.276422764227642 0.971428571428571 0.274193548387097
18592 25 11 8 28 0.32 0.727272727272727 0.285714285714286
18666 2 1 1 2 0.5 1 0.5
18750 2 1 1 2 0.5 1 0.5
18779 9 2 2 9 0.222222222222222 1 0.222222222222222
1879 1 1 0 2 0 0 0
1880 18 6 3 21 0.166666666666667 0.5 0.142857142857143
1881 1 1 1 1 1 1 1
19021 3 2 1 4 0.333333333333333 0.5 0.25
19073 2 1 0 3 0 0 0
19080 93 2 1 94 0.010752688172043 0.5 0.0106382978723404
19089 74 2 2 74 0.027027027027027 1 0.027027027027027
19151 802 214 195 821 0.243142144638404 0.911214953271028 0.237515225334957
1916 118 20 19 119 0.161016949152542 0.95 0.159663865546218
19192 2 1 1 2 0.5 1 0.5
19255 7 4 2 9 0.285714285714286 0.5 0.222222222222222
1930 23 8 7 24 0.304347826086957 0.875 0.291666666666667
19384 9 1 0 10 0 0 0
19401 47 18 17 48 0.361702127659574 0.944444444444444 0.354166666666667
195 9 2 1 10 0.111111111111111 0.5 0.1
1955 11 3 3 11 0.272727272727273 1 0.272727272727273
19557 3 1 0 4 0 0 0
19624 4 1 1 4 0.25 1 0.25
196613 2 2 2 2 1 1 1
196621 3 1 1 3 0.333333333333333 1 0.333333333333333
19740 14 3 3 14 0.214285714285714 1 0.214285714285714
19782 15 3 3 15 0.2 1 0.2
19783 2 1 0 3 0 0 0
19855 45 1 0 46 0 0 0
19866 2 1 1 2 0.5 1 0.5
19872 1 1 1 1 1 1 1
1998 6 1 1 6 0.166666666666667 1 0.166666666666667
20080 28 3 3 28 0.107142857142857 1 0.107142857142857
20144 12 4 3 13 0.25 0.75 0.230769230769231
2018 4 1 1 4 0.25 1 0.25
20205 3 1 0 4 0 0 0
20308 1 1 1 1 1 1 1
20312 10 5 4 11 0.4 0.8 0.363636363636364
20381 2 1 1 2 0.5 1 0.5
2042 16 4 3 17 0.1875 0.75 0.176470588235294
20436 2 1 0 3 0 0 0
2044 16 1 1 16 0.0625 1 0.0625
20473 26 4 3 27 0.115384615384615 0.75 0.111111111111111
20495 59 10 8 61 0.135593220338983 0.8 0.131147540983607
20507 39 4 3 40 0.0769230769230769 0.75 0.075
20547 43 5 4 44 0.0930232558139535 0.8 0.0909090909090909
2055 2 1 1 2 0.5 1 0.5
20552 5 1 0 6 0 0 0
20555 6 2 2 6 0.333333333333333 1 0.333333333333333
20562 324 4 4 324 0.0123456790123457 1 0.0123456790123457
20569 11 5 4 12 0.363636363636364 0.8 0.333333333333333
20570 3 1 1 3 0.333333333333333 1 0.333333333333333
20597 13 2 2 13 0.153846153846154 1 0.153846153846154
20608 3 2 0 5 0 0 0
20612 4 1 1 4 0.25 1 0.25
20621 3 1 1 3 0.333333333333333 1 0.333333333333333
20626 1 1 1 1 1 1 1
20633 21 13 7 27 0.333333333333333 0.538461538461538 0.259259259259259
20634 38 1 1 38 0.0263157894736842 1 0.0263157894736842
20640 250 96 84 262 0.336 0.875 0.320610687022901
20650 5 1 1 5 0.2 1 0.2
20704 23 5 5 23 0.217391304347826 1 0.217391304347826
20707 2 1 1 2 0.5 1 0.5
20712 15 5 4 16 0.266666666666667 0.8 0.25
20718 33 16 3 46 0.0909090909090909 0.1875 0.0652173913043478
20766 10 2 2 10 0.2 1 0.2
20773 32 16 12 36 0.375 0.75 0.333333333333333
20783 5 2 0 7 0 0 0
20836 10 1 0 11 0 0 0
20845 1 1 1 1 1 1 1
20847 38 19 13 44 0.342105263157895 0.684210526315789 0.295454545454545
20857 27 2 2 27 0.0740740740740741 1 0.0740740740740741
209 1443 23 21 1445 0.0145530145530146 0.91304347826087 0.0145328719723183
20912 11 10 5 16 0.454545454545455 0.5 0.3125
20932 338 15 13 340 0.0384615384615385 0.866666666666667 0.0382352941176471
20940 127 3 2 128 0.015748031496063 0.666666666666667 0.015625
20953 26 1 1 26 0.0384615384615385 1 0.0384615384615385
20965 53 42 42 53 0.792452830188679 1 0.792452830188679
20968 1 1 1 1 1 1 1
210 10 1 1 10 0.1 1 0.1
21011 109 14 12 111 0.110091743119266 0.857142857142857 0.108108108108108
21013 41 16 9 48 0.219512195121951 0.5625 0.1875
21017 1 1 1 1 1 1 1
21055 44 8 6 46 0.136363636363636 0.75 0.130434782608696
2107 1 1 1 1 1 1 1
2108 1 1 1 1 1 1 1
2110 50 3 3 50 0.06 1 0.06
21104 2 1 0 3 0 0 0
21155 45 19 15 49 0.333333333333333 0.789473684210526 0.306122448979592
2116 26 5 5 26 0.192307692307692 1 0.192307692307692
21174 4 1 0 5 0 0 0
21195 22 3 3 22 0.136363636363636 1 0.136363636363636
21213 14 4 4 14 0.285714285714286 1 0.285714285714286
21219 210 13 8 215 0.0380952380952381 0.615384615384615 0.0372093023255814
21221 37 16 10 43 0.27027027027027 0.625 0.232558139534884
21263 33 18 12 39 0.363636363636364 0.666666666666667 0.307692307692308
2128 4 2 2 4 0.5 1 0.5
21320 6 1 1 6 0.166666666666667 1 0.166666666666667
21371 51 14 9 56 0.176470588235294 0.642857142857143 0.160714285714286
21385 108 24 17 115 0.157407407407407 0.708333333333333 0.147826086956522
21392 42 12 9 45 0.214285714285714 0.75 0.2
21396 35 12 9 38 0.257142857142857 0.75 0.236842105263158
21409 40 1 0 41 0 0 0
21414 70 13 9 74 0.128571428571429 0.692307692307692 0.121621621621622
21435 8 2 2 8 0.25 1 0.25
21497 10 1 1 10 0.1 1 0.1
21499 3 1 1 3 0.333333333333333 1 0.333333333333333
21513 13 4 3 14 0.230769230769231 0.75 0.214285714285714
2152 91 2 2 91 0.021978021978022 1 0.021978021978022
21527 6 2 2 6 0.333333333333333 1 0.333333333333333
2153 41 16 15 42 0.365853658536585 0.9375 0.357142857142857
21548 24 1 1 24 0.0416666666666667 1 0.0416666666666667
21719 5 1 0 6 0 0 0
21788 10 3 3 10 0.3 1 0.3
21816 3 1 1 3 0.333333333333333 1 0.333333333333333
21844 38 3 3 38 0.0789473684210526 1 0.0789473684210526
21856 2 1 1 2 0.5 1 0.5
21911 6 3 3 6 0.5 1 0.5
21928 4 1 0 5 0 0 0
21947 26 3 3 26 0.115384615384615 1 0.115384615384615
21968 2 1 0 3 0 0 0
21976 20 2 2 20 0.1 1 0.1
2200 44 5 4 45 0.0909090909090909 0.8 0.0888888888888889
22070 4 1 0 5 0 0 0
22132 3 4 1 6 0.333333333333333 0.25 0.166666666666667
22166 1 1 0 2 0 0 0
22192 2 1 1 2 0.5 1 0.5
22284 8 1 0 9 0 0 0
22302 7 1 1 7 0.142857142857143 1 0.142857142857143
22335 24 2 2 24 0.0833333333333333 1 0.0833333333333333
22351 42 1 1 42 0.0238095238095238 1 0.0238095238095238
22356 39 2 2 39 0.0512820512820513 1 0.0512820512820513
22388 9 6 6 9 0.666666666666667 1 0.666666666666667
224 5 1 1 5 0.2 1 0.2
22404 2 1 0 3 0 0 0
22438 3 3 2 4 0.666666666666667 0.666666666666667 0.5
22439 3 1 1 3 0.333333333333333 1 0.333333333333333
225 2 1 1 2 0.5 1 0.5
22548 60 5 5 60 0.0833333333333333 1 0.0833333333333333
22581 2 1 1 2 0.5 1 0.5
226 33 3 3 33 0.0909090909090909 1 0.0909090909090909
22645 9 1 1 9 0.111111111111111 1 0.111111111111111
22652 7 1 1 7 0.142857142857143 1 0.142857142857143
22767 1 1 1 1 1 1 1
22773 275 1 1 275 0.00363636363636364 1 0.00363636363636364
22779 1 1 1 1 1 1 1
22822 645 9 9 645 0.013953488372093 1 0.013953488372093
22829 17 3 3 17 0.176470588235294 1 0.176470588235294
22911 10 2 1 11 0.1 0.5 0.0909090909090909
22958 7 2 2 7 0.285714285714286 1 0.285714285714286
23007 3 1 1 3 0.333333333333333 1 0.333333333333333
23028 5 2 0 7 0 0 0
23033 11 1 1 11 0.0909090909090909 1 0.0909090909090909
23148 355 2 2 355 0.00563380281690141 1 0.00563380281690141
23308 13 4 4 13 0.307692307692308 1 0.307692307692308
23316 2 1 1 2 0.5 1 0.5
23342 52 7 7 52 0.134615384615385 1 0.134615384615385
23352 36 4 4 36 0.111111111111111 1 0.111111111111111
23456 98 10 8 100 0.0816326530612245 0.8 0.08
23504 28 5 2 31 0.0714285714285714 0.4 0.0645161290322581
23541 9 1 0 10 0 0 0
23577 10 1 0 11 0 0 0
23596 3 2 2 3 0.666666666666667 1 0.666666666666667
23600 3 1 1 3 0.333333333333333 1 0.333333333333333
23624 2 1 1 2 0.5 1 0.5
23634 4 4 3 5 0.75 0.75 0.6
23637 3 1 0 4 0 0 0
23655 21 1 1 21 0.0476190476190476 1 0.0476190476190476
237 34 2 2 34 0.0588235294117647 1 0.0588235294117647
23709 3 3 2 4 0.666666666666667 0.666666666666667 0.5
23754 3 1 0 4 0 0 0
23774 4 3 2 5 0.5 0.666666666666667 0.4
2381 22 4 4 22 0.181818181818182 1 0.181818181818182
23836 1 1 1 1 1 1 1
23862 2 1 1 2 0.5 1 0.5
23869 2 1 0 3 0 0 0
23889 3 1 1 3 0.333333333333333 1 0.333333333333333
23902 1 1 0 2 0 0 0
23905 3 1 0 4 0 0 0
23910 3 4 1 6 0.333333333333333 0.25 0.166666666666667
23911 7 17 4 20 0.571428571428571 0.235294117647059 0.2
23912 1 1 0 2 0 0 0
23930 29 3 2 30 0.0689655172413793 0.666666666666667 0.0666666666666667
23947 28 1 0 29 0 0 0
23953 5 1 0 6 0 0 0
23966 5 1 0 6 0 0 0
24 11 8 5 14 0.454545454545455 0.625 0.357142857142857
24005 3 2 1 4 0.333333333333333 0.5 0.25
24047 4 2 2 4 0.5 1 0.5
24086 17 1 0 18 0 0 0
24129 4 3 2 5 0.5 0.666666666666667 0.4
24130 20 1 1 20 0.05 1 0.05
24151 11 2 0 13 0 0 0
24175 3 2 2 3 0.666666666666667 1 0.666666666666667
24203 19 1 1 19 0.0526315789473684 1 0.0526315789473684
24211 1 1 1 1 1 1 1
24212 3 1 0 4 0 0 0
24218 16 5 3 18 0.1875 0.6 0.166666666666667
24220 6 1 1 6 0.166666666666667 1 0.166666666666667
24226 3 2 0 5 0 0 0
24227 1 1 0 2 0 0 0
24229 4 1 1 4 0.25 1 0.25
24238 7 2 1 8 0.142857142857143 0.5 0.125
24287 4 3 3 4 0.75 1 0.75
24311 1 1 0 2 0 0 0
24321 2 1 1 2 0.5 1 0.5
24334 2 1 1 2 0.5 1 0.5
24390 2 1 1 2 0.5 1 0.5
24424 2 1 0 3 0 0 0
24437 1 1 1 1 1 1 1
24475 4 4 4 4 1 1 1
24489 9 9 8 10 0.888888888888889 0.888888888888889 0.8
24490 10 8 8 10 0.8 1 0.8
24514 6 2 2 6 0.333333333333333 1 0.333333333333333
24530 4 1 0 5 0 0 0
24541 3 3 1 5 0.333333333333333 0.333333333333333 0.2
24557 4 2 2 4 0.5 1 0.5
24586 34 14 10 38 0.294117647058824 0.714285714285714 0.263157894736842
24594 26 8 6 28 0.230769230769231 0.75 0.214285714285714
24642 33 5 4 34 0.121212121212121 0.8 0.117647058823529
24679 28 13 7 34 0.25 0.538461538461538 0.205882352941176
24724 132 29 24 137 0.181818181818182 0.827586206896552 0.175182481751825
24730 53 1 1 53 0.0188679245283019 1 0.0188679245283019
24739 53 15 8 60 0.150943396226415 0.533333333333333 0.133333333333333
24776 5 2 1 6 0.2 0.5 0.166666666666667
24785 111 18 12 117 0.108108108108108 0.666666666666667 0.102564102564103
24796 7 2 2 7 0.285714285714286 1 0.285714285714286
2484 1 1 1 1 1 1 1
24863 20 3 3 20 0.15 1 0.15
24875 45 19 12 52 0.266666666666667 0.631578947368421 0.230769230769231
24889 12 4 4 12 0.333333333333333 1 0.333333333333333
24900 1 1 1 1 1 1 1
24940 23 13 9 27 0.391304347826087 0.692307692307692 0.333333333333333
2495 12 1 1 12 0.0833333333333333 1 0.0833333333333333
24963 60 9 8 61 0.133333333333333 0.888888888888889 0.131147540983607
2497 243 67 53 257 0.218106995884774 0.791044776119403 0.206225680933852
24971 23 6 5 24 0.217391304347826 0.833333333333333 0.208333333333333
24973 2 1 0 3 0 0 0
2499 1 1 1 1 1 1 1
25 2 1 1 2 0.5 1 0.5
250 3 1 1 3 0.333333333333333 1 0.333333333333333
2500 31 37 17 51 0.548387096774194 0.459459459459459 0.333333333333333
25058 3 1 1 3 0.333333333333333 1 0.333333333333333
2506 2 1 1 2 0.5 1 0.5
25061 41 5 5 41 0.121951219512195 1 0.121951219512195
25098 15 2 2 15 0.133333333333333 1 0.133333333333333
2510 16 3 2 17 0.125 0.666666666666667 0.117647058823529
25137 16 7 7 16 0.4375 1 0.4375
2514 17 1 1 17 0.0588235294117647 1 0.0588235294117647
25148 8 1 1 8 0.125 1 0.125
2515 6 2 2 6 0.333333333333333 1 0.333333333333333
25151 14 1 0 15 0 0 0
25152 66 16 11 71 0.166666666666667 0.6875 0.154929577464789
2516 327 39 34 332 0.103975535168196 0.871794871794872 0.102409638554217
25164 2 1 1 2 0.5 1 0.5
2518 11 3 3 11 0.272727272727273 1 0.272727272727273
25182 33 10 7 36 0.212121212121212 0.7 0.194444444444444
2519 26 6 5 27 0.192307692307692 0.833333333333333 0.185185185185185
25192 25 14 10 29 0.4 0.714285714285714 0.344827586206897
25234 6 4 3 7 0.5 0.75 0.428571428571429
2527 12 5 3 14 0.25 0.6 0.214285714285714
25279 14 3 3 14 0.214285714285714 1 0.214285714285714
25286 29 1 1 29 0.0344827586206897 1 0.0344827586206897
25295 2 1 1 2 0.5 1 0.5
25358 16 10 4 22 0.25 0.4 0.181818181818182
25384 8 2 1 9 0.125 0.5 0.111111111111111
25409 2 1 1 2 0.5 1 0.5
25415 4 2 2 4 0.5 1 0.5
25441 16 4 4 16 0.25 1 0.25
25459 28 2 1 29 0.0357142857142857 0.5 0.0344827586206897
25466 32 7 6 33 0.1875 0.857142857142857 0.181818181818182
25473 5 3 3 5 0.6 1 0.6
2549 3 1 1 3 0.333333333333333 1 0.333333333333333
25512 20 3 3 20 0.15 1 0.15
25525 52 19 18 53 0.346153846153846 0.947368421052632 0.339622641509434
25538 2 2 0 4 0 0 0
25560 195 102 74 223 0.379487179487179 0.725490196078431 0.331838565022422
25563 3 1 1 3 0.333333333333333 1 0.333333333333333
25577 83 6 5 84 0.0602409638554217 0.833333333333333 0.0595238095238095
25588 8 1 0 9 0 0 0
25596 42 9 6 45 0.142857142857143 0.666666666666667 0.133333333333333
2561 3 2 2 3 0.666666666666667 1 0.666666666666667
25689 12 2 1 13 0.0833333333333333 0.5 0.0769230769230769
2576 2 1 1 2 0.5 1 0.5
25795 8 3 3 8 0.375 1 0.375
25818 25 6 3 28 0.12 0.5 0.107142857142857
25829 2 1 1 2 0.5 1 0.5
2586 14 1 1 14 0.0714285714285714 1 0.0714285714285714
2588 26 1 1 26 0.0384615384615385 1 0.0384615384615385
25899 28 1 1 28 0.0357142857142857 1 0.0357142857142857
2594 4 1 0 5 0 0 0
2595 2 1 0 3 0 0 0
2597 2 2 2 2 1 1 1
2602 4 3 3 4 0.75 1 0.75
2603 100 29 23 106 0.23 0.793103448275862 0.216981132075472
2607 30 10 10 30 0.333333333333333 1 0.333333333333333
2609 3 1 0 4 0 0 0
2611 57 13 11 59 0.192982456140351 0.846153846153846 0.186440677966102
2614 18 1 1 18 0.0555555555555556 1 0.0555555555555556
26347 2 1 1 2 0.5 1 0.5
2637 4 1 1 4 0.25 1 0.25
26415 59 8 2 65 0.0338983050847458 0.25 0.0307692307692308
26496 8 1 1 8 0.125 1 0.125
26592 20 3 2 21 0.1 0.666666666666667 0.0952380952380952
26610 2 1 1 2 0.5 1 0.5
26622 9 2 1 10 0.111111111111111 0.5 0.1
26677 41 1 1 41 0.024390243902439 1 0.024390243902439
26773 9 3 3 9 0.333333333333333 1 0.333333333333333
26785 3 2 1 4 0.333333333333333 0.5 0.25
26888 2 2 2 2 1 1 1
26935 11 1 1 11 0.0909090909090909 1 0.0909090909090909
26943 222 12 10 224 0.045045045045045 0.833333333333333 0.0446428571428571
26949 1 1 0 2 0 0 0
2697 7 1 1 7 0.142857142857143 1 0.142857142857143
26978 14 3 1 16 0.0714285714285714 0.333333333333333 0.0625
2698 6 2 2 6 0.333333333333333 1 0.333333333333333
27 2 1 1 2 0.5 1 0.5
2709 2 1 1 2 0.5 1 0.5
271 13 1 1 13 0.0769230769230769 1 0.0769230769230769
2714 1 1 1 1 1 1 1
2716 5 1 1 5 0.2 1 0.2
27319 28 5 5 28 0.178571428571429 1 0.178571428571429
27400 3 1 1 3 0.333333333333333 1 0.333333333333333
27446 3 1 0 4 0 0 0
27524 54 4 3 55 0.0555555555555556 0.75 0.0545454545454545
27552 9 1 1 9 0.111111111111111 1 0.111111111111111
27589 6 2 2 6 0.333333333333333 1 0.333333333333333
27630 3 1 1 3 0.333333333333333 1 0.333333333333333
27664 63 12 12 63 0.19047619047619 1 0.19047619047619
27678 8 2 1 9 0.125 0.5 0.111111111111111
27725 1 1 1 1 1 1 1
27750 19 15 14 20 0.736842105263158 0.933333333333333 0.7
27767 1 1 0 2 0 0 0
27770 1 1 0 2 0 0 0
27781 4 1 0 5 0 0 0
278 9 7 1 15 0.111111111111111 0.142857142857143 0.0666666666666667
27807 13 2 2 13 0.153846153846154 1 0.153846153846154
27817 4 2 2 4 0.5 1 0.5
27841 3 1 1 3 0.333333333333333 1 0.333333333333333
27893 1 1 0 2 0 0 0
27912 2 1 0 3 0 0 0
27924 3 1 1 3 0.333333333333333 1 0.333333333333333
27929 3 2 2 3 0.666666666666667 1 0.666666666666667
27933 2 1 1 2 0.5 1 0.5
28000 1 1 1 1 1 1 1
28001 5 2 2 5 0.4 1 0.4
2819 36 3 2 37 0.0555555555555556 0.666666666666667 0.0540540540540541
2828 816 16 15 817 0.0183823529411765 0.9375 0.018359853121175
28296 2 1 1 2 0.5 1 0.5
28299 7 3 2 8 0.285714285714286 0.666666666666667 0.25
28360 3 1 1 3 0.333333333333333 1 0.333333333333333
28362 1 1 1 1 1 1 1
2847 4 3 3 4 0.75 1 0.75
2848 17 1 1 17 0.0588235294117647 1 0.0588235294117647
28497 6 2 2 6 0.333333333333333 1 0.333333333333333
28499 3 2 1 4 0.333333333333333 0.5 0.25
28511 5 2 1 6 0.2 0.5 0.166666666666667
2852 89 12 11 90 0.123595505617978 0.916666666666667 0.122222222222222
2857 34 30 11 53 0.323529411764706 0.366666666666667 0.207547169811321
286 337 137 73 401 0.216617210682493 0.532846715328467 0.182044887780549
28606 1 1 0 2 0 0 0
28618 5 2 1 6 0.2 0.5 0.166666666666667
28677 2 1 1 2 0.5 1 0.5
28678 2 1 1 2 0.5 1 0.5
28697 6 1 0 7 0 0 0
28717 19 3 3 19 0.157894736842105 1 0.157894736842105
28725 1 2 0 3 0 0 0
28753 32 14 10 36 0.3125 0.714285714285714 0.277777777777778
28788 51 14 13 52 0.254901960784314 0.928571428571429 0.25
28809 110 1 1 110 0.00909090909090909 1 0.00909090909090909
28824 2 1 0 3 0 0 0
2884 4 2 2 4 0.5 1 0.5
28847 1 1 1 1 1 1 1
28855 8 5 5 8 0.625 1 0.625
28857 8 4 4 8 0.5 1 0.5
28859 4 1 1 4 0.25 1 0.25
28878 45 16 13 48 0.288888888888889 0.8125 0.270833333333333
28929 82 13 11 84 0.134146341463415 0.846153846153846 0.130952380952381
2895 242 3 2 243 0.00826446280991736 0.666666666666667 0.00823045267489712
28990 1 1 1 1 1 1 1
290 1 1 0 2 0 0 0
29003 4 1 1 4 0.25 1 0.25
29009 33 8 5 36 0.151515151515152 0.625 0.138888888888889
2905 30 2 0 32 0 0 0
29066 38 15 11 42 0.289473684210526 0.733333333333333 0.261904761904762
2907 81 5 5 81 0.0617283950617284 1 0.0617283950617284
29113 72 16 15 73 0.208333333333333 0.9375 0.205479452054795
29134 9 4 4 9 0.444444444444444 1 0.444444444444444
2914 632 200 140 692 0.221518987341772 0.7 0.202312138728324
29147 1 1 1 1 1 1 1
29169 9 2 2 9 0.222222222222222 1 0.222222222222222
29208 381 149 106 424 0.278215223097113 0.711409395973154 0.25
29216 1 1 1 1 1 1 1
29222 42 3 3 42 0.0714285714285714 1 0.0714285714285714
29240 1 1 1 1 1 1 1
29243 1 2 1 2 1 0.5 0.5
29259 3 2 2 3 0.666666666666667 1 0.666666666666667
29278 13 2 2 13 0.153846153846154 1 0.153846153846154
293 154 18 17 155 0.11038961038961 0.944444444444444 0.109677419354839
29317 1 2 1 2 1 0.5 0.5
29321 8 3 3 8 0.375 1 0.375
29372 1 1 0 2 0 0 0
29396 36 9 7 38 0.194444444444444 0.777777777777778 0.184210526315789
29405 12 2 2 12 0.166666666666667 1 0.166666666666667
29422 22 4 2 24 0.0909090909090909 0.5 0.0833333333333333
29449 49 23 15 57 0.306122448979592 0.652173913043478 0.263157894736842
29452 23 5 4 24 0.173913043478261 0.8 0.166666666666667
29488 4 2 2 4 0.5 1 0.5
29527 38 9 7 40 0.184210526315789 0.777777777777778 0.175
29542 5 2 1 6 0.2 0.5 0.166666666666667
29608 18 5 5 18 0.277777777777778 1 0.277777777777778
29611 34 8 6 36 0.176470588235294 0.75 0.166666666666667
29632 44 13 7 50 0.159090909090909 0.538461538461538 0.14
29636 228 62 56 234 0.245614035087719 0.903225806451613 0.239316239316239
29651 14 3 2 15 0.142857142857143 0.666666666666667 0.133333333333333
29655 7 3 3 7 0.428571428571429 1 0.428571428571429
29668 36 1 1 36 0.0277777777777778 1 0.0277777777777778
29670 8 4 2 10 0.25 0.5 0.2
29671 3 1 1 3 0.333333333333333 1 0.333333333333333
29680 4 1 1 4 0.25 1 0.25
29686 314 128 107 335 0.340764331210191 0.8359375 0.319402985074627
29748 26 10 4 32 0.153846153846154 0.4 0.125
29763 1 1 1 1 1 1 1
29789 1 1 1 1 1 1 1
29791 228 5 3 230 0.0131578947368421 0.6 0.0130434782608696
29838 34 5 5 34 0.147058823529412 1 0.147058823529412
29904 1 1 1 1 1 1 1
3 6 1 0 7 0 0 0
30008 5 1 1 5 0.2 1 0.2
30058 7 2 2 7 0.285714285714286 1 0.285714285714286
30059 3 3 2 4 0.666666666666667 0.666666666666667 0.5
30071 10 100 6 104 0.6 0.06 0.0576923076923077
30075 2 1 0 3 0 0 0
30132 40 56 20 76 0.5 0.357142857142857 0.263157894736842
30176 13 2 1 14 0.0769230769230769 0.5 0.0714285714285714
30217 6 1 1 6 0.166666666666667 1 0.166666666666667
30221 2 1 0 3 0 0 0
30225 1 1 0 2 0 0 0
30259 3 1 1 3 0.333333333333333 1 0.333333333333333
30340 15 1 0 16 0 0 0
30362 3 1 0 4 0 0 0
30374 2 1 0 3 0 0 0
3043 26 7 5 28 0.192307692307692 0.714285714285714 0.178571428571429
30528 6 3 2 7 0.333333333333333 0.666666666666667 0.285714285714286
30653 25 10 7 28 0.28 0.7 0.25
30700 5 2 2 5 0.4 1 0.4
30708 1 1 1 1 1 1 1
30740 40 9 8 41 0.2 0.888888888888889 0.195121951219512
30781 73 23 19 77 0.26027397260274 0.826086956521739 0.246753246753247
30795 3 2 2 3 0.666666666666667 1 0.666666666666667
30833 13 1 1 13 0.0769230769230769 1 0.0769230769230769
30844 307 8 8 307 0.0260586319218241 1 0.0260586319218241
30880 10 2 1 11 0.1 0.5 0.0909090909090909
30890 137 23 17 143 0.124087591240876 0.739130434782609 0.118881118881119
30925 19 2 2 19 0.105263157894737 1 0.105263157894737
30961 3 2 2 3 0.666666666666667 1 0.666666666666667
30971 6 3 3 6 0.5 1 0.5
30975 8 6 2 12 0.25 0.333333333333333 0.166666666666667
31065 4 1 1 4 0.25 1 0.25
31078 2 2 1 3 0.5 0.5 0.333333333333333
31103 19 14 7 26 0.368421052631579 0.5 0.269230769230769
31117 12 4 3 13 0.25 0.75 0.230769230769231
31122 11 3 3 11 0.272727272727273 1 0.272727272727273
31127 3 3 1 5 0.333333333333333 0.333333333333333 0.2
31148 5 1 1 5 0.2 1 0.2
31229 6 2 1 7 0.166666666666667 0.5 0.142857142857143
31252 65 19 16 68 0.246153846153846 0.842105263157895 0.235294117647059
31261 23 2 1 24 0.0434782608695652 0.5 0.0416666666666667
31283 49 3 3 49 0.0612244897959184 1 0.0612244897959184
31333 12 5 4 13 0.333333333333333 0.8 0.307692307692308
31334 57 1 0 58 0 0 0
31383 23 8 5 26 0.217391304347826 0.625 0.192307692307692
3140 1 1 1 1 1 1 1
31400 24 3 3 24 0.125 1 0.125
31424 17 4 4 17 0.235294117647059 1 0.235294117647059
31442 2 1 0 3 0 0 0
31458 56 9 8 57 0.142857142857143 0.888888888888889 0.140350877192982
31477 205 2 2 205 0.00975609756097561 1 0.00975609756097561
31479 4 1 1 4 0.25 1 0.25
31513 3 1 1 3 0.333333333333333 1 0.333333333333333
31529 62 19 16 65 0.258064516129032 0.842105263157895 0.246153846153846
31530 7 1 1 7 0.142857142857143 1 0.142857142857143
31615 2 1 0 3 0 0 0
31621 6 2 1 7 0.166666666666667 0.5 0.142857142857143
31677 4 2 0 6 0 0 0
31688 8 2 2 8 0.25 1 0.25
31708 28 10 8 30 0.285714285714286 0.8 0.266666666666667
31736 9 1 1 9 0.111111111111111 1 0.111111111111111
31877 12 1 1 12 0.0833333333333333 1 0.0833333333333333
31939 3 1 1 3 0.333333333333333 1 0.333333333333333
32 5 1 1 5 0.2 1 0.2
32034 5 3 3 5 0.6 1 0.6
3212 23 1 1 23 0.0434782608695652 1 0.0434782608695652
3213 46 11 9 48 0.195652173913043 0.818181818181818 0.1875
3215 100 2 2 100 0.02 1 0.02
3221 1 1 1 1 1 1 1
3223 1 1 1 1 1 1 1
32244 5 1 0 6 0 0 0
32335 4 1 1 4 0.25 1 0.25
32346 1 1 1 1 1 1 1
32354 19 4 3 20 0.157894736842105 0.75 0.15
32360 3 1 0 4 0 0 0
32361 8 1 1 8 0.125 1 0.125
3243 18 4 2 20 0.111111111111111 0.5 0.1
32440 22 2 2 22 0.0909090909090909 1 0.0909090909090909
3248 63 22 16 69 0.253968253968254 0.727272727272727 0.231884057971014
3249 61 13 9 65 0.147540983606557 0.692307692307692 0.138461538461538
3257 594 281 148 727 0.249158249158249 0.526690391459075 0.203576341127923
32592 17 3 3 17 0.176470588235294 1 0.176470588235294
3261 30 1 1 30 0.0333333333333333 1 0.0333333333333333
32613 12 2 2 12 0.166666666666667 1 0.166666666666667
3265 41 16 11 46 0.268292682926829 0.6875 0.239130434782609
3267 431 9 8 432 0.0185614849187935 0.888888888888889 0.0185185185185185
3269 124 1 1 124 0.00806451612903226 1 0.00806451612903226
32748 25 5 5 25 0.2 1 0.2
3277 83 1 1 83 0.0120481927710843 1 0.0120481927710843
32809 1 1 0 2 0 0 0
32825 2 1 0 3 0 0 0
32890 4 1 1 4 0.25 1 0.25
32915 4 1 0 5 0 0 0
3292 426 20 19 427 0.0446009389671361 0.95 0.0444964871194379
32978 1 1 1 1 1 1 1
33 5 1 0 6 0 0 0
3301 65 6 3 68 0.0461538461538462 0.5 0.0441176470588235
3302 49 1 1 49 0.0204081632653061 1 0.0204081632653061
3303 512 25 21 516 0.041015625 0.84 0.0406976744186047
33071 8 2 1 9 0.125 0.5 0.111111111111111
33075 2 1 1 2 0.5 1 0.5
33080 4 1 1 4 0.25 1 0.25
33081 7 3 1 9 0.142857142857143 0.333333333333333 0.111111111111111
33082 10 6 3 13 0.3 0.5 0.230769230769231
33152 1 1 0 2 0 0 0
33189 9 1 1 9 0.111111111111111 1 0.111111111111111
3320 522 20 15 527 0.028735632183908 0.75 0.0284629981024668
3327 103 26 20 109 0.194174757281553 0.769230769230769 0.18348623853211
33310 2 1 0 3 0 0 0
3333 165 4 4 165 0.0242424242424242 1 0.0242424242424242
33362 3 1 0 4 0 0 0
3344 7 5 2 10 0.285714285714286 0.4 0.2
33475 3 1 1 3 0.333333333333333 1 0.333333333333333
33517 7 2 2 7 0.285714285714286 1 0.285714285714286
3352 72 2 1 73 0.0138888888888889 0.5 0.0136986301369863
33557 1 2 0 3 0 0 0
3356 2523 97 84 2536 0.0332936979785969 0.865979381443299 0.0331230283911672
33597 26 1 1 26 0.0384615384615385 1 0.0384615384615385
3363 2 1 1 2 0.5 1 0.5
33642 3 1 1 3 0.333333333333333 1 0.333333333333333
33789 2 2 2 2 1 1 1
33843 45 20 16 49 0.355555555555556 0.8 0.326530612244898
33845 12 1 1 12 0.0833333333333333 1 0.0833333333333333
33868 6 1 1 6 0.166666666666667 1 0.166666666666667
33873 23 1 1 23 0.0434782608695652 1 0.0434782608695652
33876 1 1 1 1 1 1 1
33885 13 4 4 13 0.307692307692308 1 0.307692307692308
33891 41 17 12 46 0.292682926829268 0.705882352941177 0.260869565217391
33930 2 1 0 3 0 0 0
33965 24 1 1 24 0.0416666666666667 1 0.0416666666666667
33984 2 1 1 2 0.5 1 0.5
34011 22 13 7 28 0.318181818181818 0.538461538461538 0.25
34019 10 3 3 10 0.3 1 0.3
34021 6 3 2 7 0.333333333333333 0.666666666666667 0.285714285714286
34080 7 2 2 7 0.285714285714286 1 0.285714285714286
34081 3 2 2 3 0.666666666666667 1 0.666666666666667
34108 6 4 3 7 0.5 0.75 0.428571428571429
34109 10 1 0 11 0 0 0
34123 31 1 1 31 0.032258064516129 1 0.032258064516129
34141 30 1 1 30 0.0333333333333333 1 0.0333333333333333
34146 13 2 2 13 0.153846153846154 1 0.153846153846154
34225 9 6 2 13 0.222222222222222 0.333333333333333 0.153846153846154
34244 4 2 2 4 0.5 1 0.5
34245 45 1 1 45 0.0222222222222222 1 0.0222222222222222
34270 39 4 3 40 0.0769230769230769 0.75 0.075
34288 6 2 1 7 0.166666666666667 0.5 0.142857142857143
34305 64 14 13 65 0.203125 0.928571428571429 0.2
34309 50 162 25 187 0.5 0.154320987654321 0.133689839572193
34313 26 6 5 27 0.192307692307692 0.833333333333333 0.185185185185185
34372 3 1 1 3 0.333333333333333 1 0.333333333333333
34419 20 10 3 27 0.15 0.3 0.111111111111111
34427 3 1 1 3 0.333333333333333 1 0.333333333333333
34486 36 4 3 37 0.0833333333333333 0.75 0.0810810810810811
34505 3 3 3 3 1 1 1
34549 7 5 3 9 0.428571428571429 0.6 0.333333333333333
34554 11 2 2 11 0.181818181818182 1 0.181818181818182
34567 3 2 1 4 0.333333333333333 0.5 0.25
34594 19 3 3 19 0.157894736842105 1 0.157894736842105
34602 13 3 1 15 0.0769230769230769 0.333333333333333 0.0666666666666667
3464 8 1 1 8 0.125 1 0.125
34683 2 1 1 2 0.5 1 0.5
34695 405 74 71 408 0.175308641975309 0.959459459459459 0.174019607843137
34718 8 1 0 9 0 0 0
34744 5 1 1 5 0.2 1 0.2
34752 3 1 1 3 0.333333333333333 1 0.333333333333333
34763 69 21 12 78 0.173913043478261 0.571428571428571 0.153846153846154
34781 13 1 1 13 0.0769230769230769 1 0.0769230769230769
34784 2 1 1 2 0.5 1 0.5
34863 2 1 0 3 0 0 0
3491 446 1 1 446 0.00224215246636771 1 0.00224215246636771
34912 1 1 0 2 0 0 0
34958 3 1 1 3 0.333333333333333 1 0.333333333333333
34968 30 12 9 33 0.3 0.75 0.272727272727273
34997 10 3 3 10 0.3 1 0.3
35 2 1 0 3 0 0 0
35028 37 10 7 40 0.189189189189189 0.7 0.175
35070 8 3 3 8 0.375 1 0.375
35087 13 1 1 13 0.0769230769230769 1 0.0769230769230769
35244 28 19 13 34 0.464285714285714 0.684210526315789 0.382352941176471
35272 1 2 1 2 1 0.5 0.5
35283 7 5 1 11 0.142857142857143 0.2 0.0909090909090909
35320 109 17 10 116 0.0917431192660551 0.588235294117647 0.0862068965517241
35339 7 2 2 7 0.285714285714286 1 0.285714285714286
35366 34 16 9 41 0.264705882352941 0.5625 0.219512195121951
35393 11 2 2 11 0.181818181818182 1 0.181818181818182
35425 16 3 3 16 0.1875 1 0.1875
35470 10 4 2 12 0.2 0.5 0.166666666666667
35485 1 1 0 2 0 0 0
3549 1340 153 139 1354 0.103731343283582 0.908496732026144 0.102658788774003
35492 5 3 3 5 0.6 1 0.6
3551 1 1 0 2 0 0 0
3557 24 10 7 27 0.291666666666667 0.7 0.259259259259259
35574 11 3 2 12 0.181818181818182 0.666666666666667 0.166666666666667
35592 7 3 3 7 0.428571428571429 1 0.428571428571429
3561 449 4 4 449 0.0089086859688196 1 0.0089086859688196
35612 8 3 0 11 0 0 0
35703 3 1 1 3 0.333333333333333 1 0.333333333333333
35706 17 6 3 20 0.176470588235294 0.5 0.15
35745 6 3 2 7 0.333333333333333 0.666666666666667 0.285714285714286
35826 3 1 1 3 0.333333333333333 1 0.333333333333333
3597 8 2 2 8 0.25 1 0.25
36017 2 1 0 3 0 0 0
3603 2 1 1 2 0.5 1 0.5
36086 3 2 2 3 0.666666666666667 1 0.666666666666667
36141 1 1 0 2 0 0 0
36221 2 1 1 2 0.5 1 0.5
36236 16 1 1 16 0.0625 1 0.0625
36252 2 2 2 2 1 1 1
36351 21 5 5 21 0.238095238095238 1 0.238095238095238
36383 2 1 1 2 0.5 1 0.5
36384 1 1 1 1 1 1 1
3640 4 1 1 4 0.25 1 0.25
36412 4 2 2 4 0.5 1 0.5
36472 3 1 1 3 0.333333333333333 1 0.333333333333333
3661 6 5 2 9 0.333333333333333 0.4 0.222222222222222
3662 17 9 9 17 0.529411764705882 1 0.529411764705882
3663 6 1 1 6 0.166666666666667 1 0.166666666666667
36671 2 1 1 2 0.5 1 0.5
36692 51 4 4 51 0.0784313725490196 1 0.0784313725490196
3676 5 1 1 5 0.2 1 0.2
36786 1 1 1 1 1 1 1
36797 1 1 1 1 1 1 1
3681 4 1 1 4 0.25 1 0.25
36856 11 4 2 13 0.181818181818182 0.5 0.153846153846154
36944 30 5 4 31 0.133333333333333 0.8 0.129032258064516
3714 4 1 1 4 0.25 1 0.25
3741 100 1 1 100 0.01 1 0.01
3742 17 2 2 17 0.117647058823529 1 0.117647058823529
3754 41 3 3 41 0.0731707317073171 1 0.0731707317073171
3758 51 1 1 51 0.0196078431372549 1 0.0196078431372549
376 18 3 3 18 0.166666666666667 1 0.166666666666667
378 2 1 1 2 0.5 1 0.5
3790 5 1 1 5 0.2 1 0.2
37918 3 1 1 3 0.333333333333333 1 0.333333333333333
38005 2 2 2 2 1 1 1
38018 7 4 4 7 0.571428571428571 1 0.571428571428571
38022 35 8 8 35 0.228571428571429 1 0.228571428571429
38082 48 12 11 49 0.229166666666667 0.916666666666667 0.224489795918367
38158 4 4 4 4 1 1 1
38229 1 1 1 1 1 1 1
3825 1 1 0 2 0 0 0
38299 2 1 1 2 0.5 1 0.5
38321 2 1 1 2 0.5 1 0.5
3836 7 2 1 8 0.142857142857143 0.5 0.125
38457 3 1 1 3 0.333333333333333 1 0.333333333333333
38462 3 1 1 3 0.333333333333333 1 0.333333333333333
38477 2 1 1 2 0.5 1 0.5
38566 3 2 2 3 0.666666666666667 1 0.666666666666667
38629 2 2 1 3 0.5 0.5 0.333333333333333
38639 1 1 1 1 1 1 1
38646 1 2 0 3 0 0 0
38652 2 1 1 2 0.5 1 0.5
38710 2 1 0 3 0 0 0
38727 3 1 1 3 0.333333333333333 1 0.333333333333333
38759 1 11 0 12 0 0 0
38794 9 1 1 9 0.111111111111111 1 0.111111111111111
38796 1 1 0 2 0 0 0
38819 3 2 2 3 0.666666666666667 1 0.666666666666667
38826 4 1 1 4 0.25 1 0.25
38915 8 1 1 8 0.125 1 0.125
38922 12 2 1 13 0.0833333333333333 0.5 0.0769230769230769
38930 30 3 2 31 0.0666666666666667 0.666666666666667 0.0645161290322581
39029 5 2 2 5 0.4 1 0.4
39040 9 2 2 9 0.222222222222222 1 0.222222222222222
39091 5 1 1 5 0.2 1 0.2
39093 3 2 1 4 0.333333333333333 0.5 0.25
39117 3 1 0 4 0 0 0
39122 12 4 4 12 0.333333333333333 1 0.333333333333333
39145 8 3 3 8 0.375 1 0.375
39211 3 3 2 4 0.666666666666667 0.666666666666667 0.5
39288 2 1 1 2 0.5 1 0.5
39301 6 2 1 7 0.166666666666667 0.5 0.142857142857143
39309 27 1 0 28 0 0 0
3931 3 1 0 4 0 0 0
393220 2 2 2 2 1 1 1
393222 1 1 1 1 1 1 1
393224 1 1 1 1 1 1 1
39326 236 23 20 239 0.0847457627118644 0.869565217391304 0.0836820083682008
39342 2 1 1 2 0.5 1 0.5
3943 3 2 2 3 0.666666666666667 1 0.666666666666667
39472 3 1 1 3 0.333333333333333 1 0.333333333333333
3949 1 2 1 2 1 0.5 0.5
39520 2 1 0 3 0 0 0
39537 2 1 0 3 0 0 0
39545 3 2 2 3 0.666666666666667 1 0.666666666666667
39554 5 2 2 5 0.4 1 0.4
39556 37 12 10 39 0.27027027027027 0.833333333333333 0.256410256410256
39560 2 1 1 2 0.5 1 0.5
39570 3 4 2 5 0.666666666666667 0.5 0.4
39572 3 1 1 3 0.333333333333333 1 0.333333333333333
39598 9 1 1 9 0.111111111111111 1 0.111111111111111
39602 4 1 0 5 0 0 0
39737 48 2 2 48 0.0416666666666667 1 0.0416666666666667
39787 6 2 1 7 0.166666666666667 0.5 0.142857142857143
39792 874 30 24 880 0.0274599542334096 0.8 0.0272727272727273
39837 4 2 2 4 0.5 1 0.5
39839 3 2 2 3 0.666666666666667 1 0.666666666666667
39854 1 1 1 1 1 1 1
39875 1 1 0 2 0 0 0
39905 6 3 3 6 0.5 1 0.5
39912 361 9 9 361 0.0249307479224377 1 0.0249307479224377
3999 2 1 1 2 0.5 1 0.5
40009 49 7 6 50 0.122448979591837 0.857142857142857 0.12
40060 5 1 0 6 0 0 0
40068 12 2 2 12 0.166666666666667 1 0.166666666666667
40193 14 8 5 17 0.357142857142857 0.625 0.294117647058824
40220 13 5 5 13 0.384615384615385 1 0.384615384615385
40342 5 4 3 6 0.6 0.75 0.5
40387 18 2 2 18 0.111111111111111 1 0.111111111111111
40490 2 1 1 2 0.5 1 0.5
40528 10 4 4 10 0.4 1 0.4
40589 2 1 1 2 0.5 1 0.5
40679 2 2 2 2 1 1 1
40832 1 1 1 1 1 1 1
40912 2 1 1 2 0.5 1 0.5
40943 2 1 0 3 0 0 0
41012 35 6 5 36 0.142857142857143 0.833333333333333 0.138888888888889
41045 26 9 9 26 0.346153846153846 1 0.346153846153846
41075 2 4 1 5 0.5 0.25 0.2
4134 103 2 0 105 0 0 0
4150 6 4 2 8 0.333333333333333 0.5 0.25
4158 2 1 1 2 0.5 1 0.5
41589 5 1 1 5 0.2 1 0.2
41692 79 32 23 88 0.291139240506329 0.71875 0.261363636363636
41695 4 1 0 5 0 0 0
41698 2 1 1 2 0.5 1 0.5
41711 9 4 2 11 0.222222222222222 0.5 0.181818181818182
41773 3 4 3 4 1 0.75 0.75
41824 9 5 4 10 0.444444444444444 0.8 0.4
41884 3 1 1 3 0.333333333333333 1 0.333333333333333
41887 11 6 4 13 0.363636363636364 0.666666666666667 0.307692307692308
41913 9 3 3 9 0.333333333333333 1 0.333333333333333
41960 6 1 0 7 0 0 0
42 114 13 12 115 0.105263157894737 0.923076923076923 0.104347826086957
42017 4 1 0 5 0 0 0
42184 37 10 6 41 0.162162162162162 0.6 0.146341463414634
42227 9 5 5 9 0.555555555555556 1 0.555555555555556
42525 30 3 3 30 0.1 1 0.1
42579 9 2 2 9 0.222222222222222 1 0.222222222222222
42585 8 4 3 9 0.375 0.75 0.333333333333333
42605 20 16 11 25 0.55 0.6875 0.44
42652 43 3 2 44 0.0465116279069767 0.666666666666667 0.0454545454545455
42678 2 1 1 2 0.5 1 0.5
42689 32 9 7 34 0.21875 0.777777777777778 0.205882352941176
4270 7 2 1 8 0.142857142857143 0.5 0.125
42732 1 1 1 1 1 1 1
42841 6 3 3 6 0.5 1 0.5
42909 17 3 3 17 0.176470588235294 1 0.176470588235294
42965 8 1 1 8 0.125 1 0.125
42979 16 2 2 16 0.125 1 0.125
43037 5 1 1 5 0.2 1 0.2
43070 7 1 1 7 0.142857142857143 1 0.142857142857143
43128 1 1 1 1 1 1 1
43148 2 1 0 3 0 0 0
4323 1267 12 12 1267 0.00947119179163378 1 0.00947119179163378
43289 2 1 1 2 0.5 1 0.5
43313 3 1 1 3 0.333333333333333 1 0.333333333333333
43333 7 3 3 7 0.428571428571429 1 0.428571428571429
43383 1 1 1 1 1 1 1
43447 1 1 1 1 1 1 1
43483 2 1 1 2 0.5 1 0.5
43556 6 2 2 6 0.333333333333333 1 0.333333333333333
43602 3 2 2 3 0.666666666666667 1 0.666666666666667
43629 2 1 1 2 0.5 1 0.5
43655 2 1 1 2 0.5 1 0.5
43751 4 1 0 5 0 0 0
43782 3 2 0 5 0 0 0
43821 36 16 10 42 0.277777777777778 0.625 0.238095238095238
43843 7 2 2 7 0.285714285714286 1 0.285714285714286
43884 2 1 0 3 0 0 0
43892 2 1 0 3 0 0 0
43893 4 1 1 4 0.25 1 0.25
43911 3 3 1 5 0.333333333333333 0.333333333333333 0.2
43930 3 1 0 4 0 0 0
43948 3 2 2 3 0.666666666666667 1 0.666666666666667
43950 2 1 0 3 0 0 0
43978 2 1 1 2 0.5 1 0.5
44034 10 3 3 10 0.3 1 0.3
44042 38 22 13 47 0.342105263157895 0.590909090909091 0.276595744680851
44065 2 1 1 2 0.5 1 0.5
44066 26 1 1 26 0.0384615384615385 1 0.0384615384615385
44140 2 1 0 3 0 0 0
44146 10 3 3 10 0.3 1 0.3
44160 9 1 1 9 0.111111111111111 1 0.111111111111111
44212 3 2 2 3 0.666666666666667 1 0.666666666666667
44227 4 1 1 4 0.25 1 0.25
44237 30 2 2 30 0.0666666666666667 1 0.0666666666666667
44285 4 1 0 5 0 0 0
4434 7 1 0 8 0 0 0
44358 4 2 2 4 0.5 1 0.5
4436 151 23 21 153 0.139072847682119 0.91304347826087 0.137254901960784
44489 1 1 1 1 1 1 1
44513 7 2 2 7 0.285714285714286 1 0.285714285714286
44514 7 3 2 8 0.285714285714286 0.666666666666667 0.25
44515 1 1 0 2 0 0 0
44654 43 16 9 50 0.209302325581395 0.5625 0.18
44683 3 2 2 3 0.666666666666667 1 0.666666666666667
44706 5 4 2 7 0.4 0.5 0.285714285714286
4474 1 1 1 1 1 1 1
44928 1 1 1 1 1 1 1
44953 9 3 3 9 0.333333333333333 1 0.333333333333333
44980 3 1 1 3 0.333333333333333 1 0.333333333333333
45131 1 1 1 1 1 1 1
45147 66 4 2 68 0.0303030303030303 0.5 0.0294117647058824
45170 2 1 1 2 0.5 1 0.5
45177 3 2 0 5 0 0 0
4528 3 1 1 3 0.333333333333333 1 0.333333333333333
45344 2 1 1 2 0.5 1 0.5
4538 51 2 2 51 0.0392156862745098 1 0.0392156862745098
45437 1 1 1 1 1 1 1
45438 1 1 1 1 1 1 1
45444 2 2 0 4 0 0 0
45456 1 2 0 3 0 0 0
45459 2 1 0 3 0 0 0
45483 4 1 1 4 0.25 1 0.25
45506 2 1 1 2 0.5 1 0.5
45522 2 1 0 3 0 0 0
4555 1 3 0 4 0 0 0
4557 11 2 2 11 0.181818181818182 1 0.181818181818182
45633 1 1 0 2 0 0 0
45638 3 1 1 3 0.333333333333333 1 0.333333333333333
45695 2 1 1 2 0.5 1 0.5
4589 716 121 115 722 0.160614525139665 0.950413223140496 0.159279778393352
46 2 1 1 2 0.5 1 0.5
4605 2 1 1 2 0.5 1 0.5
4608 5 3 0 8 0 0 0
46176 2 1 0 3 0 0 0
46177 9 1 1 9 0.111111111111111 1 0.111111111111111
4618 14 2 1 15 0.0714285714285714 0.5 0.0666666666666667
46208 4 2 2 4 0.5 1 0.5
4621 36 3 3 36 0.0833333333333333 1 0.0833333333333333
4622 1 2 0 3 0 0 0
4635 112 26 24 114 0.214285714285714 0.923076923076923 0.210526315789474
46357 2 1 1 2 0.5 1 0.5
4637 171 7 6 172 0.0350877192982456 0.857142857142857 0.0348837209302326
4648 55 3 3 55 0.0545454545454545 1 0.0545454545454545
4651 35 9 6 38 0.171428571428571 0.666666666666667 0.157894736842105
4657 115 4 4 115 0.0347826086956522 1 0.0347826086956522
46722 1 1 1 1 1 1 1
4673 8 2 2 8 0.25 1 0.25
4675 6 3 1 8 0.166666666666667 0.333333333333333 0.125
4677 5 1 1 5 0.2 1 0.2
4680 9 4 1 12 0.111111111111111 0.25 0.0833333333333333
4685 11 1 1 11 0.0909090909090909 1 0.0909090909090909
4691 1 14 1 14 1 0.0714285714285714 0.0714285714285714
46925 8 1 1 8 0.125 1 0.125
4697 3 8 3 8 1 0.375 0.375
4704 7 3 1 9 0.142857142857143 0.333333333333333 0.111111111111111
4711 2 1 0 3 0 0 0
4713 106 16 13 109 0.122641509433962 0.8125 0.119266055045872
4716 20 10 2 28 0.1 0.2 0.0714285714285714
4717 3 2 2 3 0.666666666666667 1 0.666666666666667
4718 2 2 2 2 1 1 1
47201 1 1 0 2 0 0 0
47202 2 1 1 2 0.5 1 0.5
47227 3 2 2 3 0.666666666666667 1 0.666666666666667
4725 126 22 11 137 0.0873015873015873 0.5 0.0802919708029197
4739 78 17 13 82 0.166666666666667 0.764705882352941 0.158536585365854
4741 11 1 1 11 0.0909090909090909 1 0.0909090909090909
47447 5 2 2 5 0.4 1 0.4
4747 2 2 0 4 0 0 0
47473 1 2 1 2 1 0.5 0.5
47490 1 1 1 1 1 1 1
47506 3 1 1 3 0.333333333333333 1 0.333333333333333
47533 3 1 1 3 0.333333333333333 1 0.333333333333333
4755 191 3 3 191 0.0157068062827225 1 0.0157068062827225
4760 7 1 1 7 0.142857142857143 1 0.142857142857143
4761 55 4 3 56 0.0545454545454545 0.75 0.0535714285714286
47617 4 1 1 4 0.25 1 0.25
4768 30 2 2 30 0.0666666666666667 1 0.0666666666666667
4770 14 1 0 15 0 0 0
4775 59 1 1 59 0.0169491525423729 1 0.0169491525423729
4777 36 6 3 39 0.0833333333333333 0.5 0.0769230769230769
4780 27 3 2 28 0.0740740740740741 0.666666666666667 0.0714285714285714
4782 2 1 0 3 0 0 0
47862 1 2 1 2 1 0.5 0.5
4787 6 3 1 8 0.166666666666667 0.333333333333333 0.125
4788 125 6 6 125 0.048 1 0.048
47885 1 2 0 3 0 0 0
47886 4 2 2 4 0.5 1 0.5
47917 1 1 1 1 1 1 1
4795 30 4 2 32 0.0666666666666667 0.5 0.0625
47956 2 1 0 3 0 0 0
4796 3 1 1 3 0.333333333333333 1 0.333333333333333
47998 2 1 1 2 0.5 1 0.5
48039 7 4 4 7 0.571428571428571 1 0.571428571428571
48053 1 1 1 1 1 1 1
48056 2 1 1 2 0.5 1 0.5
48118 2 1 1 2 0.5 1 0.5
48136 1 1 1 1 1 1 1
48173 7 1 1 7 0.142857142857143 1 0.142857142857143
4818 4 1 1 4 0.25 1 0.25
48185 2 2 1 3 0.5 0.5 0.333333333333333
48191 5 2 1 6 0.2 0.5 0.166666666666667
48200 1 6 0 7 0 0 0
48259 2 1 1 2 0.5 1 0.5
4826 194 25 21 198 0.108247422680412 0.84 0.106060606060606
48417 3 2 2 3 0.666666666666667 1 0.666666666666667
4844 2 1 1 2 0.5 1 0.5
48451 1 1 1 1 1 1 1
48484 1 1 1 1 1 1 1
48514 3 3 1 5 0.333333333333333 0.333333333333333 0.2
48519 3 1 1 3 0.333333333333333 1 0.333333333333333
48528 2 1 1 2 0.5 1 0.5
48539 8 6 5 9 0.625 0.833333333333333 0.555555555555556
48972 1 1 1 1 1 1 1
49237 3 1 1 3 0.333333333333333 1 0.333333333333333
4927 18 7 6 19 0.333333333333333 0.857142857142857 0.315789473684211
49334 1 1 1 1 1 1 1
49352 1 1 0 2 0 0 0
49409 2 1 0 3 0 0 0
49416 1 1 1 1 1 1 1
49463 1 1 1 1 1 1 1
49488 2 2 2 2 1 1 1
49573 2 1 1 2 0.5 1 0.5
5050 20 6 6 20 0.3 1 0.3
5056 30 2 0 32 0 0 0
5078 18 1 1 18 0.0555555555555556 1 0.0555555555555556
513 50 10 10 50 0.2 1 0.2
52 2 1 1 2 0.5 1 0.5
53280 2 1 1 2 0.5 1 0.5
5381 15 3 2 16 0.133333333333333 0.666666666666667 0.125
5385 59 3 3 59 0.0508474576271186 1 0.0508474576271186
5394 19 3 3 19 0.157894736842105 1 0.157894736842105
5400 212 16 12 216 0.0566037735849057 0.75 0.0555555555555556
5401 1 1 1 1 1 1 1
5403 20 7 6 21 0.3 0.857142857142857 0.285714285714286
5407 7 2 2 7 0.285714285714286 1 0.285714285714286
5408 28 2 1 29 0.0357142857142857 0.5 0.0344827586206897
5410 60 8 5 63 0.0833333333333333 0.625 0.0793650793650794
5413 218 2 2 218 0.00917431192660551 1 0.00917431192660551
5418 9 2 2 9 0.222222222222222 1 0.222222222222222
5421 3 3 2 4 0.666666666666667 0.666666666666667 0.5
543 1 1 1 1 1 1 1
5430 74 20 17 77 0.22972972972973 0.85 0.220779220779221
5432 30 2 1 31 0.0333333333333333 0.5 0.032258064516129
5459 51 13 9 55 0.176470588235294 0.692307692307692 0.163636363636364
5466 77 2 1 78 0.012987012987013 0.5 0.0128205128205128
5483 67 2 1 68 0.0149253731343284 0.5 0.0147058823529412
5486 29 2 0 31 0 0 0
5491 3 1 0 4 0 0 0
55 3 1 1 3 0.333333333333333 1 0.333333333333333
5511 150 26 20 156 0.133333333333333 0.769230769230769 0.128205128205128
553 48 21 18 51 0.375 0.857142857142857 0.352941176470588
5537 26 3 2 27 0.0769230769230769 0.666666666666667 0.0740740740740741
5538 7 1 1 7 0.142857142857143 1 0.142857142857143
5539 117 56 25 148 0.213675213675214 0.446428571428571 0.168918918918919
5550 4 2 1 5 0.25 0.5 0.2
5560 8 2 2 8 0.25 1 0.25
5568 227 12 9 230 0.039647577092511 0.75 0.0391304347826087
557 6 2 1 7 0.166666666666667 0.5 0.142857142857143
558 25 1 1 25 0.04 1 0.04
5580 174 20 18 176 0.103448275862069 0.9 0.102272727272727
559 194 83 76 201 0.391752577319588 0.91566265060241 0.378109452736318
5602 33 7 6 34 0.181818181818182 0.857142857142857 0.176470588235294
5609 2 8 1 9 0.5 0.125 0.111111111111111
5615 21 1 1 21 0.0476190476190476 1 0.0476190476190476
5617 218 2 2 218 0.00917431192660551 1 0.00917431192660551
5645 20 7 5 22 0.25 0.714285714285714 0.227272727272727
5661 4 1 1 4 0.25 1 0.25
567 10 2 2 10 0.2 1 0.2
57 28 6 6 28 0.214285714285714 1 0.214285714285714
5707 3 1 1 3 0.333333333333333 1 0.333333333333333
5713 64 2 1 65 0.015625 0.5 0.0153846153846154
5726 13 1 1 13 0.0769230769230769 1 0.0769230769230769
5764 6 1 1 6 0.166666666666667 1 0.166666666666667
577 132 2 2 132 0.0151515151515152 1 0.0151515151515152
5786 2 1 1 2 0.5 1 0.5
59 6 3 3 6 0.5 1 0.5
600 25 1 1 25 0.04 1 0.04
6057 6 5 4 7 0.666666666666667 0.8 0.571428571428571
6062 10 2 0 12 0 0 0
6066 1 1 0 2 0 0 0
6083 27 13 10 30 0.37037037037037 0.769230769230769 0.333333333333333
6106 2 1 1 2 0.5 1 0.5
6122 11 1 1 11 0.0909090909090909 1 0.0909090909090909
6128 290 2 2 290 0.00689655172413793 1 0.00689655172413793
6147 1 7 0 8 0 0 0
6181 44 2 2 44 0.0454545454545455 1 0.0454545454545455
6182 1 1 1 1 1 1 1
6245 2 1 0 3 0 0 0
6262 1 1 1 1 1 1 1
6263 3 1 1 3 0.333333333333333 1 0.333333333333333
6315 7 1 1 7 0.142857142857143 1 0.142857142857143
6327 178 1 1 178 0.00561797752808989 1 0.00561797752808989
6337 5 1 0 6 0 0 0
6342 4 1 0 5 0 0 0
6360 8 3 3 8 0.375 1 0.375
6366 3 1 1 3 0.333333333333333 1 0.333333333333333
6435 3 6 2 7 0.666666666666667 0.333333333333333 0.285714285714286
6453 535 107 92 550 0.17196261682243 0.85981308411215 0.167272727272727
6456 16 2 2 16 0.125 1 0.125
65071 1 2 1 2 1 0.5 0.5
65075 1 1 0 2 0 0 0
6509 25 9 9 25 0.36 1 0.36
65104 1 1 1 1 1 1 1
6536 17 2 1 18 0.0588235294117647 0.5 0.0555555555555556
6619 25 7 5 27 0.2 0.714285714285714 0.185185185185185
6629 3 1 1 3 0.333333333333333 1 0.333333333333333
6648 51 5 5 51 0.0980392156862745 1 0.0980392156862745
6656 41 7 4 44 0.0975609756097561 0.571428571428571 0.0909090909090909
6661 72 1 1 72 0.0138888888888889 1 0.0138888888888889
6667 513 130 123 520 0.239766081871345 0.946153846153846 0.236538461538462
6677 58 3 2 59 0.0344827586206897 0.666666666666667 0.0338983050847458
668 31 7 2 36 0.0645161290322581 0.285714285714286 0.0555555555555556
6695 201 76 58 219 0.288557213930348 0.763157894736842 0.264840182648402
6702 18 1 1 18 0.0555555555555556 1 0.0555555555555556
6706 13 5 4 14 0.307692307692308 0.8 0.285714285714286
6724 42 19 15 46 0.357142857142857 0.789473684210526 0.326086956521739
6730 578 8 7 579 0.0121107266435986 0.875 0.0120898100172712
6734 14 4 3 15 0.214285714285714 0.75 0.2
6760 10 3 2 11 0.2 0.666666666666667 0.181818181818182
6762 193 61 52 202 0.269430051813472 0.852459016393443 0.257425742574257
6770 37 14 6 45 0.162162162162162 0.428571428571429 0.133333333333333
6772 15 5 5 15 0.333333333333333 1 0.333333333333333
6774 81 14 14 81 0.172839506172839 1 0.172839506172839
6775 4 3 2 5 0.5 0.666666666666667 0.4
680 67 19 17 69 0.253731343283582 0.894736842105263 0.246376811594203
6802 8 2 2 8 0.25 1 0.25
681 2 1 1 2 0.5 1 0.5
683 2 1 1 2 0.5 1 0.5
6830 372 31 23 380 0.0618279569892473 0.741935483870968 0.0605263157894737
6838 1 1 1 1 1 1 1
6881 89 29 27 91 0.303370786516854 0.931034482758621 0.296703296703297
6893 3 1 1 3 0.333333333333333 1 0.333333333333333
6895 5 1 1 5 0.2 1 0.2
6908 94 21 19 96 0.202127659574468 0.904761904761905 0.197916666666667
6911 3 1 1 3 0.333333333333333 1 0.333333333333333
6939 1166 556 378 1344 0.324185248713551 0.679856115107914 0.28125
6966 3 1 1 3 0.333333333333333 1 0.333333333333333
6968 3 1 1 3 0.333333333333333 1 0.333333333333333
701 2196 23 16 2203 0.00728597449908925 0.695652173913043 0.00726282342260554
7012 18 3 2 19 0.111111111111111 0.666666666666667 0.105263157894737
7018 2257 19 15 2261 0.00664599025254763 0.789473684210526 0.00663423264042459
7019 1 1 1 1 1 1 1
7055 3 1 1 3 0.333333333333333 1 0.333333333333333
7065 18 3 2 19 0.111111111111111 0.666666666666667 0.105263157894737
7066 18 3 3 18 0.166666666666667 1 0.166666666666667
7081 36 7 4 39 0.111111111111111 0.571428571428571 0.102564102564103
71 13 2 1 14 0.0769230769230769 0.5 0.0714285714285714
7106 9 1 0 10 0 0 0
714 11 2 1 12 0.0909090909090909 0.5 0.0833333333333333
719 19 2 2 19 0.105263157894737 1 0.105263157894737
7195 1 1 0 2 0 0 0
72 9 1 0 10 0 0 0
7377 4 1 1 4 0.25 1 0.25
7385 184 9 7 186 0.0380434782608696 0.777777777777778 0.0376344086021505
7412 1 1 0 2 0 0 0
7470 35 2 2 35 0.0571428571428571 1 0.0571428571428571
7473 144 22 16 150 0.111111111111111 0.727272727272727 0.106666666666667
7500 55 9 6 58 0.109090909090909 0.666666666666667 0.103448275862069
7503 4 3 1 6 0.25 0.333333333333333 0.166666666666667
7511 2 1 0 3 0 0 0
7514 20 3 3 20 0.15 1 0.15
7516 4 1 0 5 0 0 0
7521 5 2 1 6 0.2 0.5 0.166666666666667
7522 6 3 1 8 0.166666666666667 0.333333333333333 0.125
7527 6 1 1 6 0.166666666666667 1 0.166666666666667
7529 18 3 2 19 0.111111111111111 0.666666666666667 0.105263157894737
7530 3 2 1 4 0.333333333333333 0.5 0.25
7539 22 11 8 25 0.363636363636364 0.727272727272727 0.32
7543 15 2 1 16 0.0666666666666667 0.5 0.0625
7545 17 1 0 18 0 0 0
7575 241 23 23 241 0.0954356846473029 1 0.0954356846473029
7594 4 1 0 5 0 0 0
7599 1 1 0 2 0 0 0
760 4 2 2 4 0.5 1 0.5
7602 8 1 0 9 0 0 0
7606 50 5 4 51 0.08 0.8 0.0784313725490196
7610 22 2 0 24 0 0 0
7629 6 2 0 8 0 0 0
7657 10 1 1 10 0.1 1 0.1
766 18 5 5 18 0.277777777777778 1 0.277777777777778
7660 42 24 20 46 0.476190476190476 0.833333333333333 0.434782608695652
7665 1 1 1 1 1 1 1
7667 5 1 1 5 0.2 1 0.2
7668 11 1 1 11 0.0909090909090909 1 0.0909090909090909
7670 21 3 2 22 0.0952380952380952 0.666666666666667 0.0909090909090909
7671 3 1 1 3 0.333333333333333 1 0.333333333333333
7682 11 3 2 12 0.181818181818182 0.666666666666667 0.166666666666667
7687 4 1 1 4 0.25 1 0.25
7693 21 2 2 21 0.0952380952380952 1 0.0952380952380952
7718 16 2 2 16 0.125 1 0.125
7753 5 1 1 5 0.2 1 0.2
7781 7 8 4 11 0.571428571428571 0.5 0.363636363636364
7784 33 4 3 34 0.0909090909090909 0.75 0.0882352941176471
7786 9 2 1 10 0.111111111111111 0.5 0.1
7843 49 1 1 49 0.0204081632653061 1 0.0204081632653061
7847 2 1 1 2 0.5 1 0.5
786 63 12 9 66 0.142857142857143 0.75 0.136363636363636
7860 1 1 1 1 1 1 1
790 1 1 0 2 0 0 0
7908 39 2 1 40 0.0256410256410256 0.5 0.025
7922 77 10 9 78 0.116883116883117 0.9 0.115384615384615
7941 3 1 1 3 0.333333333333333 1 0.333333333333333
7949 12 2 0 14 0 0 0
8001 320 12 12 320 0.0375 1 0.0375
8002 53 5 3 55 0.0566037735849057 0.6 0.0545454545454545
8018 2 1 0 3 0 0 0
8025 6 1 0 7 0 0 0
8038 1 2 1 2 1 0.5 0.5
8047 26 5 5 26 0.192307692307692 1 0.192307692307692
8075 76 1 1 76 0.0131578947368421 1 0.0131578947368421
8092 12 6 6 12 0.5 1 0.5
81 29 2 1 30 0.0344827586206897 0.5 0.0333333333333333
8111 5 1 1 5 0.2 1 0.2
812 121 1 1 121 0.00826446280991736 1 0.00826446280991736
8121 54 9 5 58 0.0925925925925926 0.555555555555556 0.0862068965517241
8158 2 1 1 2 0.5 1 0.5
8190 63 1 1 63 0.0158730158730159 1 0.0158730158730159
8201 9 2 2 9 0.222222222222222 1 0.222222222222222
8218 259 26 24 261 0.0926640926640927 0.923076923076923 0.0919540229885057
8220 560 11 10 561 0.0178571428571429 0.909090909090909 0.017825311942959
8224 11 8 6 13 0.545454545454545 0.75 0.461538461538462
8226 6 3 0 9 0 0 0
8237 7 4 3 8 0.428571428571429 0.75 0.375
8240 2 1 0 3 0 0 0
8246 194 3 0 197 0 0 0
8251 11 4 4 11 0.363636363636364 1 0.363636363636364
8256 1 1 1 1 1 1 1
8262 40 1 1 40 0.025 1 0.025
8267 2 1 1 2 0.5 1 0.5
8282 9 1 1 9 0.111111111111111 1 0.111111111111111
8283 6 5 3 8 0.5 0.6 0.375
8299 13 1 0 14 0 0 0
8302 7 1 1 7 0.142857142857143 1 0.142857142857143
8308 48 1 1 48 0.0208333333333333 1 0.0208333333333333
8312 10 1 0 11 0 0 0
8319 89 16 14 91 0.157303370786517 0.875 0.153846153846154
8330 11 3 2 12 0.181818181818182 0.666666666666667 0.166666666666667
8346 6 2 2 6 0.333333333333333 1 0.333333333333333
8358 16 1 1 16 0.0625 1 0.0625
8359 648 37 26 659 0.0401234567901235 0.702702702702703 0.039453717754173
8364 9 1 1 9 0.111111111111111 1 0.111111111111111
8365 337 97 86 348 0.255192878338279 0.88659793814433 0.247126436781609
8368 36 9 8 37 0.222222222222222 0.888888888888889 0.216216216216216
8374 8 3 3 8 0.375 1 0.375
8386 5 1 0 6 0 0 0
8387 17 4 3 18 0.176470588235294 0.75 0.166666666666667
8391 23 15 7 31 0.304347826086957 0.466666666666667 0.225806451612903
8396 1 1 0 2 0 0 0
8412 20 3 3 20 0.15 1 0.15
8419 267 3 3 267 0.0112359550561798 1 0.0112359550561798
8422 100 18 13 105 0.13 0.722222222222222 0.123809523809524
8426 457 21 18 460 0.0393873085339169 0.857142857142857 0.0391304347826087
8442 26 17 11 32 0.423076923076923 0.647058823529412 0.34375
8447 574 87 74 587 0.128919860627178 0.850574712643678 0.126064735945486
8452 35 3 3 35 0.0857142857142857 1 0.0857142857142857
8455 2 5 1 6 0.5 0.2 0.166666666666667
8468 620 13 12 621 0.0193548387096774 0.923076923076923 0.0193236714975845
8469 33 17 14 36 0.424242424242424 0.823529411764706 0.388888888888889
8473 50 7 4 53 0.08 0.571428571428571 0.0754716981132075
8481 2 1 1 2 0.5 1 0.5
8492 905 2 2 905 0.00220994475138122 1 0.00220994475138122
8495 19 3 3 19 0.157894736842105 1 0.157894736842105
8501 36 12 12 36 0.333333333333333 1 0.333333333333333
8508 1 1 1 1 1 1 1
8517 19 2 1 20 0.0526315789473684 0.5 0.05
8518 5 1 1 5 0.2 1 0.2
852 161 2 2 161 0.0124223602484472 1 0.0124223602484472
8527 22 4 4 22 0.181818181818182 1 0.181818181818182
8529 7 1 1 7 0.142857142857143 1 0.142857142857143
8535 5 3 3 5 0.6 1 0.6
8545 4 6 1 9 0.25 0.166666666666667 0.111111111111111
855 31 1 1 31 0.032258064516129 1 0.032258064516129
8551 126 12 8 130 0.0634920634920635 0.666666666666667 0.0615384615384615
8560 80 28 24 84 0.3 0.857142857142857 0.285714285714286
8565 15 4 4 15 0.266666666666667 1 0.266666666666667
8567 2 1 1 2 0.5 1 0.5
8582 53 20 17 56 0.320754716981132 0.85 0.303571428571429
8586 63 7 5 65 0.0793650793650794 0.714285714285714 0.0769230769230769
8591 49 9 7 51 0.142857142857143 0.777777777777778 0.137254901960784
8596 92 8 8 92 0.0869565217391304 1 0.0869565217391304
8607 46 4 3 47 0.0652173913043478 0.75 0.0638297872340425
8648 30 17 6 41 0.2 0.352941176470588 0.146341463414634
8657 94 14 12 96 0.127659574468085 0.857142857142857 0.125
8664 9 3 2 10 0.222222222222222 0.666666666666667 0.2
8674 50 6 5 51 0.1 0.833333333333333 0.0980392156862745
8676 5 2 2 5 0.4 1 0.4
8677 9 1 1 9 0.111111111111111 1 0.111111111111111
8681 42 8 4 46 0.0952380952380952 0.5 0.0869565217391304
8683 35 1 1 35 0.0285714285714286 1 0.0285714285714286
8708 274 20 18 276 0.0656934306569343 0.9 0.0652173913043478
8717 109 15 11 113 0.100917431192661 0.733333333333333 0.0973451327433628
8728 2 1 1 2 0.5 1 0.5
8737 30 5 3 32 0.1 0.6 0.09375
8758 13 6 6 13 0.461538461538462 1 0.461538461538462
8763 162 54 52 164 0.320987654320988 0.962962962962963 0.317073170731707
8767 70 26 21 75 0.3 0.807692307692308 0.28
8771 9 1 0 10 0 0 0
8778 8 2 2 8 0.25 1 0.25
8781 65 8 7 66 0.107692307692308 0.875 0.106060606060606
8804 45 13 9 49 0.2 0.692307692307692 0.183673469387755
8816 14 1 1 14 0.0714285714285714 1 0.0714285714285714
8820 8 4 2 10 0.25 0.5 0.2
8833 9 1 1 9 0.111111111111111 1 0.111111111111111
8844 37 2 2 37 0.0540540540540541 1 0.0540540540540541
8866 136 2 2 136 0.0147058823529412 1 0.0147058823529412
8881 194 31 29 196 0.149484536082474 0.935483870967742 0.147959183673469
8895 8 2 2 8 0.25 1 0.25
8897 59 14 8 65 0.135593220338983 0.571428571428571 0.123076923076923
8903 14 3 1 16 0.0714285714285714 0.333333333333333 0.0625
8928 644 20 19 645 0.0295031055900621 0.95 0.0294573643410853
8943 19 5 5 19 0.263157894736842 1 0.263157894736842
8953 20 1 0 21 0 0 0
8954 39 14 10 43 0.256410256410256 0.714285714285714 0.232558139534884
8966 100 1 1 100 0.01 1 0.01
8970 2 1 1 2 0.5 1 0.5
8978 4 2 2 4 0.5 1 0.5
9 3 1 1 3 0.333333333333333 1 0.333333333333333
9002 1312 363 349 1326 0.266006097560976 0.961432506887052 0.263197586726999
9008 4 1 1 4 0.25 1 0.25
9009 148 3 2 149 0.0135135135135135 0.666666666666667 0.0134228187919463
9022 3 1 1 3 0.333333333333333 1 0.333333333333333
9026 14 6 5 15 0.357142857142857 0.833333333333333 0.333333333333333
9031 63 16 13 66 0.206349206349206 0.8125 0.196969696969697
9044 60 16 12 64 0.2 0.75 0.1875
9063 50 16 13 53 0.26 0.8125 0.245283018867925
9080 9 6 4 11 0.444444444444444 0.666666666666667 0.363636363636364
9085 9 1 1 9 0.111111111111111 1 0.111111111111111
9112 6 1 1 6 0.166666666666667 1 0.166666666666667
9121 276 1 1 276 0.0036231884057971 1 0.0036231884057971
9129 5 1 0 6 0 0 0
9145 80 14 10 84 0.125 0.714285714285714 0.119047619047619
9150 29 9 7 31 0.241379310344828 0.777777777777778 0.225806451612903
9153 42 7 7 42 0.166666666666667 1 0.166666666666667
9162 1 1 1 1 1 1 1
9167 21 1 1 21 0.0476190476190476 1 0.0476190476190476
9188 3 2 1 4 0.333333333333333 0.5 0.25
9191 53 6 5 54 0.0943396226415094 0.833333333333333 0.0925925925925926
9231 2 2 1 3 0.5 0.5 0.333333333333333
9264 31 17 7 41 0.225806451612903 0.411764705882353 0.170731707317073
9270 28 3 2 29 0.0714285714285714 0.666666666666667 0.0689655172413793
9293 23 1 1 23 0.0434782608695652 1 0.0434782608695652
9299 44 2 1 45 0.0227272727272727 0.5 0.0222222222222222
9304 273 8 7 274 0.0256410256410256 0.875 0.0255474452554745
9329 13 2 2 13 0.153846153846154 1 0.153846153846154
9340 3 4 1 6 0.333333333333333 0.25 0.166666666666667
9354 11 1 1 11 0.0909090909090909 1 0.0909090909090909
9367 3 1 1 3 0.333333333333333 1 0.333333333333333
9406 2 1 0 3 0 0 0
9431 2 2 2 2 1 1 1
9433 3 2 1 4 0.333333333333333 0.5 0.25
9445 1 1 1 1 1 1 1
9482 12 4 4 12 0.333333333333333 1 0.333333333333333
9497 34 6 6 34 0.176470588235294 1 0.176470588235294
9503 24 4 2 26 0.0833333333333333 0.5 0.0769230769230769
9505 111 7 6 112 0.0540540540540541 0.857142857142857 0.0535714285714286
9534 11 1 1 11 0.0909090909090909 1 0.0909090909090909
9541 6 1 0 7 0 0 0
9549 3 1 1 3 0.333333333333333 1 0.333333333333333
9555 2 1 0 3 0 0 0
9583 37 1 1 37 0.027027027027027 1 0.027027027027027
9584 8 2 1 9 0.125 0.5 0.111111111111111
9595 6 6 3 9 0.5 0.5 0.333333333333333
9600 5 3 3 5 0.6 1 0.6
9601 9 1 1 9 0.111111111111111 1 0.111111111111111
9607 6 4 0 10 0 0 0
9612 1 1 0 2 0 0 0
9619 2 2 2 2 1 1 1
9621 2 1 1 2 0.5 1 0.5
9622 7 5 2 10 0.285714285714286 0.4 0.2
9680 27 2 1 28 0.037037037037037 0.5 0.0357142857142857
9700 7 3 2 8 0.285714285714286 0.666666666666667 0.25
9732 2 2 1 3 0.5 0.5 0.333333333333333
9738 8 1 0 9 0 0 0
9794 4 1 1 4 0.25 1 0.25
9800 15 2 0 17 0 0 0
9821 5 4 4 5 0.8 1 0.8
9829 17 2 2 17 0.117647058823529 1 0.117647058823529
9892 3 1 1 3 0.333333333333333 1 0.333333333333333
9896 2 1 1 2 0.5 1 0.5
9901 23 6 3 26 0.130434782608696 0.5 0.115384615384615
9911 21 1 1 21 0.0476190476190476 1 0.0476190476190476
9919 15 1 0 16 0 0 0
9924 41 1 0 42 0 0 0
9930 15 3 3 15 0.2 1 0.2
9999 2 1 0 3 0 0 0
