#ASN num_v4adj num_v6adj num_intersect(v4v6adj) num_union(adj) fr_v4(num_intersect/num_v4adj) fr_v6(num_intersect/num_v6adj) fr_intersect(num_intersect/num_union)
10013 2 6 1 7 0.5 0.166666666666667 0.142857142857143
10015 11 1 0 12 0 0 0
101 36 9 8 37 0.222222222222222 0.888888888888889 0.216216216216216
10148 1 2 1 2 1 0.5 0.5
102 3 1 1 3 0.333333333333333 1 0.333333333333333
10204 6 4 2 8 0.333333333333333 0.5 0.25
10217 25 1 1 25 0.04 1 0.04
10318 4 1 0 5 0 0 0
10343 2 1 1 2 0.5 1 0.5
10405 2 1 0 3 0 0 0
10429 73 1 1 73 0.0136986301369863 1 0.0136986301369863
10466 31 2 2 31 0.0645161290322581 1 0.0645161290322581
10490 33 3 3 33 0.0909090909090909 1 0.0909090909090909
10533 1 2 1 2 1 0.5 0.5
10569 1 1 1 1 1 1 1
10578 25 3 3 25 0.12 1 0.12
10745 2 7 0 9 0 0 0
10778 5 1 1 5 0.2 1 0.2
10886 40 18 8 50 0.2 0.444444444444444 0.16
109 15 5 0 20 0 0 0
1101 1 1 1 1 1 1 1
1103 189 55 53 191 0.28042328042328 0.963636363636364 0.277486910994764
111 2 2 1 3 0.5 0.5 0.333333333333333
11170 2 2 0 4 0 0 0
1120 14 1 1 14 0.0714285714285714 1 0.0714285714285714
1126 46 10 7 49 0.152173913043478 0.7 0.142857142857143
11274 11 3 3 11 0.272727272727273 1 0.272727272727273
11317 6 4 4 6 0.666666666666667 1 0.666666666666667
11340 5 1 1 5 0.2 1 0.2
1140 33 7 4 36 0.121212121212121 0.571428571428571 0.111111111111111
11404 28 1 1 28 0.0357142857142857 1 0.0357142857142857
11537 116 50 38 128 0.327586206896552 0.76 0.296875
11656 1 1 0 2 0 0 0
11666 6 3 0 9 0 0 0
11694 2 1 1 2 0.5 1 0.5
11734 3 1 0 4 0 0 0
11815 3 1 0 4 0 0 0
11960 5 2 2 5 0.4 1 0.4
11990 3 1 0 4 0 0 0
1200 53 14 9 58 0.169811320754717 0.642857142857143 0.155172413793103
12008 35 1 1 35 0.0285714285714286 1 0.0285714285714286
12041 11 5 4 12 0.363636363636364 0.8 0.333333333333333
12046 2 1 1 2 0.5 1 0.5
12111 26 3 2 27 0.0769230769230769 0.666666666666667 0.0740740740740741
1213 8 3 3 8 0.375 1 0.375
1221 110 2 0 112 0 0 0
12287 2 1 1 2 0.5 1 0.5
12301 61 1 1 61 0.0163934426229508 1 0.0163934426229508
12312 59 14 11 62 0.186440677966102 0.785714285714286 0.17741935483871
12322 76 3 3 76 0.0394736842105263 1 0.0394736842105263
12337 48 52 21 79 0.4375 0.403846153846154 0.265822784810127
12353 5 3 1 7 0.2 0.333333333333333 0.142857142857143
12355 35 11 8 38 0.228571428571429 0.727272727272727 0.210526315789474
1237 36 4 2 38 0.0555555555555556 0.5 0.0526315789473684
12371 2 1 0 3 0 0 0
12386 14 2 2 14 0.142857142857143 1 0.142857142857143
1239 1696 3 1 1698 0.000589622641509434 0.333333333333333 0.000588928150765607
12399 280 1 1 280 0.00357142857142857 1 0.00357142857142857
12401 11 3 2 12 0.181818181818182 0.666666666666667 0.166666666666667
12414 43 13 10 46 0.232558139534884 0.769230769230769 0.217391304347826
12502 3 1 1 3 0.333333333333333 1 0.333333333333333
12533 2 1 0 3 0 0 0
12566 18 2 2 18 0.111111111111111 1 0.111111111111111
1257 153 4 2 155 0.0130718954248366 0.5 0.0129032258064516
12573 41 6 6 41 0.146341463414634 1 0.146341463414634
12600 18 1 0 19 0 0 0
12611 46 17 10 53 0.217391304347826 0.588235294117647 0.188679245283019
12634 44 16 12 48 0.272727272727273 0.75 0.25
12637 61 16 14 63 0.229508196721311 0.875 0.222222222222222
12638 3 3 0 6 0 0 0
12654 61 17 11 67 0.180327868852459 0.647058823529412 0.164179104477612
12657 3 1 1 3 0.333333333333333 1 0.333333333333333
12709 2 1 0 3 0 0 0
1273 298 74 41 331 0.13758389261745 0.554054054054054 0.123867069486405
12731 90 17 12 95 0.133333333333333 0.705882352941177 0.126315789473684
12732 21 4 2 23 0.0952380952380952 0.5 0.0869565217391304
12741 112 1 0 113 0 0 0
12757 5 1 1 5 0.2 1 0.2
12767 10 1 0 11 0 0 0
12769 4 1 1 4 0.25 1 0.25
12779 71 20 11 80 0.154929577464789 0.55 0.1375
1280 94 29 17 106 0.180851063829787 0.586206896551724 0.160377358490566
12816 1 2 1 2 1 0.5 0.5
12817 2 2 2 2 1 1 1
12853 1 4 1 4 1 0.25 0.25
12859 466 104 96 474 0.206008583690987 0.923076923076923 0.20253164556962
12871 42 13 7 48 0.166666666666667 0.538461538461538 0.145833333333333
12874 145 2 2 145 0.0137931034482759 1 0.0137931034482759
12895 10 1 1 10 0.1 1 0.1
12902 48 11 9 50 0.1875 0.818181818181818 0.18
12931 4 3 2 5 0.5 0.666666666666667 0.4
12956 127 8 7 128 0.0551181102362205 0.875 0.0546875
12968 115 1 1 115 0.00869565217391304 1 0.00869565217391304
12989 480 10 10 480 0.0208333333333333 1 0.0208333333333333
1299 525 35 33 527 0.0628571428571429 0.942857142857143 0.0626185958254269
13030 153 5 5 153 0.0326797385620915 1 0.0326797385620915
13039 5 1 1 5 0.2 1 0.2
13041 7 1 1 7 0.142857142857143 1 0.142857142857143
13092 4 2 2 4 0.5 1 0.5
13105 12 5 2 15 0.166666666666667 0.4 0.133333333333333
131075 2 3 2 3 1 0.666666666666667 0.666666666666667
131079 1 1 1 1 1 1 1
13110 6 1 1 6 0.166666666666667 1 0.166666666666667
13115 4 1 1 4 0.25 1 0.25
1312 2 1 1 2 0.5 1 0.5
13189 30 5 5 30 0.166666666666667 1 0.166666666666667
13193 54 11 9 56 0.166666666666667 0.818181818181818 0.160714285714286
13237 508 71 60 519 0.118110236220472 0.845070422535211 0.115606936416185
13272 1 1 1 1 1 1 1
13284 10 5 3 12 0.3 0.6 0.25
13293 23 3 3 23 0.130434782608696 1 0.130434782608696
13301 32 2 1 33 0.03125 0.5 0.0303030303030303
13319 4 2 0 6 0 0 0
13332 6 1 1 6 0.166666666666667 1 0.166666666666667
13448 4 1 1 4 0.25 1 0.25
13645 172 12 6 178 0.0348837209302326 0.5 0.0337078651685393
13657 6 2 0 8 0 0 0
13680 33 4 4 33 0.121212121212121 1 0.121212121212121
137 19 3 3 19 0.157894736842105 1 0.157894736842105
13714 2 1 1 2 0.5 1 0.5
13810 2 2 1 3 0.5 0.5 0.333333333333333
13855 6 1 0 7 0 0 0
13867 4 1 0 5 0 0 0
13901 1 1 1 1 1 1 1
13911 4 1 0 5 0 0 0
14037 1 1 1 1 1 1 1
14085 5 2 2 5 0.4 1 0.4
14259 22 2 1 23 0.0454545454545455 0.5 0.0434782608695652
14262 4 2 2 4 0.5 1 0.5
14277 7 9 2 14 0.285714285714286 0.222222222222222 0.142857142857143
14589 21 2 1 22 0.0476190476190476 0.5 0.0454545454545455
14595 3 1 0 4 0 0 0
14868 4 1 1 4 0.25 1 0.25
14907 3 1 1 3 0.333333333333333 1 0.333333333333333
15169 119 14 10 123 0.0840336134453782 0.714285714285714 0.0813008130081301
15226 3 2 0 5 0 0 0
15373 2 1 1 2 0.5 1 0.5
15412 303 8 7 304 0.0231023102310231 0.875 0.0230263157894737
15440 5 1 1 5 0.2 1 0.2
15444 265 17 9 273 0.0339622641509434 0.529411764705882 0.032967032967033
15456 1 1 0 2 0 0 0
15469 1 1 0 2 0 0 0
15480 1 1 1 1 1 1 1
15589 35 13 4 44 0.114285714285714 0.307692307692308 0.0909090909090909
15598 66 20 16 70 0.242424242424242 0.8 0.228571428571429
15623 30 2 1 31 0.0333333333333333 0.5 0.032258064516129
15685 25 5 5 25 0.2 1 0.2
15694 57 1 1 57 0.0175438596491228 1 0.0175438596491228
15725 2 2 2 2 1 1 1
15744 11 1 1 11 0.0909090909090909 1 0.0909090909090909
15782 14 2 1 15 0.0714285714285714 0.5 0.0666666666666667
15798 2 1 0 3 0 0 0
15919 8 1 1 8 0.125 1 0.125
16004 13 5 4 14 0.307692307692308 0.8 0.285714285714286
16030 67 14 11 70 0.164179104477612 0.785714285714286 0.157142857142857
16034 33 10 5 38 0.151515151515152 0.5 0.131578947368421
16086 35 17 8 44 0.228571428571429 0.470588235294118 0.181818181818182
16117 3 1 1 3 0.333333333333333 1 0.333333333333333
16128 17 3 2 18 0.117647058823529 0.666666666666667 0.111111111111111
16131 43 16 9 50 0.209302325581395 0.5625 0.18
16150 219 5 5 219 0.0228310502283105 1 0.0228310502283105
16186 41 6 1 46 0.024390243902439 0.166666666666667 0.0217391304347826
16206 15 1 0 16 0 0 0
16210 4 3 3 4 0.75 1 0.75
16215 12 3 3 12 0.25 1 0.25
16237 37 4 2 39 0.0540540540540541 0.5 0.0512820512820513
16245 25 1 1 25 0.04 1 0.04
16265 108 1 1 108 0.00925925925925926 1 0.00925925925925926
16276 67 2 2 67 0.0298507462686567 1 0.0298507462686567
16316 5 3 1 7 0.2 0.333333333333333 0.142857142857143
16397 10 1 0 11 0 0 0
1653 28 4 3 29 0.107142857142857 0.75 0.103448275862069
16531 8 1 0 9 0 0 0
1654 1 1 0 2 0 0 0
1659 11 3 2 12 0.181818181818182 0.666666666666667 0.166666666666667
16668 6 3 2 7 0.333333333333333 0.666666666666667 0.285714285714286
16713 28 1 1 28 0.0357142857142857 1 0.0357142857142857
16807 4 2 0 6 0 0 0
16838 11 1 0 12 0 0 0
16942 2 1 1 2 0.5 1 0.5
16993 3 1 0 4 0 0 0
1706 4 1 0 5 0 0 0
17061 2 1 0 3 0 0 0
17197 1 2 0 3 0 0 0
17263 7 1 0 8 0 0 0
1741 12 3 2 13 0.166666666666667 0.666666666666667 0.153846153846154
17435 3 2 0 5 0 0 0
17511 11 2 0 13 0 0 0
17529 6 1 1 6 0.166666666666667 1 0.166666666666667
17554 8 3 3 8 0.375 1 0.375
17579 12 8 6 14 0.5 0.75 0.428571428571429
1764 31 7 5 33 0.161290322580645 0.714285714285714 0.151515151515152
17676 33 6 2 37 0.0606060606060606 0.333333333333333 0.0540540540540541
17709 11 1 0 12 0 0 0
17716 3 1 1 3 0.333333333333333 1 0.333333333333333
17832 1 1 0 2 0 0 0
17884 3 1 0 4 0 0 0
17934 2 3 2 3 1 0.666666666666667 0.666666666666667
17955 2 1 1 2 0.5 1 0.5
1797 2 3 2 3 1 0.666666666666667 0.666666666666667
1798 3 3 0 6 0 0 0
18011 1 1 0 2 0 0 0
18119 3 1 0 4 0 0 0
18126 3 1 0 4 0 0 0
18146 1 3 0 4 0 0 0
18182 3 1 0 4 0 0 0
18185 5 2 2 5 0.4 1 0.4
18203 3 3 1 5 0.333333333333333 0.333333333333333 0.2
18206 3 2 0 5 0 0 0
18266 3 1 1 3 0.333333333333333 1 0.333333333333333
18344 1 3 0 4 0 0 0
1835 7 2 2 7 0.285714285714286 1 0.285714285714286
1836 59 8 7 60 0.11864406779661 0.875 0.116666666666667
18366 2 3 1 4 0.5 0.333333333333333 0.25
18422 5 1 1 5 0.2 1 0.2
18508 1 2 0 3 0 0 0
1853 104 19 18 105 0.173076923076923 0.947368421052632 0.171428571428571
18592 22 7 7 22 0.318181818181818 1 0.318181818181818
18666 2 2 0 4 0 0 0
18750 2 1 1 2 0.5 1 0.5
18779 2 1 1 2 0.5 1 0.5
1879 1 2 1 2 1 0.5 0.5
1880 14 4 2 16 0.142857142857143 0.5 0.125
1881 2 1 1 2 0.5 1 0.5
1887 7 1 1 7 0.142857142857143 1 0.142857142857143
18922 25 2 1 26 0.04 0.5 0.0384615384615385
1901 44 2 2 44 0.0454545454545455 1 0.0454545454545455
19021 1 1 0 2 0 0 0
19151 659 18 16 661 0.0242792109256449 0.888888888888889 0.0242057488653555
1916 82 8 6 84 0.0731707317073171 0.75 0.0714285714285714
19166 22 1 1 22 0.0454545454545455 1 0.0454545454545455
19192 2 1 1 2 0.5 1 0.5
19255 5 6 4 7 0.8 0.666666666666667 0.571428571428571
1930 23 5 4 24 0.173913043478261 0.8 0.166666666666667
19318 47 3 2 48 0.0425531914893617 0.666666666666667 0.0416666666666667
19401 41 11 11 41 0.268292682926829 1 0.268292682926829
195 8 3 1 10 0.125 0.333333333333333 0.1
1955 12 3 3 12 0.25 1 0.25
19782 17 2 2 17 0.117647058823529 1 0.117647058823529
19783 2 1 0 3 0 0 0
20021 5 1 0 6 0 0 0
20080 21 5 5 21 0.238095238095238 1 0.238095238095238
20144 15 2 2 15 0.133333333333333 1 0.133333333333333
2018 2 1 1 2 0.5 1 0.5
20312 6 2 1 7 0.166666666666667 0.5 0.142857142857143
2042 18 3 2 19 0.111111111111111 0.666666666666667 0.105263157894737
20436 2 1 0 3 0 0 0
20473 22 1 0 23 0 0 0
20495 58 10 8 60 0.137931034482759 0.8 0.133333333333333
20569 12 2 2 12 0.166666666666667 1 0.166666666666667
20597 3 1 1 3 0.333333333333333 1 0.333333333333333
20621 2 1 1 2 0.5 1 0.5
20633 27 10 4 33 0.148148148148148 0.4 0.121212121212121
20640 199 67 51 215 0.256281407035176 0.761194029850746 0.237209302325581
20650 5 1 1 5 0.2 1 0.2
20704 19 3 3 19 0.157894736842105 1 0.157894736842105
20707 2 1 1 2 0.5 1 0.5
20712 9 1 0 10 0 0 0
20718 33 10 1 42 0.0303030303030303 0.1 0.0238095238095238
20745 1 3 0 4 0 0 0
20766 20 1 1 20 0.05 1 0.05
20847 39 14 8 45 0.205128205128205 0.571428571428571 0.177777777777778
209 1344 5 4 1345 0.00297619047619048 0.8 0.00297397769516729
20912 6 5 1 10 0.166666666666667 0.2 0.1
20932 331 15 12 334 0.0362537764350453 0.8 0.0359281437125748
20965 49 41 41 49 0.836734693877551 1 0.836734693877551
210 9 1 1 9 0.111111111111111 1 0.111111111111111
21011 21 1 1 21 0.0476190476190476 1 0.0476190476190476
21055 43 3 1 45 0.0232558139534884 0.333333333333333 0.0222222222222222
2107 1 1 1 1 1 1 1
2108 1 1 1 1 1 1 1
2110 57 2 1 58 0.0175438596491228 0.5 0.0172413793103448
21155 53 11 8 56 0.150943396226415 0.727272727272727 0.142857142857143
2116 33 1 1 33 0.0303030303030303 1 0.0303030303030303
21221 34 10 7 37 0.205882352941176 0.7 0.189189189189189
2128 3 2 2 3 0.666666666666667 1 0.666666666666667
21280 7 2 1 8 0.142857142857143 0.5 0.125
21320 6 1 1 6 0.166666666666667 1 0.166666666666667
21385 80 18 15 83 0.1875 0.833333333333333 0.180722891566265
2152 90 2 1 91 0.0111111111111111 0.5 0.010989010989011
21527 4 1 1 4 0.25 1 0.25
2153 40 10 10 40 0.25 1 0.25
21548 15 1 1 15 0.0666666666666667 1 0.0666666666666667
21737 6 1 0 7 0 0 0
21844 11 2 2 11 0.181818181818182 1 0.181818181818182
21864 6 1 1 6 0.166666666666667 1 0.166666666666667
21947 26 3 3 26 0.115384615384615 1 0.115384615384615
21976 17 1 1 17 0.0588235294117647 1 0.0588235294117647
2200 63 4 4 63 0.0634920634920635 1 0.0634920634920635
22166 2 1 0 3 0 0 0
22388 9 7 7 9 0.777777777777778 1 0.777777777777778
224 5 1 1 5 0.2 1 0.2
225 2 1 1 2 0.5 1 0.5
22548 34 2 1 35 0.0294117647058824 0.5 0.0285714285714286
226 27 1 1 27 0.037037037037037 1 0.037037037037037
22767 1 1 1 1 1 1 1
22779 1 2 1 2 1 0.5 0.5
23007 2 1 1 2 0.5 1 0.5
23028 6 3 0 9 0 0 0
23148 210 2 2 210 0.00952380952380952 1 0.00952380952380952
23342 47 1 1 47 0.0212765957446809 1 0.0212765957446809
23352 81 3 3 81 0.037037037037037 1 0.037037037037037
23393 76 2 1 77 0.0131578947368421 0.5 0.012987012987013
23456 8 4 2 10 0.25 0.5 0.2
23504 27 7 4 30 0.148148148148148 0.571428571428571 0.133333333333333
23541 6 1 0 7 0 0 0
23596 2 1 1 2 0.5 1 0.5
23600 3 1 1 3 0.333333333333333 1 0.333333333333333
23624 2 1 1 2 0.5 1 0.5
23634 6 4 4 6 0.666666666666667 1 0.666666666666667
23654 2 1 1 2 0.5 1 0.5
237 30 1 1 30 0.0333333333333333 1 0.0333333333333333
23754 1 2 0 3 0 0 0
23774 3 2 1 4 0.333333333333333 0.5 0.25
23787 2 1 1 2 0.5 1 0.5
2381 25 4 3 26 0.12 0.75 0.115384615384615
23836 1 1 1 1 1 1 1
23855 10 1 1 10 0.1 1 0.1
23869 2 1 0 3 0 0 0
23902 1 1 0 2 0 0 0
23910 3 4 2 5 0.666666666666667 0.5 0.4
23911 6 14 5 15 0.833333333333333 0.357142857142857 0.333333333333333
23912 1 1 0 2 0 0 0
23966 5 1 0 6 0 0 0
24 11 9 7 13 0.636363636363636 0.777777777777778 0.538461538461538
24005 3 1 0 4 0 0 0
24211 1 1 1 1 1 1 1
24218 29 1 1 29 0.0344827586206897 1 0.0344827586206897
24226 3 3 0 6 0 0 0
24229 3 1 1 3 0.333333333333333 1 0.333333333333333
24287 4 3 3 4 0.75 1 0.75
24311 1 1 0 2 0 0 0
24326 11 1 1 11 0.0909090909090909 1 0.0909090909090909
24334 2 1 1 2 0.5 1 0.5
24390 2 1 1 2 0.5 1 0.5
24433 2 1 1 2 0.5 1 0.5
24475 3 3 3 3 1 1 1
24489 8 5 5 8 0.625 1 0.625
24490 9 8 8 9 0.888888888888889 1 0.888888888888889
24514 4 2 2 4 0.5 1 0.5
24541 2 4 1 5 0.5 0.25 0.2
24557 2 1 1 2 0.5 1 0.5
24586 31 6 4 33 0.129032258064516 0.666666666666667 0.121212121212121
24724 107 16 11 112 0.102803738317757 0.6875 0.0982142857142857
24776 8 2 1 9 0.125 0.5 0.111111111111111
24785 76 3 3 76 0.0394736842105263 1 0.0394736842105263
24835 11 1 1 11 0.0909090909090909 1 0.0909090909090909
24867 23 1 1 23 0.0434782608695652 1 0.0434782608695652
24875 223 49 44 228 0.197309417040359 0.897959183673469 0.192982456140351
24900 1 1 1 1 1 1 1
24940 27 9 6 30 0.222222222222222 0.666666666666667 0.2
2495 10 1 1 10 0.1 1 0.1
2497 230 60 41 249 0.178260869565217 0.683333333333333 0.164658634538153
24971 24 3 3 24 0.125 1 0.125
24973 5 1 0 6 0 0 0
25 2 1 1 2 0.5 1 0.5
250 6 2 0 8 0 0 0
2500 29 41 11 59 0.379310344827586 0.268292682926829 0.186440677966102
2506 2 1 1 2 0.5 1 0.5
25061 40 1 0 41 0 0 0
2510 20 6 3 23 0.15 0.5 0.130434782608696
25137 7 2 2 7 0.285714285714286 1 0.285714285714286
2514 15 4 3 16 0.2 0.75 0.1875
25148 8 1 1 8 0.125 1 0.125
2515 5 1 0 6 0 0 0
25152 70 7 7 70 0.1 1 0.1
2516 305 52 36 321 0.118032786885246 0.692307692307692 0.11214953271028
2518 11 3 3 11 0.272727272727273 1 0.272727272727273
2519 28 3 1 30 0.0357142857142857 0.333333333333333 0.0333333333333333
25192 22 8 5 25 0.227272727272727 0.625 0.2
25220 15 2 2 15 0.133333333333333 1 0.133333333333333
25232 224 8 8 224 0.0357142857142857 1 0.0357142857142857
2527 11 6 3 14 0.272727272727273 0.5 0.214285714285714
25358 14 10 2 22 0.142857142857143 0.2 0.0909090909090909
25384 9 1 0 10 0 0 0
25441 12 1 1 12 0.0833333333333333 1 0.0833333333333333
25466 8 2 2 8 0.25 1 0.25
25473 4 1 1 4 0.25 1 0.25
2549 2 2 1 3 0.5 0.5 0.333333333333333
25525 51 4 4 51 0.0784313725490196 1 0.0784313725490196
25538 2 1 0 3 0 0 0
25560 68 20 16 72 0.235294117647059 0.8 0.222222222222222
25563 3 1 1 3 0.333333333333333 1 0.333333333333333
25588 26 3 2 27 0.0769230769230769 0.666666666666667 0.0740740740740741
25596 43 6 5 44 0.116279069767442 0.833333333333333 0.113636363636364
25689 8 2 1 9 0.125 0.5 0.111111111111111
2572 7 1 1 7 0.142857142857143 1 0.142857142857143
25795 1 2 0 3 0 0 0
25818 7 1 0 8 0 0 0
25829 2 1 1 2 0.5 1 0.5
2586 9 1 1 9 0.111111111111111 1 0.111111111111111
25933 5 2 0 7 0 0 0
2594 4 1 0 5 0 0 0
2595 1 1 0 2 0 0 0
2602 2 1 1 2 0.5 1 0.5
2603 105 23 20 108 0.19047619047619 0.869565217391304 0.185185185185185
2607 28 6 6 28 0.214285714285714 1 0.214285714285714
2609 3 1 0 4 0 0 0
2611 54 9 8 55 0.148148148148148 0.888888888888889 0.145454545454545
2614 12 1 1 12 0.0833333333333333 1 0.0833333333333333
2637 4 1 1 4 0.25 1 0.25
26415 37 8 1 44 0.027027027027027 0.125 0.0227272727272727
26943 207 17 13 211 0.0628019323671498 0.764705882352941 0.0616113744075829
2697 6 1 1 6 0.166666666666667 1 0.166666666666667
26978 12 2 0 14 0 0 0
2698 7 2 2 7 0.285714285714286 1 0.285714285714286
27 2 1 1 2 0.5 1 0.5
2714 1 1 1 1 1 1 1
27319 26 5 5 26 0.192307692307692 1 0.192307692307692
27325 12 2 2 12 0.166666666666667 1 0.166666666666667
27446 6 1 0 7 0 0 0
27464 1 1 0 2 0 0 0
27524 55 2 1 56 0.0181818181818182 0.5 0.0178571428571429
27552 7 1 1 7 0.142857142857143 1 0.142857142857143
27576 2 1 0 3 0 0 0
27630 3 1 1 3 0.333333333333333 1 0.333333333333333
27664 37 1 1 37 0.027027027027027 1 0.027027027027027
27686 2 1 1 2 0.5 1 0.5
27750 22 18 16 24 0.727272727272727 0.888888888888889 0.666666666666667
27789 2 1 0 3 0 0 0
278 6 7 1 12 0.166666666666667 0.142857142857143 0.0833333333333333
27807 11 9 9 11 0.818181818181818 1 0.818181818181818
27841 3 1 1 3 0.333333333333333 1 0.333333333333333
27891 1 1 1 1 1 1 1
27892 2 1 1 2 0.5 1 0.5
27924 2 1 1 2 0.5 1 0.5
27929 3 2 2 3 0.666666666666667 1 0.666666666666667
27933 3 1 1 3 0.333333333333333 1 0.333333333333333
2819 27 2 0 29 0 0 0
2847 3 2 2 3 0.666666666666667 1 0.666666666666667
28472 1 1 1 1 1 1 1
2848 9 1 1 9 0.111111111111111 1 0.111111111111111
2852 59 5 4 60 0.0677966101694915 0.8 0.0666666666666667
2857 163 22 19 166 0.116564417177914 0.863636363636364 0.114457831325301
286 338 78 42 374 0.124260355029586 0.538461538461538 0.112299465240642
28678 2 1 1 2 0.5 1 0.5
28697 10 2 2 10 0.2 1 0.2
28716 60 1 1 60 0.0166666666666667 1 0.0166666666666667
28725 6 1 0 7 0 0 0
28788 50 7 6 51 0.12 0.857142857142857 0.117647058823529
28792 9 1 1 9 0.111111111111111 1 0.111111111111111
28824 2 1 0 3 0 0 0
2884 4 2 2 4 0.5 1 0.5
28855 13 3 3 13 0.230769230769231 1 0.230769230769231
28857 7 3 2 8 0.285714285714286 0.666666666666667 0.25
28878 39 5 3 41 0.0769230769230769 0.6 0.0731707317073171
2895 50 3 3 50 0.06 1 0.06
2905 27 2 0 29 0 0 0
29066 38 7 4 41 0.105263157894737 0.571428571428571 0.0975609756097561
2907 76 5 4 77 0.0526315789473684 0.8 0.051948051948052
29113 37 1 1 37 0.027027027027027 1 0.027027027027027
29134 6 1 0 7 0 0 0
2914 622 164 96 690 0.154340836012862 0.585365853658537 0.139130434782609
29147 1 1 1 1 1 1 1
2915 7 5 0 12 0 0 0
29208 249 22 19 252 0.0763052208835341 0.863636363636364 0.0753968253968254
29216 1 1 1 1 1 1 1
29222 45 3 3 45 0.0666666666666667 1 0.0666666666666667
29243 2 2 1 3 0.5 0.5 0.333333333333333
29259 3 2 2 3 0.666666666666667 1 0.666666666666667
293 137 18 14 141 0.102189781021898 0.777777777777778 0.099290780141844
29317 2 2 2 2 1 1 1
29372 2 1 0 3 0 0 0
29402 9 1 0 10 0 0 0
29405 4 2 1 5 0.25 0.5 0.2
29422 26 2 1 27 0.0384615384615385 0.5 0.037037037037037
29449 38 13 6 45 0.157894736842105 0.461538461538462 0.133333333333333
29452 4 1 1 4 0.25 1 0.25
29488 3 1 1 3 0.333333333333333 1 0.333333333333333
29527 39 6 4 41 0.102564102564103 0.666666666666667 0.0975609756097561
29632 48 10 2 56 0.0416666666666667 0.2 0.0357142857142857
29636 186 23 20 189 0.10752688172043 0.869565217391304 0.105820105820106
29651 15 2 1 16 0.0666666666666667 0.5 0.0625
29668 32 1 1 32 0.03125 1 0.03125
29670 10 3 2 11 0.2 0.666666666666667 0.181818181818182
29671 3 1 1 3 0.333333333333333 1 0.333333333333333
29686 305 83 77 311 0.252459016393443 0.927710843373494 0.247588424437299
29748 26 7 4 29 0.153846153846154 0.571428571428571 0.137931034482759
29791 64 3 1 66 0.015625 0.333333333333333 0.0151515151515152
29838 25 1 0 26 0 0 0
29877 8 3 1 10 0.125 0.333333333333333 0.1
3 5 1 0 6 0 0 0
30008 5 1 1 5 0.2 1 0.2
30058 9 1 1 9 0.111111111111111 1 0.111111111111111
30071 10 103 8 105 0.8 0.0776699029126214 0.0761904761904762
30126 66 2 2 66 0.0303030303030303 1 0.0303030303030303
30128 3 4 1 6 0.333333333333333 0.25 0.166666666666667
30132 174 30 30 174 0.172413793103448 1 0.172413793103448
30217 6 1 1 6 0.166666666666667 1 0.166666666666667
30313 2 1 1 2 0.5 1 0.5
30340 14 1 1 14 0.0714285714285714 1 0.0714285714285714
30374 2 1 0 3 0 0 0
30528 3 1 1 3 0.333333333333333 1 0.333333333333333
30653 19 6 3 22 0.157894736842105 0.5 0.136363636363636
30781 39 6 6 39 0.153846153846154 1 0.153846153846154
30795 3 3 2 4 0.666666666666667 0.666666666666667 0.5
30834 8 2 2 8 0.25 1 0.25
30880 11 1 1 11 0.0909090909090909 1 0.0909090909090909
30889 20 1 0 21 0 0 0
31065 3 2 0 5 0 0 0
31117 14 4 3 15 0.214285714285714 0.75 0.2
31127 3 2 2 3 0.666666666666667 1 0.666666666666667
31265 1 1 1 1 1 1 1
31283 140 1 1 140 0.00714285714285714 1 0.00714285714285714
31333 11 3 3 11 0.272727272727273 1 0.272727272727273
3134 2 1 1 2 0.5 1 0.5
31383 31 10 6 35 0.193548387096774 0.6 0.171428571428571
3140 1 1 1 1 1 1 1
31424 12 1 1 12 0.0833333333333333 1 0.0833333333333333
31445 50 10 7 53 0.14 0.7 0.132075471698113
31458 48 1 1 48 0.0208333333333333 1 0.0208333333333333
31477 166 1 1 166 0.00602409638554217 1 0.00602409638554217
31479 5 1 1 5 0.2 1 0.2
31529 46 2 1 47 0.0217391304347826 0.5 0.0212765957446809
31530 9 7 3 13 0.333333333333333 0.428571428571429 0.230769230769231
31708 19 4 4 19 0.210526315789474 1 0.210526315789474
32034 5 4 3 6 0.6 0.75 0.5
3212 54 1 1 54 0.0185185185185185 1 0.0185185185185185
3213 186 8 8 186 0.043010752688172 1 0.043010752688172
3221 2 1 1 2 0.5 1 0.5
3224 1 1 1 1 1 1 1
32361 7 2 2 7 0.285714285714286 1 0.285714285714286
3243 14 3 2 15 0.142857142857143 0.666666666666667 0.133333333333333
3248 61 18 12 67 0.19672131147541 0.666666666666667 0.17910447761194
3249 51 9 6 54 0.117647058823529 0.666666666666667 0.111111111111111
3257 445 182 92 535 0.206741573033708 0.505494505494505 0.17196261682243
3265 43 15 8 50 0.186046511627907 0.533333333333333 0.16
3267 207 9 9 207 0.0434782608695652 1 0.0434782608695652
3269 96 1 1 96 0.0104166666666667 1 0.0104166666666667
3277 42 1 1 42 0.0238095238095238 1 0.0238095238095238
32915 3 1 0 4 0 0 0
3292 375 21 13 383 0.0346666666666667 0.619047619047619 0.0339425587467363
32978 1 1 1 1 1 1 1
33 7 2 0 9 0 0 0
3301 66 5 3 68 0.0454545454545455 0.6 0.0441176470588235
3303 446 25 22 449 0.0493273542600897 0.88 0.0489977728285078
3320 468 11 6 473 0.0128205128205128 0.545454545454545 0.0126849894291755
3327 137 22 18 141 0.131386861313869 0.818181818181818 0.127659574468085
3333 157 5 3 159 0.0191082802547771 0.6 0.0188679245283019
33437 3 11 3 11 1 0.272727272727273 0.272727272727273
3344 23 12 6 29 0.260869565217391 0.5 0.206896551724138
3352 60 3 1 62 0.0166666666666667 0.333333333333333 0.0161290322580645
3356 1840 50 42 1848 0.0228260869565217 0.84 0.0227272727272727
33597 16 1 1 16 0.0625 1 0.0625
33843 36 11 6 41 0.166666666666667 0.545454545454545 0.146341463414634
33891 16 5 5 16 0.3125 1 0.3125
34019 14 2 2 14 0.142857142857143 1 0.142857142857143
34081 3 2 2 3 0.666666666666667 1 0.666666666666667
34159 4 1 1 4 0.25 1 0.25
34225 35 5 4 36 0.114285714285714 0.8 0.111111111111111
34270 40 2 2 40 0.05 1 0.05
34288 5 2 1 6 0.2 0.5 0.166666666666667
34305 74 2 2 74 0.027027027027027 1 0.027027027027027
34309 41 65 17 89 0.414634146341463 0.261538461538462 0.191011235955056
34313 2 1 1 2 0.5 1 0.5
34419 53 11 8 56 0.150943396226415 0.727272727272727 0.142857142857143
34505 3 1 1 3 0.333333333333333 1 0.333333333333333
34549 7 3 1 9 0.142857142857143 0.333333333333333 0.111111111111111
34631 2 3 1 4 0.5 0.333333333333333 0.25
34695 38 1 1 38 0.0263157894736842 1 0.0263157894736842
34752 3 1 1 3 0.333333333333333 1 0.333333333333333
34763 127 16 9 134 0.0708661417322835 0.5625 0.0671641791044776
34771 4 3 3 4 0.75 1 0.75
34968 25 2 2 25 0.08 1 0.08
34997 74 3 3 74 0.0405405405405405 1 0.0405405405405405
35028 34 5 4 35 0.117647058823529 0.8 0.114285714285714
35070 13 1 1 13 0.0769230769230769 1 0.0769230769230769
35244 33 18 11 40 0.333333333333333 0.611111111111111 0.275
35272 3 1 1 3 0.333333333333333 1 0.333333333333333
35292 9 1 0 10 0 0 0
35425 9 1 1 9 0.111111111111111 1 0.111111111111111
35485 4 1 1 4 0.25 1 0.25
3549 1097 88 73 1112 0.0665451230628988 0.829545454545455 0.0656474820143885
35492 4 3 3 4 0.75 1 0.75
3551 1 1 0 2 0 0 0
3557 17 5 5 17 0.294117647058824 1 0.294117647058824
35612 4 3 0 7 0 0 0
35627 4 1 1 4 0.25 1 0.25
35706 17 5 2 20 0.117647058823529 0.4 0.1
35908 20 1 1 20 0.05 1 0.05
3597 8 1 1 8 0.125 1 0.125
36351 7 1 1 7 0.142857142857143 1 0.142857142857143
3640 5 1 1 5 0.2 1 0.2
36472 10 4 4 10 0.4 1 0.4
3662 12 3 2 13 0.166666666666667 0.666666666666667 0.153846153846154
36671 2 1 1 2 0.5 1 0.5
3676 7 1 1 7 0.142857142857143 1 0.142857142857143
3681 3 1 1 3 0.333333333333333 1 0.333333333333333
36856 6 2 0 8 0 0 0
36944 4 3 2 5 0.5 0.666666666666667 0.4
36948 2 1 1 2 0.5 1 0.5
3741 279 1 1 279 0.003584229390681 1 0.003584229390681
3742 21 1 1 21 0.0476190476190476 1 0.0476190476190476
3748 2 1 0 3 0 0 0
376 16 2 2 16 0.125 1 0.125
378 3 1 1 3 0.333333333333333 1 0.333333333333333
3790 4 1 1 4 0.25 1 0.25
38005 2 2 2 2 1 1 1
38018 8 5 5 8 0.625 1 0.625
38022 21 7 7 21 0.333333333333333 1 0.333333333333333
38082 11 1 1 11 0.0909090909090909 1 0.0909090909090909
38083 2 1 1 2 0.5 1 0.5
38128 1 1 0 2 0 0 0
38140 2 1 1 2 0.5 1 0.5
3825 1 1 0 2 0 0 0
38299 2 1 1 2 0.5 1 0.5
3836 7 6 1 12 0.142857142857143 0.166666666666667 0.0833333333333333
38462 2 1 1 2 0.5 1 0.5
38620 1 1 1 1 1 1 1
38626 1 1 1 1 1 1 1
38819 2 2 1 3 0.5 0.5 0.333333333333333
39102 9 1 1 9 0.111111111111111 1 0.111111111111111
39122 8 1 1 8 0.125 1 0.125
39211 1 1 1 1 1 1 1
39301 4 2 2 4 0.5 1 0.5
39309 24 1 0 25 0 0 0
393219 1 1 1 1 1 1 1
39326 76 9 5 80 0.0657894736842105 0.555555555555556 0.0625
3949 1 1 1 1 1 1 1
39537 1 1 0 2 0 0 0
39792 352 15 11 356 0.03125 0.733333333333333 0.0308988764044944
39854 1 2 1 2 1 0.5 0.5
3999 1 1 1 1 1 1 1
40009 23 4 3 24 0.130434782608696 0.75 0.125
40068 8 1 1 8 0.125 1 0.125
40193 8 4 1 11 0.125 0.25 0.0909090909090909
40220 12 3 3 12 0.25 1 0.25
40490 2 2 1 3 0.5 0.5 0.333333333333333
40528 4 2 2 4 0.5 1 0.5
40587 1 1 0 2 0 0 0
40589 1 1 1 1 1 1 1
41012 28 2 2 28 0.0714285714285714 1 0.0714285714285714
41045 5 1 1 5 0.2 1 0.2
41075 3 1 0 4 0 0 0
41102 1 1 0 2 0 0 0
4134 95 2 0 97 0 0 0
41670 1 2 0 3 0 0 0
41692 314 90 73 331 0.232484076433121 0.811111111111111 0.220543806646526
41695 3 2 0 5 0 0 0
41773 1 1 1 1 1 1 1
42 91 2 2 91 0.021978021978022 1 0.021978021978022
42096 10 1 1 10 0.1 1 0.1
42652 5 1 1 5 0.2 1 0.2
42689 30 1 1 30 0.0333333333333333 1 0.0333333333333333
42841 5 1 1 5 0.2 1 0.2
43602 3 1 1 3 0.333333333333333 1 0.333333333333333
43821 35 12 9 38 0.257142857142857 0.75 0.236842105263158
43911 2 1 0 3 0 0 0
43950 2 1 0 3 0 0 0
44066 2 1 1 2 0.5 1 0.5
44212 2 1 1 2 0.5 1 0.5
44358 1 1 1 1 1 1 1
4436 122 16 15 123 0.122950819672131 0.9375 0.121951219512195
4538 20 6 4 22 0.2 0.666666666666667 0.181818181818182
4555 1 5 0 6 0 0 0
4557 10 2 2 10 0.2 1 0.2
4589 686 65 62 689 0.0903790087463557 0.953846153846154 0.0899854862119013
4608 5 2 0 7 0 0 0
4618 14 3 1 16 0.0714285714285714 0.333333333333333 0.0625
4621 28 3 2 29 0.0714285714285714 0.666666666666667 0.0689655172413793
4635 79 11 8 82 0.10126582278481 0.727272727272727 0.0975609756097561
4651 29 8 6 31 0.206896551724138 0.75 0.193548387096774
4673 8 1 0 9 0 0 0
4675 6 5 1 10 0.166666666666667 0.2 0.1
4677 6 1 1 6 0.166666666666667 1 0.166666666666667
4678 8 6 3 11 0.375 0.5 0.272727272727273
4680 9 5 2 12 0.222222222222222 0.4 0.166666666666667
4685 10 5 3 12 0.3 0.6 0.25
4691 9 8 3 14 0.333333333333333 0.375 0.214285714285714
4697 3 14 3 14 1 0.214285714285714 0.214285714285714
4711 2 1 0 3 0 0 0
4713 97 6 5 98 0.0515463917525773 0.833333333333333 0.0510204081632653
4716 63 16 6 73 0.0952380952380952 0.375 0.0821917808219178
4717 3 2 2 3 0.666666666666667 1 0.666666666666667
4718 3 4 1 6 0.333333333333333 0.25 0.166666666666667
4721 11 6 2 15 0.181818181818182 0.333333333333333 0.133333333333333
4725 128 27 13 142 0.1015625 0.481481481481481 0.0915492957746479
4739 50 8 7 51 0.14 0.875 0.137254901960784
4747 9 2 0 11 0 0 0
4750 55 3 0 58 0 0 0
4755 125 1 1 125 0.008 1 0.008
4761 59 4 2 61 0.0338983050847458 0.5 0.0327868852459016
4768 23 1 1 23 0.0434782608695652 1 0.0434782608695652
4770 18 3 0 21 0 0 0
4775 52 1 1 52 0.0192307692307692 1 0.0192307692307692
4777 35 8 4 39 0.114285714285714 0.5 0.102564102564103
4780 24 3 2 25 0.0833333333333333 0.666666666666667 0.08
4782 3 1 0 4 0 0 0
4787 7 3 0 10 0 0 0
4788 146 3 3 146 0.0205479452054795 1 0.0205479452054795
4795 44 6 4 46 0.0909090909090909 0.666666666666667 0.0869565217391304
4796 3 1 1 3 0.333333333333333 1 0.333333333333333
4829 2 1 1 2 0.5 1 0.5
5050 20 2 2 20 0.1 1 0.1
513 43 9 6 46 0.13953488372093 0.666666666666667 0.130434782608696
5381 15 3 1 17 0.0666666666666667 0.333333333333333 0.0588235294117647
5385 14 8 4 18 0.285714285714286 0.5 0.222222222222222
5400 271 6 6 271 0.022140221402214 1 0.022140221402214
5401 1 1 1 1 1 1 1
5403 18 2 2 18 0.111111111111111 1 0.111111111111111
5408 29 3 2 30 0.0689655172413793 0.666666666666667 0.0666666666666667
5410 62 5 3 64 0.0483870967741935 0.6 0.046875
5413 222 1 1 222 0.0045045045045045 1 0.0045045045045045
5418 9 1 1 9 0.111111111111111 1 0.111111111111111
5421 3 2 1 4 0.333333333333333 0.5 0.25
5429 10 1 1 10 0.1 1 0.1
5430 354 25 19 360 0.0536723163841808 0.76 0.0527777777777778
5459 50 9 5 54 0.1 0.555555555555556 0.0925925925925926
5466 73 2 1 74 0.0136986301369863 0.5 0.0135135135135135
5486 38 2 0 40 0 0 0
5511 174 22 17 179 0.0977011494252874 0.772727272727273 0.0949720670391061
553 53 17 13 57 0.245283018867925 0.764705882352941 0.228070175438596
5537 27 3 2 28 0.0740740740740741 0.666666666666667 0.0714285714285714
5539 49 42 17 74 0.346938775510204 0.404761904761905 0.22972972972973
5549 3 2 2 3 0.666666666666667 1 0.666666666666667
5550 4 2 1 5 0.25 0.5 0.2
5568 210 11 8 213 0.0380952380952381 0.727272727272727 0.0375586854460094
557 5 1 1 5 0.2 1 0.2
559 58 21 20 59 0.344827586206897 0.952380952380952 0.338983050847458
5602 21 5 4 22 0.19047619047619 0.8 0.181818181818182
5609 2 10 1 11 0.5 0.1 0.0909090909090909
5617 175 1 1 175 0.00571428571428571 1 0.00571428571428571
5623 1 3 0 4 0 0 0
5645 8 4 0 12 0 0 0
5661 4 1 1 4 0.25 1 0.25
5669 5 2 0 7 0 0 0
57 24 3 3 24 0.125 1 0.125
5707 3 1 1 3 0.333333333333333 1 0.333333333333333
5713 50 2 1 51 0.02 0.5 0.0196078431372549
577 114 1 1 114 0.0087719298245614 1 0.0087719298245614
5786 2 1 1 2 0.5 1 0.5
59 4 1 1 4 0.25 1 0.25
600 29 1 1 29 0.0344827586206897 1 0.0344827586206897
6057 6 2 1 7 0.166666666666667 0.5 0.142857142857143
6062 11 2 0 13 0 0 0
6066 3 1 0 4 0 0 0
6083 36 13 11 38 0.305555555555556 0.846153846153846 0.289473684210526
6106 2 1 1 2 0.5 1 0.5
6122 8 1 1 8 0.125 1 0.125
6147 1 7 0 8 0 0 0
6163 12 1 1 12 0.0833333333333333 1 0.0833333333333333
6182 1 1 1 1 1 1 1
6263 3 1 1 3 0.333333333333333 1 0.333333333333333
6342 4 1 0 5 0 0 0
6360 11 3 3 11 0.272727272727273 1 0.272727272727273
6366 3 1 1 3 0.333333333333333 1 0.333333333333333
6435 3 7 1 9 0.333333333333333 0.142857142857143 0.111111111111111
6453 484 67 59 492 0.121900826446281 0.880597014925373 0.119918699186992
6509 25 4 4 25 0.16 1 0.16
65099 1 1 0 2 0 0 0
6536 18 2 1 19 0.0555555555555556 0.5 0.0526315789473684
6619 18 2 1 19 0.0555555555555556 0.5 0.0526315789473684
6629 3 1 1 3 0.333333333333333 1 0.333333333333333
6666 36 20 12 44 0.333333333333333 0.6 0.272727272727273
6667 464 96 92 468 0.198275862068966 0.958333333333333 0.196581196581197
668 33 7 3 37 0.0909090909090909 0.428571428571429 0.0810810810810811
6695 178 37 34 181 0.191011235955056 0.918918918918919 0.187845303867403
6696 3 2 0 5 0 0 0
6702 14 1 1 14 0.0714285714285714 1 0.0714285714285714
6706 15 4 3 16 0.2 0.75 0.1875
6713 7 1 1 7 0.142857142857143 1 0.142857142857143
6724 39 11 9 41 0.230769230769231 0.818181818181818 0.219512195121951
6730 169 6 5 170 0.029585798816568 0.833333333333333 0.0294117647058824
6762 160 30 28 162 0.175 0.933333333333333 0.172839506172839
6770 43 12 5 50 0.116279069767442 0.416666666666667 0.1
6772 13 4 4 13 0.307692307692308 1 0.307692307692308
6774 82 11 10 83 0.121951219512195 0.909090909090909 0.120481927710843
6775 5 1 1 5 0.2 1 0.2
680 55 13 10 58 0.181818181818182 0.769230769230769 0.172413793103448
6802 7 3 3 7 0.428571428571429 1 0.428571428571429
681 2 1 1 2 0.5 1 0.5
683 2 1 1 2 0.5 1 0.5
6830 290 31 20 301 0.0689655172413793 0.645161290322581 0.0664451827242525
6881 78 2 2 78 0.0256410256410256 1 0.0256410256410256
6893 2 1 0 3 0 0 0
6895 5 1 1 5 0.2 1 0.2
6908 91 7 7 91 0.0769230769230769 1 0.0769230769230769
6939 796 193 151 838 0.189698492462312 0.782383419689119 0.180190930787589
6966 3 2 2 3 0.666666666666667 1 0.666666666666667
6968 3 1 1 3 0.333333333333333 1 0.333333333333333
701 2795 15 11 2799 0.00393559928443649 0.733333333333333 0.00392997499106824
7012 11 4 3 12 0.272727272727273 0.75 0.25
7018 2117 11 7 2121 0.00330656589513462 0.636363636363636 0.0033003300330033
7019 1 1 1 1 1 1 1
7065 19 3 2 20 0.105263157894737 0.666666666666667 0.1
7066 21 3 3 21 0.142857142857143 1 0.142857142857143
719 13 1 0 14 0 0 0
7377 3 1 0 4 0 0 0
7385 163 3 3 163 0.0184049079754601 1 0.0184049079754601
7470 35 1 1 35 0.0285714285714286 1 0.0285714285714286
7500 67 11 9 69 0.134328358208955 0.818181818181818 0.130434782608696
7514 23 8 4 27 0.173913043478261 0.5 0.148148148148148
7516 4 1 0 5 0 0 0
7521 5 2 1 6 0.2 0.5 0.166666666666667
7522 6 7 1 12 0.166666666666667 0.142857142857143 0.0833333333333333
7530 2 2 0 4 0 0 0
7539 25 9 8 26 0.32 0.888888888888889 0.307692307692308
7573 1 1 1 1 1 1 1
7575 492 92 89 495 0.180894308943089 0.967391304347826 0.17979797979798
7594 2 1 0 3 0 0 0
7606 54 5 5 54 0.0925925925925926 1 0.0925925925925926
7610 19 1 0 20 0 0 0
766 17 5 4 18 0.235294117647059 0.8 0.222222222222222
7660 38 16 13 41 0.342105263157895 0.8125 0.317073170731707
7665 2 1 1 2 0.5 1 0.5
7667 6 2 1 7 0.166666666666667 0.5 0.142857142857143
7668 10 1 0 11 0 0 0
7670 20 1 1 20 0.05 1 0.05
7671 3 29 3 29 1 0.103448275862069 0.103448275862069
7682 11 3 2 12 0.181818181818182 0.666666666666667 0.166666666666667
7687 3 1 1 3 0.333333333333333 1 0.333333333333333
7753 6 1 1 6 0.166666666666667 1 0.166666666666667
7781 3 8 2 9 0.666666666666667 0.25 0.222222222222222
7784 32 3 2 33 0.0625 0.666666666666667 0.0606060606060606
7786 7 2 1 8 0.142857142857143 0.5 0.125
786 57 7 5 59 0.087719298245614 0.714285714285714 0.0847457627118644
790 1 2 1 2 1 0.5 0.5
7902 14 1 1 14 0.0714285714285714 1 0.0714285714285714
7908 40 4 2 42 0.05 0.5 0.0476190476190476
7922 38 1 1 38 0.0263157894736842 1 0.0263157894736842
7949 10 2 0 12 0 0 0
8018 2 1 1 2 0.5 1 0.5
81 20 1 1 20 0.05 1 0.05
8121 42 7 4 45 0.0952380952380952 0.571428571428571 0.0888888888888889
8201 6 1 1 6 0.166666666666667 1 0.166666666666667
8220 545 14 9 550 0.0165137614678899 0.642857142857143 0.0163636363636364
8224 10 5 4 11 0.4 0.8 0.363636363636364
8226 7 2 0 9 0 0 0
8237 6 2 2 6 0.333333333333333 1 0.333333333333333
8246 177 1 0 178 0 0 0
8251 9 3 2 10 0.222222222222222 0.666666666666667 0.2
8256 1 1 1 1 1 1 1
8267 2 1 1 2 0.5 1 0.5
8282 11 1 0 12 0 0 0
8299 10 2 0 12 0 0 0
8319 36 13 10 39 0.277777777777778 0.769230769230769 0.256410256410256
8330 12 1 0 13 0 0 0
8346 5 2 2 5 0.4 1 0.4
8359 457 19 16 460 0.0350109409190372 0.842105263157895 0.0347826086956522
8364 9 1 1 9 0.111111111111111 1 0.111111111111111
8365 129 38 29 138 0.224806201550388 0.763157894736842 0.210144927536232
8368 24 4 3 25 0.125 0.75 0.12
8374 4 1 1 4 0.25 1 0.25
8387 14 1 1 14 0.0714285714285714 1 0.0714285714285714
8396 2 1 0 3 0 0 0
8419 221 4 4 221 0.0180995475113122 1 0.0180995475113122
8422 105 9 3 111 0.0285714285714286 0.333333333333333 0.027027027027027
8426 385 12 8 389 0.0207792207792208 0.666666666666667 0.0205655526992288
8442 30 13 9 34 0.3 0.692307692307692 0.264705882352941
8447 533 21 17 537 0.0318949343339587 0.80952380952381 0.031657355679702
8468 520 8 7 521 0.0134615384615385 0.875 0.0134357005758157
8469 38 13 10 41 0.263157894736842 0.769230769230769 0.24390243902439
8473 29 4 2 31 0.0689655172413793 0.5 0.0645161290322581
8481 3 1 0 4 0 0 0
8495 16 3 3 16 0.1875 1 0.1875
8501 35 11 11 35 0.314285714285714 1 0.314285714285714
8508 2 1 1 2 0.5 1 0.5
8517 16 1 1 16 0.0625 1 0.0625
852 147 1 1 147 0.00680272108843537 1 0.00680272108843537
8527 23 2 2 23 0.0869565217391304 1 0.0869565217391304
855 24 1 1 24 0.0416666666666667 1 0.0416666666666667
8560 81 18 16 83 0.197530864197531 0.888888888888889 0.192771084337349
8565 19 1 0 20 0 0 0
8586 69 6 5 70 0.072463768115942 0.833333333333333 0.0714285714285714
8591 31 6 3 34 0.0967741935483871 0.5 0.0882352941176471
8607 293 4 4 293 0.0136518771331058 1 0.0136518771331058
8657 109 4 2 111 0.018348623853211 0.5 0.018018018018018
8664 7 1 1 7 0.142857142857143 1 0.142857142857143
8665 1 2 1 2 1 0.5 0.5
8674 64 6 4 66 0.0625 0.666666666666667 0.0606060606060606
8676 5 1 1 5 0.2 1 0.2
8708 283 6 5 284 0.0176678445229682 0.833333333333333 0.0176056338028169
8717 89 3 2 90 0.0224719101123595 0.666666666666667 0.0222222222222222
8728 1 1 1 1 1 1 1
8737 37 7 5 39 0.135135135135135 0.714285714285714 0.128205128205128
8758 10 2 2 10 0.2 1 0.2
8763 150 22 20 152 0.133333333333333 0.909090909090909 0.131578947368421
8767 68 20 13 75 0.191176470588235 0.65 0.173333333333333
8781 10 1 0 11 0 0 0
8820 13 4 3 14 0.230769230769231 0.75 0.214285714285714
8823 6 1 0 7 0 0 0
8881 363 11 11 363 0.0303030303030303 1 0.0303030303030303
8895 6 1 1 6 0.166666666666667 1 0.166666666666667
8897 55 11 7 59 0.127272727272727 0.636363636363636 0.11864406779661
8903 11 2 0 13 0 0 0
8943 18 5 5 18 0.277777777777778 1 0.277777777777778
8954 39 8 4 43 0.102564102564103 0.5 0.0930232558139535
8966 95 1 1 95 0.0105263157894737 1 0.0105263157894737
8970 2 1 1 2 0.5 1 0.5
8978 5 2 2 5 0.4 1 0.4
9009 168 58 32 194 0.19047619047619 0.551724137931034 0.164948453608247
9026 11 3 3 11 0.272727272727273 1 0.272727272727273
9080 8 2 1 9 0.125 0.5 0.111111111111111
9112 7 1 1 7 0.142857142857143 1 0.142857142857143
9150 28 3 3 28 0.107142857142857 1 0.107142857142857
9153 43 5 5 43 0.116279069767442 1 0.116279069767442
9162 2 1 1 2 0.5 1 0.5
9188 3 1 0 4 0 0 0
9264 24 38 8 54 0.333333333333333 0.210526315789474 0.148148148148148
9270 24 3 2 25 0.0833333333333333 0.666666666666667 0.08
9293 14 1 1 14 0.0714285714285714 1 0.0714285714285714
9299 43 2 1 44 0.0232558139534884 0.5 0.0227272727272727
9340 4 3 2 5 0.5 0.666666666666667 0.4
9367 3 1 1 3 0.333333333333333 1 0.333333333333333
9406 2 1 0 3 0 0 0
9433 2 1 1 2 0.5 1 0.5
9505 119 4 4 119 0.0336134453781513 1 0.0336134453781513
9534 4 1 1 4 0.25 1 0.25
9541 5 1 0 6 0 0 0
9543 3 1 1 3 0.333333333333333 1 0.333333333333333
9549 2 1 1 2 0.5 1 0.5
9555 4 1 0 5 0 0 0
9583 37 1 0 38 0 0 0
9584 7 1 1 7 0.142857142857143 1 0.142857142857143
9595 10 3 2 11 0.2 0.666666666666667 0.181818181818182
9600 7 8 3 12 0.428571428571429 0.375 0.25
9607 9 1 0 10 0 0 0
9612 1 1 0 2 0 0 0
9619 2 2 2 2 1 1 1
9621 3 6 1 8 0.333333333333333 0.166666666666667 0.125
9622 6 1 1 6 0.166666666666667 1 0.166666666666667
9700 6 2 1 7 0.166666666666667 0.5 0.142857142857143
9737 4 1 1 4 0.25 1 0.25
9794 4 1 1 4 0.25 1 0.25
9800 32 1 0 33 0 0 0
9821 4 2 2 4 0.5 1 0.5
9875 3 1 1 3 0.333333333333333 1 0.333333333333333
9901 20 4 2 22 0.1 0.5 0.0909090909090909
9919 20 1 0 21 0 0 0
9930 20 1 1 20 0.05 1 0.05
9931 30 1 1 30 0.0333333333333333 1 0.0333333333333333
9995 3 2 2 3 0.666666666666667 1 0.666666666666667
