#ASN num_v4adj num_v6adj num_intersect(v4v6adj) num_union(adj) fr_v4(num_intersect/num_v4adj) fr_v6(num_intersect/num_v6adj) fr_intersect(num_intersect/num_union)
10013 2 1 1 2 0.5 1 0.5
10015 8 1 0 9 0 0 0
10021 17 3 2 18 0.117647058823529 0.666666666666667 0.111111111111111
10026 391 42 37 396 0.0946291560102302 0.880952380952381 0.0934343434343434
10030 3 1 1 3 0.333333333333333 1 0.333333333333333
10077 3 1 1 3 0.333333333333333 1 0.333333333333333
10081 1 1 1 1 1 1 1
10091 2 1 1 2 0.5 1 0.5
101 31 11 10 32 0.32258064516129 0.909090909090909 0.3125
10105 3 1 0 4 0 0 0
10143 10 1 0 11 0 0 0
102 3 1 1 3 0.333333333333333 1 0.333333333333333
10204 5 2 1 6 0.2 0.5 0.166666666666667
10217 18 4 4 18 0.222222222222222 1 0.222222222222222
10248 1 1 1 1 1 1 1
10269 2 1 0 3 0 0 0
10297 5 1 1 5 0.2 1 0.2
10310 135 11 9 137 0.0666666666666667 0.818181818181818 0.0656934306569343
10318 8 1 0 9 0 0 0
10326 7 2 1 8 0.142857142857143 0.5 0.125
10343 2 1 1 2 0.5 1 0.5
10405 3 1 0 4 0 0 0
10429 102 1 1 102 0.00980392156862745 1 0.00980392156862745
10430 10 1 1 10 0.1 1 0.1
10439 5 1 1 5 0.2 1 0.2
10466 28 3 3 28 0.107142857142857 1 0.107142857142857
10490 35 9 7 37 0.2 0.777777777777778 0.189189189189189
10533 4 3 1 6 0.25 0.333333333333333 0.166666666666667
10546 3 2 2 3 0.666666666666667 1 0.666666666666667
10566 1 2 1 2 1 0.5 0.5
10569 1 1 1 1 1 1 1
10578 27 7 7 27 0.259259259259259 1 0.259259259259259
10586 6 2 0 8 0 0 0
10587 4 1 1 4 0.25 1 0.25
10745 2 7 0 9 0 0 0
10753 7 1 1 7 0.142857142857143 1 0.142857142857143
10764 9 2 1 10 0.111111111111111 0.5 0.1
10835 25 1 1 25 0.04 1 0.04
10848 30 3 3 30 0.1 1 0.1
10881 6 1 1 6 0.166666666666667 1 0.166666666666667
10886 41 17 8 50 0.195121951219512 0.470588235294118 0.16
109 23 2 0 25 0 0 0
10929 14 1 1 14 0.0714285714285714 1 0.0714285714285714
1101 1 1 1 1 1 1 1
1103 210 86 83 213 0.395238095238095 0.965116279069767 0.389671361502347
11051 11 2 2 11 0.181818181818182 1 0.181818181818182
11096 45 2 2 45 0.0444444444444444 1 0.0444444444444444
111 2 2 1 3 0.5 0.5 0.333333333333333
11164 92 14 13 93 0.141304347826087 0.928571428571429 0.139784946236559
11170 1 2 0 3 0 0 0
1120 15 5 4 16 0.266666666666667 0.8 0.25
11215 3 1 1 3 0.333333333333333 1 0.333333333333333
1125 3 3 3 3 1 1 1
1126 37 14 7 44 0.189189189189189 0.5 0.159090909090909
11260 24 4 4 24 0.166666666666667 1 0.166666666666667
11274 11 5 4 12 0.363636363636364 0.8 0.333333333333333
11279 3 1 1 3 0.333333333333333 1 0.333333333333333
11290 4 1 1 4 0.25 1 0.25
11317 7 2 2 7 0.285714285714286 1 0.285714285714286
1132 2 2 2 2 1 1 1
11340 8 1 1 8 0.125 1 0.125
11383 21 2 2 21 0.0952380952380952 1 0.0952380952380952
1140 30 10 6 34 0.2 0.6 0.176470588235294
11404 67 8 7 68 0.104477611940299 0.875 0.102941176470588
11457 6 1 0 7 0 0 0
11508 4 1 1 4 0.25 1 0.25
11522 8 3 3 8 0.375 1 0.375
11537 138 65 59 144 0.427536231884058 0.907692307692308 0.409722222222222
11588 5 1 1 5 0.2 1 0.2
11590 7 2 1 8 0.142857142857143 0.5 0.125
11666 470 14 12 472 0.025531914893617 0.857142857142857 0.0254237288135593
11686 50 4 4 50 0.08 1 0.08
11694 3 1 1 3 0.333333333333333 1 0.333333333333333
11706 10 3 1 12 0.1 0.333333333333333 0.0833333333333333
11711 1 1 0 2 0 0 0
11734 4 1 0 5 0 0 0
11745 5 1 1 5 0.2 1 0.2
11758 15 1 1 15 0.0666666666666667 1 0.0666666666666667
11796 9 1 1 9 0.111111111111111 1 0.111111111111111
11815 3 1 0 4 0 0 0
11847 6 1 0 7 0 0 0
11960 5 4 4 5 0.8 1 0.8
12 4 1 1 4 0.25 1 0.25
1200 42 18 11 49 0.261904761904762 0.611111111111111 0.224489795918367
12008 34 4 3 35 0.0882352941176471 0.75 0.0857142857142857
12036 3 2 1 4 0.333333333333333 0.5 0.25
12041 45 20 15 50 0.333333333333333 0.75 0.3
12046 3 1 1 3 0.333333333333333 1 0.333333333333333
12066 6 1 0 7 0 0 0
12111 20 1 1 20 0.05 1 0.05
12129 33 2 2 33 0.0606060606060606 1 0.0606060606060606
1213 8 4 3 9 0.375 0.75 0.333333333333333
12136 1 1 1 1 1 1 1
12188 19 4 4 19 0.210526315789474 1 0.210526315789474
1221 148 1 0 149 0 0 0
1224 3 1 1 3 0.333333333333333 1 0.333333333333333
12251 4 1 1 4 0.25 1 0.25
12287 2 1 1 2 0.5 1 0.5
12301 120 17 10 127 0.0833333333333333 0.588235294117647 0.078740157480315
12303 4 2 2 4 0.5 1 0.5
12306 80 20 16 84 0.2 0.8 0.19047619047619
12312 54 17 13 58 0.240740740740741 0.764705882352941 0.224137931034483
12316 3 1 1 3 0.333333333333333 1 0.333333333333333
12322 63 14 11 66 0.174603174603175 0.785714285714286 0.166666666666667
12329 20 14 8 26 0.4 0.571428571428571 0.307692307692308
12335 9 1 1 9 0.111111111111111 1 0.111111111111111
12337 58 22 17 63 0.293103448275862 0.772727272727273 0.26984126984127
12347 8 3 3 8 0.375 1 0.375
12348 20 1 1 20 0.05 1 0.05
12350 32 5 3 34 0.09375 0.6 0.0882352941176471
12353 3 3 2 4 0.666666666666667 0.666666666666667 0.5
12355 38 13 10 41 0.263157894736842 0.769230769230769 0.24390243902439
1237 32 4 2 34 0.0625 0.5 0.0588235294117647
12371 2 1 0 3 0 0 0
12374 4 1 1 4 0.25 1 0.25
12381 5 1 1 5 0.2 1 0.2
12386 14 3 3 14 0.214285714285714 1 0.214285714285714
12389 507 16 11 512 0.0216962524654832 0.6875 0.021484375
1239 1365 11 10 1366 0.00732600732600733 0.909090909090909 0.00732064421669107
12399 54 1 1 54 0.0185185185185185 1 0.0185185185185185
12401 11 3 2 12 0.181818181818182 0.666666666666667 0.166666666666667
12414 42 19 12 49 0.285714285714286 0.631578947368421 0.244897959183673
12452 40 2 2 40 0.05 1 0.05
12466 3 2 2 3 0.666666666666667 1 0.666666666666667
12476 15 1 0 16 0 0 0
1248 44 24 14 54 0.318181818181818 0.583333333333333 0.259259259259259
12496 45 1 0 46 0 0 0
12502 3 2 1 4 0.333333333333333 0.5 0.25
1251 9 2 2 9 0.222222222222222 1 0.222222222222222
12533 2 1 0 3 0 0 0
12552 88 10 9 89 0.102272727272727 0.9 0.101123595505618
12566 13 3 3 13 0.230769230769231 1 0.230769230769231
1257 120 52 30 142 0.25 0.576923076923077 0.211267605633803
12573 35 19 16 38 0.457142857142857 0.842105263157895 0.421052631578947
12579 2 1 1 2 0.5 1 0.5
12586 32 3 3 32 0.09375 1 0.09375
12594 2 2 2 2 1 1 1
12597 4 1 1 4 0.25 1 0.25
12605 17 3 2 18 0.117647058823529 0.666666666666667 0.111111111111111
12611 41 22 13 50 0.317073170731707 0.590909090909091 0.26
12614 3 1 1 3 0.333333333333333 1 0.333333333333333
12617 2 1 1 2 0.5 1 0.5
12634 45 19 13 51 0.288888888888889 0.684210526315789 0.254901960784314
12637 72 33 28 77 0.388888888888889 0.848484848484849 0.363636363636364
12638 2 3 0 5 0 0 0
12654 45 22 16 51 0.355555555555556 0.727272727272727 0.313725490196078
12657 3 1 1 3 0.333333333333333 1 0.333333333333333
12684 4 2 1 5 0.25 0.5 0.2
12695 84 3 2 85 0.0238095238095238 0.666666666666667 0.0235294117647059
12709 4 1 0 5 0 0 0
12713 76 1 1 76 0.0131578947368421 1 0.0131578947368421
12714 47 14 9 52 0.191489361702128 0.642857142857143 0.173076923076923
1273 303 83 54 332 0.178217821782178 0.650602409638554 0.162650602409639
12731 40 16 12 44 0.3 0.75 0.272727272727273
12732 18 13 10 21 0.555555555555556 0.769230769230769 0.476190476190476
12759 24 10 6 28 0.25 0.6 0.214285714285714
12767 14 4 4 14 0.285714285714286 1 0.285714285714286
12769 4 1 1 4 0.25 1 0.25
12778 13 4 3 14 0.230769230769231 0.75 0.214285714285714
12779 95 25 19 101 0.2 0.76 0.188118811881188
12782 2 1 1 2 0.5 1 0.5
1280 40 51 21 70 0.525 0.411764705882353 0.3
12816 1 1 1 1 1 1 1
12817 2 2 2 2 1 1 1
12822 3 1 1 3 0.333333333333333 1 0.333333333333333
12835 11 4 4 11 0.363636363636364 1 0.363636363636364
12850 18 5 5 18 0.277777777777778 1 0.277777777777778
12853 2 3 1 4 0.5 0.333333333333333 0.25
12859 635 258 246 647 0.38740157480315 0.953488372093023 0.380216383307573
12871 41 17 10 48 0.24390243902439 0.588235294117647 0.208333333333333
12874 221 2 2 221 0.00904977375565611 1 0.00904977375565611
12895 8 1 1 8 0.125 1 0.125
12902 40 11 7 44 0.175 0.636363636363636 0.159090909090909
12931 4 2 2 4 0.5 1 0.5
12956 120 17 15 122 0.125 0.882352941176471 0.122950819672131
12964 2 1 1 2 0.5 1 0.5
12968 138 18 11 145 0.0797101449275362 0.611111111111111 0.0758620689655172
12989 194 36 22 208 0.11340206185567 0.611111111111111 0.105769230769231
1299 566 104 101 569 0.178445229681979 0.971153846153846 0.177504393673111
13000 8 3 3 8 0.375 1 0.375
13030 1125 294 281 1138 0.249777777777778 0.95578231292517 0.246924428822496
13039 4 3 2 5 0.5 0.666666666666667 0.4
13041 8 2 2 8 0.25 1 0.25
13045 4 2 2 4 0.5 1 0.5
13049 11 1 1 11 0.0909090909090909 1 0.0909090909090909
13062 15 2 1 16 0.0666666666666667 0.5 0.0625
13092 4 1 1 4 0.25 1 0.25
131 2 1 1 2 0.5 1 0.5
13103 1 1 1 1 1 1 1
13105 21 4 3 22 0.142857142857143 0.75 0.136363636363636
131075 1 1 1 1 1 1 1
13110 8 2 2 8 0.25 1 0.25
13115 4 2 2 4 0.5 1 0.5
1312 2 1 1 2 0.5 1 0.5
13127 47 8 6 49 0.127659574468085 0.75 0.122448979591837
13132 19 16 9 26 0.473684210526316 0.5625 0.346153846153846
13184 46 18 11 53 0.239130434782609 0.611111111111111 0.207547169811321
13189 32 8 8 32 0.25 1 0.25
13193 56 21 16 61 0.285714285714286 0.761904761904762 0.262295081967213
13210 1 1 1 1 1 1 1
13214 8 2 1 9 0.125 0.5 0.111111111111111
13237 465 112 97 480 0.208602150537634 0.866071428571429 0.202083333333333
13238 27 1 1 27 0.037037037037037 1 0.037037037037037
13243 4 1 1 4 0.25 1 0.25
13249 104 2 2 104 0.0192307692307692 1 0.0192307692307692
13272 1 1 1 1 1 1 1
13284 17 9 6 20 0.352941176470588 0.666666666666667 0.3
13293 21 3 3 21 0.142857142857143 1 0.142857142857143
13319 8 6 4 10 0.5 0.666666666666667 0.4
13429 4 1 1 4 0.25 1 0.25
13448 8 3 3 8 0.375 1 0.375
13536 19 5 5 19 0.263157894736842 1 0.263157894736842
13576 22 1 0 23 0 0 0
13645 15 2 1 16 0.0666666666666667 0.5 0.0625
13657 8 2 2 8 0.25 1 0.25
13680 58 16 13 61 0.224137931034483 0.8125 0.213114754098361
137 24 10 10 24 0.416666666666667 1 0.416666666666667
13714 2 1 1 2 0.5 1 0.5
13722 3 2 1 4 0.333333333333333 0.5 0.25
13768 160 5 4 161 0.025 0.8 0.0248447204968944
13810 2 1 1 2 0.5 1 0.5
13855 4 1 0 5 0 0 0
13867 3 2 1 4 0.333333333333333 0.5 0.25
13868 6 1 0 7 0 0 0
13901 2 1 1 2 0.5 1 0.5
13910 5 1 0 6 0 0 0
13911 3 1 0 4 0 0 0
13945 2 1 0 3 0 0 0
14 4 2 2 4 0.5 1 0.5
14026 8 1 0 9 0 0 0
1406 1 1 1 1 1 1 1
14080 14 2 2 14 0.142857142857143 1 0.142857142857143
14085 5 2 2 5 0.4 1 0.4
14103 5 1 0 6 0 0 0
1424 1 1 1 1 1 1 1
14259 36 4 3 37 0.0833333333333333 0.75 0.0810810810810811
1426 1 1 1 1 1 1 1
14262 3 2 2 3 0.666666666666667 1 0.666666666666667
14277 4 6 1 9 0.25 0.166666666666667 0.111111111111111
14325 11 2 2 11 0.181818181818182 1 0.181818181818182
14371 3 1 0 4 0 0 0
14383 5 1 1 5 0.2 1 0.2
14492 45 1 1 45 0.0222222222222222 1 0.0222222222222222
14511 2 2 1 3 0.5 0.5 0.333333333333333
14589 21 7 6 22 0.285714285714286 0.857142857142857 0.272727272727273
14595 7 2 1 8 0.142857142857143 0.5 0.125
14607 2 1 0 3 0 0 0
14609 14 2 2 14 0.142857142857143 1 0.142857142857143
14650 7 2 1 8 0.142857142857143 0.5 0.125
14717 96 3 3 96 0.03125 1 0.03125
14868 18 1 1 18 0.0555555555555556 1 0.0555555555555556
14907 3 2 2 3 0.666666666666667 1 0.666666666666667
15003 6 1 1 6 0.166666666666667 1 0.166666666666667
15022 1 1 1 1 1 1 1
15088 2 1 0 3 0 0 0
15169 112 41 27 126 0.241071428571429 0.658536585365854 0.214285714285714
15176 4 1 0 5 0 0 0
15189 7 3 2 8 0.285714285714286 0.666666666666667 0.25
15216 2 1 0 3 0 0 0
15226 5 2 0 7 0 0 0
15296 8 1 1 8 0.125 1 0.125
15318 2 1 0 3 0 0 0
15324 1 1 1 1 1 1 1
15373 2 1 1 2 0.5 1 0.5
15412 424 15 12 427 0.0283018867924528 0.8 0.0281030444964871
15436 10 2 2 10 0.2 1 0.2
15444 299 19 12 306 0.040133779264214 0.631578947368421 0.0392156862745098
15451 2 1 0 3 0 0 0
15456 3 2 2 3 0.666666666666667 1 0.666666666666667
15469 12 7 6 13 0.5 0.857142857142857 0.461538461538462
15474 1 1 1 1 1 1 1
15479 6 2 2 6 0.333333333333333 1 0.333333333333333
15498 9 4 4 9 0.444444444444444 1 0.444444444444444
15518 2 1 1 2 0.5 1 0.5
15525 18 1 0 19 0 0 0
15533 38 4 3 39 0.0789473684210526 0.75 0.0769230769230769
15557 133 2 2 133 0.0150375939849624 1 0.0150375939849624
15576 30 4 3 31 0.1 0.75 0.0967741935483871
15589 38 7 4 41 0.105263157894737 0.571428571428571 0.0975609756097561
15598 136 29 21 144 0.154411764705882 0.724137931034483 0.145833333333333
15600 42 11 10 43 0.238095238095238 0.909090909090909 0.232558139534884
15605 2 2 0 4 0 0 0
15606 25 15 7 33 0.28 0.466666666666667 0.212121212121212
15623 32 5 4 33 0.125 0.8 0.121212121212121
15653 3 1 1 3 0.333333333333333 1 0.333333333333333
15657 2 1 1 2 0.5 1 0.5
15685 36 19 15 40 0.416666666666667 0.789473684210526 0.375
15694 96 3 2 97 0.0208333333333333 0.666666666666667 0.0206185567010309
15696 3 1 0 4 0 0 0
15703 63 1 1 63 0.0158730158730159 1 0.0158730158730159
15716 4 2 2 4 0.5 1 0.5
15725 4 4 3 5 0.75 0.75 0.6
15726 2 1 1 2 0.5 1 0.5
15744 15 1 1 15 0.0666666666666667 1 0.0666666666666667
15756 20 1 1 20 0.05 1 0.05
15772 59 1 1 59 0.0169491525423729 1 0.0169491525423729
15782 13 3 3 13 0.230769230769231 1 0.230769230769231
15798 2 1 0 3 0 0 0
15805 21 5 3 23 0.142857142857143 0.6 0.130434782608696
15806 12 1 0 13 0 0 0
15825 1 1 0 2 0 0 0
15826 3 2 2 3 0.666666666666667 1 0.666666666666667
15830 107 1 0 108 0 0 0
15835 35 4 4 35 0.114285714285714 1 0.114285714285714
15857 47 13 7 53 0.148936170212766 0.538461538461538 0.132075471698113
15879 40 20 15 45 0.375 0.75 0.333333333333333
15894 2 1 1 2 0.5 1 0.5
159 2 1 1 2 0.5 1 0.5
15919 7 1 1 7 0.142857142857143 1 0.142857142857143
15965 4 1 1 4 0.25 1 0.25
16004 13 6 5 14 0.384615384615385 0.833333333333333 0.357142857142857
16016 25 5 5 25 0.2 1 0.2
16019 7 2 2 7 0.285714285714286 1 0.285714285714286
16073 6 2 2 6 0.333333333333333 1 0.333333333333333
16080 16 1 1 16 0.0625 1 0.0625
16082 32 1 1 32 0.03125 1 0.03125
16086 26 30 12 44 0.461538461538462 0.4 0.272727272727273
16097 46 17 10 53 0.217391304347826 0.588235294117647 0.188679245283019
16117 2 1 1 2 0.5 1 0.5
16128 17 4 3 18 0.176470588235294 0.75 0.166666666666667
16131 35 20 11 44 0.314285714285714 0.55 0.25
16138 6 2 1 7 0.166666666666667 0.5 0.142857142857143
16150 261 15 12 264 0.0459770114942529 0.8 0.0454545454545455
16186 4 4 3 5 0.75 0.75 0.6
16206 16 2 0 18 0 0 0
16210 7 3 3 7 0.428571428571429 1 0.428571428571429
16215 13 5 5 13 0.384615384615385 1 0.384615384615385
16237 31 9 6 34 0.193548387096774 0.666666666666667 0.176470588235294
16242 7 1 1 7 0.142857142857143 1 0.142857142857143
16243 41 21 13 49 0.317073170731707 0.619047619047619 0.26530612244898
16245 21 7 6 22 0.285714285714286 0.857142857142857 0.272727272727273
16246 8 1 1 8 0.125 1 0.125
16265 80 25 21 84 0.2625 0.84 0.25
16276 64 16 9 71 0.140625 0.5625 0.126760563380282
16316 5 4 3 6 0.6 0.75 0.5
16326 1 2 1 2 1 0.5 0.5
16347 9 3 3 9 0.333333333333333 1 0.333333333333333
16397 30 5 3 32 0.1 0.6 0.09375
1653 32 4 4 32 0.125 1 0.125
16531 2 2 1 3 0.5 0.5 0.333333333333333
1659 10 3 2 11 0.2 0.666666666666667 0.181818181818182
16668 8 4 2 10 0.25 0.5 0.2
16724 5 1 1 5 0.2 1 0.2
16735 93 29 19 103 0.204301075268817 0.655172413793103 0.184466019417476
16807 4 2 0 6 0 0 0
16838 10 1 0 11 0 0 0
16866 2 3 2 3 1 0.666666666666667 0.666666666666667
16876 11 8 7 12 0.636363636363636 0.875 0.583333333333333
16942 6 1 1 6 0.166666666666667 1 0.166666666666667
16970 2 1 1 2 0.5 1 0.5
17048 3 1 1 3 0.333333333333333 1 0.333333333333333
17054 62 1 1 62 0.0161290322580645 1 0.0161290322580645
1706 5 1 1 5 0.2 1 0.2
17061 2 1 0 3 0 0 0
17204 2 1 0 3 0 0 0
1734 1 1 1 1 1 1 1
174 2693 92 91 2694 0.0337913108057928 0.989130434782609 0.0337787676317743
1741 10 5 4 11 0.4 0.8 0.363636363636364
17412 2 2 1 3 0.5 0.5 0.333333333333333
17435 2 1 1 2 0.5 1 0.5
17451 69 4 3 70 0.0434782608695652 0.75 0.0428571428571429
17464 2 1 1 2 0.5 1 0.5
17498 2 3 2 3 1 0.666666666666667 0.666666666666667
17511 14 3 2 15 0.142857142857143 0.666666666666667 0.133333333333333
17529 7 3 3 7 0.428571428571429 1 0.428571428571429
17554 9 3 2 10 0.222222222222222 0.666666666666667 0.2
17564 2 1 1 2 0.5 1 0.5
17579 13 6 5 14 0.384615384615385 0.833333333333333 0.357142857142857
1759 33 5 4 34 0.121212121212121 0.8 0.117647058823529
1764 68 21 16 73 0.235294117647059 0.761904761904762 0.219178082191781
17645 8 1 1 8 0.125 1 0.125
17671 4 1 1 4 0.25 1 0.25
17673 3 2 2 3 0.666666666666667 1 0.666666666666667
17676 40 1 1 40 0.025 1 0.025
17689 3 1 0 4 0 0 0
17705 4 1 1 4 0.25 1 0.25
17707 7 1 0 8 0 0 0
17709 17 1 0 18 0 0 0
17721 3 2 2 3 0.666666666666667 1 0.666666666666667
17727 7 1 1 7 0.142857142857143 1 0.142857142857143
17741 3 1 1 3 0.333333333333333 1 0.333333333333333
17746 19 1 1 19 0.0526315789473684 1 0.0526315789473684
17819 92 6 5 93 0.0543478260869565 0.833333333333333 0.0537634408602151
17820 14 1 1 14 0.0714285714285714 1 0.0714285714285714
17832 1 4 0 5 0 0 0
17885 1 1 0 2 0 0 0
17886 1 1 1 1 1 1 1
17888 21 2 2 21 0.0952380952380952 1 0.0952380952380952
17893 3 1 1 3 0.333333333333333 1 0.333333333333333
17920 8 1 1 8 0.125 1 0.125
17934 4 3 3 4 0.75 1 0.75
17940 3 1 1 3 0.333333333333333 1 0.333333333333333
17951 5 1 1 5 0.2 1 0.2
17955 4 4 2 6 0.5 0.5 0.333333333333333
1797 3 4 3 4 1 0.75 0.75
17977 3 1 1 3 0.333333333333333 1 0.333333333333333
1798 3 3 0 6 0 0 0
17990 5 1 1 5 0.2 1 0.2
18007 2 2 2 2 1 1 1
18011 1 1 0 2 0 0 0
18037 10 1 1 10 0.1 1 0.1
18059 16 1 0 17 0 0 0
18070 2 2 1 3 0.5 0.5 0.333333333333333
18097 3 1 0 4 0 0 0
18119 3 2 2 3 0.666666666666667 1 0.666666666666667
18126 3 1 1 3 0.333333333333333 1 0.333333333333333
18146 2 3 0 5 0 0 0
18149 4 4 3 5 0.75 0.75 0.6
18182 2 1 0 3 0 0 0
18185 5 3 2 6 0.4 0.666666666666667 0.333333333333333
18203 2 3 2 3 1 0.666666666666667 0.666666666666667
18206 2 1 1 2 0.5 1 0.5
18218 1 1 0 2 0 0 0
18259 2 2 1 3 0.5 0.5 0.333333333333333
18266 4 1 1 4 0.25 1 0.25
18344 1 2 0 3 0 0 0
1835 6 1 1 6 0.166666666666667 1 0.166666666666667
1836 59 2 2 59 0.0338983050847458 1 0.0338983050847458
18366 2 3 0 5 0 0 0
18368 1 1 1 1 1 1 1
18369 1 1 0 2 0 0 0
1837 2 2 2 2 1 1 1
18407 1 1 1 1 1 1 1
18422 5 1 1 5 0.2 1 0.2
18450 6 1 1 6 0.166666666666667 1 0.166666666666667
1850 2 1 1 2 0.5 1 0.5
18508 5 3 2 6 0.4 0.666666666666667 0.333333333333333
1853 123 40 39 124 0.317073170731707 0.975 0.314516129032258
18592 23 10 8 25 0.347826086956522 0.8 0.32
18666 1 1 1 1 1 1 1
18747 33 1 1 33 0.0303030303030303 1 0.0303030303030303
18750 2 1 1 2 0.5 1 0.5
18779 12 3 3 12 0.25 1 0.25
18786 2 1 0 3 0 0 0
1880 18 7 4 21 0.222222222222222 0.571428571428571 0.19047619047619
1881 1 1 1 1 1 1 1
1887 9 1 1 9 0.111111111111111 1 0.111111111111111
19021 4 2 1 5 0.25 0.5 0.2
19073 3 1 1 3 0.333333333333333 1 0.333333333333333
19080 102 3 3 102 0.0294117647058824 1 0.0294117647058824
19089 105 2 2 105 0.019047619047619 1 0.019047619047619
19149 1 1 1 1 1 1 1
19151 778 244 213 809 0.273778920308483 0.872950819672131 0.263288009888752
1916 154 29 28 155 0.181818181818182 0.96551724137931 0.180645161290323
19182 8 2 1 9 0.125 0.5 0.111111111111111
19192 2 1 1 2 0.5 1 0.5
19255 5 4 2 7 0.4 0.5 0.285714285714286
19262 39 1 1 39 0.0256410256410256 1 0.0256410256410256
1930 23 8 7 24 0.304347826086957 0.875 0.291666666666667
19384 8 1 0 9 0 0 0
19401 52 18 17 53 0.326923076923077 0.944444444444444 0.320754716981132
19429 24 2 1 25 0.0416666666666667 0.5 0.04
195 8 2 1 9 0.125 0.5 0.111111111111111
19506 4 1 1 4 0.25 1 0.25
19517 1 1 0 2 0 0 0
1955 12 3 3 12 0.25 1 0.25
19557 5 2 1 6 0.2 0.5 0.166666666666667
19624 3 1 1 3 0.333333333333333 1 0.333333333333333
196613 2 2 2 2 1 1 1
19662 3 2 2 3 0.666666666666667 1 0.666666666666667
196621 3 2 2 3 0.666666666666667 1 0.666666666666667
1967 2 1 1 2 0.5 1 0.5
196724 2 2 2 2 1 1 1
196878 5 2 2 5 0.4 1 0.4
19693 9 1 0 10 0 0 0
197000 12 10 7 15 0.583333333333333 0.7 0.466666666666667
19740 15 3 3 15 0.2 1 0.2
19750 3 1 1 3 0.333333333333333 1 0.333333333333333
19782 22 2 2 22 0.0909090909090909 1 0.0909090909090909
19783 2 2 1 3 0.5 0.5 0.333333333333333
19855 50 2 1 51 0.02 0.5 0.0196078431372549
19866 2 1 1 2 0.5 1 0.5
19872 1 1 1 1 1 1 1
1998 5 1 1 5 0.2 1 0.2
20080 20 6 6 20 0.3 1 0.3
20130 2 1 1 2 0.5 1 0.5
20144 48 13 11 50 0.229166666666667 0.846153846153846 0.22
2018 4 1 1 4 0.25 1 0.25
20205 3 1 0 4 0 0 0
20225 11 1 1 11 0.0909090909090909 1 0.0909090909090909
20308 1 1 1 1 1 1 1
20312 10 5 5 10 0.5 1 0.5
20381 2 2 1 3 0.5 0.5 0.333333333333333
2042 15 6 5 16 0.333333333333333 0.833333333333333 0.3125
20436 2 1 0 3 0 0 0
2044 16 2 2 16 0.125 1 0.125
20473 24 4 3 25 0.125 0.75 0.12
20495 49 13 9 53 0.183673469387755 0.692307692307692 0.169811320754717
20507 38 10 8 40 0.210526315789474 0.8 0.2
20535 7 1 1 7 0.142857142857143 1 0.142857142857143
20547 42 6 5 43 0.119047619047619 0.833333333333333 0.116279069767442
2055 2 1 1 2 0.5 1 0.5
20552 10 1 0 11 0 0 0
20555 6 3 3 6 0.5 1 0.5
20562 357 10 10 357 0.0280112044817927 1 0.0280112044817927
20569 10 5 5 10 0.5 1 0.5
20570 3 1 1 3 0.333333333333333 1 0.333333333333333
20597 2 1 1 2 0.5 1 0.5
20608 3 2 0 5 0 0 0
20612 4 2 1 5 0.25 0.5 0.2
20621 4 5 3 6 0.75 0.6 0.5
20626 1 1 1 1 1 1 1
20633 21 14 8 27 0.380952380952381 0.571428571428571 0.296296296296296
20634 34 1 1 34 0.0294117647058824 1 0.0294117647058824
20640 210 103 76 237 0.361904761904762 0.737864077669903 0.320675105485232
20650 5 1 1 5 0.2 1 0.2
20676 99 1 1 99 0.0101010101010101 1 0.0101010101010101
20704 21 3 3 21 0.142857142857143 1 0.142857142857143
20707 2 2 2 2 1 1 1
20712 26 6 4 28 0.153846153846154 0.666666666666667 0.142857142857143
20718 28 14 2 40 0.0714285714285714 0.142857142857143 0.05
20742 1 1 1 1 1 1 1
20766 12 1 1 12 0.0833333333333333 1 0.0833333333333333
20773 28 18 13 33 0.464285714285714 0.722222222222222 0.393939393939394
20783 6 3 1 8 0.166666666666667 0.333333333333333 0.125
20836 16 1 0 17 0 0 0
20845 3 1 1 3 0.333333333333333 1 0.333333333333333
20847 30 21 11 40 0.366666666666667 0.523809523809524 0.275
20850 23 3 3 23 0.130434782608696 1 0.130434782608696
20857 28 5 4 29 0.142857142857143 0.8 0.137931034482759
209 1450 28 26 1452 0.0179310344827586 0.928571428571429 0.0179063360881543
20904 2 1 1 2 0.5 1 0.5
20912 11 5 4 12 0.363636363636364 0.8 0.333333333333333
20932 296 16 12 300 0.0405405405405405 0.75 0.04
20940 115 4 2 117 0.0173913043478261 0.5 0.0170940170940171
20953 30 9 5 34 0.166666666666667 0.555555555555556 0.147058823529412
20960 76 3 2 77 0.0263157894736842 0.666666666666667 0.025974025974026
20965 53 41 41 53 0.773584905660377 1 0.773584905660377
20968 1 1 1 1 1 1 1
210 13 1 1 13 0.0769230769230769 1 0.0769230769230769
21011 113 19 13 119 0.115044247787611 0.684210526315789 0.109243697478992
21013 37 18 12 43 0.324324324324324 0.666666666666667 0.27906976744186
21055 39 9 7 41 0.179487179487179 0.777777777777778 0.170731707317073
2107 1 2 1 2 1 0.5 0.5
2108 1 1 1 1 1 1 1
2110 47 3 2 48 0.0425531914893617 0.666666666666667 0.0416666666666667
21107 2 1 0 3 0 0 0
21142 7 2 2 7 0.285714285714286 1 0.285714285714286
21155 38 17 11 44 0.289473684210526 0.647058823529412 0.25
21159 3 2 2 3 0.666666666666667 1 0.666666666666667
2116 33 7 7 33 0.212121212121212 1 0.212121212121212
21174 3 1 0 4 0 0 0
2119 455 1 1 455 0.0021978021978022 1 0.0021978021978022
21195 22 3 3 22 0.136363636363636 1 0.136363636363636
21213 13 5 5 13 0.384615384615385 1 0.384615384615385
21219 232 12 5 239 0.021551724137931 0.416666666666667 0.0209205020920502
21221 31 14 8 37 0.258064516129032 0.571428571428571 0.216216216216216
21263 35 19 13 41 0.371428571428571 0.684210526315789 0.317073170731707
2128 4 1 1 4 0.25 1 0.25
21320 6 1 1 6 0.166666666666667 1 0.166666666666667
21371 49 16 10 55 0.204081632653061 0.625 0.181818181818182
21385 114 27 18 123 0.157894736842105 0.666666666666667 0.146341463414634
21392 33 11 7 37 0.212121212121212 0.636363636363636 0.189189189189189
21396 35 12 9 38 0.257142857142857 0.75 0.236842105263158
21399 2 2 0 4 0 0 0
21409 35 1 0 36 0 0 0
21414 65 14 8 71 0.123076923076923 0.571428571428571 0.112676056338028
21497 12 1 1 12 0.0833333333333333 1 0.0833333333333333
21499 3 1 1 3 0.333333333333333 1 0.333333333333333
21513 15 3 3 15 0.2 1 0.2
2152 91 5 5 91 0.0549450549450549 1 0.0549450549450549
2153 42 19 18 43 0.428571428571429 0.947368421052632 0.418604651162791
21548 22 1 1 22 0.0454545454545455 1 0.0454545454545455
21719 4 1 0 5 0 0 0
21737 10 1 0 11 0 0 0
21788 14 5 5 14 0.357142857142857 1 0.357142857142857
21816 2 1 1 2 0.5 1 0.5
21844 24 4 4 24 0.166666666666667 1 0.166666666666667
21856 1 1 1 1 1 1 1
21911 10 3 3 10 0.3 1 0.3
21928 5 2 2 5 0.4 1 0.4
21947 30 3 3 30 0.1 1 0.1
21968 2 1 0 3 0 0 0
21976 19 3 3 19 0.157894736842105 1 0.157894736842105
2200 51 5 4 52 0.0784313725490196 0.8 0.0769230769230769
22047 2 1 1 2 0.5 1 0.5
22070 4 1 0 5 0 0 0
22095 4 1 1 4 0.25 1 0.25
22192 3 1 1 3 0.333333333333333 1 0.333333333333333
22212 238 24 12 250 0.0504201680672269 0.5 0.048
22284 8 1 0 9 0 0 0
22298 17 3 3 17 0.176470588235294 1 0.176470588235294
22302 8 3 3 8 0.375 1 0.375
22335 22 4 4 22 0.181818181818182 1 0.181818181818182
22351 38 2 2 38 0.0526315789473684 1 0.0526315789473684
22356 42 2 2 42 0.0476190476190476 1 0.0476190476190476
22388 9 9 8 10 0.888888888888889 0.888888888888889 0.8
224 6 2 2 6 0.333333333333333 1 0.333333333333333
22404 2 1 0 3 0 0 0
22431 10 3 1 12 0.1 0.333333333333333 0.0833333333333333
22438 3 3 2 4 0.666666666666667 0.666666666666667 0.5
22439 3 1 1 3 0.333333333333333 1 0.333333333333333
225 2 1 1 2 0.5 1 0.5
22548 94 8 7 95 0.074468085106383 0.875 0.0736842105263158
22577 12 3 3 12 0.25 1 0.25
22581 2 1 1 2 0.5 1 0.5
226 31 5 5 31 0.161290322580645 1 0.161290322580645
22645 9 1 1 9 0.111111111111111 1 0.111111111111111
22652 12 1 1 12 0.0833333333333333 1 0.0833333333333333
22734 2 1 0 3 0 0 0
22742 9 1 1 9 0.111111111111111 1 0.111111111111111
22773 285 1 1 285 0.00350877192982456 1 0.00350877192982456
22822 726 9 9 726 0.012396694214876 1 0.012396694214876
22829 21 3 3 21 0.142857142857143 1 0.142857142857143
22911 11 2 1 12 0.0909090909090909 0.5 0.0833333333333333
22937 2 1 0 3 0 0 0
22958 7 2 2 7 0.285714285714286 1 0.285714285714286
23028 4 3 1 6 0.25 0.333333333333333 0.166666666666667
23033 8 1 0 9 0 0 0
23127 2 1 0 3 0 0 0
23148 350 6 6 350 0.0171428571428571 1 0.0171428571428571
23171 8 1 1 8 0.125 1 0.125
23308 11 5 5 11 0.454545454545455 1 0.454545454545455
23316 2 1 1 2 0.5 1 0.5
23342 49 9 7 51 0.142857142857143 0.777777777777778 0.137254901960784
23352 37 3 2 38 0.0540540540540541 0.666666666666667 0.0526315789473684
23393 52 10 7 55 0.134615384615385 0.7 0.127272727272727
23431 2 1 0 3 0 0 0
23456 284 19 15 288 0.0528169014084507 0.789473684210526 0.0520833333333333
23504 26 8 3 31 0.115384615384615 0.375 0.0967741935483871
23518 5 4 3 6 0.6 0.75 0.5
23541 10 1 0 11 0 0 0
23577 6 1 0 7 0 0 0
23596 3 2 2 3 0.666666666666667 1 0.666666666666667
23600 3 2 2 3 0.666666666666667 1 0.666666666666667
23624 2 2 2 2 1 1 1
23634 5 4 4 5 0.8 1 0.8
23637 3 1 0 4 0 0 0
23655 21 1 1 21 0.0476190476190476 1 0.0476190476190476
23661 4 1 1 4 0.25 1 0.25
237 36 3 3 36 0.0833333333333333 1 0.0833333333333333
23754 4 1 0 5 0 0 0
23774 4 3 2 5 0.5 0.666666666666667 0.4
2381 26 5 5 26 0.192307692307692 1 0.192307692307692
23836 1 1 1 1 1 1 1
23838 3 1 0 4 0 0 0
23862 1 1 1 1 1 1 1
23869 3 1 0 4 0 0 0
23889 3 1 1 3 0.333333333333333 1 0.333333333333333
23899 2 2 1 3 0.5 0.5 0.333333333333333
23910 3 5 1 7 0.333333333333333 0.2 0.142857142857143
23911 8 17 4 21 0.5 0.235294117647059 0.19047619047619
23912 1 1 0 2 0 0 0
23930 29 3 2 30 0.0689655172413793 0.666666666666667 0.0666666666666667
23947 37 1 1 37 0.027027027027027 1 0.027027027027027
23953 5 1 0 6 0 0 0
23966 6 1 0 7 0 0 0
24 11 10 7 14 0.636363636363636 0.7 0.5
24005 3 1 1 3 0.333333333333333 1 0.333333333333333
24006 1 1 1 1 1 1 1
24047 4 2 2 4 0.5 1 0.5
24129 4 2 1 5 0.25 0.5 0.2
24130 33 3 2 34 0.0606060606060606 0.666666666666667 0.0588235294117647
24151 13 3 0 16 0 0 0
24173 3 1 0 4 0 0 0
24175 3 2 2 3 0.666666666666667 1 0.666666666666667
24203 26 2 2 26 0.0769230769230769 1 0.0769230769230769
24211 2 1 0 3 0 0 0
24212 4 1 0 5 0 0 0
24218 22 9 7 24 0.318181818181818 0.777777777777778 0.291666666666667
24220 4 1 1 4 0.25 1 0.25
24226 2 2 0 4 0 0 0
24229 5 1 1 5 0.2 1 0.2
24238 9 2 1 10 0.111111111111111 0.5 0.1
24287 4 3 3 4 0.75 1 0.75
24299 1 1 0 2 0 0 0
24311 1 1 0 2 0 0 0
24321 3 1 1 3 0.333333333333333 1 0.333333333333333
24334 2 1 1 2 0.5 1 0.5
24390 2 1 1 2 0.5 1 0.5
24424 2 1 0 3 0 0 0
24437 1 1 1 1 1 1 1
24475 4 4 4 4 1 1 1
24489 10 11 10 11 1 0.909090909090909 0.909090909090909
24490 13 12 12 13 0.923076923076923 1 0.923076923076923
24514 7 2 2 7 0.285714285714286 1 0.285714285714286
24530 3 1 0 4 0 0 0
24541 3 3 0 6 0 0 0
24557 4 3 3 4 0.75 1 0.75
24586 28 12 6 34 0.214285714285714 0.5 0.176470588235294
24594 27 6 3 30 0.111111111111111 0.5 0.1
24629 2 2 2 2 1 1 1
24638 19 2 2 19 0.105263157894737 1 0.105263157894737
24642 30 10 6 34 0.2 0.6 0.176470588235294
24679 24 14 8 30 0.333333333333333 0.571428571428571 0.266666666666667
24724 136 33 26 143 0.191176470588235 0.787878787878788 0.181818181818182
24730 48 1 1 48 0.0208333333333333 1 0.0208333333333333
24739 48 20 10 58 0.208333333333333 0.5 0.172413793103448
24776 4 2 1 5 0.25 0.5 0.2
24785 117 17 11 123 0.094017094017094 0.647058823529412 0.0894308943089431
24796 5 2 1 6 0.2 0.5 0.166666666666667
2484 3 1 1 3 0.333333333333333 1 0.333333333333333
2486 10 1 1 10 0.1 1 0.1
24863 21 3 3 21 0.142857142857143 1 0.142857142857143
24875 40 20 9 51 0.225 0.45 0.176470588235294
24889 7 3 3 7 0.428571428571429 1 0.428571428571429
24900 1 1 1 1 1 1 1
24940 24 14 9 29 0.375 0.642857142857143 0.310344827586207
2495 12 1 1 12 0.0833333333333333 1 0.0833333333333333
24953 20 2 2 20 0.1 1 0.1
24963 49 14 10 53 0.204081632653061 0.714285714285714 0.188679245283019
2497 251 76 64 263 0.254980079681275 0.842105263157895 0.243346007604563
24971 23 7 6 24 0.260869565217391 0.857142857142857 0.25
24973 3 4 1 6 0.333333333333333 0.25 0.166666666666667
2499 1 2 1 2 1 0.5 0.5
25 2 1 1 2 0.5 1 0.5
250 12 2 2 12 0.166666666666667 1 0.166666666666667
2500 31 40 18 53 0.580645161290323 0.45 0.339622641509434
25058 2 1 1 2 0.5 1 0.5
2506 2 1 1 2 0.5 1 0.5
25061 39 6 5 40 0.128205128205128 0.833333333333333 0.125
25074 102 22 15 109 0.147058823529412 0.681818181818182 0.137614678899083
25091 10 1 1 10 0.1 1 0.1
25098 15 2 2 15 0.133333333333333 1 0.133333333333333
2510 16 2 2 16 0.125 1 0.125
25137 20 6 5 21 0.25 0.833333333333333 0.238095238095238
2514 19 3 2 20 0.105263157894737 0.666666666666667 0.1
25148 23 8 7 24 0.304347826086957 0.875 0.291666666666667
2515 6 3 3 6 0.5 1 0.5
25151 16 1 0 17 0 0 0
25152 59 15 12 62 0.203389830508475 0.8 0.193548387096774
2516 326 51 45 332 0.138036809815951 0.882352941176471 0.135542168674699
25164 2 1 1 2 0.5 1 0.5
2518 13 6 5 14 0.384615384615385 0.833333333333333 0.357142857142857
25182 29 9 5 33 0.172413793103448 0.555555555555556 0.151515151515152
2519 31 6 5 32 0.161290322580645 0.833333333333333 0.15625
25192 27 17 13 31 0.481481481481481 0.764705882352941 0.419354838709677
2521 1 1 1 1 1 1 1
25234 4 4 2 6 0.5 0.5 0.333333333333333
2527 12 6 4 14 0.333333333333333 0.666666666666667 0.285714285714286
25279 26 14 9 31 0.346153846153846 0.642857142857143 0.290322580645161
25286 26 13 8 31 0.307692307692308 0.615384615384615 0.258064516129032
25295 3 1 1 3 0.333333333333333 1 0.333333333333333
25358 16 10 5 21 0.3125 0.5 0.238095238095238
25372 5 1 1 5 0.2 1 0.2
25376 4 3 1 6 0.25 0.333333333333333 0.166666666666667
25384 9 2 1 10 0.111111111111111 0.5 0.1
25409 2 1 1 2 0.5 1 0.5
25415 5 2 2 5 0.4 1 0.4
25432 2 1 1 2 0.5 1 0.5
25441 15 3 3 15 0.2 1 0.2
25459 32 8 7 33 0.21875 0.875 0.212121212121212
25466 33 16 11 38 0.333333333333333 0.6875 0.289473684210526
25473 6 3 3 6 0.5 1 0.5
25486 4 2 2 4 0.5 1 0.5
25489 9 2 2 9 0.222222222222222 1 0.222222222222222
2549 2 2 1 3 0.5 0.5 0.333333333333333
25512 22 4 4 22 0.181818181818182 1 0.181818181818182
25525 57 18 15 60 0.263157894736842 0.833333333333333 0.25
25532 5 1 1 5 0.2 1 0.2
25538 2 2 0 4 0 0 0
25560 30 127 21 136 0.7 0.165354330708661 0.154411764705882
25563 3 1 1 3 0.333333333333333 1 0.333333333333333
25577 88 5 4 89 0.0454545454545455 0.8 0.0449438202247191
25588 23 1 0 24 0 0 0
25593 10 1 1 10 0.1 1 0.1
25596 36 13 8 41 0.222222222222222 0.615384615384615 0.195121951219512
2561 3 2 2 3 0.666666666666667 1 0.666666666666667
25649 1 1 1 1 1 1 1
25689 14 2 2 14 0.142857142857143 1 0.142857142857143
2576 3 1 1 3 0.333333333333333 1 0.333333333333333
25795 9 3 3 9 0.333333333333333 1 0.333333333333333
25818 21 4 2 23 0.0952380952380952 0.5 0.0869565217391304
25829 2 1 1 2 0.5 1 0.5
2586 11 1 1 11 0.0909090909090909 1 0.0909090909090909
2588 27 2 2 27 0.0740740740740741 1 0.0740740740740741
25885 7 2 2 7 0.285714285714286 1 0.285714285714286
25899 28 2 2 28 0.0714285714285714 1 0.0714285714285714
2594 4 1 0 5 0 0 0
2595 2 1 0 3 0 0 0
2597 3 3 3 3 1 1 1
26 5 1 1 5 0.2 1 0.2
2602 4 3 3 4 0.75 1 0.75
2603 124 33 25 132 0.201612903225806 0.757575757575758 0.189393939393939
2607 41 8 8 41 0.195121951219512 1 0.195121951219512
2609 3 1 0 4 0 0 0
26090 2 1 0 3 0 0 0
2611 48 14 11 51 0.229166666666667 0.785714285714286 0.215686274509804
2614 20 1 1 20 0.05 1 0.05
262684 1 1 1 1 1 1 1
262713 2 1 1 2 0.5 1 0.5
26299 10 3 3 10 0.3 1 0.3
26347 9 3 3 9 0.333333333333333 1 0.333333333333333
2637 5 1 1 5 0.2 1 0.2
26415 51 9 2 58 0.0392156862745098 0.222222222222222 0.0344827586206897
26462 2 2 1 3 0.5 0.5 0.333333333333333
26496 7 2 2 7 0.285714285714286 1 0.285714285714286
26531 8 2 2 8 0.25 1 0.25
26592 28 4 2 30 0.0714285714285714 0.5 0.0666666666666667
26599 2 1 1 2 0.5 1 0.5
26610 2 1 1 2 0.5 1 0.5
26622 10 2 1 11 0.1 0.5 0.0909090909090909
26677 46 1 1 46 0.0217391304347826 1 0.0217391304347826
26711 4 3 3 4 0.75 1 0.75
26773 13 3 3 13 0.230769230769231 1 0.230769230769231
26785 3 2 1 4 0.333333333333333 0.5 0.25
26788 19 1 1 19 0.0526315789473684 1 0.0526315789473684
26888 2 2 2 2 1 1 1
26935 11 2 2 11 0.181818181818182 1 0.181818181818182
26949 1 1 0 2 0 0 0
2697 6 2 1 7 0.166666666666667 0.5 0.142857142857143
26978 13 3 1 15 0.0769230769230769 0.333333333333333 0.0666666666666667
2698 6 2 2 6 0.333333333333333 1 0.333333333333333
27 2 1 1 2 0.5 1 0.5
271 15 1 1 15 0.0666666666666667 1 0.0666666666666667
2714 1 1 1 1 1 1 1
2716 5 1 1 5 0.2 1 0.2
2721 3 2 2 3 0.666666666666667 1 0.666666666666667
27319 77 25 23 79 0.298701298701299 0.92 0.291139240506329
27321 3 3 2 4 0.666666666666667 0.666666666666667 0.5
27325 7 3 1 9 0.142857142857143 0.333333333333333 0.111111111111111
27400 3 1 1 3 0.333333333333333 1 0.333333333333333
27446 4 1 0 5 0 0 0
27524 54 6 5 55 0.0925925925925926 0.833333333333333 0.0909090909090909
27552 10 1 1 10 0.1 1 0.1
27589 9 1 1 9 0.111111111111111 1 0.111111111111111
27630 3 1 1 3 0.333333333333333 1 0.333333333333333
27664 97 4 4 97 0.0412371134020619 1 0.0412371134020619
27678 9 2 2 9 0.222222222222222 1 0.222222222222222
27693 3 1 1 3 0.333333333333333 1 0.333333333333333
27725 1 1 1 1 1 1 1
27750 19 15 14 20 0.736842105263158 0.933333333333333 0.7
27767 2 1 0 3 0 0 0
27770 1 1 0 2 0 0 0
27781 6 1 0 7 0 0 0
278 9 6 1 14 0.111111111111111 0.166666666666667 0.0714285714285714
27814 4 1 0 5 0 0 0
27817 4 2 2 4 0.5 1 0.5
27820 3 1 0 4 0 0 0
27841 3 1 1 3 0.333333333333333 1 0.333333333333333
27859 2 1 1 2 0.5 1 0.5
27882 3 1 1 3 0.333333333333333 1 0.333333333333333
27893 4 2 1 5 0.25 0.5 0.2
27912 2 1 0 3 0 0 0
27924 3 1 1 3 0.333333333333333 1 0.333333333333333
27929 6 2 2 6 0.333333333333333 1 0.333333333333333
27933 2 1 1 2 0.5 1 0.5
27970 1 1 1 1 1 1 1
27986 14 2 2 14 0.142857142857143 1 0.142857142857143
28000 1 1 1 1 1 1 1
28001 6 2 2 6 0.333333333333333 1 0.333333333333333
28138 7 2 2 7 0.285714285714286 1 0.285714285714286
28142 1 1 0 2 0 0 0
28169 1 1 0 2 0 0 0
2819 32 3 3 32 0.09375 1 0.09375
28220 85 2 2 85 0.0235294117647059 1 0.0235294117647059
28262 2 1 1 2 0.5 1 0.5
2828 867 22 17 872 0.0196078431372549 0.772727272727273 0.0194954128440367
28296 3 1 1 3 0.333333333333333 1 0.333333333333333
28299 9 2 1 10 0.111111111111111 0.5 0.1
28346 2 1 1 2 0.5 1 0.5
28360 5 1 1 5 0.2 1 0.2
28362 1 1 1 1 1 1 1
2847 4 3 3 4 0.75 1 0.75
2848 14 3 1 16 0.0714285714285714 0.333333333333333 0.0625
28497 5 2 2 5 0.4 1 0.4
28499 3 1 1 3 0.333333333333333 1 0.333333333333333
2852 99 33 25 107 0.252525252525253 0.757575757575758 0.233644859813084
2857 33 38 10 61 0.303030303030303 0.263157894736842 0.163934426229508
28571 7 3 2 8 0.285714285714286 0.666666666666667 0.25
286 351 184 85 450 0.242165242165242 0.46195652173913 0.188888888888889
28606 1 1 0 2 0 0 0
28618 4 3 1 6 0.25 0.333333333333333 0.166666666666667
28677 2 1 1 2 0.5 1 0.5
28678 2 1 1 2 0.5 1 0.5
28697 5 1 0 6 0 0 0
28716 52 1 1 52 0.0192307692307692 1 0.0192307692307692
28717 29 3 3 29 0.103448275862069 1 0.103448275862069
28725 1 4 1 4 1 0.25 0.25
28747 2 2 2 2 1 1 1
28748 1 1 1 1 1 1 1
28753 31 16 9 38 0.290322580645161 0.5625 0.236842105263158
28762 9 2 1 10 0.111111111111111 0.5 0.1
28788 39 12 9 42 0.230769230769231 0.75 0.214285714285714
28809 111 14 8 117 0.0720720720720721 0.571428571428571 0.0683760683760684
28824 2 1 0 3 0 0 0
2884 6 2 2 6 0.333333333333333 1 0.333333333333333
28847 1 1 1 1 1 1 1
28855 11 5 5 11 0.454545454545455 1 0.454545454545455
28857 8 4 4 8 0.5 1 0.5
28859 3 1 1 3 0.333333333333333 1 0.333333333333333
28878 39 14 8 45 0.205128205128205 0.571428571428571 0.177777777777778
28929 65 8 6 67 0.0923076923076923 0.75 0.0895522388059701
2895 268 4 3 269 0.0111940298507463 0.75 0.0111524163568773
29003 6 1 1 6 0.166666666666667 1 0.166666666666667
29009 32 6 3 35 0.09375 0.5 0.0857142857142857
29014 6 1 1 6 0.166666666666667 1 0.166666666666667
29017 50 7 5 52 0.1 0.714285714285714 0.0961538461538462
2905 96 2 0 98 0 0 0
29056 23 5 5 23 0.217391304347826 1 0.217391304347826
2906 7 5 4 8 0.571428571428571 0.8 0.5
29066 36 18 12 42 0.333333333333333 0.666666666666667 0.285714285714286
2907 85 6 6 85 0.0705882352941176 1 0.0705882352941176
29073 36 8 4 40 0.111111111111111 0.5 0.1
29076 90 20 11 99 0.122222222222222 0.55 0.111111111111111
29113 64 15 13 66 0.203125 0.866666666666667 0.196969696969697
29134 7 6 6 7 0.857142857142857 1 0.857142857142857
2914 631 219 163 687 0.258320126782884 0.744292237442922 0.2372634643377
29140 18 16 8 26 0.444444444444444 0.5 0.307692307692308
29147 1 1 1 1 1 1 1
29154 5 2 2 5 0.4 1 0.4
29169 24 5 4 25 0.166666666666667 0.8 0.16
29208 343 192 101 434 0.294460641399417 0.526041666666667 0.232718894009217
29216 1 1 1 1 1 1 1
29222 4 2 1 5 0.25 0.5 0.2
29240 1 1 1 1 1 1 1
29243 2 2 2 2 1 1 1
29246 10 1 1 10 0.1 1 0.1
29259 4 2 2 4 0.5 1 0.5
29276 1 1 0 2 0 0 0
29278 13 3 3 13 0.230769230769231 1 0.230769230769231
293 162 23 22 163 0.135802469135802 0.956521739130435 0.134969325153374
29311 4 1 1 4 0.25 1 0.25
29317 2 2 2 2 1 1 1
29321 7 3 2 8 0.285714285714286 0.666666666666667 0.25
29329 19 4 4 19 0.210526315789474 1 0.210526315789474
29396 32 11 9 34 0.28125 0.818181818181818 0.264705882352941
29405 13 2 2 13 0.153846153846154 1 0.153846153846154
29422 24 9 8 25 0.333333333333333 0.888888888888889 0.32
29430 3 1 1 3 0.333333333333333 1 0.333333333333333
29432 2 1 1 2 0.5 1 0.5
29449 56 24 20 60 0.357142857142857 0.833333333333333 0.333333333333333
29452 21 3 2 22 0.0952380952380952 0.666666666666667 0.0909090909090909
29488 3 2 2 3 0.666666666666667 1 0.666666666666667
29527 38 12 9 41 0.236842105263158 0.75 0.219512195121951
29542 5 3 1 7 0.2 0.333333333333333 0.142857142857143
29550 50 6 6 50 0.12 1 0.12
29608 14 3 3 14 0.214285714285714 1 0.214285714285714
29611 31 9 6 34 0.193548387096774 0.666666666666667 0.176470588235294
29632 43 2 2 43 0.0465116279069767 1 0.0465116279069767
29636 251 45 43 253 0.171314741035857 0.955555555555556 0.1699604743083
29651 11 2 2 11 0.181818181818182 1 0.181818181818182
29655 7 4 4 7 0.571428571428571 1 0.571428571428571
29659 3 1 1 3 0.333333333333333 1 0.333333333333333
29668 33 1 1 33 0.0303030303030303 1 0.0303030303030303
29670 8 5 3 10 0.375 0.6 0.3
29671 4 3 3 4 0.75 1 0.75
29680 4 2 2 4 0.5 1 0.5
29684 6 1 1 6 0.166666666666667 1 0.166666666666667
29686 318 157 119 356 0.374213836477987 0.75796178343949 0.334269662921348
29691 16 2 2 16 0.125 1 0.125
29744 2 1 1 2 0.5 1 0.5
29748 32 12 8 36 0.25 0.666666666666667 0.222222222222222
29763 1 1 1 1 1 1 1
29789 1 1 1 1 1 1 1
29791 221 12 9 224 0.0407239819004525 0.75 0.0401785714285714
29838 39 7 5 41 0.128205128205128 0.714285714285714 0.121951219512195
29904 1 2 1 2 1 0.5 0.5
3 10 1 0 11 0 0 0
30058 13 3 3 13 0.230769230769231 1 0.230769230769231
30059 3 3 2 4 0.666666666666667 0.666666666666667 0.5
30071 9 103 6 106 0.666666666666667 0.058252427184466 0.0566037735849057
30075 2 1 0 3 0 0 0
30094 59 1 1 59 0.0169491525423729 1 0.0169491525423729
30124 7 1 1 7 0.142857142857143 1 0.142857142857143
30126 3 2 1 4 0.333333333333333 0.5 0.25
30128 3 2 1 4 0.333333333333333 0.5 0.25
30130 5 2 2 5 0.4 1 0.4
30132 35 65 19 81 0.542857142857143 0.292307692307692 0.234567901234568
30160 12 2 1 13 0.0833333333333333 0.5 0.0769230769230769
30176 16 3 3 16 0.1875 1 0.1875
30217 5 1 1 5 0.2 1 0.2
30221 2 1 0 3 0 0 0
30225 1 1 0 2 0 0 0
30259 3 1 1 3 0.333333333333333 1 0.333333333333333
30340 18 2 2 18 0.111111111111111 1 0.111111111111111
30362 2 1 0 3 0 0 0
3043 26 6 5 27 0.192307692307692 0.833333333333333 0.185185185185185
30496 15 4 3 16 0.2 0.75 0.1875
30528 6 3 2 7 0.333333333333333 0.666666666666667 0.285714285714286
30653 29 10 7 32 0.241379310344828 0.7 0.21875
30700 5 2 2 5 0.4 1 0.4
30708 1 1 1 1 1 1 1
30737 3 2 2 3 0.666666666666667 1 0.666666666666667
30740 38 8 7 39 0.184210526315789 0.875 0.179487179487179
30781 65 25 15 75 0.230769230769231 0.6 0.2
30795 3 2 2 3 0.666666666666667 1 0.666666666666667
30798 4 1 1 4 0.25 1 0.25
30833 11 1 1 11 0.0909090909090909 1 0.0909090909090909
30844 286 8 7 287 0.0244755244755245 0.875 0.024390243902439
30851 7 2 2 7 0.285714285714286 1 0.285714285714286
30857 2 2 1 3 0.5 0.5 0.333333333333333
30880 10 1 1 10 0.1 1 0.1
30889 38 8 5 41 0.131578947368421 0.625 0.121951219512195
30890 153 25 18 160 0.117647058823529 0.72 0.1125
30925 18 9 5 22 0.277777777777778 0.555555555555556 0.227272727272727
30961 3 1 1 3 0.333333333333333 1 0.333333333333333
30962 8 1 1 8 0.125 1 0.125
30971 9 3 3 9 0.333333333333333 1 0.333333333333333
30975 8 6 2 12 0.25 0.333333333333333 0.166666666666667
31005 2 1 1 2 0.5 1 0.5
31027 54 2 1 55 0.0185185185185185 0.5 0.0181818181818182
31042 24 1 1 24 0.0416666666666667 1 0.0416666666666667
31078 6 5 4 7 0.666666666666667 0.8 0.571428571428571
31103 19 14 6 27 0.315789473684211 0.428571428571429 0.222222222222222
31117 12 5 4 13 0.333333333333333 0.8 0.307692307692308
31122 9 2 2 9 0.222222222222222 1 0.222222222222222
31127 3 4 2 5 0.666666666666667 0.5 0.4
31172 9 1 1 9 0.111111111111111 1 0.111111111111111
31229 6 2 1 7 0.166666666666667 0.5 0.142857142857143
31240 2 1 1 2 0.5 1 0.5
31252 61 17 13 65 0.213114754098361 0.764705882352941 0.2
31255 6 3 2 7 0.333333333333333 0.666666666666667 0.285714285714286
31261 24 1 1 24 0.0416666666666667 1 0.0416666666666667
31283 45 8 8 45 0.177777777777778 1 0.177777777777778
3130 21 2 2 21 0.0952380952380952 1 0.0952380952380952
31333 6 2 2 6 0.333333333333333 1 0.333333333333333
31334 53 17 11 59 0.207547169811321 0.647058823529412 0.186440677966102
31383 22 8 4 26 0.181818181818182 0.5 0.153846153846154
3140 1 1 1 1 1 1 1
31400 28 3 2 29 0.0714285714285714 0.666666666666667 0.0689655172413793
31416 4 1 0 5 0 0 0
31424 19 5 5 19 0.263157894736842 1 0.263157894736842
31442 2 2 1 3 0.5 0.5 0.333333333333333
31458 55 7 6 56 0.109090909090909 0.857142857142857 0.107142857142857
31477 245 4 4 245 0.0163265306122449 1 0.0163265306122449
31479 4 1 1 4 0.25 1 0.25
31493 4 1 1 4 0.25 1 0.25
31500 703 17 15 705 0.0213371266002845 0.882352941176471 0.0212765957446809
31513 2 1 0 3 0 0 0
31529 44 21 11 54 0.25 0.523809523809524 0.203703703703704
31530 6 1 1 6 0.166666666666667 1 0.166666666666667
31554 13 1 1 13 0.0769230769230769 1 0.0769230769230769
31615 5 1 0 6 0 0 0
31621 6 3 1 8 0.166666666666667 0.333333333333333 0.125
31649 8 2 2 8 0.25 1 0.25
31661 36 13 9 40 0.25 0.692307692307692 0.225
31677 5 3 1 7 0.2 0.333333333333333 0.142857142857143
31688 10 4 4 10 0.4 1 0.4
31708 35 11 9 37 0.257142857142857 0.818181818181818 0.243243243243243
31736 8 2 2 8 0.25 1 0.25
31859 2 2 0 4 0 0 0
31877 11 1 1 11 0.0909090909090909 1 0.0909090909090909
31939 4 1 1 4 0.25 1 0.25
32 6 1 1 6 0.166666666666667 1 0.166666666666667
32034 6 2 2 6 0.333333333333333 1 0.333333333333333
3209 143 4 4 143 0.027972027972028 1 0.027972027972028
3212 22 1 1 22 0.0454545454545455 1 0.0454545454545455
3213 40 13 10 43 0.25 0.769230769230769 0.232558139534884
3215 98 2 2 98 0.0204081632653061 1 0.0204081632653061
3221 1 1 1 1 1 1 1
3223 1 2 1 2 1 0.5 0.5
32244 4 1 1 4 0.25 1 0.25
32308 3 1 1 3 0.333333333333333 1 0.333333333333333
32329 3 1 1 3 0.333333333333333 1 0.333333333333333
32335 4 1 1 4 0.25 1 0.25
32346 2 2 2 2 1 1 1
32354 17 8 5 20 0.294117647058824 0.625 0.25
32360 3 2 1 4 0.333333333333333 0.5 0.25
32361 6 1 1 6 0.166666666666667 1 0.166666666666667
3243 18 4 2 20 0.111111111111111 0.5 0.1
32440 24 3 3 24 0.125 1 0.125
3248 57 26 19 64 0.333333333333333 0.730769230769231 0.296875
3249 58 12 8 62 0.137931034482759 0.666666666666667 0.129032258064516
3257 659 334 195 798 0.295902883156297 0.583832335329341 0.244360902255639
32592 17 1 1 17 0.0588235294117647 1 0.0588235294117647
3261 35 2 2 35 0.0571428571428571 1 0.0571428571428571
32613 13 2 2 13 0.153846153846154 1 0.153846153846154
3265 38 14 11 41 0.289473684210526 0.785714285714286 0.268292682926829
3267 349 11 8 352 0.0229226361031519 0.727272727272727 0.0227272727272727
32678 3 2 1 4 0.333333333333333 0.5 0.25
3269 157 1 1 157 0.00636942675159236 1 0.00636942675159236
32748 32 12 9 35 0.28125 0.75 0.257142857142857
3277 6 1 1 6 0.166666666666667 1 0.166666666666667
32782 4 1 0 5 0 0 0
32809 1 1 0 2 0 0 0
32825 2 1 0 3 0 0 0
32890 4 1 1 4 0.25 1 0.25
32915 2 1 0 3 0 0 0
3292 432 28 28 432 0.0648148148148148 1 0.0648148148148148
32978 1 1 1 1 1 1 1
3301 65 4 3 66 0.0461538461538462 0.75 0.0454545454545455
3302 45 3 3 45 0.0666666666666667 1 0.0666666666666667
3303 547 20 18 549 0.0329067641681901 0.9 0.0327868852459016
33071 10 3 3 10 0.3 1 0.3
33075 2 1 1 2 0.5 1 0.5
33079 2 1 1 2 0.5 1 0.5
3308 25 4 4 25 0.16 1 0.16
33080 4 1 1 4 0.25 1 0.25
33081 4 2 1 5 0.25 0.5 0.2
33082 1 1 1 1 1 1 1
33152 1 1 0 2 0 0 0
3316 18 3 2 19 0.111111111111111 0.666666666666667 0.105263157894737
33189 9 1 1 9 0.111111111111111 1 0.111111111111111
3320 543 20 16 547 0.0294659300184162 0.8 0.0292504570383912
3327 94 23 17 100 0.180851063829787 0.739130434782609 0.17
3330 25 3 3 25 0.12 1 0.12
33310 2 2 1 3 0.5 0.5 0.333333333333333
3333 168 5 4 169 0.0238095238095238 0.8 0.0236686390532544
33362 3 1 0 4 0 0 0
33419 21 1 1 21 0.0476190476190476 1 0.0476190476190476
33437 2 9 1 10 0.5 0.111111111111111 0.1
3344 8 4 2 10 0.25 0.5 0.2
33475 3 1 1 3 0.333333333333333 1 0.333333333333333
33517 8 2 2 8 0.25 1 0.25
3352 75 2 1 76 0.0133333333333333 0.5 0.0131578947368421
3356 2718 129 118 2729 0.0434142752023547 0.914728682170543 0.0432392817882008
33597 31 1 1 31 0.032258064516129 1 0.032258064516129
33606 6 1 1 6 0.166666666666667 1 0.166666666666667
3363 2 1 1 2 0.5 1 0.5
33631 2 1 1 2 0.5 1 0.5
33642 2 2 2 2 1 1 1
33764 2 2 0 4 0 0 0
33789 2 2 2 2 1 1 1
33808 14 1 1 14 0.0714285714285714 1 0.0714285714285714
33828 1 1 1 1 1 1 1
33843 37 21 12 46 0.324324324324324 0.571428571428571 0.260869565217391
33845 8 3 3 8 0.375 1 0.375
33868 7 1 1 7 0.142857142857143 1 0.142857142857143
33873 22 1 1 22 0.0454545454545455 1 0.0454545454545455
33876 1 1 1 1 1 1 1
33885 15 6 5 16 0.333333333333333 0.833333333333333 0.3125
33891 41 20 13 48 0.317073170731707 0.65 0.270833333333333
33923 5 3 1 7 0.2 0.333333333333333 0.142857142857143
33926 53 12 9 56 0.169811320754717 0.75 0.160714285714286
33930 2 1 0 3 0 0 0
33965 11 2 2 11 0.181818181818182 1 0.181818181818182
33984 2 1 1 2 0.5 1 0.5
33988 2 2 1 3 0.5 0.5 0.333333333333333
34011 21 16 10 27 0.476190476190476 0.625 0.37037037037037
34019 11 5 4 12 0.363636363636364 0.8 0.333333333333333
34021 8 4 2 10 0.25 0.5 0.2
34080 6 3 2 7 0.333333333333333 0.666666666666667 0.285714285714286
34081 3 2 2 3 0.666666666666667 1 0.666666666666667
34087 7 2 2 7 0.285714285714286 1 0.285714285714286
34108 6 1 1 6 0.166666666666667 1 0.166666666666667
34109 10 1 0 11 0 0 0
34123 34 3 2 35 0.0588235294117647 0.666666666666667 0.0571428571428571
34139 2 1 1 2 0.5 1 0.5
34141 22 1 1 22 0.0454545454545455 1 0.0454545454545455
34146 11 4 4 11 0.363636363636364 1 0.363636363636364
34183 3 2 2 3 0.666666666666667 1 0.666666666666667
34225 7 7 4 10 0.571428571428571 0.571428571428571 0.4
34240 2 2 2 2 1 1 1
34244 4 2 2 4 0.5 1 0.5
34245 44 1 1 44 0.0227272727272727 1 0.0227272727272727
34270 36 5 5 36 0.138888888888889 1 0.138888888888889
34279 17 2 2 17 0.117647058823529 1 0.117647058823529
34288 9 4 4 9 0.444444444444444 1 0.444444444444444
34305 58 15 10 63 0.172413793103448 0.666666666666667 0.158730158730159
34309 54 228 28 254 0.518518518518518 0.12280701754386 0.110236220472441
34313 23 6 5 24 0.217391304347826 0.833333333333333 0.208333333333333
34352 12 3 1 14 0.0833333333333333 0.333333333333333 0.0714285714285714
34372 3 1 1 3 0.333333333333333 1 0.333333333333333
34387 2 2 2 2 1 1 1
34419 23 8 2 29 0.0869565217391304 0.25 0.0689655172413793
34426 3 1 0 4 0 0 0
34427 3 1 1 3 0.333333333333333 1 0.333333333333333
34442 21 2 2 21 0.0952380952380952 1 0.0952380952380952
34486 29 6 4 31 0.137931034482759 0.666666666666667 0.129032258064516
34505 3 2 2 3 0.666666666666667 1 0.666666666666667
34525 2 1 0 3 0 0 0
34549 8 5 4 9 0.5 0.8 0.444444444444444
34554 12 4 4 12 0.333333333333333 1 0.333333333333333
34567 4 1 1 4 0.25 1 0.25
34574 3 1 0 4 0 0 0
34594 18 4 4 18 0.222222222222222 1 0.222222222222222
34602 12 4 2 14 0.166666666666667 0.5 0.142857142857143
34623 1 1 1 1 1 1 1
3464 8 1 1 8 0.125 1 0.125
34683 2 1 1 2 0.5 1 0.5
34695 970 221 197 994 0.203092783505155 0.891402714932127 0.198189134808853
34735 1 1 1 1 1 1 1
34752 3 1 1 3 0.333333333333333 1 0.333333333333333
34763 28 3 1 30 0.0357142857142857 0.333333333333333 0.0333333333333333
34781 9 1 1 9 0.111111111111111 1 0.111111111111111
34784 3 1 1 3 0.333333333333333 1 0.333333333333333
34863 2 2 2 2 1 1 1
34878 2 1 1 2 0.5 1 0.5
3491 406 5 5 406 0.0123152709359606 1 0.0123152709359606
34912 3 1 0 4 0 0 0
34913 6 1 1 6 0.166666666666667 1 0.166666666666667
3495 2 1 1 2 0.5 1 0.5
34953 22 14 8 28 0.363636363636364 0.571428571428571 0.285714285714286
34968 31 11 9 33 0.290322580645161 0.818181818181818 0.272727272727273
34997 9 5 4 10 0.444444444444444 0.8 0.4
35 2 1 0 3 0 0 0
35017 2 1 1 2 0.5 1 0.5
35028 35 6 5 36 0.142857142857143 0.833333333333333 0.138888888888889
35070 9 3 3 9 0.333333333333333 1 0.333333333333333
35087 8 2 2 8 0.25 1 0.25
35236 12 6 6 12 0.5 1 0.5
35244 24 23 14 33 0.583333333333333 0.608695652173913 0.424242424242424
35254 39 2 2 39 0.0512820512820513 1 0.0512820512820513
35260 26 8 5 29 0.192307692307692 0.625 0.172413793103448
35272 1 1 1 1 1 1 1
35310 1 1 0 2 0 0 0
35320 108 19 9 118 0.0833333333333333 0.473684210526316 0.076271186440678
35339 6 2 2 6 0.333333333333333 1 0.333333333333333
35366 30 16 8 38 0.266666666666667 0.5 0.210526315789474
35369 14 3 3 14 0.214285714285714 1 0.214285714285714
35382 2 2 2 2 1 1 1
35383 2 1 0 3 0 0 0
35393 14 2 2 14 0.142857142857143 1 0.142857142857143
35425 18 3 3 18 0.166666666666667 1 0.166666666666667
35470 11 4 2 13 0.181818181818182 0.5 0.153846153846154
35471 1 1 1 1 1 1 1
3549 1411 184 170 1425 0.120481927710843 0.923913043478261 0.119298245614035
35492 2 3 2 3 1 0.666666666666667 0.666666666666667
3551 1 1 0 2 0 0 0
35548 6 2 2 6 0.333333333333333 1 0.333333333333333
3557 18 9 9 18 0.5 1 0.5
35574 10 2 2 10 0.2 1 0.2
35592 5 4 3 6 0.6 0.75 0.5
35609 2 1 1 2 0.5 1 0.5
3561 428 8 8 428 0.0186915887850467 1 0.0186915887850467
35612 7 2 0 9 0 0 0
35627 6 3 1 8 0.166666666666667 0.333333333333333 0.125
35703 3 1 1 3 0.333333333333333 1 0.333333333333333
35706 18 8 3 23 0.166666666666667 0.375 0.130434782608696
35745 7 4 2 9 0.285714285714286 0.5 0.222222222222222
35819 16 2 2 16 0.125 1 0.125
3582 3 2 2 3 0.666666666666667 1 0.666666666666667
35826 2 2 1 3 0.5 0.5 0.333333333333333
35908 21 1 1 21 0.0476190476190476 1 0.0476190476190476
3597 9 2 2 9 0.222222222222222 1 0.222222222222222
35974 2 1 1 2 0.5 1 0.5
3598 2 1 1 2 0.5 1 0.5
3603 2 1 1 2 0.5 1 0.5
36086 8 4 4 8 0.5 1 0.5
36221 1 1 1 1 1 1 1
36229 1 1 1 1 1 1 1
36236 16 1 1 16 0.0625 1 0.0625
36252 2 2 2 2 1 1 1
36351 22 5 5 22 0.227272727272727 1 0.227272727272727
36383 1 1 0 2 0 0 0
36384 1 1 1 1 1 1 1
3640 4 1 1 4 0.25 1 0.25
36412 4 2 2 4 0.5 1 0.5
36472 3 1 1 3 0.333333333333333 1 0.333333333333333
36483 4 2 2 4 0.5 1 0.5
36563 2 1 1 2 0.5 1 0.5
3661 7 4 2 9 0.285714285714286 0.5 0.222222222222222
3662 15 9 8 16 0.533333333333333 0.888888888888889 0.5
3663 7 2 1 8 0.142857142857143 0.5 0.125
36671 2 1 1 2 0.5 1 0.5
36692 40 4 4 40 0.1 1 0.1
36728 1 1 0 2 0 0 0
3676 6 1 1 6 0.166666666666667 1 0.166666666666667
36786 1 1 1 1 1 1 1
36797 1 1 1 1 1 1 1
3681 4 1 1 4 0.25 1 0.25
36856 11 4 2 13 0.181818181818182 0.5 0.153846153846154
36944 38 8 7 39 0.184210526315789 0.875 0.179487179487179
37074 1 1 0 2 0 0 0
37084 7 1 1 7 0.142857142857143 1 0.142857142857143
37105 2 1 0 3 0 0 0
3714 4 1 1 4 0.25 1 0.25
3727 2 1 1 2 0.5 1 0.5
3741 105 2 2 105 0.019047619047619 1 0.019047619047619
3742 15 2 2 15 0.133333333333333 1 0.133333333333333
3754 43 6 6 43 0.13953488372093 1 0.13953488372093
3758 54 1 1 54 0.0185185185185185 1 0.0185185185185185
376 24 4 4 24 0.166666666666667 1 0.166666666666667
378 1 1 1 1 1 1 1
37918 2 1 1 2 0.5 1 0.5
37986 6 1 1 6 0.166666666666667 1 0.166666666666667
38 1 1 1 1 1 1 1
38005 2 2 2 2 1 1 1
38018 6 5 4 7 0.666666666666667 0.8 0.571428571428571
38022 35 8 8 35 0.228571428571429 1 0.228571428571429
38037 2 1 1 2 0.5 1 0.5
38044 2 1 1 2 0.5 1 0.5
38082 47 11 10 48 0.212765957446809 0.909090909090909 0.208333333333333
38128 1 1 0 2 0 0 0
38158 6 4 4 6 0.666666666666667 1 0.666666666666667
38182 7 1 1 7 0.142857142857143 1 0.142857142857143
38229 2 2 2 2 1 1 1
3825 1 1 0 2 0 0 0
38299 2 1 1 2 0.5 1 0.5
38321 2 1 1 2 0.5 1 0.5
38322 6 2 2 6 0.333333333333333 1 0.333333333333333
3836 8 2 1 9 0.125 0.5 0.111111111111111
38457 1 1 1 1 1 1 1
38462 2 2 2 2 1 1 1
38466 2 1 1 2 0.5 1 0.5
38477 4 1 1 4 0.25 1 0.25
3851 3 1 0 4 0 0 0
3856 82 14 10 86 0.121951219512195 0.714285714285714 0.116279069767442
38566 4 2 2 4 0.5 1 0.5
38567 2 1 1 2 0.5 1 0.5
38629 1 1 1 1 1 1 1
38639 2 2 2 2 1 1 1
38646 3 3 3 3 1 1 1
38652 2 1 1 2 0.5 1 0.5
38701 1 1 0 2 0 0 0
38710 6 1 0 7 0 0 0
38727 3 1 1 3 0.333333333333333 1 0.333333333333333
38759 3 12 2 13 0.666666666666667 0.166666666666667 0.153846153846154
38794 11 1 1 11 0.0909090909090909 1 0.0909090909090909
38796 1 1 0 2 0 0 0
38809 37 1 0 38 0 0 0
38826 4 1 1 4 0.25 1 0.25
38858 4 1 1 4 0.25 1 0.25
38861 32 5 4 33 0.125 0.8 0.121212121212121
38915 10 1 1 10 0.1 1 0.1
38922 13 1 1 13 0.0769230769230769 1 0.0769230769230769
38930 34 9 8 35 0.235294117647059 0.888888888888889 0.228571428571429
3900 7 1 1 7 0.142857142857143 1 0.142857142857143
39020 6 2 2 6 0.333333333333333 1 0.333333333333333
39029 3 2 2 3 0.666666666666667 1 0.666666666666667
39040 13 1 1 13 0.0769230769230769 1 0.0769230769230769
39091 5 1 1 5 0.2 1 0.2
39093 2 3 1 4 0.5 0.333333333333333 0.25
39102 18 1 1 18 0.0555555555555556 1 0.0555555555555556
39117 6 1 1 6 0.166666666666667 1 0.166666666666667
39122 6 4 3 7 0.5 0.75 0.428571428571429
39138 1 1 1 1 1 1 1
39145 8 3 3 8 0.375 1 0.375
39211 6 2 1 7 0.166666666666667 0.5 0.142857142857143
39242 2 1 1 2 0.5 1 0.5
39250 2 1 0 3 0 0 0
39288 4 3 2 5 0.5 0.666666666666667 0.4
39301 6 2 2 6 0.333333333333333 1 0.333333333333333
39308 1 1 0 2 0 0 0
39309 24 9 4 29 0.166666666666667 0.444444444444444 0.137931034482759
3931 2 2 1 3 0.5 0.5 0.333333333333333
393220 2 3 2 3 1 0.666666666666667 0.666666666666667
39326 224 25 22 227 0.0982142857142857 0.88 0.0969162995594714
39342 2 2 2 2 1 1 1
39386 43 1 1 43 0.0232558139534884 1 0.0232558139534884
3943 5 5 5 5 1 1 1
39472 2 1 1 2 0.5 1 0.5
3949 2 1 1 2 0.5 1 0.5
39520 2 1 0 3 0 0 0
39537 2 2 0 4 0 0 0
39545 4 2 2 4 0.5 1 0.5
39554 4 2 2 4 0.5 1 0.5
39556 30 13 10 33 0.333333333333333 0.769230769230769 0.303030303030303
39560 2 1 1 2 0.5 1 0.5
39570 3 3 2 4 0.666666666666667 0.666666666666667 0.5
39572 3 1 1 3 0.333333333333333 1 0.333333333333333
39598 4 2 2 4 0.5 1 0.5
39602 3 1 1 3 0.333333333333333 1 0.333333333333333
39637 22 9 4 27 0.181818181818182 0.444444444444444 0.148148148148148
39662 3 1 1 3 0.333333333333333 1 0.333333333333333
39700 7 3 1 9 0.142857142857143 0.333333333333333 0.111111111111111
39704 12 3 2 13 0.166666666666667 0.666666666666667 0.153846153846154
39737 86 16 11 91 0.127906976744186 0.6875 0.120879120879121
39761 2 2 2 2 1 1 1
39787 5 2 1 6 0.2 0.5 0.166666666666667
39790 5 4 3 6 0.6 0.75 0.5
39792 887 30 23 894 0.0259301014656144 0.766666666666667 0.0257270693512304
39837 2 1 1 2 0.5 1 0.5
39839 3 2 2 3 0.666666666666667 1 0.666666666666667
39854 1 1 1 1 1 1 1
39875 2 1 1 2 0.5 1 0.5
39905 7 3 3 7 0.428571428571429 1 0.428571428571429
39912 405 10 10 405 0.0246913580246914 1 0.0246913580246914
3999 2 1 1 2 0.5 1 0.5
40009 59 6 5 60 0.0847457627118644 0.833333333333333 0.0833333333333333
40068 12 2 2 12 0.166666666666667 1 0.166666666666667
40193 12 8 5 15 0.416666666666667 0.625 0.333333333333333
40220 14 5 5 14 0.357142857142857 1 0.357142857142857
40335 3 1 1 3 0.333333333333333 1 0.333333333333333
40387 21 2 2 21 0.0952380952380952 1 0.0952380952380952
4043 2 1 0 3 0 0 0
40475 15 1 1 15 0.0666666666666667 1 0.0666666666666667
40490 2 1 1 2 0.5 1 0.5
4050 2 1 1 2 0.5 1 0.5
40528 10 9 9 10 0.9 1 0.9
4058 12 2 2 12 0.166666666666667 1 0.166666666666667
40581 9 2 1 10 0.111111111111111 0.5 0.1
40589 2 1 1 2 0.5 1 0.5
40630 2 1 1 2 0.5 1 0.5
40679 1 1 1 1 1 1 1
40832 2 1 1 2 0.5 1 0.5
40850 2 1 0 3 0 0 0
40911 3 1 1 3 0.333333333333333 1 0.333333333333333
40912 2 1 1 2 0.5 1 0.5
40943 2 1 0 3 0 0 0
41012 30 6 5 31 0.166666666666667 0.833333333333333 0.161290322580645
41045 30 13 10 33 0.333333333333333 0.769230769230769 0.303030303030303
41075 2 2 1 3 0.5 0.5 0.333333333333333
41144 1 1 1 1 1 1 1
41145 10 3 2 11 0.2 0.666666666666667 0.181818181818182
41176 2 1 0 3 0 0 0
41323 7 1 1 7 0.142857142857143 1 0.142857142857143
4134 110 1 0 111 0 0 0
41391 8 5 4 9 0.5 0.8 0.444444444444444
41412 6 1 1 6 0.166666666666667 1 0.166666666666667
41420 33 1 1 33 0.0303030303030303 1 0.0303030303030303
41458 5 1 1 5 0.2 1 0.2
41495 5 2 2 5 0.4 1 0.4
4150 9 4 2 11 0.222222222222222 0.5 0.181818181818182
41572 8 2 2 8 0.25 1 0.25
4158 2 1 1 2 0.5 1 0.5
41589 7 1 1 7 0.142857142857143 1 0.142857142857143
41670 1 1 1 1 1 1 1
41692 76 90 25 141 0.328947368421053 0.277777777777778 0.177304964539007
41693 6 1 0 7 0 0 0
41696 6 1 1 6 0.166666666666667 1 0.166666666666667
41698 2 1 1 2 0.5 1 0.5
41705 1 1 0 2 0 0 0
41711 8 5 3 10 0.375 0.6 0.3
41773 1 2 1 2 1 0.5 0.5
41824 11 6 4 13 0.363636363636364 0.666666666666667 0.307692307692308
41828 2 1 1 2 0.5 1 0.5
41833 3 1 0 4 0 0 0
41884 5 2 2 5 0.4 1 0.4
41887 13 7 5 15 0.384615384615385 0.714285714285714 0.333333333333333
41913 9 5 5 9 0.555555555555556 1 0.555555555555556
41960 7 1 0 8 0 0 0
42 110 16 13 113 0.118181818181818 0.8125 0.115044247787611
42000 10 3 3 10 0.3 1 0.3
42017 3 1 0 4 0 0 0
42184 29 10 6 33 0.206896551724138 0.6 0.181818181818182
42189 2 1 1 2 0.5 1 0.5
42227 7 6 5 8 0.714285714285714 0.833333333333333 0.625
42303 3 1 1 3 0.333333333333333 1 0.333333333333333
42346 11 1 1 11 0.0909090909090909 1 0.0909090909090909
42369 26 3 2 27 0.0769230769230769 0.666666666666667 0.0740740740740741
42385 6 3 3 6 0.5 1 0.5
42473 2 1 1 2 0.5 1 0.5
42477 3 1 1 3 0.333333333333333 1 0.333333333333333
42525 35 3 3 35 0.0857142857142857 1 0.0857142857142857
42579 26 5 4 27 0.153846153846154 0.8 0.148148148148148
42585 9 1 0 10 0 0 0
42605 22 16 9 29 0.409090909090909 0.5625 0.310344827586207
42613 3 1 1 3 0.333333333333333 1 0.333333333333333
42652 45 5 4 46 0.0888888888888889 0.8 0.0869565217391304
42678 2 1 1 2 0.5 1 0.5
42689 33 10 7 36 0.212121212121212 0.7 0.194444444444444
42695 5 2 2 5 0.4 1 0.4
4270 7 4 2 9 0.285714285714286 0.5 0.222222222222222
42708 13 4 3 14 0.230769230769231 0.75 0.214285714285714
42755 6 1 1 6 0.166666666666667 1 0.166666666666667
42841 8 1 1 8 0.125 1 0.125
42909 23 7 6 24 0.260869565217391 0.857142857142857 0.25
42965 6 1 1 6 0.166666666666667 1 0.166666666666667
42973 7 1 1 7 0.142857142857143 1 0.142857142857143
42979 17 2 2 17 0.117647058823529 1 0.117647058823529
43037 6 1 1 6 0.166666666666667 1 0.166666666666667
43070 7 1 1 7 0.142857142857143 1 0.142857142857143
43100 7 1 0 8 0 0 0
43118 5 3 1 7 0.2 0.333333333333333 0.142857142857143
43128 1 1 1 1 1 1 1
43148 3 1 0 4 0 0 0
43190 3 1 1 3 0.333333333333333 1 0.333333333333333
43226 3 1 1 3 0.333333333333333 1 0.333333333333333
4323 1336 23 23 1336 0.0172155688622754 1 0.0172155688622754
43289 4 1 1 4 0.25 1 0.25
43313 3 1 1 3 0.333333333333333 1 0.333333333333333
43333 9 3 3 9 0.333333333333333 1 0.333333333333333
43383 1 2 1 2 1 0.5 0.5
43408 1 1 0 2 0 0 0
43447 1 1 1 1 1 1 1
43483 3 1 1 3 0.333333333333333 1 0.333333333333333
43615 1 1 1 1 1 1 1
43629 2 1 1 2 0.5 1 0.5
43646 3 3 2 4 0.666666666666667 0.666666666666667 0.5
43655 2 1 1 2 0.5 1 0.5
43692 2 2 2 2 1 1 1
43727 18 2 1 19 0.0555555555555556 0.5 0.0526315789473684
43751 4 2 1 5 0.25 0.5 0.2
43782 3 3 0 6 0 0 0
43821 27 14 8 33 0.296296296296296 0.571428571428571 0.242424242424242
43843 6 1 1 6 0.166666666666667 1 0.166666666666667
43892 3 1 0 4 0 0 0
43893 6 3 3 6 0.5 1 0.5
43911 3 7 0 10 0 0 0
43948 4 2 2 4 0.5 1 0.5
43950 3 3 2 4 0.666666666666667 0.666666666666667 0.5
43978 2 1 1 2 0.5 1 0.5
44034 12 5 5 12 0.416666666666667 1 0.416666666666667
44042 11 6 4 13 0.363636363636364 0.666666666666667 0.307692307692308
44065 2 1 1 2 0.5 1 0.5
44066 25 13 9 29 0.36 0.692307692307692 0.310344827586207
44146 7 3 3 7 0.428571428571429 1 0.428571428571429
44160 9 1 1 9 0.111111111111111 1 0.111111111111111
44212 3 2 1 4 0.333333333333333 0.5 0.25
44227 4 1 1 4 0.25 1 0.25
44237 31 1 1 31 0.032258064516129 1 0.032258064516129
44285 8 1 0 9 0 0 0
44321 2 1 1 2 0.5 1 0.5
44329 1 1 1 1 1 1 1
44335 3 1 0 4 0 0 0
4434 6 1 0 7 0 0 0
44358 5 2 2 5 0.4 1 0.4
4436 172 49 43 178 0.25 0.877551020408163 0.241573033707865
44381 3 1 1 3 0.333333333333333 1 0.333333333333333
44444 306 1 1 306 0.00326797385620915 1 0.00326797385620915
44489 1 1 1 1 1 1 1
44513 8 3 3 8 0.375 1 0.375
44514 7 3 2 8 0.285714285714286 0.666666666666667 0.25
44515 1 1 0 2 0 0 0
44522 7 2 2 7 0.285714285714286 1 0.285714285714286
44581 14 4 2 16 0.142857142857143 0.5 0.125
44654 45 15 9 51 0.2 0.6 0.176470588235294
44683 3 2 2 3 0.666666666666667 1 0.666666666666667
44706 7 5 4 8 0.571428571428571 0.8 0.5
44806 3 2 2 3 0.666666666666667 1 0.666666666666667
44928 2 2 2 2 1 1 1
44953 16 3 3 16 0.1875 1 0.1875
44980 3 3 3 3 1 1 1
44993 2 2 2 2 1 1 1
45031 6 1 1 6 0.166666666666667 1 0.166666666666667
45131 1 1 1 1 1 1 1
45147 47 7 5 49 0.106382978723404 0.714285714285714 0.102040816326531
4515 42 2 2 42 0.0476190476190476 1 0.0476190476190476
45170 3 1 1 3 0.333333333333333 1 0.333333333333333
45177 4 1 0 5 0 0 0
45192 1 3 1 3 1 0.333333333333333 0.333333333333333
45209 2 1 1 2 0.5 1 0.5
4528 5 1 1 5 0.2 1 0.2
45344 2 1 1 2 0.5 1 0.5
4538 52 3 3 52 0.0576923076923077 1 0.0576923076923077
45411 4 1 1 4 0.25 1 0.25
45425 3 1 1 3 0.333333333333333 1 0.333333333333333
45437 2 1 1 2 0.5 1 0.5
45438 1 1 1 1 1 1 1
45444 2 2 0 4 0 0 0
45459 2 1 0 3 0 0 0
45483 3 1 1 3 0.333333333333333 1 0.333333333333333
45506 2 1 1 2 0.5 1 0.5
45522 2 1 0 3 0 0 0
4555 1 3 0 4 0 0 0
4557 11 2 2 11 0.181818181818182 1 0.181818181818182
45570 1 1 1 1 1 1 1
45577 4 1 1 4 0.25 1 0.25
45600 1 1 1 1 1 1 1
45633 1 1 0 2 0 0 0
45638 3 1 1 3 0.333333333333333 1 0.333333333333333
45682 1 1 1 1 1 1 1
45695 3 1 1 3 0.333333333333333 1 0.333333333333333
45721 1 1 0 2 0 0 0
45758 21 1 1 21 0.0476190476190476 1 0.0476190476190476
45773 3 1 1 3 0.333333333333333 1 0.333333333333333
45887 1 1 0 2 0 0 0
4589 714 145 142 717 0.198879551820728 0.979310344827586 0.198047419804742
45929 1 1 1 1 1 1 1
46 2 1 1 2 0.5 1 0.5
4600 5 2 2 5 0.4 1 0.4
46018 1 1 0 2 0 0 0
4605 2 1 1 2 0.5 1 0.5
4608 7 5 3 9 0.428571428571429 0.6 0.333333333333333
46176 3 1 0 4 0 0 0
46177 11 1 1 11 0.0909090909090909 1 0.0909090909090909
4618 15 2 1 16 0.0666666666666667 0.5 0.0625
46208 6 3 3 6 0.5 1 0.5
4621 36 2 2 36 0.0555555555555556 1 0.0555555555555556
4622 2 2 0 4 0 0 0
4635 122 35 31 126 0.254098360655738 0.885714285714286 0.246031746031746
46357 2 1 1 2 0.5 1 0.5
4637 168 9 8 169 0.0476190476190476 0.888888888888889 0.0473372781065089
4641 10 3 3 10 0.3 1 0.3
46440 2 2 2 2 1 1 1
46475 4 4 4 4 1 1 1
4648 63 4 4 63 0.0634920634920635 1 0.0634920634920635
4651 45 7 6 46 0.133333333333333 0.857142857142857 0.130434782608696
4657 119 7 6 120 0.0504201680672269 0.857142857142857 0.05
46609 9 3 3 9 0.333333333333333 1 0.333333333333333
46722 1 1 1 1 1 1 1
4673 8 2 2 8 0.25 1 0.25
4675 6 2 1 7 0.166666666666667 0.5 0.142857142857143
4680 9 5 2 12 0.222222222222222 0.4 0.166666666666667
4685 10 1 1 10 0.1 1 0.1
46907 2 1 1 2 0.5 1 0.5
4691 2 12 1 13 0.5 0.0833333333333333 0.0769230769230769
46925 10 1 1 10 0.1 1 0.1
4697 3 8 3 8 1 0.375 0.375
4704 7 3 1 9 0.142857142857143 0.333333333333333 0.111111111111111
4711 2 1 1 2 0.5 1 0.5
47116 3 1 1 3 0.333333333333333 1 0.333333333333333
4713 109 18 17 110 0.155963302752294 0.944444444444444 0.154545454545455
4716 13 4 1 16 0.0769230769230769 0.25 0.0625
4717 1 2 1 2 1 0.5 0.5
4718 3 2 2 3 0.666666666666667 1 0.666666666666667
47201 1 1 0 2 0 0 0
47207 7 1 1 7 0.142857142857143 1 0.142857142857143
47227 2 1 1 2 0.5 1 0.5
4725 118 30 15 133 0.127118644067797 0.5 0.112781954887218
4739 81 21 16 86 0.197530864197531 0.761904761904762 0.186046511627907
4741 9 1 1 9 0.111111111111111 1 0.111111111111111
47443 7 1 1 7 0.142857142857143 1 0.142857142857143
47447 5 3 3 5 0.6 1 0.6
4747 3 1 0 4 0 0 0
47473 1 2 1 2 1 0.5 0.5
47490 1 2 1 2 1 0.5 0.5
4750 50 3 1 52 0.02 0.333333333333333 0.0192307692307692
47506 4 1 1 4 0.25 1 0.25
47527 2 2 2 2 1 1 1
47533 2 1 1 2 0.5 1 0.5
4755 217 5 5 217 0.0230414746543779 1 0.0230414746543779
4760 7 2 2 7 0.285714285714286 1 0.285714285714286
4761 58 6 4 60 0.0689655172413793 0.666666666666667 0.0666666666666667
47617 3 1 1 3 0.333333333333333 1 0.333333333333333
47640 3 1 1 3 0.333333333333333 1 0.333333333333333
4766 377 1 1 377 0.0026525198938992 1 0.0026525198938992
4768 30 2 2 30 0.0666666666666667 1 0.0666666666666667
47682 1 2 0 3 0 0 0
4770 14 3 2 15 0.142857142857143 0.666666666666667 0.133333333333333
4773 5 1 0 6 0 0 0
4777 35 3 3 35 0.0857142857142857 1 0.0857142857142857
47777 5 2 2 5 0.4 1 0.4
4780 29 3 2 30 0.0689655172413793 0.666666666666667 0.0666666666666667
4782 3 1 0 4 0 0 0
47841 2 1 1 2 0.5 1 0.5
47862 1 1 1 1 1 1 1
47869 21 1 1 21 0.0476190476190476 1 0.0476190476190476
4787 5 2 1 6 0.2 0.5 0.166666666666667
4788 116 9 8 117 0.0689655172413793 0.888888888888889 0.0683760683760684
47880 1 2 1 2 1 0.5 0.5
47885 2 1 0 3 0 0 0
47886 5 2 2 5 0.4 1 0.4
47887 10 3 3 10 0.3 1 0.3
47908 4 2 2 4 0.5 1 0.5
47917 1 1 1 1 1 1 1
4795 21 4 2 23 0.0952380952380952 0.5 0.0869565217391304
47956 2 1 0 3 0 0 0
4796 2 1 1 2 0.5 1 0.5
47973 2 1 0 3 0 0 0
47998 2 1 1 2 0.5 1 0.5
47999 25 5 4 26 0.16 0.8 0.153846153846154
4800 17 1 1 17 0.0588235294117647 1 0.0588235294117647
48039 9 4 4 9 0.444444444444444 1 0.444444444444444
48053 2 2 2 2 1 1 1
48072 3 1 1 3 0.333333333333333 1 0.333333333333333
48118 2 1 1 2 0.5 1 0.5
48136 1 1 1 1 1 1 1
48173 18 9 5 22 0.277777777777778 0.555555555555556 0.227272727272727
4818 3 2 2 3 0.666666666666667 1 0.666666666666667
48185 2 1 1 2 0.5 1 0.5
48191 4 1 0 5 0 0 0
48200 3 10 2 11 0.666666666666667 0.2 0.181818181818182
48218 2 1 1 2 0.5 1 0.5
48259 2 1 1 2 0.5 1 0.5
4826 227 37 32 232 0.140969162995595 0.864864864864865 0.137931034482759
48284 2 1 0 3 0 0 0
48285 6 1 0 7 0 0 0
48288 1 1 1 1 1 1 1
48315 2 1 1 2 0.5 1 0.5
48344 6 1 1 6 0.166666666666667 1 0.166666666666667
48345 1 1 1 1 1 1 1
48417 3 1 1 3 0.333333333333333 1 0.333333333333333
4844 2 3 2 3 1 0.666666666666667 0.666666666666667
4845 3 1 1 3 0.333333333333333 1 0.333333333333333
48451 2 1 1 2 0.5 1 0.5
48484 13 15 7 21 0.538461538461538 0.466666666666667 0.333333333333333
48514 2 4 1 5 0.5 0.25 0.2
48519 4 2 2 4 0.5 1 0.5
48528 2 1 1 2 0.5 1 0.5
48539 11 7 6 12 0.545454545454545 0.857142857142857 0.5
48564 2 1 1 2 0.5 1 0.5
48885 6 4 4 6 0.666666666666667 1 0.666666666666667
48961 10 1 1 10 0.1 1 0.1
48972 1 1 1 1 1 1 1
48994 2 1 1 2 0.5 1 0.5
49026 1 1 1 1 1 1 1
49102 15 2 1 16 0.0666666666666667 0.5 0.0625
49125 3 2 1 4 0.333333333333333 0.5 0.25
49190 2 1 0 3 0 0 0
49237 6 1 1 6 0.166666666666667 1 0.166666666666667
4927 17 7 6 18 0.352941176470588 0.857142857142857 0.333333333333333
49272 3 1 1 3 0.333333333333333 1 0.333333333333333
49352 3 1 0 4 0 0 0
49416 1 1 1 1 1 1 1
49463 2 2 1 3 0.5 0.5 0.333333333333333
49488 5 3 3 5 0.6 1 0.6
49497 2 1 1 2 0.5 1 0.5
49573 2 1 1 2 0.5 1 0.5
49586 1 1 1 1 1 1 1
49624 2 1 1 2 0.5 1 0.5
49625 11 8 5 14 0.454545454545455 0.625 0.357142857142857
49627 2 2 2 2 1 1 1
49630 4 3 3 4 0.75 1 0.75
49725 2 1 1 2 0.5 1 0.5
49866 2 2 2 2 1 1 1
49983 6 3 3 6 0.5 1 0.5
50032 2 2 2 2 1 1 1
50188 4 2 1 5 0.25 0.5 0.2
50273 2 1 1 2 0.5 1 0.5
50300 2 1 1 2 0.5 1 0.5
50384 27 11 6 32 0.222222222222222 0.545454545454545 0.1875
50391 1 1 0 2 0 0 0
50393 1 1 0 2 0 0 0
5050 19 4 4 19 0.210526315789474 1 0.210526315789474
50530 2 1 0 3 0 0 0
5056 21 1 0 22 0 0 0
50588 2 1 1 2 0.5 1 0.5
50611 2 2 2 2 1 1 1
50655 1 1 1 1 1 1 1
5078 17 1 1 17 0.0588235294117647 1 0.0588235294117647
513 14 3 3 14 0.214285714285714 1 0.214285714285714
52 2 2 2 2 1 1 1
53070 85 2 2 85 0.0235294117647059 1 0.0235294117647059
53280 3 1 1 3 0.333333333333333 1 0.333333333333333
53299 1 1 1 1 1 1 1
5379 2 1 1 2 0.5 1 0.5
5381 14 5 3 16 0.214285714285714 0.6 0.1875
5385 55 3 3 55 0.0545454545454545 1 0.0545454545454545
5394 16 3 3 16 0.1875 1 0.1875
5400 207 19 14 212 0.0676328502415459 0.736842105263158 0.0660377358490566
5401 1 1 1 1 1 1 1
5403 16 8 7 17 0.4375 0.875 0.411764705882353
5407 7 3 3 7 0.428571428571429 1 0.428571428571429
5408 111 5 3 113 0.027027027027027 0.6 0.0265486725663717
5410 51 11 6 56 0.117647058823529 0.545454545454545 0.107142857142857
5413 220 11 11 220 0.05 1 0.05
5418 10 3 3 10 0.3 1 0.3
5421 2 3 2 3 1 0.666666666666667 0.666666666666667
543 1 1 1 1 1 1 1
5430 53 22 14 61 0.264150943396226 0.636363636363636 0.229508196721311
5432 32 2 1 33 0.03125 0.5 0.0303030303030303
5459 49 17 9 57 0.183673469387755 0.529411764705882 0.157894736842105
5466 73 2 1 74 0.0136986301369863 0.5 0.0135135135135135
5483 77 3 2 78 0.025974025974026 0.666666666666667 0.0256410256410256
5486 22 2 0 24 0 0 0
5491 3 1 0 4 0 0 0
55 3 1 1 3 0.333333333333333 1 0.333333333333333
5507 39 8 8 39 0.205128205128205 1 0.205128205128205
5511 135 27 20 142 0.148148148148148 0.740740740740741 0.140845070422535
553 43 21 16 48 0.372093023255814 0.761904761904762 0.333333333333333
5537 25 3 1 27 0.04 0.333333333333333 0.037037037037037
5538 8 2 2 8 0.25 1 0.25
5539 41 54 20 75 0.48780487804878 0.37037037037037 0.266666666666667
5550 3 3 1 5 0.333333333333333 0.333333333333333 0.2
5560 9 2 2 9 0.222222222222222 1 0.222222222222222
5568 129 15 11 133 0.0852713178294574 0.733333333333333 0.0827067669172932
557 6 1 1 6 0.166666666666667 1 0.166666666666667
5577 38 22 13 47 0.342105263157895 0.590909090909091 0.276595744680851
558 22 3 2 23 0.0909090909090909 0.666666666666667 0.0869565217391304
5580 304 29 25 308 0.0822368421052632 0.862068965517241 0.0811688311688312
559 36 17 12 41 0.333333333333333 0.705882352941177 0.292682926829268
5602 33 8 6 35 0.181818181818182 0.75 0.171428571428571
5603 83 1 1 83 0.0120481927710843 1 0.0120481927710843
5607 1 1 1 1 1 1 1
5609 2 8 1 9 0.5 0.125 0.111111111111111
5610 23 2 2 23 0.0869565217391304 1 0.0869565217391304
5617 220 3 3 220 0.0136363636363636 1 0.0136363636363636
5639 5 1 0 6 0 0 0
5645 19 7 5 21 0.263157894736842 0.714285714285714 0.238095238095238
5661 5 1 1 5 0.2 1 0.2
567 11 2 2 11 0.181818181818182 1 0.181818181818182
5692 1 1 0 2 0 0 0
57 27 7 6 28 0.222222222222222 0.857142857142857 0.214285714285714
5707 3 1 1 3 0.333333333333333 1 0.333333333333333
5713 67 3 2 68 0.0298507462686567 0.666666666666667 0.0294117647058824
5726 11 1 1 11 0.0909090909090909 1 0.0909090909090909
5752 2 1 0 3 0 0 0
5764 8 1 1 8 0.125 1 0.125
577 136 1 1 136 0.00735294117647059 1 0.00735294117647059
5786 2 1 1 2 0.5 1 0.5
59 5 3 3 5 0.6 1 0.6
600 48 3 3 48 0.0625 1 0.0625
6057 7 5 4 8 0.571428571428571 0.8 0.5
6062 9 2 0 11 0 0 0
6066 1 2 1 2 1 0.5 0.5
6067 220 1 1 220 0.00454545454545455 1 0.00454545454545455
6083 27 17 13 31 0.481481481481481 0.764705882352941 0.419354838709677
6106 2 2 2 2 1 1 1
6122 10 1 1 10 0.1 1 0.1
6128 339 2 2 339 0.00589970501474926 1 0.00589970501474926
6147 3 8 1 10 0.333333333333333 0.125 0.1
6181 47 2 2 47 0.0425531914893617 1 0.0425531914893617
6192 2 1 1 2 0.5 1 0.5
6245 2 1 0 3 0 0 0
6262 1 1 1 1 1 1 1
6263 4 1 1 4 0.25 1 0.25
6315 6 1 1 6 0.166666666666667 1 0.166666666666667
6325 41 1 1 41 0.024390243902439 1 0.024390243902439
6327 161 1 1 161 0.0062111801242236 1 0.0062111801242236
6337 3 1 0 4 0 0 0
6360 7 3 2 8 0.285714285714286 0.666666666666667 0.25
6366 4 2 2 4 0.5 1 0.5
6406 1 1 1 1 1 1 1
6431 1 1 1 1 1 1 1
6435 3 6 2 7 0.666666666666667 0.333333333333333 0.285714285714286
6453 547 128 116 559 0.212065813528336 0.90625 0.207513416815742
6456 14 3 3 14 0.214285714285714 1 0.214285714285714
64876 1 2 0 3 0 0 0
64904 1 1 0 2 0 0 0
65001 4 1 0 5 0 0 0
65068 1 1 0 2 0 0 0
65070 1 1 0 2 0 0 0
65071 2 2 1 3 0.5 0.5 0.333333333333333
65072 1 1 0 2 0 0 0
65075 2 1 0 3 0 0 0
6509 25 10 10 25 0.4 1 0.4
65104 2 1 1 2 0.5 1 0.5
6536 16 2 1 17 0.0625 0.5 0.0588235294117647
65530 2 1 0 3 0 0 0
6619 24 7 5 26 0.208333333333333 0.714285714285714 0.192307692307692
6629 3 1 1 3 0.333333333333333 1 0.333333333333333
6648 54 7 6 55 0.111111111111111 0.857142857142857 0.109090909090909
6656 40 7 5 42 0.125 0.714285714285714 0.119047619047619
6660 2 2 2 2 1 1 1
6661 67 3 3 67 0.0447761194029851 1 0.0447761194029851
6667 512 151 146 517 0.28515625 0.966887417218543 0.282398452611219
6677 55 4 3 56 0.0545454545454545 0.75 0.0535714285714286
668 30 8 3 35 0.1 0.375 0.0857142857142857
6690 68 2 2 68 0.0294117647058824 1 0.0294117647058824
6695 177 97 60 214 0.338983050847458 0.618556701030928 0.280373831775701
6706 8 3 3 8 0.375 1 0.375
6716 2 1 1 2 0.5 1 0.5
6724 31 20 15 36 0.483870967741935 0.75 0.416666666666667
6730 150 6 4 152 0.0266666666666667 0.666666666666667 0.0263157894736842
6734 14 4 3 15 0.214285714285714 0.75 0.2
6760 26 6 4 28 0.153846153846154 0.666666666666667 0.142857142857143
6762 199 75 67 207 0.336683417085427 0.893333333333333 0.323671497584541
6770 36 14 6 44 0.166666666666667 0.428571428571429 0.136363636363636
6772 15 4 4 15 0.266666666666667 1 0.266666666666667
6774 70 14 12 72 0.171428571428571 0.857142857142857 0.166666666666667
6775 4 3 3 4 0.75 1 0.75
6799 21 1 0 22 0 0 0
680 59 21 17 63 0.288135593220339 0.80952380952381 0.26984126984127
6802 7 2 2 7 0.285714285714286 1 0.285714285714286
681 2 1 1 2 0.5 1 0.5
683 2 1 1 2 0.5 1 0.5
6830 330 28 19 339 0.0575757575757576 0.678571428571429 0.056047197640118
6855 19 2 2 19 0.105263157894737 1 0.105263157894737
6856 3 1 1 3 0.333333333333333 1 0.333333333333333
6881 93 36 35 94 0.376344086021505 0.972222222222222 0.372340425531915
6893 2 1 1 2 0.5 1 0.5
6894 41 5 4 42 0.0975609756097561 0.8 0.0952380952380952
6908 97 18 15 100 0.154639175257732 0.833333333333333 0.15
6911 20 3 3 20 0.15 1 0.15
6939 1395 764 515 1644 0.369175627240143 0.674083769633508 0.313260340632603
6966 3 1 1 3 0.333333333333333 1 0.333333333333333
6968 3 1 1 3 0.333333333333333 1 0.333333333333333
701 2045 32 25 2052 0.0122249388753056 0.78125 0.0121832358674464
7012 15 3 2 16 0.133333333333333 0.666666666666667 0.125
7018 2322 22 20 2324 0.00861326442721792 0.909090909090909 0.00860585197934595
7019 1 1 1 1 1 1 1
7055 3 2 2 3 0.666666666666667 1 0.666666666666667
7065 18 2 1 19 0.0555555555555556 0.5 0.0526315789473684
7066 16 2 2 16 0.125 1 0.125
7078 3 2 2 3 0.666666666666667 1 0.666666666666667
7081 72 10 10 72 0.138888888888889 1 0.138888888888889
71 13 2 1 14 0.0769230769230769 0.5 0.0714285714285714
7106 9 1 0 10 0 0 0
714 12 2 2 12 0.166666666666667 1 0.166666666666667
719 27 3 3 27 0.111111111111111 1 0.111111111111111
7195 1 1 0 2 0 0 0
72 10 1 0 11 0 0 0
7303 75 2 2 75 0.0266666666666667 1 0.0266666666666667
7377 3 1 1 3 0.333333333333333 1 0.333333333333333
7385 187 7 6 188 0.0320855614973262 0.857142857142857 0.0319148936170213
7393 5 1 1 5 0.2 1 0.2
7412 1 1 0 2 0 0 0
7469 3 1 1 3 0.333333333333333 1 0.333333333333333
7470 36 1 1 36 0.0277777777777778 1 0.0277777777777778
7473 146 27 23 150 0.157534246575342 0.851851851851852 0.153333333333333
7477 1 1 1 1 1 1 1
7491 8 1 0 9 0 0 0
7500 52 9 7 54 0.134615384615385 0.777777777777778 0.12962962962963
7503 4 3 1 6 0.25 0.333333333333333 0.166666666666667
7511 3 1 0 4 0 0 0
7514 17 5 4 18 0.235294117647059 0.8 0.222222222222222
7516 5 1 0 6 0 0 0
7521 6 2 1 7 0.166666666666667 0.5 0.142857142857143
7522 6 4 1 9 0.166666666666667 0.25 0.111111111111111
7527 6 1 1 6 0.166666666666667 1 0.166666666666667
7529 20 3 2 21 0.1 0.666666666666667 0.0952380952380952
7530 2 2 1 3 0.5 0.5 0.333333333333333
7539 24 11 8 27 0.333333333333333 0.727272727272727 0.296296296296296
7543 16 2 1 17 0.0625 0.5 0.0588235294117647
7545 18 1 1 18 0.0555555555555556 1 0.0555555555555556
7552 19 2 1 20 0.0526315789473684 0.5 0.05
7568 7 2 2 7 0.285714285714286 1 0.285714285714286
7575 247 28 28 247 0.11336032388664 1 0.11336032388664
7587 1 2 1 2 1 0.5 0.5
7594 4 4 2 6 0.5 0.5 0.333333333333333
7599 1 1 0 2 0 0 0
760 3 2 2 3 0.666666666666667 1 0.666666666666667
7602 9 1 1 9 0.111111111111111 1 0.111111111111111
7610 19 1 0 20 0 0 0
7615 4 1 1 4 0.25 1 0.25
7617 5 3 2 6 0.4 0.666666666666667 0.333333333333333
7629 2 1 0 3 0 0 0
7642 3 1 1 3 0.333333333333333 1 0.333333333333333
7651 3 1 1 3 0.333333333333333 1 0.333333333333333
7657 11 1 1 11 0.0909090909090909 1 0.0909090909090909
766 17 5 5 17 0.294117647058824 1 0.294117647058824
7660 41 25 21 45 0.51219512195122 0.84 0.466666666666667
7665 1 1 1 1 1 1 1
7667 4 2 1 5 0.25 0.5 0.2
7668 11 2 1 12 0.0909090909090909 0.5 0.0833333333333333
7670 21 4 2 23 0.0952380952380952 0.5 0.0869565217391304
7671 3 1 1 3 0.333333333333333 1 0.333333333333333
7682 11 4 2 13 0.181818181818182 0.5 0.153846153846154
7687 4 1 1 4 0.25 1 0.25
7693 26 2 2 26 0.0769230769230769 1 0.0769230769230769
7718 15 2 2 15 0.133333333333333 1 0.133333333333333
7752 8 3 3 8 0.375 1 0.375
7753 6 1 1 6 0.166666666666667 1 0.166666666666667
7774 4 1 1 4 0.25 1 0.25
7781 7 8 4 11 0.571428571428571 0.5 0.363636363636364
7784 35 4 4 35 0.114285714285714 1 0.114285714285714
7786 10 3 2 11 0.2 0.666666666666667 0.181818181818182
7843 50 2 1 51 0.02 0.5 0.0196078431372549
7847 2 1 1 2 0.5 1 0.5
7850 11 1 1 11 0.0909090909090909 1 0.0909090909090909
786 61 12 9 64 0.147540983606557 0.75 0.140625
7860 1 1 1 1 1 1 1
7871 2 1 0 3 0 0 0
790 1 1 0 2 0 0 0
7908 34 5 3 36 0.0882352941176471 0.6 0.0833333333333333
7922 89 15 14 90 0.157303370786517 0.933333333333333 0.155555555555556
7941 3 1 1 3 0.333333333333333 1 0.333333333333333
7949 11 2 0 13 0 0 0
7992 23 3 3 23 0.130434782608696 1 0.130434782608696
8001 337 12 12 337 0.0356083086053412 1 0.0356083086053412
8002 52 4 3 53 0.0576923076923077 0.75 0.0566037735849057
8015 8 2 1 9 0.125 0.5 0.111111111111111
8018 3 1 0 4 0 0 0
8025 6 1 0 7 0 0 0
803 19 2 2 19 0.105263157894737 1 0.105263157894737
8038 1 2 1 2 1 0.5 0.5
8047 25 4 4 25 0.16 1 0.16
8057 9 1 0 10 0 0 0
8075 72 39 13 98 0.180555555555556 0.333333333333333 0.13265306122449
8092 11 5 5 11 0.454545454545455 1 0.454545454545455
81 31 2 1 32 0.032258064516129 0.5 0.03125
8111 5 2 2 5 0.4 1 0.4
812 125 1 1 125 0.008 1 0.008
8121 67 14 9 72 0.134328358208955 0.642857142857143 0.125
8134 2 1 1 2 0.5 1 0.5
8158 2 1 1 2 0.5 1 0.5
8190 59 1 1 59 0.0169491525423729 1 0.0169491525423729
8218 307 36 32 311 0.104234527687296 0.888888888888889 0.102893890675241
8220 547 11 9 549 0.0164533820840951 0.818181818181818 0.0163934426229508
8224 11 7 5 13 0.454545454545455 0.714285714285714 0.384615384615385
8226 5 4 1 8 0.2 0.25 0.125
8237 8 5 4 9 0.5 0.8 0.444444444444444
8240 3 1 0 4 0 0 0
8246 218 3 0 221 0 0 0
8251 9 8 5 12 0.555555555555556 0.625 0.416666666666667
8256 2 1 1 2 0.5 1 0.5
8262 57 14 9 62 0.157894736842105 0.642857142857143 0.145161290322581
8267 2 1 1 2 0.5 1 0.5
8280 6 1 1 6 0.166666666666667 1 0.166666666666667
8282 11 2 2 11 0.181818181818182 1 0.181818181818182
8283 6 4 3 7 0.5 0.75 0.428571428571429
8286 2 1 0 3 0 0 0
8299 11 1 0 12 0 0 0
8308 55 3 3 55 0.0545454545454545 1 0.0545454545454545
8312 12 1 1 12 0.0833333333333333 1 0.0833333333333333
8319 30 14 12 32 0.4 0.857142857142857 0.375
8330 11 2 2 11 0.181818181818182 1 0.181818181818182
8331 278 1 1 278 0.00359712230215827 1 0.00359712230215827
8343 13 1 1 13 0.0769230769230769 1 0.0769230769230769
8346 6 2 2 6 0.333333333333333 1 0.333333333333333
8358 15 1 1 15 0.0666666666666667 1 0.0666666666666667
8359 737 44 34 747 0.0461329715061058 0.772727272727273 0.0455153949129853
8364 13 1 1 13 0.0769230769230769 1 0.0769230769230769
8365 51 117 30 138 0.588235294117647 0.256410256410256 0.217391304347826
8368 33 14 7 40 0.212121212121212 0.5 0.175
8374 8 4 4 8 0.5 1 0.5
8386 5 1 0 6 0 0 0
8387 13 4 3 14 0.230769230769231 0.75 0.214285714285714
8391 20 16 8 28 0.4 0.5 0.285714285714286
8396 1 1 0 2 0 0 0
8402 78 3 2 79 0.0256410256410256 0.666666666666667 0.0253164556962025
8412 19 4 3 20 0.157894736842105 0.75 0.15
8419 288 2 2 288 0.00694444444444444 1 0.00694444444444444
8422 91 18 12 97 0.131868131868132 0.666666666666667 0.123711340206186
8426 501 22 20 503 0.0399201596806387 0.909090909090909 0.0397614314115308
8437 54 4 4 54 0.0740740740740741 1 0.0740740740740741
8442 21 19 10 30 0.476190476190476 0.526315789473684 0.333333333333333
8447 621 112 93 640 0.14975845410628 0.830357142857143 0.1453125
8452 40 3 3 40 0.075 1 0.075
8455 12 7 4 15 0.333333333333333 0.571428571428571 0.266666666666667
8462 4 2 2 4 0.5 1 0.5
8468 678 15 14 679 0.0206489675516224 0.933333333333333 0.0206185567010309
8469 29 18 14 33 0.482758620689655 0.777777777777778 0.424242424242424
8473 88 17 10 95 0.113636363636364 0.588235294117647 0.105263157894737
8481 2 2 2 2 1 1 1
8492 800 3 3 800 0.00375 1 0.00375
8495 22 5 5 22 0.227272727272727 1 0.227272727272727
8501 36 13 13 36 0.361111111111111 1 0.361111111111111
8508 2 1 1 2 0.5 1 0.5
8517 17 3 2 18 0.117647058823529 0.666666666666667 0.111111111111111
8518 5 1 1 5 0.2 1 0.2
852 166 1 1 166 0.00602409638554217 1 0.00602409638554217
8522 3 2 2 3 0.666666666666667 1 0.666666666666667
8527 21 4 4 21 0.19047619047619 1 0.19047619047619
8535 5 3 3 5 0.6 1 0.6
8545 4 17 2 19 0.5 0.117647058823529 0.105263157894737
855 37 1 1 37 0.027027027027027 1 0.027027027027027
8551 257 14 11 260 0.0428015564202335 0.785714285714286 0.0423076923076923
8554 10 4 4 10 0.4 1 0.4
8560 71 28 21 78 0.295774647887324 0.75 0.269230769230769
8565 15 5 4 16 0.266666666666667 0.8 0.25
8567 2 1 1 2 0.5 1 0.5
8582 40 19 14 45 0.35 0.736842105263158 0.311111111111111
8586 52 11 7 56 0.134615384615385 0.636363636363636 0.125
8587 17 9 5 21 0.294117647058824 0.555555555555556 0.238095238095238
8591 56 14 12 58 0.214285714285714 0.857142857142857 0.206896551724138
8596 174 10 10 174 0.0574712643678161 1 0.0574712643678161
8607 41 7 6 42 0.146341463414634 0.857142857142857 0.142857142857143
8624 2 1 1 2 0.5 1 0.5
8648 26 20 8 38 0.307692307692308 0.4 0.210526315789474
8657 89 15 11 93 0.123595505617978 0.733333333333333 0.118279569892473
8664 12 5 4 13 0.333333333333333 0.8 0.307692307692308
8674 49 8 7 50 0.142857142857143 0.875 0.14
8676 6 3 3 6 0.5 1 0.5
8677 9 1 1 9 0.111111111111111 1 0.111111111111111
8681 45 5 2 48 0.0444444444444444 0.4 0.0416666666666667
8683 28 1 1 28 0.0357142857142857 1 0.0357142857142857
8697 17 1 1 17 0.0588235294117647 1 0.0588235294117647
8717 97 16 10 103 0.103092783505155 0.625 0.0970873786407767
8728 2 1 1 2 0.5 1 0.5
8737 28 6 4 30 0.142857142857143 0.666666666666667 0.133333333333333
8758 11 7 7 11 0.636363636363636 1 0.636363636363636
8763 179 67 64 182 0.357541899441341 0.955223880597015 0.351648351648352
8767 78 28 22 84 0.282051282051282 0.785714285714286 0.261904761904762
8771 9 1 0 10 0 0 0
8778 9 2 2 9 0.222222222222222 1 0.222222222222222
8781 54 18 11 61 0.203703703703704 0.611111111111111 0.180327868852459
8784 8 1 0 9 0 0 0
8804 36 14 9 41 0.25 0.642857142857143 0.219512195121951
8816 16 1 1 16 0.0625 1 0.0625
8820 8 4 2 10 0.25 0.5 0.2
8823 6 1 1 6 0.166666666666667 1 0.166666666666667
8832 1 1 1 1 1 1 1
8844 35 1 1 35 0.0285714285714286 1 0.0285714285714286
8866 111 14 10 115 0.0900900900900901 0.714285714285714 0.0869565217391304
8878 4 3 3 4 0.75 1 0.75
8879 22 13 6 29 0.272727272727273 0.461538461538462 0.206896551724138
8881 170 30 26 174 0.152941176470588 0.866666666666667 0.149425287356322
8890 2 1 1 2 0.5 1 0.5
8895 11 3 3 11 0.272727272727273 1 0.272727272727273
8897 63 16 11 68 0.174603174603175 0.6875 0.161764705882353
8903 15 3 1 17 0.0666666666666667 0.333333333333333 0.0588235294117647
8915 3 1 1 3 0.333333333333333 1 0.333333333333333
8916 2 1 1 2 0.5 1 0.5
8928 567 30 28 569 0.0493827160493827 0.933333333333333 0.0492091388400703
8934 3 1 1 3 0.333333333333333 1 0.333333333333333
8943 18 5 5 18 0.277777777777778 1 0.277777777777778
8953 18 1 0 19 0 0 0
8954 34 14 8 40 0.235294117647059 0.571428571428571 0.2
8966 95 1 1 95 0.0105263157894737 1 0.0105263157894737
8970 2 1 1 2 0.5 1 0.5
8978 3 2 1 4 0.333333333333333 0.5 0.25
9 4 1 1 4 0.25 1 0.25
9002 1470 467 445 1492 0.302721088435374 0.952890792291221 0.298257372654155
9008 6 2 2 6 0.333333333333333 1 0.333333333333333
9009 99 21 15 105 0.151515151515152 0.714285714285714 0.142857142857143
9026 12 6 5 13 0.416666666666667 0.833333333333333 0.384615384615385
9031 70 15 12 73 0.171428571428571 0.8 0.164383561643836
9044 46 18 13 51 0.282608695652174 0.722222222222222 0.254901960784314
9063 45 18 12 51 0.266666666666667 0.666666666666667 0.235294117647059
9070 97 14 8 103 0.0824742268041237 0.571428571428571 0.0776699029126214
9080 7 7 4 10 0.571428571428571 0.571428571428571 0.4
9085 10 1 1 10 0.1 1 0.1
9112 9 1 1 9 0.111111111111111 1 0.111111111111111
9119 86 14 9 91 0.104651162790698 0.642857142857143 0.0989010989010989
9121 232 2 2 232 0.00862068965517241 1 0.00862068965517241
9129 3 1 0 4 0 0 0
9145 76 15 10 81 0.131578947368421 0.666666666666667 0.123456790123457
9150 26 12 7 31 0.269230769230769 0.583333333333333 0.225806451612903
9153 37 7 7 37 0.189189189189189 1 0.189189189189189
9162 1 1 1 1 1 1 1
9167 22 1 1 22 0.0454545454545455 1 0.0454545454545455
9188 3 2 1 4 0.333333333333333 0.5 0.25
9191 52 7 5 54 0.0961538461538462 0.714285714285714 0.0925925925925926
9211 40 15 10 45 0.25 0.666666666666667 0.222222222222222
9231 2 2 1 3 0.5 0.5 0.333333333333333
9264 31 19 7 43 0.225806451612903 0.368421052631579 0.162790697674419
9268 13 2 1 14 0.0769230769230769 0.5 0.0714285714285714
9270 26 5 3 28 0.115384615384615 0.6 0.107142857142857
9293 24 1 1 24 0.0416666666666667 1 0.0416666666666667
9299 53 3 1 55 0.0188679245283019 0.333333333333333 0.0181818181818182
9304 204 9 8 205 0.0392156862745098 0.888888888888889 0.0390243902439024
9329 13 2 2 13 0.153846153846154 1 0.153846153846154
9340 2 5 0 7 0 0 0
9354 14 1 1 14 0.0714285714285714 1 0.0714285714285714
9365 7 1 1 7 0.142857142857143 1 0.142857142857143
9367 3 1 1 3 0.333333333333333 1 0.333333333333333
9406 2 1 0 3 0 0 0
9431 2 2 2 2 1 1 1
9433 4 3 2 5 0.5 0.666666666666667 0.4
9445 1 1 1 1 1 1 1
9476 7 1 0 8 0 0 0
9482 22 4 4 22 0.181818181818182 1 0.181818181818182
9498 232 5 5 232 0.021551724137931 1 0.021551724137931
9503 33 8 7 34 0.212121212121212 0.875 0.205882352941176
9505 114 11 8 117 0.0701754385964912 0.727272727272727 0.0683760683760684
9534 12 2 2 12 0.166666666666667 1 0.166666666666667
9541 5 1 0 6 0 0 0
9555 2 1 0 3 0 0 0
9583 34 3 2 35 0.0588235294117647 0.666666666666667 0.0571428571428571
9584 10 2 1 11 0.1 0.5 0.0909090909090909
9595 6 4 3 7 0.5 0.75 0.428571428571429
9600 5 3 3 5 0.6 1 0.6
9601 10 1 1 10 0.1 1 0.1
9607 7 5 2 10 0.285714285714286 0.4 0.2
9619 2 2 2 2 1 1 1
9621 3 1 1 3 0.333333333333333 1 0.333333333333333
9622 8 4 3 9 0.375 0.75 0.333333333333333
9680 26 3 2 27 0.0769230769230769 0.666666666666667 0.0740740740740741
9700 7 3 2 8 0.285714285714286 0.666666666666667 0.25
9729 17 1 1 17 0.0588235294117647 1 0.0588235294117647
9732 2 2 1 3 0.5 0.5 0.333333333333333
9738 9 1 0 10 0 0 0
9794 5 1 1 5 0.2 1 0.2
9800 1 2 0 3 0 0 0
9821 7 5 5 7 0.714285714285714 1 0.714285714285714
9829 19 2 2 19 0.105263157894737 1 0.105263157894737
9892 3 1 1 3 0.333333333333333 1 0.333333333333333
9896 2 1 1 2 0.5 1 0.5
9901 25 5 3 27 0.12 0.6 0.111111111111111
9911 22 1 1 22 0.0454545454545455 1 0.0454545454545455
9919 14 1 0 15 0 0 0
9924 53 1 0 54 0 0 0
9930 13 3 3 13 0.230769230769231 1 0.230769230769231
9937 1 1 0 2 0 0 0
9989 14 3 2 15 0.142857142857143 0.666666666666667 0.133333333333333
9999 2 1 0 3 0 0 0
