#ASN num_v4adj num_v6adj num_intersect(v4v6adj) num_union(adj) fr_v4(num_intersect/num_v4adj) fr_v6(num_intersect/num_v6adj) fr_intersect(num_intersect/num_union)
10013 3 7 1 9 0.333333333333333 0.142857142857143 0.111111111111111
10015 13 1 0 14 0 0 0
10197 4 1 1 4 0.25 1 0.25
10204 5 2 1 6 0.2 0.5 0.166666666666667
10318 4 3 0 7 0 0 0
10429 17 2 1 18 0.0588235294117647 0.5 0.0555555555555556
10764 10 2 2 10 0.2 1 0.2
109 8 29 1 36 0.125 0.0344827586206897 0.0277777777777778
1103 148 34 30 152 0.202702702702703 0.882352941176471 0.197368421052632
11085 1 2 0 3 0 0 0
11340 4 2 2 4 0.5 1 0.5
11537 77 25 23 79 0.298701298701299 0.92 0.291139240506329
11588 10 1 0 11 0 0 0
1200 29 7 4 32 0.137931034482759 0.571428571428571 0.125
1205 1 1 0 2 0 0 0
1213 7 4 4 7 0.571428571428571 1 0.571428571428571
12199 1 2 0 3 0 0 0
1221 83 4 1 86 0.0120481927710843 0.25 0.0116279069767442
12337 23 6 2 27 0.0869565217391304 0.333333333333333 0.0740740740740741
12353 3 6 1 8 0.333333333333333 0.166666666666667 0.125
12355 3 2 0 5 0 0 0
1237 23 2 2 23 0.0869565217391304 1 0.0869565217391304
12371 2 1 0 3 0 0 0
12414 26 8 5 29 0.192307692307692 0.625 0.172413793103448
1248 5 3 2 6 0.4 0.666666666666667 0.333333333333333
1251 4 4 0 8 0 0 0
12533 2 5 1 6 0.5 0.2 0.166666666666667
12558 10 3 1 12 0.1 0.333333333333333 0.0833333333333333
12565 3 3 0 6 0 0 0
12600 8 1 1 8 0.125 1 0.125
12611 18 6 3 21 0.166666666666667 0.5 0.142857142857143
12634 25 11 5 31 0.2 0.454545454545455 0.161290322580645
12638 2 2 0 4 0 0 0
12731 27 8 3 32 0.111111111111111 0.375 0.09375
12732 10 3 3 10 0.3 1 0.3
12767 3 1 0 4 0 0 0
12779 10 5 1 14 0.1 0.2 0.0714285714285714
12793 167 5 4 168 0.0239520958083832 0.8 0.0238095238095238
12853 1 4 0 5 0 0 0
12859 216 51 46 221 0.212962962962963 0.901960784313726 0.208144796380091
12871 24 13 4 33 0.166666666666667 0.307692307692308 0.121212121212121
12895 4 1 1 4 0.25 1 0.25
12902 30 9 5 34 0.166666666666667 0.555555555555556 0.147058823529412
12931 3 1 1 3 0.333333333333333 1 0.333333333333333
12956 229 2 2 229 0.00873362445414847 1 0.00873362445414847
12968 41 4 1 44 0.024390243902439 0.25 0.0227272727272727
1299 270 14 12 272 0.0444444444444444 0.857142857142857 0.0441176470588235
13 3 1 1 3 0.333333333333333 1 0.333333333333333
13046 14 1 1 14 0.0714285714285714 1 0.0714285714285714
13058 2 2 0 4 0 0 0
13110 3 5 0 8 0 0 0
13129 249 8 6 251 0.0240963855421687 0.75 0.0239043824701195
13189 19 1 1 19 0.0526315789473684 1 0.0526315789473684
13193 22 8 2 28 0.0909090909090909 0.25 0.0714285714285714
13285 36 1 0 37 0 0 0
13300 1 1 1 1 1 1 1
137 6 3 1 8 0.166666666666667 0.333333333333333 0.125
13944 3 15 0 18 0 0 0
14277 8 7 2 13 0.25 0.285714285714286 0.153846153846154
145 11 11 0 22 0 0 0
14654 3 1 0 4 0 0 0
15180 7 3 0 10 0 0 0
15440 4 1 0 5 0 0 0
15444 205 21 14 212 0.0682926829268293 0.666666666666667 0.0660377358490566
15450 4 3 0 7 0 0 0
15469 1 1 0 2 0 0 0
15474 1 1 1 1 1 1 1
15498 11 3 1 13 0.0909090909090909 0.333333333333333 0.0769230769230769
15516 4 1 0 5 0 0 0
15557 49 1 0 50 0 0 0
15589 30 21 0 51 0 0 0
15600 30 8 3 35 0.1 0.375 0.0857142857142857
15623 162 8 5 165 0.0308641975308642 0.625 0.0303030303030303
15685 10 1 1 10 0.1 1 0.1
15694 24 5 0 29 0 0 0
15703 100 10 7 103 0.07 0.7 0.0679611650485437
15709 2 1 0 3 0 0 0
15717 44 9 5 48 0.113636363636364 0.555555555555556 0.104166666666667
15861 7 1 0 8 0 0 0
15897 1 2 0 3 0 0 0
15982 7 10 1 16 0.142857142857143 0.1 0.0625
16004 7 3 0 10 0 0 0
16023 3 2 0 5 0 0 0
16086 15 5 3 17 0.2 0.6 0.176470588235294
16091 2 2 0 4 0 0 0
16128 8 1 1 8 0.125 1 0.125
16186 6 7 1 12 0.166666666666667 0.142857142857143 0.0833333333333333
16215 8 1 1 8 0.125 1 0.125
16237 23 4 2 25 0.0869565217391304 0.5 0.08
16245 11 2 2 11 0.181818181818182 1 0.181818181818182
1653 26 1 1 26 0.0384615384615385 1 0.0384615384615385
16531 5 1 0 6 0 0 0
16713 23 2 1 24 0.0434782608695652 0.5 0.0416666666666667
16838 6 1 0 7 0 0 0
17263 4 1 0 5 0 0 0
1741 10 3 3 10 0.3 1 0.3
17511 8 2 0 10 0 0 0
17527 5 6 2 9 0.4 0.333333333333333 0.222222222222222
17529 5 1 1 5 0.2 1 0.2
17579 7 5 4 8 0.571428571428571 0.8 0.5
1759 41 1 1 41 0.024390243902439 1 0.024390243902439
17828 2 1 0 3 0 0 0
17832 4 9 0 13 0 0 0
17934 1 1 0 2 0 0 0
1797 1 3 0 4 0 0 0
1798 3 2 0 5 0 0 0
18084 1 2 1 2 1 0.5 0.5
18098 1 1 0 2 0 0 0
18181 3 1 1 3 0.333333333333333 1 0.333333333333333
18185 6 2 2 6 0.333333333333333 1 0.333333333333333
1835 7 2 2 7 0.285714285714286 1 0.285714285714286
1853 86 14 11 89 0.127906976744186 0.785714285714286 0.123595505617978
18592 21 2 2 21 0.0952380952380952 1 0.0952380952380952
1897 10 1 1 10 0.1 1 0.1
1916 16 8 2 22 0.125 0.25 0.0909090909090909
1930 5 9 1 13 0.2 0.111111111111111 0.0769230769230769
1955 10 2 1 11 0.1 0.5 0.0909090909090909
20080 13 4 4 13 0.307692307692308 1 0.307692307692308
2042 10 11 1 20 0.1 0.0909090909090909 0.05
20495 62 6 4 64 0.0645161290322581 0.666666666666667 0.0625
20569 7 3 2 8 0.285714285714286 0.666666666666667 0.25
20621 2 1 1 2 0.5 1 0.5
20646 45 8 5 48 0.111111111111111 0.625 0.104166666666667
20704 13 2 1 14 0.0769230769230769 0.5 0.0714285714285714
20712 6 2 1 7 0.166666666666667 0.5 0.142857142857143
20718 21 5 3 23 0.142857142857143 0.6 0.130434782608696
20745 2 5 0 7 0 0 0
20794 3 3 1 5 0.333333333333333 0.333333333333333 0.2
20834 28 7 0 35 0 0 0
20847 37 6 4 39 0.108108108108108 0.666666666666667 0.102564102564103
209 1080 1 1 1080 0.000925925925925926 1 0.000925925925925926
20965 39 31 31 39 0.794871794871795 1 0.794871794871795
2107 1 1 1 1 1 1 1
2108 1 1 1 1 1 1 1
2110 39 7 3 43 0.0769230769230769 0.428571428571429 0.0697674418604651
21119 6 1 0 7 0 0 0
21155 35 10 6 39 0.171428571428571 0.6 0.153846153846154
21193 2 1 1 2 0.5 1 0.5
21202 38 1 1 38 0.0263157894736842 1 0.0263157894736842
21221 29 10 6 33 0.206896551724138 0.6 0.181818181818182
21238 6 1 0 7 0 0 0
2128 2 2 2 2 1 1 1
21385 23 4 2 25 0.0869565217391304 0.5 0.08
21392 31 8 4 35 0.129032258064516 0.5 0.114285714285714
21398 21 3 0 24 0 0 0
2200 42 7 4 45 0.0952380952380952 0.571428571428571 0.0888888888888889
22166 2 1 0 3 0 0 0
22335 21 1 0 22 0 0 0
224 6 4 2 8 0.333333333333333 0.5 0.25
22548 4 2 0 6 0 0 0
23609 1 3 0 4 0 0 0
23774 3 2 1 4 0.333333333333333 0.5 0.25
23787 1 1 1 1 1 1 1
2381 19 1 1 19 0.0526315789473684 1 0.0526315789473684
23910 1 1 1 1 1 1 1
23911 2 2 2 2 1 1 1
23912 1 1 1 1 1 1 1
24 5 1 1 5 0.2 1 0.2
24587 39 9 5 43 0.128205128205128 0.555555555555556 0.116279069767442
24730 51 6 2 55 0.0392156862745098 0.333333333333333 0.0363636363636364
24776 3 2 1 4 0.333333333333333 0.5 0.25
2486 13 1 1 13 0.0769230769230769 1 0.0769230769230769
24875 43 7 4 46 0.0930232558139535 0.571428571428571 0.0869565217391304
2497 200 51 35 216 0.175 0.686274509803922 0.162037037037037
24973 2 2 1 3 0.5 0.5 0.333333333333333
2500 27 46 12 61 0.444444444444444 0.260869565217391 0.19672131147541
2510 13 5 2 16 0.153846153846154 0.4 0.125
25137 24 6 1 29 0.0416666666666667 0.166666666666667 0.0344827586206897
2514 16 5 3 18 0.1875 0.6 0.166666666666667
2516 294 36 26 304 0.0884353741496599 0.722222222222222 0.0855263157894737
2518 43 7 4 46 0.0930232558139535 0.571428571428571 0.0869565217391304
25208 4 2 0 6 0 0 0
2527 8 7 3 12 0.375 0.428571428571429 0.25
25358 6 10 1 15 0.166666666666667 0.1 0.0666666666666667
25384 7 2 0 9 0 0 0
25396 41 12 4 49 0.0975609756097561 0.333333333333333 0.0816326530612245
2547 1 1 0 2 0 0 0
2549 1 2 0 3 0 0 0
25538 2 1 0 3 0 0 0
2595 2 1 0 3 0 0 0
2602 2 2 1 3 0.5 0.5 0.333333333333333
2603 34 10 7 37 0.205882352941176 0.7 0.189189189189189
2607 43 5 0 48 0 0 0
2609 3 2 0 5 0 0 0
2611 43 4 3 44 0.0697674418604651 0.75 0.0681818181818182
2614 9 2 1 10 0.111111111111111 0.5 0.1
27319 20 2 2 20 0.1 1 0.1
278 9 7 1 15 0.111111111111111 0.142857142857143 0.0666666666666667
2819 18 4 1 21 0.0555555555555556 0.25 0.0476190476190476
2847 2 3 1 4 0.5 0.333333333333333 0.25
2852 6 4 3 7 0.5 0.75 0.428571428571429
28747 181 4 4 181 0.0220994475138122 1 0.0220994475138122
2895 4 1 1 4 0.25 1 0.25
2905 26 2 1 27 0.0384615384615385 0.5 0.037037037037037
2907 57 3 2 58 0.0350877192982456 0.666666666666667 0.0344827586206897
29134 2 1 1 2 0.5 1 0.5
2914 712 92 49 755 0.0688202247191011 0.532608695652174 0.0649006622516556
2915 31 8 2 37 0.0645161290322581 0.25 0.0540540540540541
29216 1 1 0 2 0 0 0
29243 2 2 2 2 1 1 1
29259 12 2 1 13 0.0833333333333333 0.5 0.0769230769230769
293 110 20 8 122 0.0727272727272727 0.4 0.0655737704918033
29377 1 5 0 6 0 0 0
29422 4 1 1 4 0.25 1 0.25
29449 1 3 0 4 0 0 0
29623 2 1 1 2 0.5 1 0.5
29629 5 1 1 5 0.2 1 0.2
29686 27 12 4 35 0.148148148148148 0.333333333333333 0.114285714285714
29789 3 1 1 3 0.333333333333333 1 0.333333333333333
3 3 1 0 4 0 0 0
30071 2 16 1 17 0.5 0.0625 0.0588235294117647
31103 2 5 0 7 0 0 0
31968 1 1 0 2 0 0 0
3221 1 1 1 1 1 1 1
3243 11 4 0 15 0 0 0
3246 279 33 24 288 0.0860215053763441 0.727272727272727 0.0833333333333333
3249 6 3 1 8 0.166666666666667 0.333333333333333 0.125
3257 292 111 47 356 0.160958904109589 0.423423423423423 0.132022471910112
3265 34 15 7 42 0.205882352941176 0.466666666666667 0.166666666666667
3274 3 1 0 4 0 0 0
3292 167 7 2 172 0.0119760479041916 0.285714285714286 0.0116279069767442
33 9 12 3 18 0.333333333333333 0.25 0.166666666666667
3301 28 2 2 28 0.0714285714285714 1 0.0714285714285714
3303 482 8 8 482 0.016597510373444 1 0.016597510373444
3320 262 20 8 274 0.0305343511450382 0.4 0.0291970802919708
3322 1 1 1 1 1 1 1
3327 5 5 1 9 0.2 0.2 0.111111111111111
3333 126 19 16 129 0.126984126984127 0.842105263157895 0.124031007751938
3344 4 3 1 6 0.25 0.333333333333333 0.166666666666667
3352 47 5 1 51 0.0212765957446809 0.2 0.0196078431372549
3549 644 36 21 659 0.0326086956521739 0.583333333333333 0.031866464339909
3557 82 13 10 85 0.121951219512195 0.769230769230769 0.117647058823529
3561 431 5 1 435 0.00232018561484919 0.2 0.00229885057471264
3582 4 3 0 7 0 0 0
3597 7 1 1 7 0.142857142857143 1 0.142857142857143
3662 12 1 1 12 0.0833333333333333 1 0.0833333333333333
3741 75 1 0 76 0 0 0
3748 1 8 1 8 1 0.125 0.125
3758 31 7 0 38 0 0 0
3776 9 2 0 11 0 0 0
378 2 1 1 2 0.5 1 0.5
3786 305 3 1 307 0.00327868852459016 0.333333333333333 0.00325732899022801
3825 1 1 0 2 0 0 0
3836 5 3 0 8 0 0 0
4134 65 1 0 66 0 0 0
4270 3 1 0 4 0 0 0
4436 95 4 3 96 0.0315789473684211 0.75 0.03125
4538 12 8 3 17 0.25 0.375 0.176470588235294
4555 1 13 0 14 0 0 0
4589 429 15 11 433 0.0256410256410256 0.733333333333333 0.0254041570438799
4608 2 1 1 2 0.5 1 0.5
4618 13 8 0 21 0 0 0
4621 20 1 1 20 0.05 1 0.05
4645 14 1 1 14 0.0714285714285714 1 0.0714285714285714
4651 25 2 0 27 0 0 0
4673 6 1 0 7 0 0 0
4675 4 6 2 8 0.5 0.333333333333333 0.25
4677 4 8 2 10 0.5 0.25 0.2
4678 7 9 2 14 0.285714285714286 0.222222222222222 0.142857142857143
4680 9 6 2 13 0.222222222222222 0.333333333333333 0.153846153846154
4685 8 7 3 12 0.375 0.428571428571429 0.25
4688 13 5 3 15 0.230769230769231 0.6 0.2
4691 8 12 3 17 0.375 0.25 0.176470588235294
4694 83 2 2 83 0.0240963855421687 1 0.0240963855421687
4702 5 5 2 8 0.4 0.4 0.25
4713 81 2 2 81 0.0246913580246914 1 0.0246913580246914
4716 88 41 12 117 0.136363636363636 0.292682926829268 0.102564102564103
4717 4 1 1 4 0.25 1 0.25
4718 3 4 2 5 0.666666666666667 0.5 0.4
4721 6 5 0 11 0 0 0
4725 90 40 7 123 0.0777777777777778 0.175 0.0569105691056911
4736 12 1 1 12 0.0833333333333333 1 0.0833333333333333
4741 4 2 0 6 0 0 0
4747 8 2 0 10 0 0 0
4750 33 4 0 37 0 0 0
4774 6 3 2 7 0.333333333333333 0.666666666666667 0.285714285714286
4777 27 7 5 29 0.185185185185185 0.714285714285714 0.172413793103448
4780 22 2 2 22 0.0909090909090909 1 0.0909090909090909
4787 6 1 0 7 0 0 0
4795 4 3 0 7 0 0 0
5050 10 1 1 10 0.1 1 0.1
513 34 12 4 42 0.117647058823529 0.333333333333333 0.0952380952380952
5381 12 4 0 16 0 0 0
5385 10 5 2 13 0.2 0.4 0.153846153846154
5397 5 1 0 6 0 0 0
5408 31 2 1 32 0.032258064516129 0.5 0.03125
5410 37 6 2 41 0.0540540540540541 0.333333333333333 0.0487804878048781
5417 142 25 23 144 0.161971830985915 0.92 0.159722222222222
5418 6 1 1 6 0.166666666666667 1 0.166666666666667
5424 8 12 1 19 0.125 0.0833333333333333 0.0526315789473684
5430 48 9 5 52 0.104166666666667 0.555555555555556 0.0961538461538462
5459 142 4 4 142 0.028169014084507 1 0.028169014084507
5466 51 2 0 53 0 0 0
5511 189 26 10 205 0.0529100529100529 0.384615384615385 0.0487804878048781
553 32 6 4 34 0.125 0.666666666666667 0.117647058823529
5539 26 25 4 47 0.153846153846154 0.16 0.0851063829787234
5568 67 3 3 67 0.0447761194029851 1 0.0447761194029851
559 40 20 9 51 0.225 0.45 0.176470588235294
5602 14 3 1 16 0.0714285714285714 0.333333333333333 0.0625
5609 2 19 0 21 0 0 0
5617 62 5 0 67 0 0 0
5623 1 6 0 7 0 0 0
5669 71 2 1 72 0.0140845070422535 0.5 0.0138888888888889
6062 8 2 0 10 0 0 0
6066 6 1 1 6 0.166666666666667 1 0.166666666666667
6163 9 2 0 11 0 0 0
6320 252 1 1 252 0.00396825396825397 1 0.00396825396825397
6342 4 3 0 7 0 0 0
6360 8 1 1 8 0.125 1 0.125
6389 28 1 0 29 0 0 0
6435 3 22 0 25 0 0 0
6453 243 10 9 244 0.037037037037037 0.9 0.0368852459016393
6461 591 10 9 592 0.0152284263959391 0.9 0.0152027027027027
6509 33 2 2 33 0.0606060606060606 1 0.0606060606060606
6619 12 1 0 13 0 0 0
6661 25 2 1 26 0.04 0.5 0.0384615384615385
6667 353 26 25 354 0.0708215297450425 0.961538461538462 0.0706214689265537
668 44 7 3 48 0.0681818181818182 0.428571428571429 0.0625
6695 71 1 0 72 0 0 0
6696 29 7 3 33 0.103448275862069 0.428571428571429 0.0909090909090909
6706 3 2 1 4 0.333333333333333 0.5 0.25
6730 178 3 2 179 0.0112359550561798 0.666666666666667 0.0111731843575419
680 40 6 4 42 0.1 0.666666666666667 0.0952380952380952
6830 70 80 19 131 0.271428571428571 0.2375 0.145038167938931
6939 293 47 13 327 0.0443686006825939 0.276595744680851 0.0397553516819572
7018 1736 3 2 1737 0.00115207373271889 0.666666666666667 0.00115141047783535
7065 9 1 1 9 0.111111111111111 1 0.111111111111111
71 11 2 0 13 0 0 0
7500 65 3 3 65 0.0461538461538462 1 0.0461538461538462
7514 12 7 3 16 0.25 0.428571428571429 0.1875
7516 7 1 0 8 0 0 0
7521 3 2 1 4 0.333333333333333 0.5 0.25
7522 3 4 2 5 0.666666666666667 0.5 0.4
7530 3 2 0 5 0 0 0
7539 17 3 3 17 0.176470588235294 1 0.176470588235294
7570 14 3 2 15 0.142857142857143 0.666666666666667 0.133333333333333
7575 16 4 4 16 0.25 1 0.25
7580 1 4 0 5 0 0 0
7606 29 1 0 30 0 0 0
7610 24 3 2 25 0.0833333333333333 0.666666666666667 0.08
7623 11 2 1 12 0.0909090909090909 0.5 0.0833333333333333
766 17 4 3 18 0.176470588235294 0.75 0.166666666666667
7660 29 28 13 44 0.448275862068966 0.464285714285714 0.295454545454545
7665 2 1 1 2 0.5 1 0.5
7667 3 2 1 4 0.333333333333333 0.5 0.25
7668 7 1 1 7 0.142857142857143 1 0.142857142857143
7670 12 2 1 13 0.0833333333333333 0.5 0.0769230769230769
7671 5 8 2 11 0.4 0.25 0.181818181818182
7682 10 2 0 12 0 0 0
7687 4 2 1 5 0.25 0.5 0.2
786 39 14 3 50 0.0769230769230769 0.214285714285714 0.06
790 2 7 1 8 0.5 0.142857142857143 0.125
8002 24 5 0 29 0 0 0
8015 9 1 0 10 0 0 0
8070 1 4 0 5 0 0 0
81 10 2 0 12 0 0 0
8121 35 3 2 36 0.0571428571428571 0.666666666666667 0.0555555555555556
8220 638 5 4 639 0.00626959247648903 0.8 0.00625978090766823
8228 25 1 0 26 0 0 0
8237 7 3 0 10 0 0 0
8251 119 1 1 119 0.00840336134453781 1 0.00840336134453781
8256 2 1 1 2 0.5 1 0.5
8267 2 4 1 5 0.5 0.25 0.2
8447 57 12 5 64 0.087719298245614 0.416666666666667 0.078125
8469 22 4 2 24 0.0909090909090909 0.5 0.0833333333333333
8472 47 5 1 51 0.0212765957446809 0.2 0.0196078431372549
8473 18 1 0 19 0 0 0
8501 26 5 5 26 0.192307692307692 1 0.192307692307692
8514 30 4 1 33 0.0333333333333333 0.25 0.0303030303030303
8517 16 1 1 16 0.0625 1 0.0625
8560 42 8 6 44 0.142857142857143 0.75 0.136363636363636
8591 14 3 2 15 0.142857142857143 0.666666666666667 0.133333333333333
8657 53 2 1 54 0.0188679245283019 0.5 0.0185185185185185
8664 13 5 0 18 0 0 0
8665 3 2 0 5 0 0 0
8676 3 2 0 5 0 0 0
8708 109 6 4 111 0.036697247706422 0.666666666666667 0.036036036036036
8728 1 1 1 1 1 1 1
8737 35 7 4 38 0.114285714285714 0.571428571428571 0.105263157894737
8758 8 3 1 10 0.125 0.333333333333333 0.1
8763 22 2 1 23 0.0454545454545455 0.5 0.0434782608695652
8767 18 4 3 19 0.166666666666667 0.75 0.157894736842105
8781 3 1 1 3 0.333333333333333 1 0.333333333333333
8823 3 1 1 3 0.333333333333333 1 0.333333333333333
8903 35 6 1 40 0.0285714285714286 0.166666666666667 0.025
8921 1 1 0 2 0 0 0
8925 3 1 0 4 0 0 0
8943 9 1 0 10 0 0 0
8954 26 24 5 45 0.192307692307692 0.208333333333333 0.111111111111111
8970 1 1 1 1 1 1 1
8973 5 2 0 7 0 0 0
8975 50 2 2 50 0.04 1 0.04
9033 1 1 1 1 1 1 1
9044 68 8 2 74 0.0294117647058824 0.25 0.027027027027027
9080 4 3 1 6 0.25 0.333333333333333 0.166666666666667
9112 2 7 1 8 0.5 0.142857142857143 0.125
9196 5 1 0 6 0 0 0
9264 29 17 6 40 0.206896551724138 0.352941176470588 0.15
9270 37 9 6 40 0.162162162162162 0.666666666666667 0.15
9407 2 3 2 3 1 0.666666666666667 0.666666666666667
9416 15 1 0 16 0 0 0
9595 7 4 2 9 0.285714285714286 0.5 0.222222222222222
9600 6 8 2 12 0.333333333333333 0.25 0.166666666666667
9607 5 1 0 6 0 0 0
9612 2 2 0 4 0 0 0
9619 2 2 2 2 1 1 1
9621 2 6 1 7 0.5 0.166666666666667 0.142857142857143
9622 7 1 1 7 0.142857142857143 1 0.142857142857143
9687 2 1 1 2 0.5 1 0.5
9701 3 1 0 4 0 0 0
9821 6 1 1 6 0.166666666666667 1 0.166666666666667
9844 2 1 0 3 0 0 0
9875 3 1 0 4 0 0 0
9916 3 1 1 3 0.333333333333333 1 0.333333333333333
