#ASN num_v4adj num_v6adj num_intersect(v4v6adj) num_union(adj) fr_v4(num_intersect/num_v4adj) fr_v6(num_intersect/num_v6adj) fr_intersect(num_intersect/num_union)
10006 3 1 1 3 0.333333333333333 1 0.333333333333333
10010 23 1 1 23 0.0434782608695652 1 0.0434782608695652
10013 2 1 1 2 0.5 1 0.5
10015 8 1 0 9 0 0 0
10021 17 3 2 18 0.117647058823529 0.666666666666667 0.111111111111111
10026 457 42 38 461 0.0831509846827133 0.904761904761905 0.0824295010845987
10030 3 1 1 3 0.333333333333333 1 0.333333333333333
10077 5 1 1 5 0.2 1 0.2
10081 1 1 1 1 1 1 1
10084 9 2 2 9 0.222222222222222 1 0.222222222222222
10091 2 1 1 2 0.5 1 0.5
101 31 12 10 33 0.32258064516129 0.833333333333333 0.303030303030303
10105 3 1 0 4 0 0 0
10143 10 1 0 11 0 0 0
102 3 1 1 3 0.333333333333333 1 0.333333333333333
10204 7 3 1 9 0.142857142857143 0.333333333333333 0.111111111111111
10217 19 6 6 19 0.315789473684211 1 0.315789473684211
10248 1 1 1 1 1 1 1
10297 5 2 2 5 0.4 1 0.4
10310 144 10 9 145 0.0625 0.9 0.0620689655172414
10318 10 1 0 11 0 0 0
10326 7 2 1 8 0.142857142857143 0.5 0.125
10343 2 1 1 2 0.5 1 0.5
10405 3 1 0 4 0 0 0
10430 10 1 1 10 0.1 1 0.1
10439 4 1 1 4 0.25 1 0.25
10466 28 3 3 28 0.107142857142857 1 0.107142857142857
10490 33 8 6 35 0.181818181818182 0.75 0.171428571428571
10533 6 3 2 7 0.333333333333333 0.666666666666667 0.285714285714286
10546 3 1 1 3 0.333333333333333 1 0.333333333333333
10566 1 2 1 2 1 0.5 0.5
10569 1 1 1 1 1 1 1
10578 27 7 7 27 0.259259259259259 1 0.259259259259259
10586 6 2 0 8 0 0 0
10587 4 1 1 4 0.25 1 0.25
10745 3 7 0 10 0 0 0
10753 8 1 1 8 0.125 1 0.125
10764 10 2 1 11 0.1 0.5 0.0909090909090909
10835 26 1 1 26 0.0384615384615385 1 0.0384615384615385
10848 32 3 3 32 0.09375 1 0.09375
10881 6 1 1 6 0.166666666666667 1 0.166666666666667
10886 40 16 7 49 0.175 0.4375 0.142857142857143
109 23 3 0 26 0 0 0
10929 14 1 1 14 0.0714285714285714 1 0.0714285714285714
1101 1 1 1 1 1 1 1
1103 216 91 88 219 0.407407407407407 0.967032967032967 0.401826484018265
11051 13 2 2 13 0.153846153846154 1 0.153846153846154
11090 3 1 1 3 0.333333333333333 1 0.333333333333333
11096 46 2 2 46 0.0434782608695652 1 0.0434782608695652
111 2 2 1 3 0.5 0.5 0.333333333333333
11164 90 14 13 91 0.144444444444444 0.928571428571429 0.142857142857143
11170 1 2 0 3 0 0 0
1120 18 6 5 19 0.277777777777778 0.833333333333333 0.263157894736842
11215 3 1 1 3 0.333333333333333 1 0.333333333333333
11242 3 1 1 3 0.333333333333333 1 0.333333333333333
1125 3 3 3 3 1 1 1
1126 42 13 7 48 0.166666666666667 0.538461538461538 0.145833333333333
11260 26 4 4 26 0.153846153846154 1 0.153846153846154
11274 12 6 6 12 0.5 1 0.5
11279 3 1 1 3 0.333333333333333 1 0.333333333333333
11290 4 2 2 4 0.5 1 0.5
11317 8 2 2 8 0.25 1 0.25
1132 2 2 2 2 1 1 1
11340 8 1 1 8 0.125 1 0.125
11383 23 2 2 23 0.0869565217391304 1 0.0869565217391304
1140 32 11 6 37 0.1875 0.545454545454545 0.162162162162162
11404 64 12 10 66 0.15625 0.833333333333333 0.151515151515152
11432 11 2 2 11 0.181818181818182 1 0.181818181818182
11457 7 1 0 8 0 0 0
11508 4 1 1 4 0.25 1 0.25
11522 8 3 3 8 0.375 1 0.375
11537 138 68 62 144 0.449275362318841 0.911764705882353 0.430555555555556
11556 37 1 0 38 0 0 0
11588 7 1 1 7 0.142857142857143 1 0.142857142857143
11590 6 2 1 7 0.166666666666667 0.5 0.142857142857143
11666 366 12 12 366 0.0327868852459016 1 0.0327868852459016
11686 51 3 3 51 0.0588235294117647 1 0.0588235294117647
11694 3 1 1 3 0.333333333333333 1 0.333333333333333
11706 9 2 2 9 0.222222222222222 1 0.222222222222222
11711 1 1 0 2 0 0 0
11734 3 2 1 4 0.333333333333333 0.5 0.25
11745 5 1 1 5 0.2 1 0.2
11752 7 3 3 7 0.428571428571429 1 0.428571428571429
11758 15 1 1 15 0.0666666666666667 1 0.0666666666666667
11796 9 2 2 9 0.222222222222222 1 0.222222222222222
11815 3 1 0 4 0 0 0
11847 6 1 0 7 0 0 0
11960 5 4 4 5 0.8 1 0.8
12 4 1 1 4 0.25 1 0.25
1200 42 21 12 51 0.285714285714286 0.571428571428571 0.235294117647059
12008 37 5 4 38 0.108108108108108 0.8 0.105263157894737
12036 3 2 1 4 0.333333333333333 0.5 0.25
12041 49 19 15 53 0.306122448979592 0.789473684210526 0.283018867924528
12046 3 1 1 3 0.333333333333333 1 0.333333333333333
12066 7 1 0 8 0 0 0
12111 21 2 2 21 0.0952380952380952 1 0.0952380952380952
12129 33 3 3 33 0.0909090909090909 1 0.0909090909090909
1213 9 5 3 11 0.333333333333333 0.6 0.272727272727273
12136 1 1 1 1 1 1 1
12188 17 4 4 17 0.235294117647059 1 0.235294117647059
1221 153 1 0 154 0 0 0
1224 3 1 1 3 0.333333333333333 1 0.333333333333333
12251 4 1 1 4 0.25 1 0.25
12287 2 1 1 2 0.5 1 0.5
12301 125 18 14 129 0.112 0.777777777777778 0.108527131782946
12303 4 2 2 4 0.5 1 0.5
12306 85 22 16 91 0.188235294117647 0.727272727272727 0.175824175824176
12312 53 17 13 57 0.245283018867925 0.764705882352941 0.228070175438596
12316 3 1 1 3 0.333333333333333 1 0.333333333333333
12322 68 15 11 72 0.161764705882353 0.733333333333333 0.152777777777778
12329 21 13 7 27 0.333333333333333 0.538461538461538 0.259259259259259
12335 10 1 1 10 0.1 1 0.1
12337 61 22 18 65 0.295081967213115 0.818181818181818 0.276923076923077
12347 10 4 3 11 0.3 0.75 0.272727272727273
12348 20 1 1 20 0.05 1 0.05
12350 260 5 5 260 0.0192307692307692 1 0.0192307692307692
12353 3 3 2 4 0.666666666666667 0.666666666666667 0.5
12355 42 15 11 46 0.261904761904762 0.733333333333333 0.239130434782609
1237 34 4 2 36 0.0588235294117647 0.5 0.0555555555555556
12371 2 1 0 3 0 0 0
12374 4 2 2 4 0.5 1 0.5
12381 3 1 1 3 0.333333333333333 1 0.333333333333333
12386 16 3 3 16 0.1875 1 0.1875
12389 528 16 9 535 0.0170454545454545 0.5625 0.0168224299065421
1239 1317 10 9 1318 0.00683371298405467 0.9 0.00682852807283763
12399 59 1 1 59 0.0169491525423729 1 0.0169491525423729
12401 14 3 2 15 0.142857142857143 0.666666666666667 0.133333333333333
12414 48 19 12 55 0.25 0.631578947368421 0.218181818181818
12452 40 2 2 40 0.05 1 0.05
12466 3 2 2 3 0.666666666666667 1 0.666666666666667
12469 2 1 1 2 0.5 1 0.5
12470 3 1 1 3 0.333333333333333 1 0.333333333333333
12476 13 2 1 14 0.0769230769230769 0.5 0.0714285714285714
1248 49 27 15 61 0.306122448979592 0.555555555555556 0.245901639344262
12496 50 1 0 51 0 0 0
12502 4 2 2 4 0.5 1 0.5
1251 9 1 1 9 0.111111111111111 1 0.111111111111111
12552 93 13 11 95 0.118279569892473 0.846153846153846 0.115789473684211
12566 15 3 3 15 0.2 1 0.2
1257 128 59 33 154 0.2578125 0.559322033898305 0.214285714285714
12573 40 20 16 44 0.4 0.8 0.363636363636364
12579 2 1 1 2 0.5 1 0.5
12586 31 3 2 32 0.0645161290322581 0.666666666666667 0.0625
12594 2 2 2 2 1 1 1
12597 6 2 2 6 0.333333333333333 1 0.333333333333333
12605 20 3 2 21 0.1 0.666666666666667 0.0952380952380952
12611 44 24 15 53 0.340909090909091 0.625 0.283018867924528
12614 3 1 1 3 0.333333333333333 1 0.333333333333333
12617 2 1 1 2 0.5 1 0.5
12634 50 21 14 57 0.28 0.666666666666667 0.245614035087719
12637 80 35 33 82 0.4125 0.942857142857143 0.402439024390244
12638 2 3 0 5 0 0 0
12643 2 2 2 2 1 1 1
12654 48 22 16 54 0.333333333333333 0.727272727272727 0.296296296296296
12657 3 1 1 3 0.333333333333333 1 0.333333333333333
12684 4 2 1 5 0.25 0.5 0.2
12695 84 5 4 85 0.0476190476190476 0.8 0.0470588235294118
12709 4 1 0 5 0 0 0
12713 84 2 2 84 0.0238095238095238 1 0.0238095238095238
12714 48 13 8 53 0.166666666666667 0.615384615384615 0.150943396226415
1273 282 86 55 313 0.195035460992908 0.63953488372093 0.175718849840256
12731 42 20 14 48 0.333333333333333 0.7 0.291666666666667
12732 23 11 10 24 0.434782608695652 0.909090909090909 0.416666666666667
12759 29 12 7 34 0.241379310344828 0.583333333333333 0.205882352941176
12767 15 5 4 16 0.266666666666667 0.8 0.25
12769 4 1 1 4 0.25 1 0.25
12778 13 5 4 14 0.307692307692308 0.8 0.285714285714286
12779 96 25 19 102 0.197916666666667 0.76 0.186274509803922
12782 2 1 1 2 0.5 1 0.5
1280 116 54 47 123 0.405172413793103 0.87037037037037 0.382113821138211
12816 1 1 1 1 1 1 1
12817 2 2 2 2 1 1 1
12822 3 1 1 3 0.333333333333333 1 0.333333333333333
12831 28 2 2 28 0.0714285714285714 1 0.0714285714285714
12835 13 3 3 13 0.230769230769231 1 0.230769230769231
12850 18 4 4 18 0.222222222222222 1 0.222222222222222
12853 2 3 1 4 0.5 0.333333333333333 0.25
12859 656 301 287 670 0.4375 0.953488372093023 0.428358208955224
12871 46 20 13 53 0.282608695652174 0.65 0.245283018867925
12874 230 4 4 230 0.0173913043478261 1 0.0173913043478261
12895 9 1 1 9 0.111111111111111 1 0.111111111111111
12902 43 11 7 47 0.162790697674419 0.636363636363636 0.148936170212766
12912 6 1 1 6 0.166666666666667 1 0.166666666666667
12931 4 2 2 4 0.5 1 0.5
12956 124 18 16 126 0.129032258064516 0.888888888888889 0.126984126984127
12968 146 18 12 152 0.0821917808219178 0.666666666666667 0.0789473684210526
12989 211 41 25 227 0.118483412322275 0.609756097560976 0.110132158590308
1299 581 114 112 583 0.192771084337349 0.982456140350877 0.192109777015437
13000 7 3 3 7 0.428571428571429 1 0.428571428571429
13030 924 302 286 940 0.30952380952381 0.947019867549669 0.304255319148936
13039 6 4 3 7 0.5 0.75 0.428571428571429
13041 8 2 2 8 0.25 1 0.25
13045 4 1 1 4 0.25 1 0.25
13049 9 1 1 9 0.111111111111111 1 0.111111111111111
13062 19 2 1 20 0.0526315789473684 0.5 0.05
13092 4 1 1 4 0.25 1 0.25
131 2 1 1 2 0.5 1 0.5
13103 1 1 1 1 1 1 1
13105 23 4 3 24 0.130434782608696 0.75 0.125
131075 1 1 1 1 1 1 1
13110 7 2 2 7 0.285714285714286 1 0.285714285714286
13115 4 2 2 4 0.5 1 0.5
1312 2 1 1 2 0.5 1 0.5
13127 52 9 6 55 0.115384615384615 0.666666666666667 0.109090909090909
13132 20 16 9 27 0.45 0.5625 0.333333333333333
13184 51 19 11 59 0.215686274509804 0.578947368421053 0.186440677966102
13189 32 9 9 32 0.28125 1 0.28125
13193 65 23 18 70 0.276923076923077 0.782608695652174 0.257142857142857
13210 2 1 1 2 0.5 1 0.5
13214 8 2 1 9 0.125 0.5 0.111111111111111
13237 462 114 101 475 0.218614718614719 0.885964912280702 0.212631578947368
13238 28 1 1 28 0.0357142857142857 1 0.0357142857142857
13243 4 1 1 4 0.25 1 0.25
13249 99 2 2 99 0.0202020202020202 1 0.0202020202020202
13272 1 1 1 1 1 1 1
13284 15 7 5 17 0.333333333333333 0.714285714285714 0.294117647058824
13293 21 4 4 21 0.19047619047619 1 0.19047619047619
13319 9 5 5 9 0.555555555555556 1 0.555555555555556
13429 4 1 1 4 0.25 1 0.25
13448 8 3 3 8 0.375 1 0.375
13501 2 1 1 2 0.5 1 0.5
13536 20 7 6 21 0.3 0.857142857142857 0.285714285714286
13576 22 1 0 23 0 0 0
13645 15 2 1 16 0.0666666666666667 0.5 0.0625
13657 7 3 2 8 0.285714285714286 0.666666666666667 0.25
13680 64 19 15 68 0.234375 0.789473684210526 0.220588235294118
13683 2 1 1 2 0.5 1 0.5
137 22 9 9 22 0.409090909090909 1 0.409090909090909
13714 2 1 1 2 0.5 1 0.5
13722 3 2 1 4 0.333333333333333 0.5 0.25
13768 165 9 9 165 0.0545454545454545 1 0.0545454545454545
13810 2 1 1 2 0.5 1 0.5
13867 3 2 1 4 0.333333333333333 0.5 0.25
13868 7 1 1 7 0.142857142857143 1 0.142857142857143
13901 2 1 1 2 0.5 1 0.5
13910 5 1 0 6 0 0 0
13911 2 2 0 4 0 0 0
13945 2 1 0 3 0 0 0
14 5 2 2 5 0.4 1 0.4
14026 8 1 1 8 0.125 1 0.125
14041 27 1 1 27 0.037037037037037 1 0.037037037037037
14048 7 1 1 7 0.142857142857143 1 0.142857142857143
1406 1 1 1 1 1 1 1
14080 14 2 2 14 0.142857142857143 1 0.142857142857143
14085 5 2 2 5 0.4 1 0.4
14103 5 1 0 6 0 0 0
14234 4 1 1 4 0.25 1 0.25
1424 1 1 1 1 1 1 1
14259 40 4 3 41 0.075 0.75 0.0731707317073171
1426 1 1 1 1 1 1 1
14262 4 3 3 4 0.75 1 0.75
14277 5 5 2 8 0.4 0.4 0.25
14325 10 2 2 10 0.2 1 0.2
14371 3 1 0 4 0 0 0
14383 5 1 1 5 0.2 1 0.2
14492 52 1 1 52 0.0192307692307692 1 0.0192307692307692
14511 1 2 0 3 0 0 0
14589 23 9 8 24 0.347826086956522 0.888888888888889 0.333333333333333
14595 7 2 1 8 0.142857142857143 0.5 0.125
14607 2 1 0 3 0 0 0
14609 13 2 2 13 0.153846153846154 1 0.153846153846154
14717 95 3 3 95 0.0315789473684211 1 0.0315789473684211
14840 9 2 2 9 0.222222222222222 1 0.222222222222222
14868 19 2 1 20 0.0526315789473684 0.5 0.05
14907 3 2 2 3 0.666666666666667 1 0.666666666666667
15003 6 1 1 6 0.166666666666667 1 0.166666666666667
15022 1 1 1 1 1 1 1
15088 2 1 0 3 0 0 0
15169 123 46 31 138 0.252032520325203 0.673913043478261 0.22463768115942
15176 4 1 0 5 0 0 0
15180 21 2 2 21 0.0952380952380952 1 0.0952380952380952
15189 7 3 3 7 0.428571428571429 1 0.428571428571429
15216 2 1 0 3 0 0 0
15226 5 2 1 6 0.2 0.5 0.166666666666667
15296 9 1 1 9 0.111111111111111 1 0.111111111111111
15301 4 2 2 4 0.5 1 0.5
15318 2 1 0 3 0 0 0
15324 1 1 1 1 1 1 1
15373 2 1 1 2 0.5 1 0.5
15412 445 15 12 448 0.0269662921348315 0.8 0.0267857142857143
15427 11 1 1 11 0.0909090909090909 1 0.0909090909090909
15436 12 3 3 12 0.25 1 0.25
15444 306 21 12 315 0.0392156862745098 0.571428571428571 0.0380952380952381
15451 2 1 0 3 0 0 0
15456 3 2 2 3 0.666666666666667 1 0.666666666666667
15469 11 7 5 13 0.454545454545455 0.714285714285714 0.384615384615385
15474 2 1 1 2 0.5 1 0.5
15479 13 2 2 13 0.153846153846154 1 0.153846153846154
15498 13 5 5 13 0.384615384615385 1 0.384615384615385
15518 2 1 1 2 0.5 1 0.5
15525 19 1 1 19 0.0526315789473684 1 0.0526315789473684
15533 40 6 5 41 0.125 0.833333333333333 0.121951219512195
15557 139 2 2 139 0.0143884892086331 1 0.0143884892086331
15576 32 6 4 34 0.125 0.666666666666667 0.117647058823529
15589 36 5 4 37 0.111111111111111 0.8 0.108108108108108
15598 133 31 22 142 0.165413533834586 0.709677419354839 0.154929577464789
15600 49 12 9 52 0.183673469387755 0.75 0.173076923076923
15605 2 2 0 4 0 0 0
15606 25 15 7 33 0.28 0.466666666666667 0.212121212121212
15614 7 3 3 7 0.428571428571429 1 0.428571428571429
15623 37 7 5 39 0.135135135135135 0.714285714285714 0.128205128205128
15653 3 1 1 3 0.333333333333333 1 0.333333333333333
15657 3 1 1 3 0.333333333333333 1 0.333333333333333
15685 36 16 14 38 0.388888888888889 0.875 0.368421052631579
15694 101 3 2 102 0.0198019801980198 0.666666666666667 0.0196078431372549
15696 2 1 0 3 0 0 0
15703 75 1 1 75 0.0133333333333333 1 0.0133333333333333
15716 6 3 2 7 0.333333333333333 0.666666666666667 0.285714285714286
15725 3 3 2 4 0.666666666666667 0.666666666666667 0.5
15726 2 1 1 2 0.5 1 0.5
15744 15 1 1 15 0.0666666666666667 1 0.0666666666666667
15756 20 1 1 20 0.05 1 0.05
15772 59 1 1 59 0.0169491525423729 1 0.0169491525423729
15782 13 3 3 13 0.230769230769231 1 0.230769230769231
15798 3 1 1 3 0.333333333333333 1 0.333333333333333
15805 22 5 4 23 0.181818181818182 0.8 0.173913043478261
15806 11 1 0 12 0 0 0
15825 1 1 0 2 0 0 0
15826 3 3 3 3 1 1 1
15835 37 5 5 37 0.135135135135135 1 0.135135135135135
15857 49 12 7 54 0.142857142857143 0.583333333333333 0.12962962962963
15879 44 21 14 51 0.318181818181818 0.666666666666667 0.274509803921569
15894 2 1 1 2 0.5 1 0.5
159 2 1 1 2 0.5 1 0.5
15919 8 1 1 8 0.125 1 0.125
15965 4 1 1 4 0.25 1 0.25
15982 15 1 0 16 0 0 0
16004 12 6 4 14 0.333333333333333 0.666666666666667 0.285714285714286
16016 27 5 5 27 0.185185185185185 1 0.185185185185185
16019 10 4 4 10 0.4 1 0.4
16073 7 2 2 7 0.285714285714286 1 0.285714285714286
16080 19 1 1 19 0.0526315789473684 1 0.0526315789473684
16082 32 1 1 32 0.03125 1 0.03125
16086 27 33 14 46 0.518518518518518 0.424242424242424 0.304347826086957
16097 40 15 9 46 0.225 0.6 0.195652173913043
16117 2 1 1 2 0.5 1 0.5
16128 18 4 3 19 0.166666666666667 0.75 0.157894736842105
16131 42 21 12 51 0.285714285714286 0.571428571428571 0.235294117647059
16138 5 2 1 6 0.2 0.5 0.166666666666667
16150 262 15 13 264 0.049618320610687 0.866666666666667 0.0492424242424242
16160 9 3 2 10 0.222222222222222 0.666666666666667 0.2
16186 7 4 3 8 0.428571428571429 0.75 0.375
16206 15 2 0 17 0 0 0
16210 8 3 3 8 0.375 1 0.375
16215 20 7 6 21 0.3 0.857142857142857 0.285714285714286
16237 36 10 6 40 0.166666666666667 0.6 0.15
16242 11 1 1 11 0.0909090909090909 1 0.0909090909090909
16243 47 22 15 54 0.319148936170213 0.681818181818182 0.277777777777778
16245 22 7 6 23 0.272727272727273 0.857142857142857 0.260869565217391
16246 10 1 1 10 0.1 1 0.1
16265 81 26 21 86 0.259259259259259 0.807692307692308 0.244186046511628
16276 74 17 10 81 0.135135135135135 0.588235294117647 0.123456790123457
16316 5 4 3 6 0.6 0.75 0.5
16326 1 1 1 1 1 1 1
16347 9 3 3 9 0.333333333333333 1 0.333333333333333
16397 32 4 4 32 0.125 1 0.125
1653 32 4 4 32 0.125 1 0.125
16531 4 2 1 5 0.25 0.5 0.2
1659 10 3 2 11 0.2 0.666666666666667 0.181818181818182
16617 8 1 0 9 0 0 0
16668 8 4 2 10 0.25 0.5 0.2
16724 6 1 1 6 0.166666666666667 1 0.166666666666667
16735 113 20 18 115 0.15929203539823 0.9 0.156521739130435
16796 2 1 0 3 0 0 0
16807 4 2 0 6 0 0 0
16838 10 1 0 11 0 0 0
16866 2 3 2 3 1 0.666666666666667 0.666666666666667
16876 18 9 8 19 0.444444444444444 0.888888888888889 0.421052631578947
16942 6 1 1 6 0.166666666666667 1 0.166666666666667
16970 2 2 2 2 1 1 1
17048 3 1 1 3 0.333333333333333 1 0.333333333333333
17054 64 1 1 64 0.015625 1 0.015625
1706 5 1 1 5 0.2 1 0.2
17061 2 1 0 3 0 0 0
17204 2 1 0 3 0 0 0
1734 1 2 1 2 1 0.5 0.5
17356 8 1 1 8 0.125 1 0.125
174 2805 130 128 2807 0.045632798573975 0.984615384615385 0.0456002850017813
1741 10 5 4 11 0.4 0.8 0.363636363636364
17412 2 2 1 3 0.5 0.5 0.333333333333333
17435 2 1 1 2 0.5 1 0.5
17439 6 1 0 7 0 0 0
17451 69 12 9 72 0.130434782608696 0.75 0.125
17464 2 1 1 2 0.5 1 0.5
17498 2 2 2 2 1 1 1
17511 14 3 2 15 0.142857142857143 0.666666666666667 0.133333333333333
17529 7 3 3 7 0.428571428571429 1 0.428571428571429
17554 9 3 2 10 0.222222222222222 0.666666666666667 0.2
17564 2 1 1 2 0.5 1 0.5
17579 14 10 6 18 0.428571428571429 0.6 0.333333333333333
1759 35 6 6 35 0.171428571428571 1 0.171428571428571
1764 66 22 16 72 0.242424242424242 0.727272727272727 0.222222222222222
17645 8 1 1 8 0.125 1 0.125
17660 31 9 7 33 0.225806451612903 0.777777777777778 0.212121212121212
17671 4 1 1 4 0.25 1 0.25
17673 3 2 2 3 0.666666666666667 1 0.666666666666667
17676 41 2 2 41 0.0487804878048781 1 0.0487804878048781
17689 3 1 0 4 0 0 0
17705 3 1 1 3 0.333333333333333 1 0.333333333333333
17707 7 1 0 8 0 0 0
17709 17 1 0 18 0 0 0
17721 3 2 2 3 0.666666666666667 1 0.666666666666667
17727 9 1 1 9 0.111111111111111 1 0.111111111111111
17741 2 2 1 3 0.5 0.5 0.333333333333333
17746 17 1 1 17 0.0588235294117647 1 0.0588235294117647
17819 95 5 4 96 0.0421052631578947 0.8 0.0416666666666667
17820 13 1 1 13 0.0769230769230769 1 0.0769230769230769
17832 1 4 0 5 0 0 0
17886 1 1 1 1 1 1 1
17888 21 3 3 21 0.142857142857143 1 0.142857142857143
17920 6 1 1 6 0.166666666666667 1 0.166666666666667
17934 7 5 4 8 0.571428571428571 0.8 0.5
17940 3 1 1 3 0.333333333333333 1 0.333333333333333
17951 5 1 1 5 0.2 1 0.2
17955 4 4 2 6 0.5 0.5 0.333333333333333
1797 2 2 2 2 1 1 1
17974 2 1 1 2 0.5 1 0.5
17977 2 1 1 2 0.5 1 0.5
1798 6 8 4 10 0.666666666666667 0.5 0.4
17990 5 1 1 5 0.2 1 0.2
18007 2 2 2 2 1 1 1
18011 1 1 0 2 0 0 0
18037 10 1 1 10 0.1 1 0.1
18059 17 1 0 18 0 0 0
18070 2 2 1 3 0.5 0.5 0.333333333333333
18097 3 1 0 4 0 0 0
18119 3 2 2 3 0.666666666666667 1 0.666666666666667
18126 3 1 1 3 0.333333333333333 1 0.333333333333333
18146 2 3 0 5 0 0 0
18149 4 4 3 5 0.75 0.75 0.6
18182 2 1 0 3 0 0 0
18185 6 3 2 7 0.333333333333333 0.666666666666667 0.285714285714286
18203 2 1 1 2 0.5 1 0.5
18206 2 1 1 2 0.5 1 0.5
18218 1 1 0 2 0 0 0
18259 2 2 1 3 0.5 0.5 0.333333333333333
18266 4 1 1 4 0.25 1 0.25
18344 1 2 0 3 0 0 0
1835 7 1 1 7 0.142857142857143 1 0.142857142857143
1836 64 14 11 67 0.171875 0.785714285714286 0.164179104477612
18366 3 3 0 6 0 0 0
18368 2 1 0 3 0 0 0
18369 1 1 0 2 0 0 0
1837 2 2 2 2 1 1 1
18422 5 1 1 5 0.2 1 0.2
18450 5 1 1 5 0.2 1 0.2
1850 3 1 1 3 0.333333333333333 1 0.333333333333333
18508 6 3 2 7 0.333333333333333 0.666666666666667 0.285714285714286
1853 126 44 43 127 0.341269841269841 0.977272727272727 0.338582677165354
18592 25 12 8 29 0.32 0.666666666666667 0.275862068965517
18666 2 1 1 2 0.5 1 0.5
18747 32 1 1 32 0.03125 1 0.03125
18750 2 2 1 3 0.5 0.5 0.333333333333333
18779 21 5 5 21 0.238095238095238 1 0.238095238095238
18786 2 1 0 3 0 0 0
1880 19 7 4 22 0.210526315789474 0.571428571428571 0.181818181818182
1881 1 1 1 1 1 1 1
1887 9 1 1 9 0.111111111111111 1 0.111111111111111
19021 3 1 1 3 0.333333333333333 1 0.333333333333333
19073 2 1 1 2 0.5 1 0.5
19080 104 3 2 105 0.0192307692307692 0.666666666666667 0.019047619047619
19089 116 3 3 116 0.0258620689655172 1 0.0258620689655172
19149 1 1 1 1 1 1 1
19151 811 268 239 840 0.294697903822441 0.891791044776119 0.28452380952381
1916 168 33 33 168 0.196428571428571 1 0.196428571428571
19182 7 2 2 7 0.285714285714286 1 0.285714285714286
19192 2 1 1 2 0.5 1 0.5
19237 1 1 1 1 1 1 1
19255 6 4 2 8 0.333333333333333 0.5 0.25
19262 33 1 1 33 0.0303030303030303 1 0.0303030303030303
1930 24 8 7 25 0.291666666666667 0.875 0.28
19384 7 1 0 8 0 0 0
19401 52 20 18 54 0.346153846153846 0.9 0.333333333333333
19429 24 2 1 25 0.0416666666666667 0.5 0.04
195 8 2 1 9 0.125 0.5 0.111111111111111
19506 4 1 1 4 0.25 1 0.25
19517 1 1 0 2 0 0 0
1955 13 3 3 13 0.230769230769231 1 0.230769230769231
19557 5 2 1 6 0.2 0.5 0.166666666666667
19624 4 1 1 4 0.25 1 0.25
196613 2 2 2 2 1 1 1
19662 3 2 2 3 0.666666666666667 1 0.666666666666667
196621 5 3 2 6 0.4 0.666666666666667 0.333333333333333
1967 3 1 1 3 0.333333333333333 1 0.333333333333333
196724 2 2 2 2 1 1 1
196792 1 1 1 1 1 1 1
196878 7 2 2 7 0.285714285714286 1 0.285714285714286
196997 2 1 1 2 0.5 1 0.5
197000 14 10 7 17 0.5 0.7 0.411764705882353
19740 16 4 4 16 0.25 1 0.25
19750 12 6 4 14 0.333333333333333 0.666666666666667 0.285714285714286
19782 22 2 2 22 0.0909090909090909 1 0.0909090909090909
19783 2 2 1 3 0.5 0.5 0.333333333333333
19855 49 2 1 50 0.0204081632653061 0.5 0.02
19866 2 1 1 2 0.5 1 0.5
19872 1 1 1 1 1 1 1
19940 1 1 0 2 0 0 0
1998 5 1 1 5 0.2 1 0.2
20080 20 6 6 20 0.3 1 0.3
20130 2 1 1 2 0.5 1 0.5
20144 51 15 14 52 0.274509803921569 0.933333333333333 0.269230769230769
2018 6 1 1 6 0.166666666666667 1 0.166666666666667
20205 3 1 0 4 0 0 0
20225 10 1 1 10 0.1 1 0.1
20308 1 1 1 1 1 1 1
20312 9 6 4 11 0.444444444444444 0.666666666666667 0.363636363636364
2033 3 1 1 3 0.333333333333333 1 0.333333333333333
20341 1 1 0 2 0 0 0
20381 2 2 1 3 0.5 0.5 0.333333333333333
2042 16 7 5 18 0.3125 0.714285714285714 0.277777777777778
20436 2 1 0 3 0 0 0
2044 15 2 2 15 0.133333333333333 1 0.133333333333333
20473 25 5 3 27 0.12 0.6 0.111111111111111
20485 454 5 5 454 0.0110132158590308 1 0.0110132158590308
20495 55 14 11 58 0.2 0.785714285714286 0.189655172413793
20507 43 10 7 46 0.162790697674419 0.7 0.152173913043478
20535 6 1 1 6 0.166666666666667 1 0.166666666666667
20547 45 9 8 46 0.177777777777778 0.888888888888889 0.173913043478261
2055 2 1 1 2 0.5 1 0.5
20552 12 1 0 13 0 0 0
20555 4 3 3 4 0.75 1 0.75
20562 374 11 11 374 0.0294117647058824 1 0.0294117647058824
20569 9 6 5 10 0.555555555555556 0.833333333333333 0.5
20570 3 1 1 3 0.333333333333333 1 0.333333333333333
20597 3 1 1 3 0.333333333333333 1 0.333333333333333
20608 3 2 0 5 0 0 0
20612 5 2 1 6 0.2 0.5 0.166666666666667
20621 6 5 3 8 0.5 0.6 0.375
20626 1 1 1 1 1 1 1
20633 21 13 5 29 0.238095238095238 0.384615384615385 0.172413793103448
20634 40 1 1 40 0.025 1 0.025
20640 215 103 78 240 0.362790697674419 0.757281553398058 0.325
20650 5 1 1 5 0.2 1 0.2
20676 103 17 11 109 0.106796116504854 0.647058823529412 0.100917431192661
20704 24 6 5 25 0.208333333333333 0.833333333333333 0.2
20707 2 2 2 2 1 1 1
20712 28 7 5 30 0.178571428571429 0.714285714285714 0.166666666666667
20718 32 14 3 43 0.09375 0.214285714285714 0.0697674418604651
20742 1 1 1 1 1 1 1
20766 12 1 1 12 0.0833333333333333 1 0.0833333333333333
20773 31 18 13 36 0.419354838709677 0.722222222222222 0.361111111111111
20783 6 3 1 8 0.166666666666667 0.333333333333333 0.125
20836 17 1 0 18 0 0 0
20845 3 1 1 3 0.333333333333333 1 0.333333333333333
20847 42 22 13 51 0.30952380952381 0.590909090909091 0.254901960784314
20850 22 4 4 22 0.181818181818182 1 0.181818181818182
20857 28 5 4 29 0.142857142857143 0.8 0.137931034482759
209 1440 32 30 1442 0.0208333333333333 0.9375 0.0208044382801664
20904 2 1 1 2 0.5 1 0.5
20912 11 5 5 11 0.454545454545455 1 0.454545454545455
20932 391 16 15 392 0.0383631713554987 0.9375 0.038265306122449
20940 127 4 2 129 0.015748031496063 0.5 0.0155038759689922
20953 36 10 5 41 0.138888888888889 0.5 0.121951219512195
20960 76 7 6 77 0.0789473684210526 0.857142857142857 0.0779220779220779
20965 54 43 43 54 0.796296296296296 1 0.796296296296296
20968 1 1 1 1 1 1 1
210 13 1 1 13 0.0769230769230769 1 0.0769230769230769
21011 124 21 14 131 0.112903225806452 0.666666666666667 0.106870229007634
21013 40 17 11 46 0.275 0.647058823529412 0.239130434782609
21055 43 9 7 45 0.162790697674419 0.777777777777778 0.155555555555556
21069 11 3 1 13 0.0909090909090909 0.333333333333333 0.0769230769230769
2107 1 3 1 3 1 0.333333333333333 0.333333333333333
2108 1 1 1 1 1 1 1
2110 47 3 2 48 0.0425531914893617 0.666666666666667 0.0416666666666667
21104 3 1 0 4 0 0 0
21107 3 1 0 4 0 0 0
21142 7 2 2 7 0.285714285714286 1 0.285714285714286
21155 48 18 12 54 0.25 0.666666666666667 0.222222222222222
21159 3 2 2 3 0.666666666666667 1 0.666666666666667
2116 32 9 8 33 0.25 0.888888888888889 0.242424242424242
21162 1 1 1 1 1 1 1
21174 3 1 0 4 0 0 0
2119 469 9 9 469 0.0191897654584222 1 0.0191897654584222
21191 1 1 1 1 1 1 1
21195 24 6 6 24 0.25 1 0.25
21213 13 5 5 13 0.384615384615385 1 0.384615384615385
21219 252 13 8 257 0.0317460317460317 0.615384615384615 0.0311284046692607
21221 34 14 8 40 0.235294117647059 0.571428571428571 0.2
21263 45 22 14 53 0.311111111111111 0.636363636363636 0.264150943396226
2128 4 1 1 4 0.25 1 0.25
21320 6 1 1 6 0.166666666666667 1 0.166666666666667
21366 2 1 1 2 0.5 1 0.5
21371 52 15 10 57 0.192307692307692 0.666666666666667 0.175438596491228
21385 120 28 18 130 0.15 0.642857142857143 0.138461538461538
21392 40 12 8 44 0.2 0.666666666666667 0.181818181818182
21396 39 14 10 43 0.256410256410256 0.714285714285714 0.232558139534884
21399 2 2 0 4 0 0 0
21409 38 1 0 39 0 0 0
21414 66 14 9 71 0.136363636363636 0.642857142857143 0.126760563380282
21497 16 2 2 16 0.125 1 0.125
21499 3 1 1 3 0.333333333333333 1 0.333333333333333
21513 15 5 5 15 0.333333333333333 1 0.333333333333333
2152 94 5 5 94 0.0531914893617021 1 0.0531914893617021
2153 43 19 18 44 0.418604651162791 0.947368421052632 0.409090909090909
21548 22 1 1 22 0.0454545454545455 1 0.0454545454545455
21634 2 1 1 2 0.5 1 0.5
21719 5 1 0 6 0 0 0
21737 8 1 0 9 0 0 0
21788 15 5 5 15 0.333333333333333 1 0.333333333333333
21816 2 1 1 2 0.5 1 0.5
21831 2 1 0 3 0 0 0
21844 24 4 4 24 0.166666666666667 1 0.166666666666667
21856 1 1 1 1 1 1 1
21864 9 1 1 9 0.111111111111111 1 0.111111111111111
21911 9 3 3 9 0.333333333333333 1 0.333333333333333
21928 6 2 2 6 0.333333333333333 1 0.333333333333333
21947 32 5 4 33 0.125 0.8 0.121212121212121
21968 2 1 0 3 0 0 0
21976 19 3 3 19 0.157894736842105 1 0.157894736842105
2200 52 6 5 53 0.0961538461538462 0.833333333333333 0.0943396226415094
22047 2 1 1 2 0.5 1 0.5
22070 4 1 1 4 0.25 1 0.25
22095 4 1 1 4 0.25 1 0.25
22192 3 1 1 3 0.333333333333333 1 0.333333333333333
22212 213 20 12 221 0.0563380281690141 0.6 0.0542986425339367
22284 8 1 0 9 0 0 0
22298 11 2 1 12 0.0909090909090909 0.5 0.0833333333333333
22302 9 3 3 9 0.333333333333333 1 0.333333333333333
22335 22 5 5 22 0.227272727272727 1 0.227272727272727
22351 40 2 2 40 0.05 1 0.05
22356 48 2 2 48 0.0416666666666667 1 0.0416666666666667
22388 9 9 8 10 0.888888888888889 0.888888888888889 0.8
224 6 2 2 6 0.333333333333333 1 0.333333333333333
22404 2 1 0 3 0 0 0
22431 9 3 2 10 0.222222222222222 0.666666666666667 0.2
22438 3 3 2 4 0.666666666666667 0.666666666666667 0.5
22439 3 1 1 3 0.333333333333333 1 0.333333333333333
225 4 1 1 4 0.25 1 0.25
22548 107 24 24 107 0.224299065420561 1 0.224299065420561
22577 12 3 3 12 0.25 1 0.25
22581 2 1 1 2 0.5 1 0.5
226 34 6 6 34 0.176470588235294 1 0.176470588235294
22645 9 1 1 9 0.111111111111111 1 0.111111111111111
22652 11 1 1 11 0.0909090909090909 1 0.0909090909090909
22734 2 1 0 3 0 0 0
22742 9 1 1 9 0.111111111111111 1 0.111111111111111
22773 284 2 2 284 0.00704225352112676 1 0.00704225352112676
22822 746 12 12 746 0.0160857908847185 1 0.0160857908847185
22829 23 3 3 23 0.130434782608696 1 0.130434782608696
22847 2 1 1 2 0.5 1 0.5
22911 10 1 0 11 0 0 0
22937 2 1 0 3 0 0 0
22958 8 2 2 8 0.25 1 0.25
23028 4 3 1 6 0.25 0.333333333333333 0.166666666666667
23033 9 1 0 10 0 0 0
23127 3 1 0 4 0 0 0
23148 414 9 9 414 0.0217391304347826 1 0.0217391304347826
23171 8 1 1 8 0.125 1 0.125
23308 13 6 6 13 0.461538461538462 1 0.461538461538462
23316 2 1 1 2 0.5 1 0.5
23342 51 12 11 52 0.215686274509804 0.916666666666667 0.211538461538462
23352 39 3 2 40 0.0512820512820513 0.666666666666667 0.05
23393 57 10 7 60 0.12280701754386 0.7 0.116666666666667
23431 2 1 0 3 0 0 0
23456 341 19 17 343 0.0498533724340176 0.894736842105263 0.0495626822157434
23504 30 9 5 34 0.166666666666667 0.555555555555556 0.147058823529412
23518 5 4 3 6 0.6 0.75 0.5
23541 10 1 0 11 0 0 0
23577 4 1 0 5 0 0 0
23596 3 2 2 3 0.666666666666667 1 0.666666666666667
236 1 1 1 1 1 1 1
23600 3 2 2 3 0.666666666666667 1 0.666666666666667
23624 2 2 2 2 1 1 1
23634 5 4 4 5 0.8 1 0.8
23637 3 1 0 4 0 0 0
23654 1 1 1 1 1 1 1
23655 22 1 1 22 0.0454545454545455 1 0.0454545454545455
23661 4 2 1 5 0.25 0.5 0.2
237 34 3 3 34 0.0882352941176471 1 0.0882352941176471
23709 3 2 2 3 0.666666666666667 1 0.666666666666667
23754 4 1 0 5 0 0 0
23774 5 3 2 6 0.4 0.666666666666667 0.333333333333333
2381 26 6 5 27 0.192307692307692 0.833333333333333 0.185185185185185
23816 6 2 2 6 0.333333333333333 1 0.333333333333333
23836 1 1 1 1 1 1 1
23838 3 1 0 4 0 0 0
23862 1 1 1 1 1 1 1
23869 3 3 2 4 0.666666666666667 0.666666666666667 0.5
23889 3 1 1 3 0.333333333333333 1 0.333333333333333
23899 3 2 1 4 0.333333333333333 0.5 0.25
23902 2 1 1 2 0.5 1 0.5
23910 3 5 1 7 0.333333333333333 0.2 0.142857142857143
23911 7 17 4 20 0.571428571428571 0.235294117647059 0.2
23912 1 1 0 2 0 0 0
23930 27 3 2 28 0.0740740740740741 0.666666666666667 0.0714285714285714
23947 49 1 1 49 0.0204081632653061 1 0.0204081632653061
23951 6 2 2 6 0.333333333333333 1 0.333333333333333
23953 5 1 0 6 0 0 0
23966 7 1 0 8 0 0 0
24 12 8 5 15 0.416666666666667 0.625 0.333333333333333
24005 3 1 1 3 0.333333333333333 1 0.333333333333333
24006 1 1 1 1 1 1 1
24029 9 2 1 10 0.111111111111111 0.5 0.1
24047 4 2 2 4 0.5 1 0.5
24066 3 1 0 4 0 0 0
24129 4 3 2 5 0.5 0.666666666666667 0.4
24130 44 6 5 45 0.113636363636364 0.833333333333333 0.111111111111111
24151 14 5 2 17 0.142857142857143 0.4 0.117647058823529
24173 3 1 0 4 0 0 0
24175 3 2 2 3 0.666666666666667 1 0.666666666666667
24176 1 1 0 2 0 0 0
24203 39 3 3 39 0.0769230769230769 1 0.0769230769230769
24211 2 1 0 3 0 0 0
24212 4 1 0 5 0 0 0
24218 21 7 6 22 0.285714285714286 0.857142857142857 0.272727272727273
24220 4 1 1 4 0.25 1 0.25
24226 2 4 2 4 1 0.5 0.5
24229 5 1 1 5 0.2 1 0.2
24238 8 3 2 9 0.25 0.666666666666667 0.222222222222222
24287 4 4 4 4 1 1 1
24299 1 1 0 2 0 0 0
24311 1 1 0 2 0 0 0
24321 3 1 1 3 0.333333333333333 1 0.333333333333333
24334 2 1 1 2 0.5 1 0.5
24390 2 1 1 2 0.5 1 0.5
24424 2 1 0 3 0 0 0
24433 1 1 1 1 1 1 1
24435 1 1 0 2 0 0 0
24475 4 4 4 4 1 1 1
24489 9 10 9 10 1 0.9 0.9
24490 13 12 12 13 0.923076923076923 1 0.923076923076923
24514 7 2 2 7 0.285714285714286 1 0.285714285714286
24530 1 1 0 2 0 0 0
24541 4 5 2 7 0.5 0.4 0.285714285714286
24557 4 3 3 4 0.75 1 0.75
24586 34 14 8 40 0.235294117647059 0.571428571428571 0.2
24594 33 7 4 36 0.121212121212121 0.571428571428571 0.111111111111111
24629 2 2 2 2 1 1 1
24638 20 2 2 20 0.1 1 0.1
24641 5 1 1 5 0.2 1 0.2
24642 33 11 6 38 0.181818181818182 0.545454545454545 0.157894736842105
24679 26 12 8 30 0.307692307692308 0.666666666666667 0.266666666666667
24724 140 38 29 149 0.207142857142857 0.763157894736842 0.194630872483221
24730 52 1 1 52 0.0192307692307692 1 0.0192307692307692
24739 51 21 11 61 0.215686274509804 0.523809523809524 0.180327868852459
24776 5 1 0 6 0 0 0
24785 123 19 13 129 0.105691056910569 0.684210526315789 0.10077519379845
24796 6 2 2 6 0.333333333333333 1 0.333333333333333
2484 3 1 1 3 0.333333333333333 1 0.333333333333333
24863 22 3 3 22 0.136363636363636 1 0.136363636363636
24875 42 19 10 51 0.238095238095238 0.526315789473684 0.196078431372549
24889 11 4 3 12 0.272727272727273 0.75 0.25
24900 1 1 1 1 1 1 1
24940 27 13 9 31 0.333333333333333 0.692307692307692 0.290322580645161
2495 12 1 1 12 0.0833333333333333 1 0.0833333333333333
24953 22 2 2 22 0.0909090909090909 1 0.0909090909090909
24956 3 1 0 4 0 0 0
24963 56 14 10 60 0.178571428571429 0.714285714285714 0.166666666666667
2497 251 78 66 263 0.262948207171315 0.846153846153846 0.250950570342205
24971 21 8 6 23 0.285714285714286 0.75 0.260869565217391
24973 4 2 0 6 0 0 0
2499 1 2 1 2 1 0.5 0.5
24990 15 2 1 16 0.0666666666666667 0.5 0.0625
25 2 1 1 2 0.5 1 0.5
250 9 2 1 10 0.111111111111111 0.5 0.1
2500 32 41 18 55 0.5625 0.439024390243902 0.327272727272727
25058 2 1 1 2 0.5 1 0.5
2506 2 1 1 2 0.5 1 0.5
25061 43 6 5 44 0.116279069767442 0.833333333333333 0.113636363636364
25074 100 25 15 110 0.15 0.6 0.136363636363636
25091 39 1 1 39 0.0256410256410256 1 0.0256410256410256
25098 14 2 2 14 0.142857142857143 1 0.142857142857143
2510 16 2 2 16 0.125 1 0.125
25111 2 1 0 3 0 0 0
25137 45 14 11 48 0.244444444444444 0.785714285714286 0.229166666666667
2514 18 3 2 19 0.111111111111111 0.666666666666667 0.105263157894737
25146 2 1 1 2 0.5 1 0.5
25148 29 11 8 32 0.275862068965517 0.727272727272727 0.25
2515 6 3 3 6 0.5 1 0.5
25151 20 1 0 21 0 0 0
25152 64 17 12 69 0.1875 0.705882352941177 0.173913043478261
2516 325 54 48 331 0.147692307692308 0.888888888888889 0.145015105740181
25164 2 1 1 2 0.5 1 0.5
2518 13 6 5 14 0.384615384615385 0.833333333333333 0.357142857142857
25182 32 8 5 35 0.15625 0.625 0.142857142857143
2519 31 7 6 32 0.193548387096774 0.857142857142857 0.1875
25192 28 18 14 32 0.5 0.777777777777778 0.4375
2521 1 1 1 1 1 1 1
25234 4 4 2 6 0.5 0.5 0.333333333333333
2527 12 7 5 14 0.416666666666667 0.714285714285714 0.357142857142857
25279 29 15 11 33 0.379310344827586 0.733333333333333 0.333333333333333
25286 41 16 11 46 0.268292682926829 0.6875 0.239130434782609
25295 3 1 1 3 0.333333333333333 1 0.333333333333333
25358 17 9 5 21 0.294117647058824 0.555555555555556 0.238095238095238
25372 5 1 1 5 0.2 1 0.2
25376 4 3 1 6 0.25 0.333333333333333 0.166666666666667
25384 9 2 1 10 0.111111111111111 0.5 0.1
25408 33 1 1 33 0.0303030303030303 1 0.0303030303030303
25409 2 1 1 2 0.5 1 0.5
25415 6 3 3 6 0.5 1 0.5
25432 2 1 1 2 0.5 1 0.5
25441 16 3 3 16 0.1875 1 0.1875
25459 34 9 8 35 0.235294117647059 0.888888888888889 0.228571428571429
25466 39 18 12 45 0.307692307692308 0.666666666666667 0.266666666666667
25473 6 3 3 6 0.5 1 0.5
25478 68 11 8 71 0.117647058823529 0.727272727272727 0.112676056338028
25486 7 2 2 7 0.285714285714286 1 0.285714285714286
25489 11 3 2 12 0.181818181818182 0.666666666666667 0.166666666666667
2549 3 2 1 4 0.333333333333333 0.5 0.25
25512 23 4 4 23 0.173913043478261 1 0.173913043478261
25525 121 18 15 124 0.12396694214876 0.833333333333333 0.120967741935484
25532 7 1 1 7 0.142857142857143 1 0.142857142857143
25538 2 2 0 4 0 0 0
25560 32 131 23 140 0.71875 0.175572519083969 0.164285714285714
25563 6 1 1 6 0.166666666666667 1 0.166666666666667
25577 89 8 7 90 0.0786516853932584 0.875 0.0777777777777778
25588 24 1 0 25 0 0 0
25593 11 1 1 11 0.0909090909090909 1 0.0909090909090909
25596 43 13 8 48 0.186046511627907 0.615384615384615 0.166666666666667
2561 3 2 2 3 0.666666666666667 1 0.666666666666667
25649 2 2 2 2 1 1 1
25689 13 3 3 13 0.230769230769231 1 0.230769230769231
2576 3 1 1 3 0.333333333333333 1 0.333333333333333
25795 11 2 2 11 0.181818181818182 1 0.181818181818182
25818 21 7 4 24 0.19047619047619 0.571428571428571 0.166666666666667
2586 11 1 1 11 0.0909090909090909 1 0.0909090909090909
2588 29 2 2 29 0.0689655172413793 1 0.0689655172413793
25885 9 4 3 10 0.333333333333333 0.75 0.3
25899 28 5 4 29 0.142857142857143 0.8 0.137931034482759
2594 4 1 0 5 0 0 0
2595 3 1 0 4 0 0 0
2597 3 3 3 3 1 1 1
26 5 1 1 5 0.2 1 0.2
2602 4 3 3 4 0.75 1 0.75
2603 147 34 26 155 0.17687074829932 0.764705882352941 0.167741935483871
2607 43 12 12 43 0.27906976744186 1 0.27906976744186
2609 3 1 0 4 0 0 0
26090 2 1 0 3 0 0 0
2611 56 12 10 58 0.178571428571429 0.833333333333333 0.172413793103448
2614 20 1 1 20 0.05 1 0.05
262659 2 1 0 3 0 0 0
262684 1 1 1 1 1 1 1
262721 1 1 1 1 1 1 1
26299 11 4 4 11 0.363636363636364 1 0.363636363636364
26347 10 3 3 10 0.3 1 0.3
2637 4 1 1 4 0.25 1 0.25
26415 46 9 1 54 0.0217391304347826 0.111111111111111 0.0185185185185185
26462 2 2 1 3 0.5 0.5 0.333333333333333
26473 6 2 2 6 0.333333333333333 1 0.333333333333333
26482 4 1 1 4 0.25 1 0.25
26496 9 3 3 9 0.333333333333333 1 0.333333333333333
26531 6 3 2 7 0.333333333333333 0.666666666666667 0.285714285714286
26592 27 4 3 28 0.111111111111111 0.75 0.107142857142857
26599 7 2 2 7 0.285714285714286 1 0.285714285714286
26610 2 1 1 2 0.5 1 0.5
26622 10 3 2 11 0.2 0.666666666666667 0.181818181818182
26677 44 1 1 44 0.0227272727272727 1 0.0227272727272727
26711 4 3 3 4 0.75 1 0.75
26773 14 4 4 14 0.285714285714286 1 0.285714285714286
26785 3 2 1 4 0.333333333333333 0.5 0.25
26788 21 1 1 21 0.0476190476190476 1 0.0476190476190476
26888 2 2 2 2 1 1 1
26935 11 2 2 11 0.181818181818182 1 0.181818181818182
26949 2 1 0 3 0 0 0
2697 7 2 1 8 0.142857142857143 0.5 0.125
26978 13 3 1 15 0.0769230769230769 0.333333333333333 0.0666666666666667
2698 6 3 3 6 0.5 1 0.5
27 2 1 1 2 0.5 1 0.5
2709 2 3 1 4 0.5 0.333333333333333 0.25
271 17 2 2 17 0.117647058823529 1 0.117647058823529
2714 1 1 1 1 1 1 1
2716 5 1 1 5 0.2 1 0.2
2721 3 2 2 3 0.666666666666667 1 0.666666666666667
2722 6 2 2 6 0.333333333333333 1 0.333333333333333
27318 1 2 0 3 0 0 0
27319 76 24 22 78 0.289473684210526 0.916666666666667 0.282051282051282
27321 3 3 2 4 0.666666666666667 0.666666666666667 0.5
27325 11 5 3 13 0.272727272727273 0.6 0.230769230769231
27400 3 2 2 3 0.666666666666667 1 0.666666666666667
27446 4 1 0 5 0 0 0
27524 64 6 5 65 0.078125 0.833333333333333 0.0769230769230769
27552 10 1 1 10 0.1 1 0.1
27589 8 2 2 8 0.25 1 0.25
27664 7 1 1 7 0.142857142857143 1 0.142857142857143
27678 9 2 2 9 0.222222222222222 1 0.222222222222222
27693 4 1 1 4 0.25 1 0.25
27725 1 1 1 1 1 1 1
27750 16 13 12 17 0.75 0.923076923076923 0.705882352941177
27767 3 1 0 4 0 0 0
27770 2 1 1 2 0.5 1 0.5
27781 6 1 0 7 0 0 0
278 9 5 1 13 0.111111111111111 0.2 0.0769230769230769
27814 4 1 0 5 0 0 0
27817 4 2 2 4 0.5 1 0.5
27820 3 1 0 4 0 0 0
27841 3 1 1 3 0.333333333333333 1 0.333333333333333
27859 2 1 1 2 0.5 1 0.5
27882 3 1 1 3 0.333333333333333 1 0.333333333333333
27893 3 2 0 5 0 0 0
27912 2 1 0 3 0 0 0
27924 3 1 1 3 0.333333333333333 1 0.333333333333333
27970 2 1 1 2 0.5 1 0.5
27986 13 1 1 13 0.0769230769230769 1 0.0769230769230769
27991 2 1 1 2 0.5 1 0.5
27992 3 1 1 3 0.333333333333333 1 0.333333333333333
28000 1 1 1 1 1 1 1
28001 5 2 2 5 0.4 1 0.4
28138 6 2 2 6 0.333333333333333 1 0.333333333333333
28142 1 1 0 2 0 0 0
28169 1 1 0 2 0 0 0
2819 37 4 3 38 0.0810810810810811 0.75 0.0789473684210526
28220 99 2 2 99 0.0202020202020202 1 0.0202020202020202
28262 2 1 1 2 0.5 1 0.5
28264 1 1 0 2 0 0 0
2828 881 26 20 887 0.0227014755959137 0.769230769230769 0.0225479143179256
28296 3 1 1 3 0.333333333333333 1 0.333333333333333
28299 9 3 2 10 0.222222222222222 0.666666666666667 0.2
28346 6 2 2 6 0.333333333333333 1 0.333333333333333
28360 12 1 1 12 0.0833333333333333 1 0.0833333333333333
28362 1 1 1 1 1 1 1
2847 6 5 5 6 0.833333333333333 1 0.833333333333333
2848 17 3 2 18 0.117647058823529 0.666666666666667 0.111111111111111
28497 5 2 2 5 0.4 1 0.4
28499 3 2 1 4 0.333333333333333 0.5 0.25
28511 4 2 1 5 0.25 0.5 0.2
2852 102 36 30 108 0.294117647058824 0.833333333333333 0.277777777777778
2854 130 1 1 130 0.00769230769230769 1 0.00769230769230769
2857 34 40 12 62 0.352941176470588 0.3 0.193548387096774
28571 6 2 2 6 0.333333333333333 1 0.333333333333333
286 330 189 81 438 0.245454545454545 0.428571428571429 0.184931506849315
28606 1 1 0 2 0 0 0
28618 4 3 1 6 0.25 0.333333333333333 0.166666666666667
28625 18 1 1 18 0.0555555555555556 1 0.0555555555555556
28677 2 1 1 2 0.5 1 0.5
28678 2 1 1 2 0.5 1 0.5
28697 6 1 0 7 0 0 0
28716 52 1 1 52 0.0192307692307692 1 0.0192307692307692
28717 34 4 3 35 0.0882352941176471 0.75 0.0857142857142857
28725 1 3 1 3 1 0.333333333333333 0.333333333333333
28747 2 2 2 2 1 1 1
28748 1 1 1 1 1 1 1
28753 27 15 9 33 0.333333333333333 0.6 0.272727272727273
28762 12 2 2 12 0.166666666666667 1 0.166666666666667
28768 4 1 0 5 0 0 0
28788 44 14 9 49 0.204545454545455 0.642857142857143 0.183673469387755
28809 120 13 7 126 0.0583333333333333 0.538461538461538 0.0555555555555556
28824 2 1 0 3 0 0 0
2884 5 2 2 5 0.4 1 0.4
28847 1 1 1 1 1 1 1
28855 11 4 4 11 0.363636363636364 1 0.363636363636364
28857 8 4 4 8 0.5 1 0.5
28859 4 1 1 4 0.25 1 0.25
28878 44 15 10 49 0.227272727272727 0.666666666666667 0.204081632653061
28929 98 7 6 99 0.0612244897959184 0.857142857142857 0.0606060606060606
28933 1 1 0 2 0 0 0
2895 277 4 3 278 0.0108303249097473 0.75 0.0107913669064748
28990 1 1 1 1 1 1 1
290 7 3 3 7 0.428571428571429 1 0.428571428571429
29003 6 1 1 6 0.166666666666667 1 0.166666666666667
29009 32 8 5 35 0.15625 0.625 0.142857142857143
29014 8 1 1 8 0.125 1 0.125
29017 56 8 5 59 0.0892857142857143 0.625 0.0847457627118644
2905 405 2 0 407 0 0 0
29056 25 5 5 25 0.2 1 0.2
2906 8 7 6 9 0.75 0.857142857142857 0.666666666666667
29066 38 18 12 44 0.315789473684211 0.666666666666667 0.272727272727273
2907 84 7 7 84 0.0833333333333333 1 0.0833333333333333
29073 40 9 4 45 0.1 0.444444444444444 0.0888888888888889
29076 83 22 11 94 0.132530120481928 0.5 0.117021276595745
29113 72 16 14 74 0.194444444444444 0.875 0.189189189189189
29134 8 6 6 8 0.75 1 0.75
2914 643 229 175 697 0.272161741835148 0.764192139737991 0.251076040172166
29140 17 16 8 25 0.470588235294118 0.5 0.32
29147 1 1 1 1 1 1 1
29154 5 3 3 5 0.6 1 0.6
29169 28 6 5 29 0.178571428571429 0.833333333333333 0.172413793103448
29182 15 1 1 15 0.0666666666666667 1 0.0666666666666667
29208 359 198 107 450 0.298050139275766 0.54040404040404 0.237777777777778
29216 1 1 1 1 1 1 1
29217 3 1 1 3 0.333333333333333 1 0.333333333333333
29222 38 3 2 39 0.0526315789473684 0.666666666666667 0.0512820512820513
29240 1 1 1 1 1 1 1
29243 2 1 1 2 0.5 1 0.5
29246 11 2 2 11 0.181818181818182 1 0.181818181818182
29259 3 2 2 3 0.666666666666667 1 0.666666666666667
29276 1 1 0 2 0 0 0
29278 14 4 4 14 0.285714285714286 1 0.285714285714286
293 162 24 23 163 0.141975308641975 0.958333333333333 0.141104294478528
29311 5 1 1 5 0.2 1 0.2
29317 2 2 2 2 1 1 1
29321 7 3 3 7 0.428571428571429 1 0.428571428571429
29329 21 6 5 22 0.238095238095238 0.833333333333333 0.227272727272727
29396 37 12 9 40 0.243243243243243 0.75 0.225
29405 13 2 2 13 0.153846153846154 1 0.153846153846154
29422 22 9 8 23 0.363636363636364 0.888888888888889 0.347826086956522
29430 3 1 1 3 0.333333333333333 1 0.333333333333333
29432 2 1 1 2 0.5 1 0.5
29449 12 6 5 13 0.416666666666667 0.833333333333333 0.384615384615385
29452 23 5 4 24 0.173913043478261 0.8 0.166666666666667
29488 3 2 2 3 0.666666666666667 1 0.666666666666667
29492 1 1 0 2 0 0 0
29527 277 12 12 277 0.0433212996389892 1 0.0433212996389892
29542 5 1 1 5 0.2 1 0.2
29550 54 7 6 55 0.111111111111111 0.857142857142857 0.109090909090909
29608 17 3 3 17 0.176470588235294 1 0.176470588235294
29611 35 10 8 37 0.228571428571429 0.8 0.216216216216216
29632 46 2 2 46 0.0434782608695652 1 0.0434782608695652
29636 249 77 72 254 0.289156626506024 0.935064935064935 0.283464566929134
29651 12 2 2 12 0.166666666666667 1 0.166666666666667
29655 10 5 4 11 0.4 0.8 0.363636363636364
29659 3 1 1 3 0.333333333333333 1 0.333333333333333
29668 40 1 1 40 0.025 1 0.025
29670 9 7 3 13 0.333333333333333 0.428571428571429 0.230769230769231
29671 3 3 3 3 1 1 1
29680 5 3 3 5 0.6 1 0.6
29684 6 1 1 6 0.166666666666667 1 0.166666666666667
29686 319 164 125 358 0.391849529780564 0.76219512195122 0.349162011173184
29691 20 3 2 21 0.1 0.666666666666667 0.0952380952380952
29744 1 1 0 2 0 0 0
29748 30 14 9 35 0.3 0.642857142857143 0.257142857142857
29761 12 4 4 12 0.333333333333333 1 0.333333333333333
29763 1 1 1 1 1 1 1
29789 1 1 1 1 1 1 1
29791 262 14 10 266 0.0381679389312977 0.714285714285714 0.037593984962406
29825 2 1 1 2 0.5 1 0.5
29838 44 7 5 46 0.113636363636364 0.714285714285714 0.108695652173913
29904 1 1 1 1 1 1 1
3 7 1 0 8 0 0 0
30008 3 1 1 3 0.333333333333333 1 0.333333333333333
30029 2 1 1 2 0.5 1 0.5
30058 10 1 1 10 0.1 1 0.1
30059 3 2 2 3 0.666666666666667 1 0.666666666666667
30071 11 90 7 94 0.636363636363636 0.0777777777777778 0.074468085106383
30075 2 1 0 3 0 0 0
30094 58 2 2 58 0.0344827586206897 1 0.0344827586206897
30121 4 2 1 5 0.25 0.5 0.2
30124 7 1 1 7 0.142857142857143 1 0.142857142857143
30130 5 2 2 5 0.4 1 0.4
30132 41 65 20 86 0.48780487804878 0.307692307692308 0.232558139534884
30142 2 1 0 3 0 0 0
30160 12 3 1 14 0.0833333333333333 0.333333333333333 0.0714285714285714
30176 17 3 3 17 0.176470588235294 1 0.176470588235294
302 9 1 1 9 0.111111111111111 1 0.111111111111111
30217 5 1 1 5 0.2 1 0.2
30221 2 1 0 3 0 0 0
30259 3 1 1 3 0.333333333333333 1 0.333333333333333
30263 3 1 0 4 0 0 0
30295 5 2 1 6 0.2 0.5 0.166666666666667
30340 15 3 2 16 0.133333333333333 0.666666666666667 0.125
30362 3 1 0 4 0 0 0
3043 26 7 6 27 0.230769230769231 0.857142857142857 0.222222222222222
30496 17 4 4 17 0.235294117647059 1 0.235294117647059
30528 6 3 2 7 0.333333333333333 0.666666666666667 0.285714285714286
30636 1 1 0 2 0 0 0
30653 32 10 7 35 0.21875 0.7 0.2
30700 5 2 2 5 0.4 1 0.4
30708 1 1 1 1 1 1 1
30726 13 2 1 14 0.0769230769230769 0.5 0.0714285714285714
30737 3 2 2 3 0.666666666666667 1 0.666666666666667
30740 42 9 8 43 0.19047619047619 0.888888888888889 0.186046511627907
30781 169 27 20 176 0.118343195266272 0.740740740740741 0.113636363636364
30795 3 2 2 3 0.666666666666667 1 0.666666666666667
30798 5 2 2 5 0.4 1 0.4
30811 4 2 2 4 0.5 1 0.5
30833 11 1 1 11 0.0909090909090909 1 0.0909090909090909
30844 324 8 8 324 0.0246913580246914 1 0.0246913580246914
30851 6 2 2 6 0.333333333333333 1 0.333333333333333
30857 2 2 1 3 0.5 0.5 0.333333333333333
30880 8 1 1 8 0.125 1 0.125
30889 41 9 5 45 0.121951219512195 0.555555555555556 0.111111111111111
30890 164 20 16 168 0.0975609756097561 0.8 0.0952380952380952
30925 23 10 5 28 0.217391304347826 0.5 0.178571428571429
30961 4 1 1 4 0.25 1 0.25
30962 10 3 3 10 0.3 1 0.3
30971 10 4 4 10 0.4 1 0.4
30975 10 6 2 14 0.2 0.333333333333333 0.142857142857143
31005 2 1 1 2 0.5 1 0.5
31018 1 1 1 1 1 1 1
31027 63 12 8 67 0.126984126984127 0.666666666666667 0.119402985074627
31042 24 1 1 24 0.0416666666666667 1 0.0416666666666667
31059 12 1 1 12 0.0833333333333333 1 0.0833333333333333
31078 5 4 3 6 0.6 0.75 0.5
31103 18 13 6 25 0.333333333333333 0.461538461538462 0.24
31117 11 5 4 12 0.363636363636364 0.8 0.333333333333333
31122 10 2 2 10 0.2 1 0.2
31127 3 4 3 4 1 0.75 0.75
31147 13 2 2 13 0.153846153846154 1 0.153846153846154
31172 7 3 1 9 0.142857142857143 0.333333333333333 0.111111111111111
31229 6 2 1 7 0.166666666666667 0.5 0.142857142857143
31252 64 19 15 68 0.234375 0.789473684210526 0.220588235294118
31255 5 3 2 6 0.4 0.666666666666667 0.333333333333333
31261 26 1 1 26 0.0384615384615385 1 0.0384615384615385
31283 51 8 8 51 0.156862745098039 1 0.156862745098039
3130 21 2 2 21 0.0952380952380952 1 0.0952380952380952
31333 5 2 2 5 0.4 1 0.4
31334 55 19 12 62 0.218181818181818 0.631578947368421 0.193548387096774
31383 24 8 4 28 0.166666666666667 0.5 0.142857142857143
3140 1 1 1 1 1 1 1
31400 27 3 2 28 0.0740740740740741 0.666666666666667 0.0714285714285714
31416 4 1 0 5 0 0 0
31424 26 5 5 26 0.192307692307692 1 0.192307692307692
31442 2 2 1 3 0.5 0.5 0.333333333333333
31458 57 8 7 58 0.12280701754386 0.875 0.120689655172414
31477 253 4 4 253 0.0158102766798419 1 0.0158102766798419
31479 4 2 1 5 0.25 0.5 0.2
31493 4 1 1 4 0.25 1 0.25
31500 728 18 16 730 0.021978021978022 0.888888888888889 0.0219178082191781
31513 2 1 0 3 0 0 0
31529 54 24 15 63 0.277777777777778 0.625 0.238095238095238
31530 7 1 1 7 0.142857142857143 1 0.142857142857143
31554 15 3 2 16 0.133333333333333 0.666666666666667 0.125
31572 10 1 1 10 0.1 1 0.1
31615 5 1 0 6 0 0 0
31621 6 3 1 8 0.166666666666667 0.333333333333333 0.125
31649 8 2 2 8 0.25 1 0.25
31661 43 17 13 47 0.302325581395349 0.764705882352941 0.276595744680851
31677 5 3 1 7 0.2 0.333333333333333 0.142857142857143
31688 14 4 4 14 0.285714285714286 1 0.285714285714286
31708 37 11 9 39 0.243243243243243 0.818181818181818 0.230769230769231
31736 11 2 2 11 0.181818181818182 1 0.181818181818182
31859 2 2 0 4 0 0 0
31877 11 1 1 11 0.0909090909090909 1 0.0909090909090909
31939 5 2 2 5 0.4 1 0.4
32 6 1 1 6 0.166666666666667 1 0.166666666666667
32016 7 1 1 7 0.142857142857143 1 0.142857142857143
32034 5 2 2 5 0.4 1 0.4
3209 151 4 4 151 0.0264900662251656 1 0.0264900662251656
32097 4 1 1 4 0.25 1 0.25
3212 25 1 1 25 0.04 1 0.04
3213 43 14 11 46 0.255813953488372 0.785714285714286 0.239130434782609
3215 99 2 2 99 0.0202020202020202 1 0.0202020202020202
3221 1 1 1 1 1 1 1
3223 1 2 1 2 1 0.5 0.5
32244 3 1 1 3 0.333333333333333 1 0.333333333333333
32308 3 1 1 3 0.333333333333333 1 0.333333333333333
32335 3 1 1 3 0.333333333333333 1 0.333333333333333
32346 2 2 2 2 1 1 1
32354 17 8 5 20 0.294117647058824 0.625 0.25
32360 2 2 1 3 0.5 0.5 0.333333333333333
32361 9 2 1 10 0.111111111111111 0.5 0.1
3243 18 3 2 19 0.111111111111111 0.666666666666667 0.105263157894737
32440 23 3 3 23 0.130434782608696 1 0.130434782608696
3248 58 24 19 63 0.327586206896552 0.791666666666667 0.301587301587302
3249 60 12 8 64 0.133333333333333 0.666666666666667 0.125
3257 689 339 200 828 0.290275761973875 0.589970501474926 0.241545893719807
32592 13 1 1 13 0.0769230769230769 1 0.0769230769230769
3261 36 2 2 36 0.0555555555555556 1 0.0555555555555556
32613 13 2 2 13 0.153846153846154 1 0.153846153846154
3265 42 14 11 45 0.261904761904762 0.785714285714286 0.244444444444444
3267 372 11 8 375 0.021505376344086 0.727272727272727 0.0213333333333333
32678 4 1 0 5 0 0 0
3269 123 1 1 123 0.00813008130081301 1 0.00813008130081301
32748 38 10 8 40 0.210526315789474 0.8 0.2
3277 5 1 1 5 0.2 1 0.2
32809 1 1 0 2 0 0 0
32825 2 2 1 3 0.5 0.5 0.333333333333333
32890 4 1 1 4 0.25 1 0.25
32915 3 1 0 4 0 0 0
3292 432 31 31 432 0.0717592592592593 1 0.0717592592592593
32934 64 1 1 64 0.015625 1 0.015625
32978 1 1 1 1 1 1 1
33003 2 1 0 3 0 0 0
3301 63 5 4 64 0.0634920634920635 0.8 0.0625
3302 44 3 3 44 0.0681818181818182 1 0.0681818181818182
3303 574 28 25 577 0.0435540069686411 0.892857142857143 0.0433275563258232
33070 7 1 1 7 0.142857142857143 1 0.142857142857143
33071 11 4 4 11 0.363636363636364 1 0.363636363636364
33075 2 1 1 2 0.5 1 0.5
33079 2 2 2 2 1 1 1
3308 25 4 4 25 0.16 1 0.16
33080 4 2 2 4 0.5 1 0.5
33082 3 1 1 3 0.333333333333333 1 0.333333333333333
33152 1 1 0 2 0 0 0
3316 20 2 2 20 0.1 1 0.1
33189 9 1 1 9 0.111111111111111 1 0.111111111111111
3320 539 22 17 544 0.0315398886827458 0.772727272727273 0.03125
3327 99 22 16 105 0.161616161616162 0.727272727272727 0.152380952380952
3330 27 7 7 27 0.259259259259259 1 0.259259259259259
33310 2 2 1 3 0.5 0.5 0.333333333333333
3333 168 6 5 169 0.0297619047619048 0.833333333333333 0.029585798816568
33362 3 1 0 4 0 0 0
33419 19 1 1 19 0.0526315789473684 1 0.0526315789473684
33437 2 9 1 10 0.5 0.111111111111111 0.1
3344 8 4 2 10 0.25 0.5 0.2
33475 3 1 1 3 0.333333333333333 1 0.333333333333333
33517 8 2 2 8 0.25 1 0.25
3352 79 3 1 81 0.0126582278481013 0.333333333333333 0.0123456790123457
33522 3 1 0 4 0 0 0
3356 2728 141 129 2740 0.0472873900293255 0.914893617021277 0.0470802919708029
33597 36 3 3 36 0.0833333333333333 1 0.0833333333333333
33606 6 1 1 6 0.166666666666667 1 0.166666666666667
3363 2 1 1 2 0.5 1 0.5
33631 2 1 1 2 0.5 1 0.5
33642 2 2 2 2 1 1 1
33764 2 3 1 4 0.5 0.333333333333333 0.25
33789 2 2 2 2 1 1 1
33808 13 1 1 13 0.0769230769230769 1 0.0769230769230769
3382 2 1 1 2 0.5 1 0.5
33828 1 1 1 1 1 1 1
33837 5 1 1 5 0.2 1 0.2
33843 38 23 13 48 0.342105263157895 0.565217391304348 0.270833333333333
33845 12 4 3 13 0.25 0.75 0.230769230769231
33868 7 1 1 7 0.142857142857143 1 0.142857142857143
33873 22 1 1 22 0.0454545454545455 1 0.0454545454545455
33876 1 1 1 1 1 1 1
33885 15 6 5 16 0.333333333333333 0.833333333333333 0.3125
33891 45 18 12 51 0.266666666666667 0.666666666666667 0.235294117647059
33923 5 3 1 7 0.2 0.333333333333333 0.142857142857143
33926 58 12 9 61 0.155172413793103 0.75 0.147540983606557
33930 2 1 0 3 0 0 0
33965 14 3 3 14 0.214285714285714 1 0.214285714285714
33984 2 1 1 2 0.5 1 0.5
33988 3 2 1 4 0.333333333333333 0.5 0.25
34011 21 4 4 21 0.19047619047619 1 0.19047619047619
34019 13 4 4 13 0.307692307692308 1 0.307692307692308
34021 11 2 2 11 0.181818181818182 1 0.181818181818182
34080 6 2 2 6 0.333333333333333 1 0.333333333333333
34081 3 2 2 3 0.666666666666667 1 0.666666666666667
34087 6 2 2 6 0.333333333333333 1 0.333333333333333
34108 6 4 3 7 0.5 0.75 0.428571428571429
34109 10 2 1 11 0.1 0.5 0.0909090909090909
34123 36 4 3 37 0.0833333333333333 0.75 0.0810810810810811
34139 2 1 1 2 0.5 1 0.5
34141 27 1 1 27 0.037037037037037 1 0.037037037037037
34146 17 5 4 18 0.235294117647059 0.8 0.222222222222222
34171 7 1 0 8 0 0 0
34183 3 3 3 3 1 1 1
34225 61 7 6 62 0.0983606557377049 0.857142857142857 0.0967741935483871
34240 2 2 2 2 1 1 1
34244 4 2 2 4 0.5 1 0.5
34245 48 6 5 49 0.104166666666667 0.833333333333333 0.102040816326531
34270 39 4 4 39 0.102564102564103 1 0.102564102564103
34279 18 2 2 18 0.111111111111111 1 0.111111111111111
34288 12 5 4 13 0.333333333333333 0.8 0.307692307692308
34305 58 19 12 65 0.206896551724138 0.631578947368421 0.184615384615385
34309 60 241 33 268 0.55 0.136929460580913 0.123134328358209
34313 25 6 5 26 0.2 0.833333333333333 0.192307692307692
34352 11 3 1 13 0.0909090909090909 0.333333333333333 0.0769230769230769
34372 3 1 1 3 0.333333333333333 1 0.333333333333333
34387 2 2 2 2 1 1 1
34409 5 3 2 6 0.4 0.666666666666667 0.333333333333333
34419 27 8 2 33 0.0740740740740741 0.25 0.0606060606060606
34427 3 1 1 3 0.333333333333333 1 0.333333333333333
34442 24 4 3 25 0.125 0.75 0.12
34486 32 7 5 34 0.15625 0.714285714285714 0.147058823529412
34505 3 3 2 4 0.666666666666667 0.666666666666667 0.5
34549 8 5 4 9 0.5 0.8 0.444444444444444
34554 15 5 4 16 0.266666666666667 0.8 0.25
34567 3 1 1 3 0.333333333333333 1 0.333333333333333
34574 3 1 0 4 0 0 0
34594 19 4 4 19 0.210526315789474 1 0.210526315789474
34602 15 4 2 17 0.133333333333333 0.5 0.117647058823529
34623 1 1 1 1 1 1 1
3464 8 1 1 8 0.125 1 0.125
34683 2 1 1 2 0.5 1 0.5
34695 1071 230 208 1093 0.19421101774043 0.904347826086957 0.190301921317475
34700 2 2 2 2 1 1 1
34735 1 1 1 1 1 1 1
34752 3 1 1 3 0.333333333333333 1 0.333333333333333
34763 18 2 1 19 0.0555555555555556 0.5 0.0526315789473684
34781 15 1 1 15 0.0666666666666667 1 0.0666666666666667
34784 3 1 1 3 0.333333333333333 1 0.333333333333333
34863 2 2 2 2 1 1 1
34878 2 1 1 2 0.5 1 0.5
3491 422 5 5 422 0.0118483412322275 1 0.0118483412322275
34912 3 1 0 4 0 0 0
34913 7 1 1 7 0.142857142857143 1 0.142857142857143
3495 2 1 1 2 0.5 1 0.5
34953 24 14 7 31 0.291666666666667 0.5 0.225806451612903
34968 34 13 8 39 0.235294117647059 0.615384615384615 0.205128205128205
34984 54 1 1 54 0.0185185185185185 1 0.0185185185185185
34997 13 4 4 13 0.307692307692308 1 0.307692307692308
35 2 1 0 3 0 0 0
35007 16 1 1 16 0.0625 1 0.0625
35017 4 1 1 4 0.25 1 0.25
35028 43 6 5 44 0.116279069767442 0.833333333333333 0.113636363636364
35070 10 3 3 10 0.3 1 0.3
35087 9 2 2 9 0.222222222222222 1 0.222222222222222
35210 2 1 0 3 0 0 0
35236 11 6 5 12 0.454545454545455 0.833333333333333 0.416666666666667
35244 22 23 14 31 0.636363636363636 0.608695652173913 0.451612903225806
35254 46 6 5 47 0.108695652173913 0.833333333333333 0.106382978723404
35260 30 11 7 34 0.233333333333333 0.636363636363636 0.205882352941176
35272 1 1 1 1 1 1 1
35310 2 1 0 3 0 0 0
35320 106 20 11 115 0.10377358490566 0.55 0.0956521739130435
35339 6 2 2 6 0.333333333333333 1 0.333333333333333
35366 32 15 8 39 0.25 0.533333333333333 0.205128205128205
35369 15 6 6 15 0.4 1 0.4
35382 2 2 2 2 1 1 1
35383 2 2 0 4 0 0 0
35393 16 2 2 16 0.125 1 0.125
35425 18 3 3 18 0.166666666666667 1 0.166666666666667
35432 28 1 1 28 0.0357142857142857 1 0.0357142857142857
35470 13 5 3 15 0.230769230769231 0.6 0.2
35471 1 1 1 1 1 1 1
3549 1423 194 182 1435 0.127898805340829 0.938144329896907 0.126829268292683
35492 2 2 2 2 1 1 1
3551 1 1 0 2 0 0 0
35518 4 1 0 5 0 0 0
35548 6 2 2 6 0.333333333333333 1 0.333333333333333
35569 1 1 0 2 0 0 0
3557 19 8 7 20 0.368421052631579 0.875 0.35
35574 8 2 2 8 0.25 1 0.25
35584 3 1 1 3 0.333333333333333 1 0.333333333333333
35592 5 4 3 6 0.6 0.75 0.5
35609 2 1 1 2 0.5 1 0.5
3561 412 9 9 412 0.0218446601941748 1 0.0218446601941748
35612 7 2 0 9 0 0 0
35627 7 3 2 8 0.285714285714286 0.666666666666667 0.25
35703 3 1 1 3 0.333333333333333 1 0.333333333333333
35706 18 9 4 23 0.222222222222222 0.444444444444444 0.173913043478261
35745 8 4 3 9 0.375 0.75 0.333333333333333
35788 14 4 3 15 0.214285714285714 0.75 0.2
35819 16 2 2 16 0.125 1 0.125
3582 3 2 2 3 0.666666666666667 1 0.666666666666667
35826 2 1 1 2 0.5 1 0.5
35908 24 1 1 24 0.0416666666666667 1 0.0416666666666667
3597 9 2 2 9 0.222222222222222 1 0.222222222222222
35974 6 1 1 6 0.166666666666667 1 0.166666666666667
3598 2 1 1 2 0.5 1 0.5
3603 2 1 1 2 0.5 1 0.5
36086 9 5 5 9 0.555555555555556 1 0.555555555555556
36221 2 1 1 2 0.5 1 0.5
36229 1 1 1 1 1 1 1
36236 16 1 1 16 0.0625 1 0.0625
36242 9 1 1 9 0.111111111111111 1 0.111111111111111
36252 2 2 2 2 1 1 1
36351 32 5 5 32 0.15625 1 0.15625
36383 1 1 0 2 0 0 0
36384 1 1 1 1 1 1 1
3640 4 1 1 4 0.25 1 0.25
36412 4 2 2 4 0.5 1 0.5
36472 3 1 1 3 0.333333333333333 1 0.333333333333333
36483 4 2 2 4 0.5 1 0.5
36563 3 1 1 3 0.333333333333333 1 0.333333333333333
3661 8 5 3 10 0.375 0.6 0.3
3662 15 10 9 16 0.6 0.9 0.5625
3663 7 2 1 8 0.142857142857143 0.5 0.125
36671 2 1 1 2 0.5 1 0.5
36692 47 4 4 47 0.0851063829787234 1 0.0851063829787234
36728 1 1 0 2 0 0 0
36733 2 1 1 2 0.5 1 0.5
3676 6 2 2 6 0.333333333333333 1 0.333333333333333
36786 1 1 1 1 1 1 1
3681 4 1 1 4 0.25 1 0.25
36811 1 1 0 2 0 0 0
36856 12 4 2 14 0.166666666666667 0.5 0.142857142857143
36944 38 10 9 39 0.236842105263158 0.9 0.230769230769231
37045 2 1 0 3 0 0 0
37084 6 1 1 6 0.166666666666667 1 0.166666666666667
37095 4 1 0 5 0 0 0
37105 4 1 1 4 0.25 1 0.25
3714 4 2 2 4 0.5 1 0.5
37179 26 2 2 26 0.0769230769230769 1 0.0769230769230769
3727 2 1 1 2 0.5 1 0.5
3741 107 9 7 109 0.0654205607476635 0.777777777777778 0.0642201834862385
3742 21 7 5 23 0.238095238095238 0.714285714285714 0.217391304347826
3754 44 7 6 45 0.136363636363636 0.857142857142857 0.133333333333333
3758 53 1 1 53 0.0188679245283019 1 0.0188679245283019
376 24 5 4 25 0.166666666666667 0.8 0.16
378 1 1 1 1 1 1 1
37918 2 1 1 2 0.5 1 0.5
37986 6 1 1 6 0.166666666666667 1 0.166666666666667
38 1 1 1 1 1 1 1
38005 2 2 2 2 1 1 1
38018 7 6 4 9 0.571428571428571 0.666666666666667 0.444444444444444
38022 38 8 8 38 0.210526315789474 1 0.210526315789474
38037 2 2 2 2 1 1 1
38044 2 1 1 2 0.5 1 0.5
38082 51 14 12 53 0.235294117647059 0.857142857142857 0.226415094339623
38083 1 1 1 1 1 1 1
38128 1 1 0 2 0 0 0
38158 6 4 4 6 0.666666666666667 1 0.666666666666667
38182 9 1 1 9 0.111111111111111 1 0.111111111111111
38220 12 1 1 12 0.0833333333333333 1 0.0833333333333333
38229 2 2 2 2 1 1 1
3825 1 1 0 2 0 0 0
38299 2 1 1 2 0.5 1 0.5
38321 2 2 2 2 1 1 1
38322 6 2 2 6 0.333333333333333 1 0.333333333333333
3836 8 2 1 9 0.125 0.5 0.111111111111111
38457 2 1 1 2 0.5 1 0.5
38462 2 2 2 2 1 1 1
38466 2 1 1 2 0.5 1 0.5
38477 4 1 1 4 0.25 1 0.25
3851 3 1 0 4 0 0 0
3856 87 18 13 92 0.149425287356322 0.722222222222222 0.141304347826087
38566 4 2 2 4 0.5 1 0.5
38567 2 1 1 2 0.5 1 0.5
38620 1 1 1 1 1 1 1
38629 3 2 1 4 0.333333333333333 0.5 0.25
38639 2 2 2 2 1 1 1
38646 4 3 3 4 0.75 1 0.75
38652 2 1 1 2 0.5 1 0.5
38701 1 1 0 2 0 0 0
38710 5 1 0 6 0 0 0
38727 3 1 1 3 0.333333333333333 1 0.333333333333333
38759 4 12 3 13 0.75 0.25 0.230769230769231
38794 11 1 1 11 0.0909090909090909 1 0.0909090909090909
38796 1 1 0 2 0 0 0
38809 40 1 0 41 0 0 0
38826 4 2 2 4 0.5 1 0.5
38858 4 2 2 4 0.5 1 0.5
38861 30 5 5 30 0.166666666666667 1 0.166666666666667
38883 3 1 1 3 0.333333333333333 1 0.333333333333333
38915 23 10 6 27 0.260869565217391 0.6 0.222222222222222
38922 15 1 1 15 0.0666666666666667 1 0.0666666666666667
38930 36 10 9 37 0.25 0.9 0.243243243243243
3900 7 2 2 7 0.285714285714286 1 0.285714285714286
39020 6 2 2 6 0.333333333333333 1 0.333333333333333
39029 3 2 2 3 0.666666666666667 1 0.666666666666667
39040 16 1 1 16 0.0625 1 0.0625
39091 5 1 1 5 0.2 1 0.2
39093 3 3 1 5 0.333333333333333 0.333333333333333 0.2
39102 19 1 1 19 0.0526315789473684 1 0.0526315789473684
39117 7 1 1 7 0.142857142857143 1 0.142857142857143
39122 5 4 3 6 0.6 0.75 0.5
39138 1 1 1 1 1 1 1
39145 11 4 3 12 0.272727272727273 0.75 0.25
39211 5 2 1 6 0.2 0.5 0.166666666666667
39242 2 1 1 2 0.5 1 0.5
39250 2 1 0 3 0 0 0
39264 6 2 1 7 0.166666666666667 0.5 0.142857142857143
39288 3 3 2 4 0.666666666666667 0.666666666666667 0.5
39301 6 2 2 6 0.333333333333333 1 0.333333333333333
39308 1 1 0 2 0 0 0
39309 28 9 3 34 0.107142857142857 0.333333333333333 0.0882352941176471
3931 2 2 1 3 0.5 0.5 0.333333333333333
393220 3 3 3 3 1 1 1
39326 232 26 23 235 0.0991379310344828 0.884615384615385 0.0978723404255319
39342 2 2 2 2 1 1 1
39386 47 1 1 47 0.0212765957446809 1 0.0212765957446809
3943 3 3 3 3 1 1 1
39472 3 1 1 3 0.333333333333333 1 0.333333333333333
3949 1 1 1 1 1 1 1
39520 2 1 0 3 0 0 0
39537 1 3 0 4 0 0 0
39545 5 2 2 5 0.4 1 0.4
39554 5 2 2 5 0.4 1 0.4
39556 32 14 10 36 0.3125 0.714285714285714 0.277777777777778
39560 2 2 2 2 1 1 1
39570 3 3 2 4 0.666666666666667 0.666666666666667 0.5
39572 2 1 0 3 0 0 0
39598 5 2 2 5 0.4 1 0.4
39637 30 9 4 35 0.133333333333333 0.444444444444444 0.114285714285714
39662 3 1 1 3 0.333333333333333 1 0.333333333333333
39700 10 3 1 12 0.1 0.333333333333333 0.0833333333333333
39704 22 6 5 23 0.227272727272727 0.833333333333333 0.217391304347826
39737 92 16 11 97 0.119565217391304 0.6875 0.11340206185567
39757 33 2 2 33 0.0606060606060606 1 0.0606060606060606
39761 2 2 2 2 1 1 1
39775 4 2 0 6 0 0 0
39780 3 1 0 4 0 0 0
39787 5 2 1 6 0.2 0.5 0.166666666666667
39790 5 4 3 6 0.6 0.75 0.5
39792 946 30 23 953 0.0243128964059197 0.766666666666667 0.0241343126967471
39837 2 1 1 2 0.5 1 0.5
39839 3 2 2 3 0.666666666666667 1 0.666666666666667
39854 1 1 1 1 1 1 1
39875 2 1 1 2 0.5 1 0.5
39905 8 3 3 8 0.375 1 0.375
39912 501 16 15 502 0.029940119760479 0.9375 0.0298804780876494
3999 2 1 1 2 0.5 1 0.5
40009 61 6 5 62 0.0819672131147541 0.833333333333333 0.0806451612903226
40015 7 2 1 8 0.142857142857143 0.5 0.125
40068 12 2 2 12 0.166666666666667 1 0.166666666666667
40076 5 1 1 5 0.2 1 0.2
40185 8 2 2 8 0.25 1 0.25
40193 12 8 6 14 0.5 0.75 0.428571428571429
40220 14 5 5 14 0.357142857142857 1 0.357142857142857
40335 3 1 1 3 0.333333333333333 1 0.333333333333333
40387 21 2 2 21 0.0952380952380952 1 0.0952380952380952
4043 2 1 0 3 0 0 0
40431 2 1 1 2 0.5 1 0.5
40475 17 2 1 18 0.0588235294117647 0.5 0.0555555555555556
40490 2 1 1 2 0.5 1 0.5
4050 2 1 1 2 0.5 1 0.5
40528 11 10 9 12 0.818181818181818 0.9 0.75
4058 12 2 2 12 0.166666666666667 1 0.166666666666667
40581 9 2 1 10 0.111111111111111 0.5 0.1
40589 1 1 1 1 1 1 1
40630 2 1 1 2 0.5 1 0.5
40679 1 1 1 1 1 1 1
40832 2 1 1 2 0.5 1 0.5
40850 2 1 0 3 0 0 0
40911 4 1 1 4 0.25 1 0.25
40912 2 1 1 2 0.5 1 0.5
40942 1 1 1 1 1 1 1
40943 2 1 0 3 0 0 0
41012 33 6 5 34 0.151515151515152 0.833333333333333 0.147058823529412
41045 38 14 10 42 0.263157894736842 0.714285714285714 0.238095238095238
41075 2 2 1 3 0.5 0.5 0.333333333333333
41144 1 1 1 1 1 1 1
41145 12 3 2 13 0.166666666666667 0.666666666666667 0.153846153846154
41176 2 1 0 3 0 0 0
41323 8 1 1 8 0.125 1 0.125
4134 107 1 0 108 0 0 0
41391 8 5 4 9 0.5 0.8 0.444444444444444
41412 6 1 1 6 0.166666666666667 1 0.166666666666667
41420 38 1 1 38 0.0263157894736842 1 0.0263157894736842
41458 6 1 1 6 0.166666666666667 1 0.166666666666667
41495 5 3 2 6 0.4 0.666666666666667 0.333333333333333
4150 8 4 2 10 0.25 0.5 0.2
41572 8 3 3 8 0.375 1 0.375
4158 2 1 1 2 0.5 1 0.5
41589 7 1 1 7 0.142857142857143 1 0.142857142857143
41670 1 1 1 1 1 1 1
41692 567 96 81 582 0.142857142857143 0.84375 0.139175257731959
41693 6 1 0 7 0 0 0
41696 8 1 1 8 0.125 1 0.125
41698 2 1 1 2 0.5 1 0.5
41705 1 1 0 2 0 0 0
41711 9 5 3 11 0.333333333333333 0.6 0.272727272727273
41773 1 1 1 1 1 1 1
41824 10 4 3 11 0.3 0.75 0.272727272727273
41828 2 1 1 2 0.5 1 0.5
41833 2 1 0 3 0 0 0
41884 5 3 3 5 0.6 1 0.6
41887 16 9 7 18 0.4375 0.777777777777778 0.388888888888889
41913 11 5 4 12 0.363636363636364 0.8 0.333333333333333
41960 9 1 0 10 0 0 0
42 121 20 15 126 0.12396694214876 0.75 0.119047619047619
42000 11 3 3 11 0.272727272727273 1 0.272727272727273
42017 3 1 0 4 0 0 0
42061 2 2 2 2 1 1 1
42184 31 12 6 37 0.193548387096774 0.5 0.162162162162162
42189 2 1 1 2 0.5 1 0.5
42227 7 6 5 8 0.714285714285714 0.833333333333333 0.625
42303 3 2 2 3 0.666666666666667 1 0.666666666666667
42346 16 3 2 17 0.125 0.666666666666667 0.117647058823529
42369 27 5 4 28 0.148148148148148 0.8 0.142857142857143
42385 6 4 4 6 0.666666666666667 1 0.666666666666667
42465 3 1 1 3 0.333333333333333 1 0.333333333333333
42476 1 2 0 3 0 0 0
42477 3 1 1 3 0.333333333333333 1 0.333333333333333
42525 36 5 4 37 0.111111111111111 0.8 0.108108108108108
42579 30 6 5 31 0.166666666666667 0.833333333333333 0.161290322580645
42585 10 6 5 11 0.5 0.833333333333333 0.454545454545455
42605 23 16 9 30 0.391304347826087 0.5625 0.3
42612 4 1 1 4 0.25 1 0.25
42613 2 1 1 2 0.5 1 0.5
42652 49 5 4 50 0.0816326530612245 0.8 0.08
42678 2 1 1 2 0.5 1 0.5
42689 37 11 8 40 0.216216216216216 0.727272727272727 0.2
42695 5 3 3 5 0.6 1 0.6
4270 8 4 3 9 0.375 0.75 0.333333333333333
42708 18 5 4 19 0.222222222222222 0.8 0.210526315789474
42755 6 1 1 6 0.166666666666667 1 0.166666666666667
42841 7 4 4 7 0.571428571428571 1 0.571428571428571
42864 2 2 2 2 1 1 1
42909 28 7 5 30 0.178571428571429 0.714285714285714 0.166666666666667
42965 7 1 1 7 0.142857142857143 1 0.142857142857143
42973 8 2 2 8 0.25 1 0.25
42979 37 12 8 41 0.216216216216216 0.666666666666667 0.195121951219512
43037 6 1 1 6 0.166666666666667 1 0.166666666666667
43100 30 1 1 30 0.0333333333333333 1 0.0333333333333333
43118 5 3 1 7 0.2 0.333333333333333 0.142857142857143
43128 1 1 1 1 1 1 1
43148 3 1 0 4 0 0 0
43190 3 1 1 3 0.333333333333333 1 0.333333333333333
43226 3 1 1 3 0.333333333333333 1 0.333333333333333
4323 1339 27 26 1340 0.0194174757281553 0.962962962962963 0.0194029850746269
43289 9 2 2 9 0.222222222222222 1 0.222222222222222
43313 3 1 1 3 0.333333333333333 1 0.333333333333333
43333 10 3 2 11 0.2 0.666666666666667 0.181818181818182
43383 1 2 1 2 1 0.5 0.5
43408 1 1 0 2 0 0 0
43447 1 1 1 1 1 1 1
43483 3 1 1 3 0.333333333333333 1 0.333333333333333
43541 8 1 1 8 0.125 1 0.125
43561 15 1 1 15 0.0666666666666667 1 0.0666666666666667
43615 1 1 1 1 1 1 1
43629 2 1 1 2 0.5 1 0.5
43646 4 4 3 5 0.75 0.75 0.6
43655 2 1 1 2 0.5 1 0.5
43692 2 2 2 2 1 1 1
43727 20 2 1 21 0.05 0.5 0.0476190476190476
43751 4 2 1 5 0.25 0.5 0.2
43782 3 3 0 6 0 0 0
43821 32 16 9 39 0.28125 0.5625 0.230769230769231
43832 11 1 1 11 0.0909090909090909 1 0.0909090909090909
43843 6 1 1 6 0.166666666666667 1 0.166666666666667
43892 4 1 0 5 0 0 0
43893 6 3 3 6 0.5 1 0.5
43911 3 7 0 10 0 0 0
43948 5 3 3 5 0.6 1 0.6
43950 3 4 3 4 1 0.75 0.75
43978 2 1 1 2 0.5 1 0.5
44034 13 5 5 13 0.384615384615385 1 0.384615384615385
44042 11 5 4 12 0.363636363636364 0.8 0.333333333333333
44065 2 1 1 2 0.5 1 0.5
44066 27 12 8 31 0.296296296296296 0.666666666666667 0.258064516129032
44146 13 3 3 13 0.230769230769231 1 0.230769230769231
44160 8 1 1 8 0.125 1 0.125
44212 3 2 1 4 0.333333333333333 0.5 0.25
44227 4 1 1 4 0.25 1 0.25
44237 33 1 1 33 0.0303030303030303 1 0.0303030303030303
44285 8 1 0 9 0 0 0
44321 2 1 1 2 0.5 1 0.5
44329 1 1 1 1 1 1 1
44335 3 1 1 3 0.333333333333333 1 0.333333333333333
4434 6 2 1 7 0.166666666666667 0.5 0.142857142857143
44358 6 2 2 6 0.333333333333333 1 0.333333333333333
4436 173 52 44 181 0.254335260115607 0.846153846153846 0.243093922651934
44381 3 1 1 3 0.333333333333333 1 0.333333333333333
44444 309 6 6 309 0.0194174757281553 1 0.0194174757281553
44489 1 1 1 1 1 1 1
44513 8 3 3 8 0.375 1 0.375
44514 9 5 4 10 0.444444444444444 0.8 0.4
44515 2 1 1 2 0.5 1 0.5
44522 5 3 3 5 0.6 1 0.6
44581 16 6 3 19 0.1875 0.5 0.157894736842105
44654 47 19 11 55 0.234042553191489 0.578947368421053 0.2
44683 3 2 2 3 0.666666666666667 1 0.666666666666667
44706 9 6 4 11 0.444444444444444 0.666666666666667 0.363636363636364
44806 3 1 1 3 0.333333333333333 1 0.333333333333333
44928 2 2 2 2 1 1 1
44953 26 3 3 26 0.115384615384615 1 0.115384615384615
44980 3 3 3 3 1 1 1
44993 2 2 2 2 1 1 1
45029 7 2 2 7 0.285714285714286 1 0.285714285714286
45131 1 1 1 1 1 1 1
45147 42 6 4 44 0.0952380952380952 0.666666666666667 0.0909090909090909
4515 40 2 2 40 0.05 1 0.05
45170 3 3 1 5 0.333333333333333 0.333333333333333 0.2
45177 5 1 0 6 0 0 0
45192 1 2 1 2 1 0.5 0.5
45209 2 1 1 2 0.5 1 0.5
4528 6 1 1 6 0.166666666666667 1 0.166666666666667
45304 2 1 0 3 0 0 0
45352 6 2 1 7 0.166666666666667 0.5 0.142857142857143
4538 55 3 3 55 0.0545454545454545 1 0.0545454545454545
45411 4 2 2 4 0.5 1 0.5
45425 3 1 1 3 0.333333333333333 1 0.333333333333333
45437 1 1 1 1 1 1 1
45438 1 1 1 1 1 1 1
45444 2 2 0 4 0 0 0
45456 1 2 1 2 1 0.5 0.5
45459 2 1 1 2 0.5 1 0.5
45483 3 1 1 3 0.333333333333333 1 0.333333333333333
45506 2 1 1 2 0.5 1 0.5
45515 2 1 0 3 0 0 0
45522 2 1 0 3 0 0 0
4555 1 3 0 4 0 0 0
4557 12 3 3 12 0.25 1 0.25
45570 1 1 1 1 1 1 1
45577 4 1 1 4 0.25 1 0.25
45633 1 1 0 2 0 0 0
45638 3 1 1 3 0.333333333333333 1 0.333333333333333
45682 1 1 1 1 1 1 1
45695 3 1 1 3 0.333333333333333 1 0.333333333333333
45721 2 1 0 3 0 0 0
45758 20 1 1 20 0.05 1 0.05
45772 1 1 1 1 1 1 1
45773 3 1 1 3 0.333333333333333 1 0.333333333333333
45809 1 1 1 1 1 1 1
45887 1 1 0 2 0 0 0
4589 718 148 145 721 0.201949860724234 0.97972972972973 0.201109570041609
45926 1 1 1 1 1 1 1
45929 1 1 1 1 1 1 1
46 2 1 1 2 0.5 1 0.5
4600 5 2 2 5 0.4 1 0.4
46018 2 1 0 3 0 0 0
46046 1 1 1 1 1 1 1
4605 2 1 1 2 0.5 1 0.5
4608 6 6 3 9 0.5 0.5 0.333333333333333
46176 3 1 0 4 0 0 0
4618 15 2 1 16 0.0666666666666667 0.5 0.0625
46208 6 3 3 6 0.5 1 0.5
4621 38 2 1 39 0.0263157894736842 0.5 0.0256410256410256
4622 1 2 0 3 0 0 0
4635 123 41 37 127 0.300813008130081 0.902439024390244 0.291338582677165
46357 2 1 1 2 0.5 1 0.5
4637 171 8 8 171 0.0467836257309941 1 0.0467836257309941
46385 4 2 1 5 0.25 0.5 0.2
4641 9 3 3 9 0.333333333333333 1 0.333333333333333
46440 2 2 2 2 1 1 1
46475 2 1 1 2 0.5 1 0.5
4648 67 4 4 67 0.0597014925373134 1 0.0597014925373134
4651 48 7 7 48 0.145833333333333 1 0.145833333333333
46562 15 1 1 15 0.0666666666666667 1 0.0666666666666667
4657 121 7 7 121 0.0578512396694215 1 0.0578512396694215
46609 9 3 3 9 0.333333333333333 1 0.333333333333333
46722 1 1 1 1 1 1 1
4673 7 2 2 7 0.285714285714286 1 0.285714285714286
4675 6 2 1 7 0.166666666666667 0.5 0.142857142857143
4680 9 4 2 11 0.222222222222222 0.5 0.181818181818182
4685 10 1 1 10 0.1 1 0.1
46907 2 1 1 2 0.5 1 0.5
4691 3 9 2 10 0.666666666666667 0.222222222222222 0.2
46925 11 1 1 11 0.0909090909090909 1 0.0909090909090909
4697 3 6 3 6 1 0.5 0.5
4704 7 3 1 9 0.142857142857143 0.333333333333333 0.111111111111111
4711 2 1 1 2 0.5 1 0.5
47116 4 1 1 4 0.25 1 0.25
4713 113 20 19 114 0.168141592920354 0.95 0.166666666666667
4716 10 3 1 12 0.1 0.333333333333333 0.0833333333333333
4717 1 2 1 2 1 0.5 0.5
4718 3 2 2 3 0.666666666666667 1 0.666666666666667
47201 1 1 0 2 0 0 0
47202 2 1 1 2 0.5 1 0.5
47207 9 1 1 9 0.111111111111111 1 0.111111111111111
47215 23 13 6 30 0.260869565217391 0.461538461538462 0.2
47227 2 1 1 2 0.5 1 0.5
4725 118 28 14 132 0.11864406779661 0.5 0.106060606060606
4739 90 23 18 95 0.2 0.782608695652174 0.189473684210526
4741 10 1 1 10 0.1 1 0.1
47443 8 1 1 8 0.125 1 0.125
47447 8 3 3 8 0.375 1 0.375
4747 2 1 0 3 0 0 0
47473 1 2 1 2 1 0.5 0.5
47490 1 1 1 1 1 1 1
4750 49 3 1 51 0.0204081632653061 0.333333333333333 0.0196078431372549
47527 2 2 2 2 1 1 1
47533 3 1 1 3 0.333333333333333 1 0.333333333333333
4755 222 5 5 222 0.0225225225225225 1 0.0225225225225225
4760 7 2 2 7 0.285714285714286 1 0.285714285714286
4761 58 7 6 59 0.103448275862069 0.857142857142857 0.101694915254237
47617 3 1 1 3 0.333333333333333 1 0.333333333333333
47640 3 1 1 3 0.333333333333333 1 0.333333333333333
4766 387 1 1 387 0.00258397932816537 1 0.00258397932816537
4768 28 2 2 28 0.0714285714285714 1 0.0714285714285714
47682 1 2 0 3 0 0 0
4770 15 1 1 15 0.0666666666666667 1 0.0666666666666667
4773 6 1 0 7 0 0 0
4777 34 3 3 34 0.0882352941176471 1 0.0882352941176471
47777 5 2 2 5 0.4 1 0.4
4780 31 3 2 32 0.0645161290322581 0.666666666666667 0.0625
47841 2 1 1 2 0.5 1 0.5
47862 1 1 1 1 1 1 1
47869 25 1 1 25 0.04 1 0.04
4787 5 2 1 6 0.2 0.5 0.166666666666667
4788 122 8 8 122 0.0655737704918033 1 0.0655737704918033
47880 5 1 1 5 0.2 1 0.2
47885 2 1 0 3 0 0 0
47886 5 2 2 5 0.4 1 0.4
47887 11 3 3 11 0.272727272727273 1 0.272727272727273
47908 6 3 2 7 0.333333333333333 0.666666666666667 0.285714285714286
47917 1 1 1 1 1 1 1
4795 22 3 3 22 0.136363636363636 1 0.136363636363636
47956 2 1 0 3 0 0 0
4796 2 1 1 2 0.5 1 0.5
47973 2 1 0 3 0 0 0
47998 2 1 1 2 0.5 1 0.5
47999 27 7 5 29 0.185185185185185 0.714285714285714 0.172413793103448
4800 17 1 1 17 0.0588235294117647 1 0.0588235294117647
48039 10 6 4 12 0.4 0.666666666666667 0.333333333333333
48053 2 2 2 2 1 1 1
48118 2 1 1 2 0.5 1 0.5
48136 1 1 1 1 1 1 1
48173 23 11 7 27 0.304347826086957 0.636363636363636 0.259259259259259
4818 3 2 2 3 0.666666666666667 1 0.666666666666667
48185 2 1 1 2 0.5 1 0.5
48191 3 1 0 4 0 0 0
48200 4 10 2 12 0.5 0.2 0.166666666666667
48218 2 1 1 2 0.5 1 0.5
48220 2 1 1 2 0.5 1 0.5
48259 2 1 1 2 0.5 1 0.5
4826 241 40 35 246 0.145228215767635 0.875 0.142276422764228
48284 2 1 0 3 0 0 0
48285 6 1 0 7 0 0 0
48288 1 1 1 1 1 1 1
4829 4 1 1 4 0.25 1 0.25
48315 3 1 1 3 0.333333333333333 1 0.333333333333333
48344 8 1 1 8 0.125 1 0.125
48345 1 1 1 1 1 1 1
48417 3 1 1 3 0.333333333333333 1 0.333333333333333
4844 2 2 2 2 1 1 1
4845 3 1 1 3 0.333333333333333 1 0.333333333333333
48451 2 1 1 2 0.5 1 0.5
48484 13 14 6 21 0.461538461538462 0.428571428571429 0.285714285714286
48514 2 4 1 5 0.5 0.25 0.2
48519 4 3 3 4 0.75 1 0.75
48528 2 1 1 2 0.5 1 0.5
48539 12 8 7 13 0.583333333333333 0.875 0.538461538461538
48564 2 1 1 2 0.5 1 0.5
48885 11 5 4 12 0.363636363636364 0.8 0.333333333333333
48961 29 5 4 30 0.137931034482759 0.8 0.133333333333333
48972 1 1 1 1 1 1 1
48994 2 1 1 2 0.5 1 0.5
49026 1 1 1 1 1 1 1
49102 15 3 2 16 0.133333333333333 0.666666666666667 0.125
49125 4 2 1 5 0.25 0.5 0.2
49190 2 2 1 3 0.5 0.5 0.333333333333333
49237 8 2 2 8 0.25 1 0.25
4927 19 6 5 20 0.263157894736842 0.833333333333333 0.25
49272 3 1 1 3 0.333333333333333 1 0.333333333333333
49352 2 1 0 3 0 0 0
49409 2 1 0 3 0 0 0
49416 1 1 1 1 1 1 1
49463 2 2 1 3 0.5 0.5 0.333333333333333
49488 5 3 3 5 0.6 1 0.6
49497 2 1 1 2 0.5 1 0.5
49544 32 11 7 36 0.21875 0.636363636363636 0.194444444444444
49550 6 1 1 6 0.166666666666667 1 0.166666666666667
49573 2 1 1 2 0.5 1 0.5
49586 1 1 1 1 1 1 1
49624 2 1 1 2 0.5 1 0.5
49625 15 10 5 20 0.333333333333333 0.5 0.25
49627 4 2 2 4 0.5 1 0.5
49630 9 4 4 9 0.444444444444444 1 0.444444444444444
49725 2 1 1 2 0.5 1 0.5
49835 1 1 0 2 0 0 0
49866 2 2 2 2 1 1 1
49983 7 5 3 9 0.428571428571429 0.6 0.333333333333333
50032 2 2 2 2 1 1 1
50139 7 1 1 7 0.142857142857143 1 0.142857142857143
50146 2 1 1 2 0.5 1 0.5
50188 2 1 1 2 0.5 1 0.5
50273 2 1 1 2 0.5 1 0.5
50292 1 1 0 2 0 0 0
50300 2 2 1 3 0.5 0.5 0.333333333333333
50381 1 1 1 1 1 1 1
50384 51 13 10 54 0.196078431372549 0.769230769230769 0.185185185185185
50391 1 1 0 2 0 0 0
50393 1 1 0 2 0 0 0
5050 20 4 4 20 0.2 1 0.2
50530 2 1 0 3 0 0 0
5056 23 1 1 23 0.0434782608695652 1 0.0434782608695652
50588 2 1 1 2 0.5 1 0.5
50611 2 2 2 2 1 1 1
50655 1 1 1 1 1 1 1
50702 1 1 1 1 1 1 1
5078 19 1 1 19 0.0526315789473684 1 0.0526315789473684
50858 2 1 1 2 0.5 1 0.5
50986 2 2 2 2 1 1 1
50989 3 1 1 3 0.333333333333333 1 0.333333333333333
51056 1 1 1 1 1 1 1
513 44 9 9 44 0.204545454545455 1 0.204545454545455
52 2 2 2 2 1 1 1
53070 100 3 3 100 0.03 1 0.03
53093 1 1 0 2 0 0 0
53147 7 1 1 7 0.142857142857143 1 0.142857142857143
53299 1 1 1 1 1 1 1
5379 2 1 1 2 0.5 1 0.5
5381 15 5 3 17 0.2 0.6 0.176470588235294
5385 56 4 4 56 0.0714285714285714 1 0.0714285714285714
5394 14 3 3 14 0.214285714285714 1 0.214285714285714
5400 205 19 14 210 0.0682926829268293 0.736842105263158 0.0666666666666667
5401 1 1 1 1 1 1 1
5403 19 8 6 21 0.315789473684211 0.75 0.285714285714286
5407 8 4 4 8 0.5 1 0.5
5408 115 5 3 117 0.0260869565217391 0.6 0.0256410256410256
5410 56 11 7 60 0.125 0.636363636363636 0.116666666666667
5413 220 13 12 221 0.0545454545454545 0.923076923076923 0.0542986425339367
5418 12 3 3 12 0.25 1 0.25
5421 3 3 3 3 1 1 1
543 1 1 1 1 1 1 1
5430 56 19 13 62 0.232142857142857 0.684210526315789 0.209677419354839
5432 34 1 0 35 0 0 0
5459 52 21 14 59 0.269230769230769 0.666666666666667 0.23728813559322
5466 79 2 1 80 0.0126582278481013 0.5 0.0125
5483 98 3 2 99 0.0204081632653061 0.666666666666667 0.0202020202020202
5486 21 2 0 23 0 0 0
5491 3 2 1 4 0.333333333333333 0.5 0.25
55 3 1 1 3 0.333333333333333 1 0.333333333333333
5507 42 9 9 42 0.214285714285714 1 0.214285714285714
5511 146 28 22 152 0.150684931506849 0.785714285714286 0.144736842105263
553 46 23 18 51 0.391304347826087 0.782608695652174 0.352941176470588
55327 1 1 0 2 0 0 0
5537 28 4 1 31 0.0357142857142857 0.25 0.032258064516129
5538 7 2 2 7 0.285714285714286 1 0.285714285714286
5539 42 62 23 81 0.547619047619048 0.370967741935484 0.283950617283951
5541 24 3 2 25 0.0833333333333333 0.666666666666667 0.08
5550 4 3 2 5 0.5 0.666666666666667 0.4
5560 12 2 2 12 0.166666666666667 1 0.166666666666667
5568 265 17 14 268 0.0528301886792453 0.823529411764706 0.0522388059701493
557 6 3 3 6 0.5 1 0.5
5577 48 24 15 57 0.3125 0.625 0.263157894736842
558 23 3 2 24 0.0869565217391304 0.666666666666667 0.0833333333333333
5580 343 35 30 348 0.0874635568513119 0.857142857142857 0.0862068965517241
559 44 143 26 161 0.590909090909091 0.181818181818182 0.161490683229814
5602 34 6 5 35 0.147058823529412 0.833333333333333 0.142857142857143
5603 88 1 1 88 0.0113636363636364 1 0.0113636363636364
5605 35 12 8 39 0.228571428571429 0.666666666666667 0.205128205128205
5607 1 1 1 1 1 1 1
5609 2 5 1 6 0.5 0.2 0.166666666666667
5610 25 2 2 25 0.08 1 0.08
5617 225 4 4 225 0.0177777777777778 1 0.0177777777777778
5639 5 1 0 6 0 0 0
5645 18 6 5 19 0.277777777777778 0.833333333333333 0.263157894736842
5661 5 1 1 5 0.2 1 0.2
567 11 2 2 11 0.181818181818182 1 0.181818181818182
5692 1 1 0 2 0 0 0
57 26 7 6 27 0.230769230769231 0.857142857142857 0.222222222222222
5707 4 1 1 4 0.25 1 0.25
5713 66 3 2 67 0.0303030303030303 0.666666666666667 0.0298507462686567
5726 13 1 1 13 0.0769230769230769 1 0.0769230769230769
5752 3 2 1 4 0.333333333333333 0.5 0.25
5764 9 1 1 9 0.111111111111111 1 0.111111111111111
5769 66 1 1 66 0.0151515151515152 1 0.0151515151515152
577 137 1 1 137 0.0072992700729927 1 0.0072992700729927
5786 2 1 1 2 0.5 1 0.5
59 6 3 3 6 0.5 1 0.5
600 49 4 4 49 0.0816326530612245 1 0.0816326530612245
6057 6 5 5 6 0.833333333333333 1 0.833333333333333
6062 9 2 0 11 0 0 0
6066 1 2 1 2 1 0.5 0.5
6067 218 3 3 218 0.0137614678899083 1 0.0137614678899083
6083 29 18 13 34 0.448275862068966 0.722222222222222 0.382352941176471
6106 2 2 2 2 1 1 1
6122 10 1 1 10 0.1 1 0.1
6128 346 2 2 346 0.00578034682080925 1 0.00578034682080925
6147 3 1 1 3 0.333333333333333 1 0.333333333333333
6181 58 7 5 60 0.0862068965517241 0.714285714285714 0.0833333333333333
6192 2 1 1 2 0.5 1 0.5
6245 2 1 0 3 0 0 0
6262 1 1 1 1 1 1 1
6263 4 1 1 4 0.25 1 0.25
6315 6 1 1 6 0.166666666666667 1 0.166666666666667
6325 43 1 1 43 0.0232558139534884 1 0.0232558139534884
6327 166 1 1 166 0.00602409638554217 1 0.00602409638554217
6337 2 1 0 3 0 0 0
6360 7 3 2 8 0.285714285714286 0.666666666666667 0.25
6366 4 2 2 4 0.5 1 0.5
6406 1 1 1 1 1 1 1
6431 1 1 1 1 1 1 1
6435 3 6 2 7 0.666666666666667 0.333333333333333 0.285714285714286
6453 559 125 115 569 0.205724508050089 0.92 0.202108963093146
6456 15 5 4 16 0.266666666666667 0.8 0.25
6461 829 5 5 829 0.0060313630880579 1 0.0060313630880579
6479 2 1 0 3 0 0 0
6509 26 16 10 32 0.384615384615385 0.625 0.3125
6536 15 2 1 16 0.0666666666666667 0.5 0.0625
65530 2 1 0 3 0 0 0
6619 26 7 5 28 0.192307692307692 0.714285714285714 0.178571428571429
6629 3 1 1 3 0.333333333333333 1 0.333333333333333
6648 57 9 8 58 0.140350877192982 0.888888888888889 0.137931034482759
6656 41 9 5 45 0.121951219512195 0.555555555555556 0.111111111111111
6660 2 2 2 2 1 1 1
6661 78 4 4 78 0.0512820512820513 1 0.0512820512820513
6667 513 153 148 518 0.288499025341131 0.967320261437909 0.285714285714286
6677 66 4 4 66 0.0606060606060606 1 0.0606060606060606
668 30 8 2 36 0.0666666666666667 0.25 0.0555555555555556
6690 29 2 2 29 0.0689655172413793 1 0.0689655172413793
6695 182 101 63 220 0.346153846153846 0.623762376237624 0.286363636363636
6706 9 3 3 9 0.333333333333333 1 0.333333333333333
6716 2 1 1 2 0.5 1 0.5
6724 33 18 15 36 0.454545454545455 0.833333333333333 0.416666666666667
6730 589 13 9 593 0.0152801358234295 0.692307692307692 0.015177065767285
6734 12 1 1 12 0.0833333333333333 1 0.0833333333333333
6760 27 5 3 29 0.111111111111111 0.6 0.103448275862069
6762 205 77 69 213 0.336585365853659 0.896103896103896 0.323943661971831
6770 38 14 6 46 0.157894736842105 0.428571428571429 0.130434782608696
6772 21 7 5 23 0.238095238095238 0.714285714285714 0.217391304347826
6774 75 13 11 77 0.146666666666667 0.846153846153846 0.142857142857143
6775 7 5 4 8 0.571428571428571 0.8 0.5
6799 22 2 1 23 0.0454545454545455 0.5 0.0434782608695652
680 64 23 20 67 0.3125 0.869565217391304 0.298507462686567
6802 7 2 2 7 0.285714285714286 1 0.285714285714286
681 2 1 1 2 0.5 1 0.5
683 2 1 1 2 0.5 1 0.5
6830 376 27 18 385 0.0478723404255319 0.666666666666667 0.0467532467532468
6855 18 2 2 18 0.111111111111111 1 0.111111111111111
6856 3 1 1 3 0.333333333333333 1 0.333333333333333
6881 93 39 38 94 0.408602150537634 0.974358974358974 0.404255319148936
6893 2 1 1 2 0.5 1 0.5
6894 44 7 6 45 0.136363636363636 0.857142857142857 0.133333333333333
6908 105 19 16 108 0.152380952380952 0.842105263157895 0.148148148148148
6911 21 2 2 21 0.0952380952380952 1 0.0952380952380952
6939 1434 838 558 1714 0.389121338912134 0.665871121718377 0.325554259043174
6966 3 1 1 3 0.333333333333333 1 0.333333333333333
6968 4 1 1 4 0.25 1 0.25
701 2019 30 22 2027 0.0108964834076275 0.733333333333333 0.010853478046374
7012 17 4 3 18 0.176470588235294 0.75 0.166666666666667
7018 2356 25 23 2358 0.00976230899830221 0.92 0.0097540288379983
7019 1 1 1 1 1 1 1
7055 3 2 2 3 0.666666666666667 1 0.666666666666667
7065 18 2 0 20 0 0 0
7066 17 2 2 17 0.117647058823529 1 0.117647058823529
7078 2 3 2 3 1 0.666666666666667 0.666666666666667
7081 72 16 12 76 0.166666666666667 0.75 0.157894736842105
71 13 2 1 14 0.0769230769230769 0.5 0.0714285714285714
7106 9 1 0 10 0 0 0
714 12 2 2 12 0.166666666666667 1 0.166666666666667
719 26 3 3 26 0.115384615384615 1 0.115384615384615
7195 1 1 0 2 0 0 0
7303 80 2 2 80 0.025 1 0.025
7377 3 1 1 3 0.333333333333333 1 0.333333333333333
7385 184 10 9 185 0.0489130434782609 0.9 0.0486486486486487
7393 5 1 1 5 0.2 1 0.2
7397 4 1 1 4 0.25 1 0.25
7412 1 1 0 2 0 0 0
7469 3 1 1 3 0.333333333333333 1 0.333333333333333
7470 39 1 1 39 0.0256410256410256 1 0.0256410256410256
7473 157 29 25 161 0.159235668789809 0.862068965517241 0.15527950310559
7477 1 1 1 1 1 1 1
7491 8 1 0 9 0 0 0
7500 53 9 8 54 0.150943396226415 0.888888888888889 0.148148148148148
7503 4 3 1 6 0.25 0.333333333333333 0.166666666666667
7511 4 1 0 5 0 0 0
7514 15 5 3 17 0.2 0.6 0.176470588235294
7516 5 1 0 6 0 0 0
7521 6 1 1 6 0.166666666666667 1 0.166666666666667
7522 6 4 2 8 0.333333333333333 0.5 0.25
7527 6 1 1 6 0.166666666666667 1 0.166666666666667
7529 20 3 2 21 0.1 0.666666666666667 0.0952380952380952
7530 2 2 1 3 0.5 0.5 0.333333333333333
7539 25 12 8 29 0.32 0.666666666666667 0.275862068965517
7543 15 1 1 15 0.0666666666666667 1 0.0666666666666667
7545 21 2 2 21 0.0952380952380952 1 0.0952380952380952
7552 20 3 2 21 0.1 0.666666666666667 0.0952380952380952
7568 8 5 5 8 0.625 1 0.625
7573 1 1 1 1 1 1 1
7575 254 66 64 256 0.251968503937008 0.96969696969697 0.25
7587 1 2 1 2 1 0.5 0.5
7594 4 4 2 6 0.5 0.5 0.333333333333333
7598 6 2 1 7 0.166666666666667 0.5 0.142857142857143
7599 1 1 0 2 0 0 0
760 3 2 2 3 0.666666666666667 1 0.666666666666667
7602 9 1 1 9 0.111111111111111 1 0.111111111111111
7604 7 1 1 7 0.142857142857143 1 0.142857142857143
7606 52 6 5 53 0.0961538461538462 0.833333333333333 0.0943396226415094
7610 20 1 0 21 0 0 0
7615 4 2 2 4 0.5 1 0.5
7617 6 3 2 7 0.333333333333333 0.666666666666667 0.285714285714286
7629 3 1 0 4 0 0 0
7642 3 1 1 3 0.333333333333333 1 0.333333333333333
7651 3 1 1 3 0.333333333333333 1 0.333333333333333
7657 10 1 1 10 0.1 1 0.1
766 18 6 5 19 0.277777777777778 0.833333333333333 0.263157894736842
7660 42 26 21 47 0.5 0.807692307692308 0.446808510638298
7665 1 1 1 1 1 1 1
7667 4 2 1 5 0.25 0.5 0.2
7668 11 2 1 12 0.0909090909090909 0.5 0.0833333333333333
7670 21 4 2 23 0.0952380952380952 0.5 0.0869565217391304
7671 3 1 1 3 0.333333333333333 1 0.333333333333333
7682 10 5 2 13 0.2 0.4 0.153846153846154
7687 4 1 1 4 0.25 1 0.25
7693 27 2 2 27 0.0740740740740741 1 0.0740740740740741
7713 69 2 2 69 0.0289855072463768 1 0.0289855072463768
7718 13 2 2 13 0.153846153846154 1 0.153846153846154
7752 9 5 4 10 0.444444444444444 0.8 0.4
7753 6 1 1 6 0.166666666666667 1 0.166666666666667
7774 4 1 1 4 0.25 1 0.25
7781 7 8 5 10 0.714285714285714 0.625 0.5
7784 37 5 5 37 0.135135135135135 1 0.135135135135135
7786 9 3 2 10 0.222222222222222 0.666666666666667 0.2
7843 52 5 4 53 0.0769230769230769 0.8 0.0754716981132075
7847 2 1 1 2 0.5 1 0.5
786 63 13 10 66 0.158730158730159 0.769230769230769 0.151515151515152
7860 1 1 1 1 1 1 1
7871 2 1 0 3 0 0 0
790 1 1 0 2 0 0 0
7908 35 2 0 37 0 0 0
7922 93 16 16 93 0.172043010752688 1 0.172043010752688
7941 3 1 1 3 0.333333333333333 1 0.333333333333333
7949 11 2 0 13 0 0 0
7961 2 1 0 3 0 0 0
7992 20 5 5 20 0.25 1 0.25
8001 346 15 15 346 0.0433526011560694 1 0.0433526011560694
8002 54 4 3 55 0.0555555555555556 0.75 0.0545454545454545
8015 8 2 1 9 0.125 0.5 0.111111111111111
8018 3 1 0 4 0 0 0
8025 6 1 0 7 0 0 0
803 20 1 1 20 0.05 1 0.05
8038 1 2 1 2 1 0.5 0.5
8047 25 6 6 25 0.24 1 0.24
8057 10 4 4 10 0.4 1 0.4
8069 21 4 3 22 0.142857142857143 0.75 0.136363636363636
8075 79 101 25 155 0.316455696202532 0.247524752475248 0.161290322580645
8092 13 6 6 13 0.461538461538462 1 0.461538461538462
81 31 2 1 32 0.032258064516129 0.5 0.03125
8111 5 2 2 5 0.4 1 0.4
812 128 1 1 128 0.0078125 1 0.0078125
8121 76 13 9 80 0.118421052631579 0.692307692307692 0.1125
8134 2 1 1 2 0.5 1 0.5
8158 2 1 1 2 0.5 1 0.5
8190 66 1 1 66 0.0151515151515152 1 0.0151515151515152
8218 315 36 33 318 0.104761904761905 0.916666666666667 0.10377358490566
8220 551 13 9 555 0.0163339382940109 0.692307692307692 0.0162162162162162
8224 11 5 4 12 0.363636363636364 0.8 0.333333333333333
8226 2 4 0 6 0 0 0
8237 10 5 3 12 0.3 0.6 0.25
8240 3 1 0 4 0 0 0
8246 224 3 0 227 0 0 0
8251 10 8 5 13 0.5 0.625 0.384615384615385
8256 2 1 1 2 0.5 1 0.5
8262 64 14 9 69 0.140625 0.642857142857143 0.130434782608696
8267 2 1 1 2 0.5 1 0.5
8280 7 1 1 7 0.142857142857143 1 0.142857142857143
8282 11 2 2 11 0.181818181818182 1 0.181818181818182
8283 6 4 3 7 0.5 0.75 0.428571428571429
8286 2 1 0 3 0 0 0
8299 12 1 0 13 0 0 0
8308 62 3 3 62 0.0483870967741935 1 0.0483870967741935
8312 15 1 1 15 0.0666666666666667 1 0.0666666666666667
8319 35 14 12 37 0.342857142857143 0.857142857142857 0.324324324324324
8328 7 3 3 7 0.428571428571429 1 0.428571428571429
8330 12 2 2 12 0.166666666666667 1 0.166666666666667
8331 286 1 1 286 0.0034965034965035 1 0.0034965034965035
8343 14 1 1 14 0.0714285714285714 1 0.0714285714285714
8346 6 2 2 6 0.333333333333333 1 0.333333333333333
8358 17 1 1 17 0.0588235294117647 1 0.0588235294117647
8359 836 48 36 848 0.0430622009569378 0.75 0.0424528301886792
8364 13 1 1 13 0.0769230769230769 1 0.0769230769230769
8365 56 126 32 150 0.571428571428571 0.253968253968254 0.213333333333333
8368 37 17 10 44 0.27027027027027 0.588235294117647 0.227272727272727
8374 10 4 4 10 0.4 1 0.4
8386 5 1 0 6 0 0 0
8387 18 5 4 19 0.222222222222222 0.8 0.210526315789474
8391 21 14 7 28 0.333333333333333 0.5 0.25
8396 1 1 0 2 0 0 0
8402 76 3 2 77 0.0263157894736842 0.666666666666667 0.025974025974026
8412 19 5 4 20 0.210526315789474 0.8 0.2
8419 291 2 2 291 0.00687285223367698 1 0.00687285223367698
8422 102 20 13 109 0.127450980392157 0.65 0.119266055045872
8426 529 34 32 531 0.0604914933837429 0.941176470588235 0.0602636534839925
8437 56 5 5 56 0.0892857142857143 1 0.0892857142857143
8442 22 18 10 30 0.454545454545455 0.555555555555556 0.333333333333333
8447 605 119 100 624 0.165289256198347 0.840336134453782 0.16025641025641
8452 38 3 3 38 0.0789473684210526 1 0.0789473684210526
8455 26 11 8 29 0.307692307692308 0.727272727272727 0.275862068965517
8462 4 2 2 4 0.5 1 0.5
8468 693 17 15 695 0.0216450216450216 0.882352941176471 0.0215827338129496
8469 30 16 13 33 0.433333333333333 0.8125 0.393939393939394
8473 103 22 14 111 0.135922330097087 0.636363636363636 0.126126126126126
8481 2 2 2 2 1 1 1
8487 15 1 1 15 0.0666666666666667 1 0.0666666666666667
8492 825 3 3 825 0.00363636363636364 1 0.00363636363636364
8495 24 5 5 24 0.208333333333333 1 0.208333333333333
8501 36 13 13 36 0.361111111111111 1 0.361111111111111
8508 2 1 1 2 0.5 1 0.5
8517 18 4 3 19 0.166666666666667 0.75 0.157894736842105
8518 5 1 1 5 0.2 1 0.2
852 166 1 1 166 0.00602409638554217 1 0.00602409638554217
8522 4 3 3 4 0.75 1 0.75
8527 23 4 4 23 0.173913043478261 1 0.173913043478261
8529 8 1 1 8 0.125 1 0.125
8535 4 3 2 5 0.5 0.666666666666667 0.4
8545 4 17 1 20 0.25 0.0588235294117647 0.05
855 40 1 1 40 0.025 1 0.025
8551 253 14 11 256 0.0434782608695652 0.785714285714286 0.04296875
8554 12 4 4 12 0.333333333333333 1 0.333333333333333
8560 76 30 21 85 0.276315789473684 0.7 0.247058823529412
8561 3 1 1 3 0.333333333333333 1 0.333333333333333
8565 15 5 3 17 0.2 0.6 0.176470588235294
8567 2 1 1 2 0.5 1 0.5
8582 50 21 13 58 0.26 0.619047619047619 0.224137931034483
8586 59 11 8 62 0.135593220338983 0.727272727272727 0.129032258064516
8587 23 11 6 28 0.260869565217391 0.545454545454545 0.214285714285714
8591 56 15 12 59 0.214285714285714 0.8 0.203389830508475
8596 183 10 10 183 0.0546448087431694 1 0.0546448087431694
8607 45 8 7 46 0.155555555555556 0.875 0.152173913043478
8648 28 17 7 38 0.25 0.411764705882353 0.184210526315789
8657 95 16 13 98 0.136842105263158 0.8125 0.13265306122449
8664 13 5 4 14 0.307692307692308 0.8 0.285714285714286
8674 56 8 7 57 0.125 0.875 0.12280701754386
8676 7 3 3 7 0.428571428571429 1 0.428571428571429
8677 9 1 1 9 0.111111111111111 1 0.111111111111111
8681 46 6 3 49 0.0652173913043478 0.5 0.0612244897959184
8683 31 1 1 31 0.032258064516129 1 0.032258064516129
8697 18 1 1 18 0.0555555555555556 1 0.0555555555555556
8717 116 21 13 124 0.112068965517241 0.619047619047619 0.104838709677419
8728 2 1 1 2 0.5 1 0.5
8737 30 6 5 31 0.166666666666667 0.833333333333333 0.161290322580645
8758 14 9 8 15 0.571428571428571 0.888888888888889 0.533333333333333
8763 177 67 63 181 0.355932203389831 0.940298507462687 0.348066298342541
8764 80 1 1 80 0.0125 1 0.0125
8767 70 26 20 76 0.285714285714286 0.769230769230769 0.263157894736842
8771 8 1 0 9 0 0 0
8778 10 2 2 10 0.2 1 0.2
8781 61 19 15 65 0.245901639344262 0.789473684210526 0.230769230769231
8804 38 14 9 43 0.236842105263158 0.642857142857143 0.209302325581395
8808 1 2 1 2 1 0.5 0.5
8816 16 1 1 16 0.0625 1 0.0625
8820 9 4 3 10 0.333333333333333 0.75 0.3
8823 5 1 1 5 0.2 1 0.2
8832 1 1 1 1 1 1 1
8844 35 1 1 35 0.0285714285714286 1 0.0285714285714286
8866 115 14 10 119 0.0869565217391304 0.714285714285714 0.0840336134453782
8878 4 3 3 4 0.75 1 0.75
8879 23 13 6 30 0.260869565217391 0.461538461538462 0.2
8881 180 31 26 185 0.144444444444444 0.838709677419355 0.140540540540541
8890 2 1 1 2 0.5 1 0.5
8895 12 3 3 12 0.25 1 0.25
8897 64 16 11 69 0.171875 0.6875 0.159420289855072
8903 12 3 1 14 0.0833333333333333 0.333333333333333 0.0714285714285714
8915 3 1 1 3 0.333333333333333 1 0.333333333333333
8916 2 2 2 2 1 1 1
8928 648 33 32 649 0.0493827160493827 0.96969696969697 0.049306625577812
8934 3 1 1 3 0.333333333333333 1 0.333333333333333
8943 19 5 5 19 0.263157894736842 1 0.263157894736842
8953 22 2 1 23 0.0454545454545455 0.5 0.0434782608695652
8954 40 14 8 46 0.2 0.571428571428571 0.173913043478261
8966 101 1 1 101 0.0099009900990099 1 0.0099009900990099
8970 2 1 1 2 0.5 1 0.5
8978 4 3 3 4 0.75 1 0.75
9 5 1 1 5 0.2 1 0.2
9002 1603 503 483 1623 0.301310043668122 0.960238568588469 0.297597042513863
9008 5 3 3 5 0.6 1 0.6
9009 95 19 13 101 0.136842105263158 0.684210526315789 0.128712871287129
9022 2 1 0 3 0 0 0
9026 12 5 4 13 0.333333333333333 0.8 0.307692307692308
9031 75 15 12 78 0.16 0.8 0.153846153846154
9044 57 19 13 63 0.228070175438596 0.684210526315789 0.206349206349206
9063 47 18 12 53 0.25531914893617 0.666666666666667 0.226415094339623
9070 98 15 9 104 0.0918367346938776 0.6 0.0865384615384615
9080 7 8 4 11 0.571428571428571 0.5 0.363636363636364
9085 9 1 1 9 0.111111111111111 1 0.111111111111111
9112 8 1 1 8 0.125 1 0.125
9119 89 15 11 93 0.123595505617978 0.733333333333333 0.118279569892473
9121 241 2 2 241 0.00829875518672199 1 0.00829875518672199
9129 5 2 1 6 0.2 0.5 0.166666666666667
9145 80 12 7 85 0.0875 0.583333333333333 0.0823529411764706
9150 29 12 7 34 0.241379310344828 0.583333333333333 0.205882352941176
9153 42 7 7 42 0.166666666666667 1 0.166666666666667
9162 1 1 1 1 1 1 1
9167 23 1 1 23 0.0434782608695652 1 0.0434782608695652
9188 3 2 1 4 0.333333333333333 0.5 0.25
9191 55 8 6 57 0.109090909090909 0.75 0.105263157894737
9211 41 15 10 46 0.24390243902439 0.666666666666667 0.217391304347826
9231 2 2 1 3 0.5 0.5 0.333333333333333
9264 31 18 8 41 0.258064516129032 0.444444444444444 0.195121951219512
9268 15 3 2 16 0.133333333333333 0.666666666666667 0.125
9270 26 5 3 28 0.115384615384615 0.6 0.107142857142857
9293 24 2 2 24 0.0833333333333333 1 0.0833333333333333
9299 51 1 1 51 0.0196078431372549 1 0.0196078431372549
9304 203 10 9 204 0.0443349753694581 0.9 0.0441176470588235
9329 15 2 2 15 0.133333333333333 1 0.133333333333333
9340 2 4 0 6 0 0 0
9354 14 1 1 14 0.0714285714285714 1 0.0714285714285714
9365 6 4 3 7 0.5 0.75 0.428571428571429
9367 3 1 1 3 0.333333333333333 1 0.333333333333333
9406 2 1 0 3 0 0 0
9431 2 2 2 2 1 1 1
9433 3 3 1 5 0.333333333333333 0.333333333333333 0.2
9445 1 1 1 1 1 1 1
9476 7 2 1 8 0.142857142857143 0.5 0.125
9482 26 4 4 26 0.153846153846154 1 0.153846153846154
9498 242 4 3 243 0.012396694214876 0.75 0.0123456790123457
9503 32 10 8 34 0.25 0.8 0.235294117647059
9505 118 11 8 121 0.0677966101694915 0.727272727272727 0.0661157024793388
9506 4 1 1 4 0.25 1 0.25
9534 13 2 2 13 0.153846153846154 1 0.153846153846154
9541 5 1 0 6 0 0 0
9549 2 1 1 2 0.5 1 0.5
9555 2 1 0 3 0 0 0
9583 36 3 3 36 0.0833333333333333 1 0.0833333333333333
9584 10 2 1 11 0.1 0.5 0.0909090909090909
9595 6 4 3 7 0.5 0.75 0.428571428571429
9600 5 3 3 5 0.6 1 0.6
9601 10 1 1 10 0.1 1 0.1
9607 6 5 2 9 0.333333333333333 0.4 0.222222222222222
9617 2 1 1 2 0.5 1 0.5
9619 2 2 2 2 1 1 1
9621 3 1 1 3 0.333333333333333 1 0.333333333333333
9622 8 4 3 9 0.375 0.75 0.333333333333333
9680 30 4 3 31 0.1 0.75 0.0967741935483871
9700 7 2 1 8 0.142857142857143 0.5 0.125
9722 31 10 9 32 0.290322580645161 0.9 0.28125
9723 15 1 1 15 0.0666666666666667 1 0.0666666666666667
9729 16 1 1 16 0.0625 1 0.0625
9732 3 2 1 4 0.333333333333333 0.5 0.25
9738 8 1 0 9 0 0 0
9794 5 1 1 5 0.2 1 0.2
9800 1 2 0 3 0 0 0
9821 5 3 3 5 0.6 1 0.6
9829 15 2 2 15 0.133333333333333 1 0.133333333333333
9896 2 1 1 2 0.5 1 0.5
9901 26 4 3 27 0.115384615384615 0.75 0.111111111111111
9911 22 1 1 22 0.0454545454545455 1 0.0454545454545455
9919 17 1 0 18 0 0 0
9924 56 1 0 57 0 0 0
9930 12 1 1 12 0.0833333333333333 1 0.0833333333333333
9942 36 1 1 36 0.0277777777777778 1 0.0277777777777778
9993 7 1 1 7 0.142857142857143 1 0.142857142857143
9999 2 1 0 3 0 0 0
