#ASN num_v4adj num_v6adj num_intersect(v4v6adj) num_union(adj) fr_v4(num_intersect/num_v4adj) fr_v6(num_intersect/num_v6adj) fr_intersect(num_intersect/num_union)
10010 23 1 1 23 0.0434782608695652 1 0.0434782608695652
10013 1 1 1 1 1 1 1
10015 8 1 0 9 0 0 0
10021 17 3 2 18 0.117647058823529 0.666666666666667 0.111111111111111
10026 461 38 34 465 0.0737527114967462 0.894736842105263 0.0731182795698925
10030 3 1 1 3 0.333333333333333 1 0.333333333333333
10077 4 1 1 4 0.25 1 0.25
10081 1 1 1 1 1 1 1
10091 2 1 1 2 0.5 1 0.5
101 30 12 9 33 0.3 0.75 0.272727272727273
10105 3 1 0 4 0 0 0
10143 10 1 0 11 0 0 0
102 3 1 1 3 0.333333333333333 1 0.333333333333333
10204 6 2 1 7 0.166666666666667 0.5 0.142857142857143
10217 18 5 5 18 0.277777777777778 1 0.277777777777778
10248 1 1 1 1 1 1 1
10269 2 1 0 3 0 0 0
10297 5 2 2 5 0.4 1 0.4
10310 147 10 9 148 0.0612244897959184 0.9 0.0608108108108108
10318 9 1 0 10 0 0 0
10326 7 2 1 8 0.142857142857143 0.5 0.125
10343 2 1 1 2 0.5 1 0.5
10405 3 1 0 4 0 0 0
10429 104 1 1 104 0.00961538461538462 1 0.00961538461538462
10430 10 1 1 10 0.1 1 0.1
10439 5 1 1 5 0.2 1 0.2
10466 28 3 3 28 0.107142857142857 1 0.107142857142857
10490 33 8 6 35 0.181818181818182 0.75 0.171428571428571
10533 4 3 2 5 0.5 0.666666666666667 0.4
10546 3 1 1 3 0.333333333333333 1 0.333333333333333
10566 1 2 1 2 1 0.5 0.5
10569 1 1 1 1 1 1 1
10578 27 7 7 27 0.259259259259259 1 0.259259259259259
10586 6 2 0 8 0 0 0
10587 4 1 1 4 0.25 1 0.25
10596 1 1 1 1 1 1 1
10745 2 7 0 9 0 0 0
10753 7 1 1 7 0.142857142857143 1 0.142857142857143
10764 10 2 1 11 0.1 0.5 0.0909090909090909
10835 23 1 1 23 0.0434782608695652 1 0.0434782608695652
10848 32 3 3 32 0.09375 1 0.09375
10881 6 1 1 6 0.166666666666667 1 0.166666666666667
10886 41 17 8 50 0.195121951219512 0.470588235294118 0.16
109 23 2 0 25 0 0 0
10929 14 1 1 14 0.0714285714285714 1 0.0714285714285714
1101 1 1 1 1 1 1 1
1103 214 90 87 217 0.406542056074766 0.966666666666667 0.400921658986175
11051 13 2 2 13 0.153846153846154 1 0.153846153846154
11090 3 1 1 3 0.333333333333333 1 0.333333333333333
11096 45 2 2 45 0.0444444444444444 1 0.0444444444444444
111 2 2 1 3 0.5 0.5 0.333333333333333
11164 92 13 12 93 0.130434782608696 0.923076923076923 0.129032258064516
11170 1 2 0 3 0 0 0
1120 19 6 5 20 0.263157894736842 0.833333333333333 0.25
11215 3 1 1 3 0.333333333333333 1 0.333333333333333
11242 3 1 1 3 0.333333333333333 1 0.333333333333333
1125 3 3 3 3 1 1 1
1126 37 13 7 43 0.189189189189189 0.538461538461538 0.162790697674419
11260 25 4 4 25 0.16 1 0.16
11274 12 6 6 12 0.5 1 0.5
11279 3 1 1 3 0.333333333333333 1 0.333333333333333
11290 4 1 1 4 0.25 1 0.25
11317 7 2 2 7 0.285714285714286 1 0.285714285714286
1132 2 2 2 2 1 1 1
11340 8 1 1 8 0.125 1 0.125
11383 22 2 2 22 0.0909090909090909 1 0.0909090909090909
1140 30 10 6 34 0.2 0.6 0.176470588235294
11404 67 11 10 68 0.149253731343284 0.909090909090909 0.147058823529412
11432 11 1 1 11 0.0909090909090909 1 0.0909090909090909
11457 7 1 0 8 0 0 0
11508 4 1 1 4 0.25 1 0.25
11522 8 3 3 8 0.375 1 0.375
11537 139 64 59 144 0.424460431654676 0.921875 0.409722222222222
11556 38 1 0 39 0 0 0
11588 6 1 1 6 0.166666666666667 1 0.166666666666667
11590 6 2 1 7 0.166666666666667 0.5 0.142857142857143
11666 479 15 14 480 0.0292275574112735 0.933333333333333 0.0291666666666667
11686 51 4 4 51 0.0784313725490196 1 0.0784313725490196
11694 3 1 1 3 0.333333333333333 1 0.333333333333333
11706 10 2 2 10 0.2 1 0.2
11711 1 1 0 2 0 0 0
11734 4 1 0 5 0 0 0
11745 5 1 1 5 0.2 1 0.2
11758 15 1 1 15 0.0666666666666667 1 0.0666666666666667
11796 10 2 2 10 0.2 1 0.2
11815 3 1 0 4 0 0 0
11847 6 1 0 7 0 0 0
11960 5 4 4 5 0.8 1 0.8
12 4 1 1 4 0.25 1 0.25
1200 42 17 10 49 0.238095238095238 0.588235294117647 0.204081632653061
12008 36 4 4 36 0.111111111111111 1 0.111111111111111
12036 3 2 1 4 0.333333333333333 0.5 0.25
12041 46 20 15 51 0.326086956521739 0.75 0.294117647058824
12046 3 1 1 3 0.333333333333333 1 0.333333333333333
12066 7 1 0 8 0 0 0
12111 21 2 2 21 0.0952380952380952 1 0.0952380952380952
12129 31 2 2 31 0.0645161290322581 1 0.0645161290322581
1213 9 4 3 10 0.333333333333333 0.75 0.3
12136 1 1 1 1 1 1 1
12188 17 3 3 17 0.176470588235294 1 0.176470588235294
1221 152 1 0 153 0 0 0
1224 3 1 1 3 0.333333333333333 1 0.333333333333333
12251 4 1 1 4 0.25 1 0.25
12287 2 1 1 2 0.5 1 0.5
12301 124 18 13 129 0.104838709677419 0.722222222222222 0.10077519379845
12303 4 2 2 4 0.5 1 0.5
12306 83 20 15 88 0.180722891566265 0.75 0.170454545454545
12312 58 17 13 62 0.224137931034483 0.764705882352941 0.209677419354839
12316 3 1 1 3 0.333333333333333 1 0.333333333333333
12322 67 15 12 70 0.17910447761194 0.8 0.171428571428571
12329 20 13 7 26 0.35 0.538461538461538 0.269230769230769
12335 9 1 1 9 0.111111111111111 1 0.111111111111111
12337 61 22 18 65 0.295081967213115 0.818181818181818 0.276923076923077
12347 10 4 3 11 0.3 0.75 0.272727272727273
12348 20 1 1 20 0.05 1 0.05
12350 258 5 5 258 0.0193798449612403 1 0.0193798449612403
12353 3 3 2 4 0.666666666666667 0.666666666666667 0.5
12355 38 13 10 41 0.263157894736842 0.769230769230769 0.24390243902439
1237 33 4 2 35 0.0606060606060606 0.5 0.0571428571428571
12371 2 1 0 3 0 0 0
12374 4 1 1 4 0.25 1 0.25
12386 15 3 3 15 0.2 1 0.2
12389 514 16 9 521 0.0175097276264591 0.5625 0.017274472168906
1239 1344 11 10 1345 0.00744047619047619 0.909090909090909 0.00743494423791822
12399 60 1 1 60 0.0166666666666667 1 0.0166666666666667
12401 14 3 2 15 0.142857142857143 0.666666666666667 0.133333333333333
12414 45 19 12 52 0.266666666666667 0.631578947368421 0.230769230769231
12452 39 2 2 39 0.0512820512820513 1 0.0512820512820513
12466 3 2 2 3 0.666666666666667 1 0.666666666666667
12470 3 1 1 3 0.333333333333333 1 0.333333333333333
12476 12 1 0 13 0 0 0
1248 47 26 16 57 0.340425531914894 0.615384615384615 0.280701754385965
12496 47 1 0 48 0 0 0
12502 3 2 1 4 0.333333333333333 0.5 0.25
1251 9 1 1 9 0.111111111111111 1 0.111111111111111
12533 2 1 0 3 0 0 0
12552 90 11 9 92 0.1 0.818181818181818 0.0978260869565217
12566 15 3 3 15 0.2 1 0.2
1257 124 66 34 156 0.274193548387097 0.515151515151515 0.217948717948718
12573 37 20 16 41 0.432432432432432 0.8 0.390243902439024
12579 2 1 1 2 0.5 1 0.5
12586 32 3 3 32 0.09375 1 0.09375
12594 2 2 2 2 1 1 1
12597 5 1 1 5 0.2 1 0.2
12605 19 3 2 20 0.105263157894737 0.666666666666667 0.1
12611 44 23 15 52 0.340909090909091 0.652173913043478 0.288461538461538
12614 3 1 1 3 0.333333333333333 1 0.333333333333333
12617 2 1 1 2 0.5 1 0.5
12634 48 21 13 56 0.270833333333333 0.619047619047619 0.232142857142857
12637 80 35 34 81 0.425 0.971428571428571 0.419753086419753
12638 2 3 0 5 0 0 0
12654 46 22 16 52 0.347826086956522 0.727272727272727 0.307692307692308
12657 3 1 1 3 0.333333333333333 1 0.333333333333333
12684 4 2 1 5 0.25 0.5 0.2
12695 82 5 4 83 0.0487804878048781 0.8 0.0481927710843374
12709 4 1 0 5 0 0 0
12713 83 2 2 83 0.0240963855421687 1 0.0240963855421687
12714 46 13 8 51 0.173913043478261 0.615384615384615 0.156862745098039
1273 293 84 55 322 0.187713310580205 0.654761904761905 0.170807453416149
12731 42 20 15 47 0.357142857142857 0.75 0.319148936170213
12732 23 11 9 25 0.391304347826087 0.818181818181818 0.36
12759 26 11 6 31 0.230769230769231 0.545454545454545 0.193548387096774
12767 15 5 4 16 0.266666666666667 0.8 0.25
12769 4 1 1 4 0.25 1 0.25
12778 13 5 4 14 0.307692307692308 0.8 0.285714285714286
12779 97 25 19 103 0.195876288659794 0.76 0.184466019417476
12782 2 1 1 2 0.5 1 0.5
1280 114 53 45 122 0.394736842105263 0.849056603773585 0.368852459016393
12816 1 1 1 1 1 1 1
12817 2 2 2 2 1 1 1
12822 3 1 1 3 0.333333333333333 1 0.333333333333333
12835 12 4 4 12 0.333333333333333 1 0.333333333333333
12850 20 5 5 20 0.25 1 0.25
12853 2 3 1 4 0.5 0.333333333333333 0.25
12859 648 262 251 659 0.387345679012346 0.958015267175573 0.380880121396055
12871 43 16 11 48 0.255813953488372 0.6875 0.229166666666667
12874 227 2 2 227 0.00881057268722467 1 0.00881057268722467
12895 9 1 1 9 0.111111111111111 1 0.111111111111111
12902 41 11 7 45 0.170731707317073 0.636363636363636 0.155555555555556
12912 6 1 1 6 0.166666666666667 1 0.166666666666667
12931 4 2 2 4 0.5 1 0.5
12956 121 14 12 123 0.0991735537190083 0.857142857142857 0.0975609756097561
12964 2 1 1 2 0.5 1 0.5
12968 146 18 12 152 0.0821917808219178 0.666666666666667 0.0789473684210526
12989 206 41 27 220 0.131067961165049 0.658536585365854 0.122727272727273
1299 578 107 104 581 0.179930795847751 0.97196261682243 0.179001721170396
13000 7 3 3 7 0.428571428571429 1 0.428571428571429
13030 965 295 278 982 0.288082901554404 0.942372881355932 0.283095723014257
13039 6 3 2 7 0.333333333333333 0.666666666666667 0.285714285714286
13041 8 2 2 8 0.25 1 0.25
13045 4 2 2 4 0.5 1 0.5
13049 16 1 1 16 0.0625 1 0.0625
13062 15 2 1 16 0.0666666666666667 0.5 0.0625
13092 4 1 1 4 0.25 1 0.25
131 2 1 1 2 0.5 1 0.5
13103 1 1 1 1 1 1 1
13105 21 4 3 22 0.142857142857143 0.75 0.136363636363636
131075 1 1 1 1 1 1 1
13110 7 2 2 7 0.285714285714286 1 0.285714285714286
13115 4 2 2 4 0.5 1 0.5
1312 2 1 1 2 0.5 1 0.5
13127 52 9 6 55 0.115384615384615 0.666666666666667 0.109090909090909
13132 20 16 9 27 0.45 0.5625 0.333333333333333
13184 49 19 11 57 0.224489795918367 0.578947368421053 0.192982456140351
13189 32 9 9 32 0.28125 1 0.28125
13193 62 23 18 67 0.290322580645161 0.782608695652174 0.26865671641791
13210 1 1 1 1 1 1 1
13214 8 2 1 9 0.125 0.5 0.111111111111111
13237 461 111 97 475 0.210412147505423 0.873873873873874 0.204210526315789
13238 28 1 1 28 0.0357142857142857 1 0.0357142857142857
13243 4 1 1 4 0.25 1 0.25
13249 104 2 2 104 0.0192307692307692 1 0.0192307692307692
13272 1 1 1 1 1 1 1
13284 17 8 6 19 0.352941176470588 0.75 0.315789473684211
13293 21 3 3 21 0.142857142857143 1 0.142857142857143
13319 9 6 5 10 0.555555555555556 0.833333333333333 0.5
13429 4 1 1 4 0.25 1 0.25
13448 8 3 3 8 0.375 1 0.375
13536 20 6 6 20 0.3 1 0.3
13576 22 1 0 23 0 0 0
13645 16 2 1 17 0.0625 0.5 0.0588235294117647
13657 7 2 2 7 0.285714285714286 1 0.285714285714286
13680 62 19 14 67 0.225806451612903 0.736842105263158 0.208955223880597
137 25 10 10 25 0.4 1 0.4
13714 2 1 1 2 0.5 1 0.5
13722 3 3 1 5 0.333333333333333 0.333333333333333 0.2
13768 166 8 8 166 0.0481927710843374 1 0.0481927710843374
13810 2 1 1 2 0.5 1 0.5
13855 4 1 0 5 0 0 0
13867 3 2 1 4 0.333333333333333 0.5 0.25
13868 6 1 0 7 0 0 0
13901 2 1 1 2 0.5 1 0.5
13910 5 1 0 6 0 0 0
13911 2 1 0 3 0 0 0
13945 2 1 0 3 0 0 0
14 5 2 2 5 0.4 1 0.4
1406 1 1 1 1 1 1 1
14080 14 2 2 14 0.142857142857143 1 0.142857142857143
14085 5 2 2 5 0.4 1 0.4
14103 5 1 0 6 0 0 0
14234 4 1 1 4 0.25 1 0.25
1424 1 1 1 1 1 1 1
14259 37 4 3 38 0.0810810810810811 0.75 0.0789473684210526
1426 1 1 1 1 1 1 1
14262 3 2 2 3 0.666666666666667 1 0.666666666666667
14277 5 5 2 8 0.4 0.4 0.25
14325 10 2 2 10 0.2 1 0.2
14371 3 2 1 4 0.333333333333333 0.5 0.25
14383 5 1 1 5 0.2 1 0.2
14492 48 1 1 48 0.0208333333333333 1 0.0208333333333333
14511 1 2 0 3 0 0 0
14589 23 9 8 24 0.347826086956522 0.888888888888889 0.333333333333333
14595 7 2 1 8 0.142857142857143 0.5 0.125
14607 2 1 0 3 0 0 0
14609 14 2 2 14 0.142857142857143 1 0.142857142857143
14717 96 3 3 96 0.03125 1 0.03125
14840 8 2 2 8 0.25 1 0.25
14868 19 1 1 19 0.0526315789473684 1 0.0526315789473684
14907 3 2 2 3 0.666666666666667 1 0.666666666666667
15003 6 1 1 6 0.166666666666667 1 0.166666666666667
15022 1 1 1 1 1 1 1
15088 2 1 0 3 0 0 0
15169 119 44 29 134 0.243697478991597 0.659090909090909 0.216417910447761
15176 4 1 0 5 0 0 0
15180 20 1 1 20 0.05 1 0.05
15189 7 3 2 8 0.285714285714286 0.666666666666667 0.25
15216 2 1 0 3 0 0 0
15226 5 3 1 7 0.2 0.333333333333333 0.142857142857143
15296 9 1 1 9 0.111111111111111 1 0.111111111111111
15301 3 1 1 3 0.333333333333333 1 0.333333333333333
15318 2 1 0 3 0 0 0
15324 1 1 1 1 1 1 1
15373 2 1 1 2 0.5 1 0.5
15412 430 14 11 433 0.0255813953488372 0.785714285714286 0.0254041570438799
15436 12 3 3 12 0.25 1 0.25
15444 305 19 12 312 0.039344262295082 0.631578947368421 0.0384615384615385
15451 2 1 0 3 0 0 0
15456 3 2 2 3 0.666666666666667 1 0.666666666666667
15469 13 8 6 15 0.461538461538462 0.75 0.4
15474 2 1 1 2 0.5 1 0.5
15479 13 2 2 13 0.153846153846154 1 0.153846153846154
15498 11 5 5 11 0.454545454545455 1 0.454545454545455
15518 2 1 1 2 0.5 1 0.5
15525 18 1 1 18 0.0555555555555556 1 0.0555555555555556
15533 40 4 3 41 0.075 0.75 0.0731707317073171
15557 140 2 2 140 0.0142857142857143 1 0.0142857142857143
15576 33 5 3 35 0.0909090909090909 0.6 0.0857142857142857
15589 38 7 4 41 0.105263157894737 0.571428571428571 0.0975609756097561
15598 121 31 22 130 0.181818181818182 0.709677419354839 0.169230769230769
15600 48 11 9 50 0.1875 0.818181818181818 0.18
15605 2 2 0 4 0 0 0
15606 25 15 7 33 0.28 0.466666666666667 0.212121212121212
15623 39 7 5 41 0.128205128205128 0.714285714285714 0.121951219512195
15653 3 1 1 3 0.333333333333333 1 0.333333333333333
15657 3 1 1 3 0.333333333333333 1 0.333333333333333
15685 40 17 15 42 0.375 0.882352941176471 0.357142857142857
15694 101 3 2 102 0.0198019801980198 0.666666666666667 0.0196078431372549
15696 2 1 0 3 0 0 0
15703 77 1 1 77 0.012987012987013 1 0.012987012987013
15716 8 3 2 9 0.25 0.666666666666667 0.222222222222222
15725 3 3 2 4 0.666666666666667 0.666666666666667 0.5
15726 2 1 1 2 0.5 1 0.5
15744 15 1 1 15 0.0666666666666667 1 0.0666666666666667
15756 21 1 1 21 0.0476190476190476 1 0.0476190476190476
15772 60 1 1 60 0.0166666666666667 1 0.0166666666666667
15782 13 3 3 13 0.230769230769231 1 0.230769230769231
15798 2 1 0 3 0 0 0
15805 21 5 3 23 0.142857142857143 0.6 0.130434782608696
15806 10 1 0 11 0 0 0
15825 1 1 0 2 0 0 0
15826 3 3 3 3 1 1 1
15830 112 1 0 113 0 0 0
15835 36 6 5 37 0.138888888888889 0.833333333333333 0.135135135135135
15857 50 12 7 55 0.14 0.583333333333333 0.127272727272727
15879 42 21 14 49 0.333333333333333 0.666666666666667 0.285714285714286
15894 2 1 1 2 0.5 1 0.5
159 2 1 1 2 0.5 1 0.5
15919 7 1 1 7 0.142857142857143 1 0.142857142857143
15965 4 1 1 4 0.25 1 0.25
16004 12 6 5 13 0.416666666666667 0.833333333333333 0.384615384615385
16016 26 5 5 26 0.192307692307692 1 0.192307692307692
16019 10 4 4 10 0.4 1 0.4
16073 7 2 2 7 0.285714285714286 1 0.285714285714286
16080 18 1 1 18 0.0555555555555556 1 0.0555555555555556
16082 32 1 1 32 0.03125 1 0.03125
16086 27 30 13 44 0.481481481481481 0.433333333333333 0.295454545454545
16097 39 16 10 45 0.256410256410256 0.625 0.222222222222222
16117 2 1 1 2 0.5 1 0.5
16128 18 4 3 19 0.166666666666667 0.75 0.157894736842105
16131 36 20 11 45 0.305555555555556 0.55 0.244444444444444
16138 6 2 1 7 0.166666666666667 0.5 0.142857142857143
16150 260 14 12 262 0.0461538461538462 0.857142857142857 0.0458015267175573
16160 8 3 2 9 0.25 0.666666666666667 0.222222222222222
16186 5 3 2 6 0.4 0.666666666666667 0.333333333333333
16206 16 2 0 18 0 0 0
16210 8 3 3 8 0.375 1 0.375
16215 21 7 6 22 0.285714285714286 0.857142857142857 0.272727272727273
16237 33 10 6 37 0.181818181818182 0.6 0.162162162162162
16242 12 1 1 12 0.0833333333333333 1 0.0833333333333333
16243 42 21 13 50 0.30952380952381 0.619047619047619 0.26
16245 21 7 6 22 0.285714285714286 0.857142857142857 0.272727272727273
16246 10 1 1 10 0.1 1 0.1
16265 87 26 21 92 0.241379310344828 0.807692307692308 0.228260869565217
16276 75 17 9 83 0.12 0.529411764705882 0.108433734939759
16316 5 4 3 6 0.6 0.75 0.5
16326 1 2 1 2 1 0.5 0.5
16347 9 3 3 9 0.333333333333333 1 0.333333333333333
16397 31 3 3 31 0.0967741935483871 1 0.0967741935483871
1653 32 7 6 33 0.1875 0.857142857142857 0.181818181818182
16531 4 2 1 5 0.25 0.5 0.2
1659 9 3 2 10 0.222222222222222 0.666666666666667 0.2
16617 7 1 0 8 0 0 0
16668 8 4 2 10 0.25 0.5 0.2
16735 103 17 16 104 0.155339805825243 0.941176470588235 0.153846153846154
16807 3 2 0 5 0 0 0
16838 10 1 0 11 0 0 0
16866 2 3 2 3 1 0.666666666666667 0.666666666666667
16876 16 9 8 17 0.5 0.888888888888889 0.470588235294118
16942 6 1 1 6 0.166666666666667 1 0.166666666666667
16970 2 2 2 2 1 1 1
17048 4 1 1 4 0.25 1 0.25
17054 63 1 1 63 0.0158730158730159 1 0.0158730158730159
1706 5 1 1 5 0.2 1 0.2
17061 2 1 0 3 0 0 0
17204 2 1 0 3 0 0 0
1734 1 2 1 2 1 0.5 0.5
17356 9 1 1 9 0.111111111111111 1 0.111111111111111
174 2747 115 111 2751 0.0404077175100109 0.965217391304348 0.0403489640130862
1741 10 5 4 11 0.4 0.8 0.363636363636364
17412 2 2 1 3 0.5 0.5 0.333333333333333
17435 2 1 1 2 0.5 1 0.5
17439 5 1 0 6 0 0 0
17451 72 10 8 74 0.111111111111111 0.8 0.108108108108108
17464 2 1 1 2 0.5 1 0.5
17498 2 2 2 2 1 1 1
17511 14 3 2 15 0.142857142857143 0.666666666666667 0.133333333333333
17529 7 3 3 7 0.428571428571429 1 0.428571428571429
17554 9 3 2 10 0.222222222222222 0.666666666666667 0.2
17564 2 1 1 2 0.5 1 0.5
17579 14 8 7 15 0.5 0.875 0.466666666666667
1759 34 6 5 35 0.147058823529412 0.833333333333333 0.142857142857143
1764 69 21 16 74 0.231884057971014 0.761904761904762 0.216216216216216
17645 8 1 1 8 0.125 1 0.125
17660 29 6 5 30 0.172413793103448 0.833333333333333 0.166666666666667
17671 4 1 1 4 0.25 1 0.25
17673 3 2 2 3 0.666666666666667 1 0.666666666666667
17676 41 2 2 41 0.0487804878048781 1 0.0487804878048781
17689 3 1 0 4 0 0 0
17705 3 1 1 3 0.333333333333333 1 0.333333333333333
17707 7 1 0 8 0 0 0
17709 16 1 0 17 0 0 0
17721 3 2 2 3 0.666666666666667 1 0.666666666666667
17727 10 1 1 10 0.1 1 0.1
17741 2 1 1 2 0.5 1 0.5
17746 18 1 1 18 0.0555555555555556 1 0.0555555555555556
17819 94 4 3 95 0.0319148936170213 0.75 0.0315789473684211
17820 13 1 1 13 0.0769230769230769 1 0.0769230769230769
17832 1 4 0 5 0 0 0
17886 1 1 1 1 1 1 1
17888 21 2 2 21 0.0952380952380952 1 0.0952380952380952
17920 6 1 1 6 0.166666666666667 1 0.166666666666667
17934 8 5 5 8 0.625 1 0.625
17940 4 1 1 4 0.25 1 0.25
17951 4 1 1 4 0.25 1 0.25
17955 4 4 2 6 0.5 0.5 0.333333333333333
1797 3 3 3 3 1 1 1
17977 2 1 1 2 0.5 1 0.5
1798 3 3 0 6 0 0 0
17990 5 1 1 5 0.2 1 0.2
18007 2 2 2 2 1 1 1
18011 1 1 0 2 0 0 0
18037 10 1 1 10 0.1 1 0.1
18059 18 1 0 19 0 0 0
18070 2 2 1 3 0.5 0.5 0.333333333333333
18097 3 1 0 4 0 0 0
18119 3 2 2 3 0.666666666666667 1 0.666666666666667
18126 3 1 1 3 0.333333333333333 1 0.333333333333333
18146 2 3 0 5 0 0 0
18149 4 4 3 5 0.75 0.75 0.6
18182 2 1 0 3 0 0 0
18185 5 3 2 6 0.4 0.666666666666667 0.333333333333333
18203 2 3 2 3 1 0.666666666666667 0.666666666666667
18206 2 1 1 2 0.5 1 0.5
18218 1 1 0 2 0 0 0
18259 2 2 1 3 0.5 0.5 0.333333333333333
18266 4 1 1 4 0.25 1 0.25
18344 1 2 0 3 0 0 0
1835 6 1 1 6 0.166666666666667 1 0.166666666666667
1836 64 2 2 64 0.03125 1 0.03125
18366 2 3 0 5 0 0 0
18368 1 1 1 1 1 1 1
18369 1 1 0 2 0 0 0
1837 1 1 1 1 1 1 1
18422 5 1 1 5 0.2 1 0.2
18450 6 1 1 6 0.166666666666667 1 0.166666666666667
1850 2 1 1 2 0.5 1 0.5
18508 6 3 2 7 0.333333333333333 0.666666666666667 0.285714285714286
1853 126 43 42 127 0.333333333333333 0.976744186046512 0.330708661417323
18592 24 10 8 26 0.333333333333333 0.8 0.307692307692308
18666 2 1 1 2 0.5 1 0.5
18747 33 1 1 33 0.0303030303030303 1 0.0303030303030303
18750 2 2 1 3 0.5 0.5 0.333333333333333
18779 16 5 5 16 0.3125 1 0.3125
18786 2 1 0 3 0 0 0
1880 18 7 4 21 0.222222222222222 0.571428571428571 0.19047619047619
1881 1 1 1 1 1 1 1
1887 9 1 1 9 0.111111111111111 1 0.111111111111111
19021 3 1 1 3 0.333333333333333 1 0.333333333333333
19073 2 1 1 2 0.5 1 0.5
19080 103 2 2 103 0.0194174757281553 1 0.0194174757281553
19089 109 2 2 109 0.018348623853211 1 0.018348623853211
19149 1 1 1 1 1 1 1
19151 792 260 230 822 0.29040404040404 0.884615384615385 0.279805352798054
1916 158 34 33 159 0.208860759493671 0.970588235294118 0.207547169811321
19182 7 1 1 7 0.142857142857143 1 0.142857142857143
19192 2 1 1 2 0.5 1 0.5
19237 1 1 1 1 1 1 1
19255 5 4 2 7 0.4 0.5 0.285714285714286
19262 34 1 1 34 0.0294117647058824 1 0.0294117647058824
1930 23 8 7 24 0.304347826086957 0.875 0.291666666666667
19384 7 1 0 8 0 0 0
19401 54 17 17 54 0.314814814814815 1 0.314814814814815
19429 24 2 1 25 0.0416666666666667 0.5 0.04
195 8 2 1 9 0.125 0.5 0.111111111111111
19506 4 1 1 4 0.25 1 0.25
19517 1 1 0 2 0 0 0
1955 13 3 3 13 0.230769230769231 1 0.230769230769231
19557 5 2 1 6 0.2 0.5 0.166666666666667
19624 4 1 1 4 0.25 1 0.25
196613 2 2 2 2 1 1 1
19662 3 2 2 3 0.666666666666667 1 0.666666666666667
196621 6 3 2 7 0.333333333333333 0.666666666666667 0.285714285714286
1967 3 1 1 3 0.333333333333333 1 0.333333333333333
196724 2 2 2 2 1 1 1
196878 7 2 2 7 0.285714285714286 1 0.285714285714286
19693 9 1 0 10 0 0 0
196997 1 1 1 1 1 1 1
197000 11 10 7 14 0.636363636363636 0.7 0.5
19740 16 4 4 16 0.25 1 0.25
19750 9 5 4 10 0.444444444444444 0.8 0.4
19782 23 2 2 23 0.0869565217391304 1 0.0869565217391304
19783 2 2 1 3 0.5 0.5 0.333333333333333
19855 50 2 1 51 0.02 0.5 0.0196078431372549
19866 2 1 1 2 0.5 1 0.5
19872 1 1 1 1 1 1 1
1998 5 1 1 5 0.2 1 0.2
20080 20 6 6 20 0.3 1 0.3
20130 2 1 1 2 0.5 1 0.5
20144 52 16 15 53 0.288461538461538 0.9375 0.283018867924528
2018 6 1 1 6 0.166666666666667 1 0.166666666666667
20205 3 1 0 4 0 0 0
20225 11 1 1 11 0.0909090909090909 1 0.0909090909090909
20308 1 1 1 1 1 1 1
20312 9 6 4 11 0.444444444444444 0.666666666666667 0.363636363636364
20381 2 2 1 3 0.5 0.5 0.333333333333333
2042 16 6 5 17 0.3125 0.833333333333333 0.294117647058824
20436 2 1 0 3 0 0 0
2044 16 2 2 16 0.125 1 0.125
20473 24 4 3 25 0.125 0.75 0.12
20485 459 3 3 459 0.0065359477124183 1 0.0065359477124183
20495 50 13 10 53 0.2 0.769230769230769 0.188679245283019
20507 41 10 7 44 0.170731707317073 0.7 0.159090909090909
20535 7 1 1 7 0.142857142857143 1 0.142857142857143
20547 44 7 6 45 0.136363636363636 0.857142857142857 0.133333333333333
2055 2 1 1 2 0.5 1 0.5
20552 11 1 0 12 0 0 0
20555 4 3 3 4 0.75 1 0.75
20562 363 11 11 363 0.0303030303030303 1 0.0303030303030303
20569 9 6 4 11 0.444444444444444 0.666666666666667 0.363636363636364
20570 4 1 1 4 0.25 1 0.25
20597 3 1 1 3 0.333333333333333 1 0.333333333333333
20608 3 2 0 5 0 0 0
20612 6 2 1 7 0.166666666666667 0.5 0.142857142857143
20621 6 5 3 8 0.5 0.6 0.375
20626 1 1 1 1 1 1 1
20633 22 14 8 28 0.363636363636364 0.571428571428571 0.285714285714286
20634 37 1 1 37 0.027027027027027 1 0.027027027027027
20640 213 104 78 239 0.366197183098592 0.75 0.326359832635983
20650 5 1 1 5 0.2 1 0.2
20676 102 1 1 102 0.00980392156862745 1 0.00980392156862745
20704 23 5 4 24 0.173913043478261 0.8 0.166666666666667
20707 2 2 2 2 1 1 1
20712 27 6 4 29 0.148148148148148 0.666666666666667 0.137931034482759
20718 31 14 3 42 0.0967741935483871 0.214285714285714 0.0714285714285714
20742 1 1 1 1 1 1 1
20766 12 1 1 12 0.0833333333333333 1 0.0833333333333333
20773 33 18 14 37 0.424242424242424 0.777777777777778 0.378378378378378
20783 6 3 1 8 0.166666666666667 0.333333333333333 0.125
20836 15 1 0 16 0 0 0
20845 3 1 1 3 0.333333333333333 1 0.333333333333333
20847 32 22 12 42 0.375 0.545454545454545 0.285714285714286
20850 23 3 3 23 0.130434782608696 1 0.130434782608696
20857 28 5 4 29 0.142857142857143 0.8 0.137931034482759
209 1446 29 27 1448 0.0186721991701245 0.931034482758621 0.018646408839779
20904 2 1 1 2 0.5 1 0.5
20912 12 5 5 12 0.416666666666667 1 0.416666666666667
20932 299 16 13 302 0.0434782608695652 0.8125 0.043046357615894
20940 125 5 2 128 0.016 0.4 0.015625
20953 34 9 5 38 0.147058823529412 0.555555555555556 0.131578947368421
20960 76 7 6 77 0.0789473684210526 0.857142857142857 0.0779220779220779
20965 54 42 42 54 0.777777777777778 1 0.777777777777778
20968 1 1 1 1 1 1 1
210 13 1 1 13 0.0769230769230769 1 0.0769230769230769
21011 115 20 14 121 0.121739130434783 0.7 0.115702479338843
21013 39 18 12 45 0.307692307692308 0.666666666666667 0.266666666666667
21055 42 9 7 44 0.166666666666667 0.777777777777778 0.159090909090909
2107 1 2 1 2 1 0.5 0.5
2108 1 1 1 1 1 1 1
2110 47 3 2 48 0.0425531914893617 0.666666666666667 0.0416666666666667
21107 3 1 0 4 0 0 0
21142 7 2 2 7 0.285714285714286 1 0.285714285714286
21155 44 18 11 51 0.25 0.611111111111111 0.215686274509804
21159 3 2 2 3 0.666666666666667 1 0.666666666666667
2116 32 8 8 32 0.25 1 0.25
21174 3 1 0 4 0 0 0
2119 456 2 2 456 0.0043859649122807 1 0.0043859649122807
21191 2 1 1 2 0.5 1 0.5
21195 24 5 5 24 0.208333333333333 1 0.208333333333333
2121 2 2 2 2 1 1 1
21213 14 5 5 14 0.357142857142857 1 0.357142857142857
21219 240 12 6 246 0.025 0.5 0.024390243902439
21221 31 13 8 36 0.258064516129032 0.615384615384615 0.222222222222222
21263 43 22 15 50 0.348837209302326 0.681818181818182 0.3
2128 4 1 1 4 0.25 1 0.25
21320 6 1 1 6 0.166666666666667 1 0.166666666666667
21366 2 1 1 2 0.5 1 0.5
21371 50 16 10 56 0.2 0.625 0.178571428571429
21385 124 28 18 134 0.145161290322581 0.642857142857143 0.134328358208955
21392 36 13 8 41 0.222222222222222 0.615384615384615 0.195121951219512
21396 38 14 10 42 0.263157894736842 0.714285714285714 0.238095238095238
21399 2 2 0 4 0 0 0
21409 35 1 0 36 0 0 0
21414 67 14 8 73 0.119402985074627 0.571428571428571 0.10958904109589
21497 16 1 1 16 0.0625 1 0.0625
21499 3 1 1 3 0.333333333333333 1 0.333333333333333
21513 15 4 4 15 0.266666666666667 1 0.266666666666667
2152 93 5 5 93 0.0537634408602151 1 0.0537634408602151
2153 42 19 18 43 0.428571428571429 0.947368421052632 0.418604651162791
21548 22 1 1 22 0.0454545454545455 1 0.0454545454545455
21634 2 1 1 2 0.5 1 0.5
21719 4 1 0 5 0 0 0
21737 9 1 0 10 0 0 0
21788 14 5 5 14 0.357142857142857 1 0.357142857142857
21816 2 1 1 2 0.5 1 0.5
21831 2 1 0 3 0 0 0
21844 24 4 4 24 0.166666666666667 1 0.166666666666667
21856 1 1 1 1 1 1 1
21911 9 2 2 9 0.222222222222222 1 0.222222222222222
21928 5 2 2 5 0.4 1 0.4
21947 30 5 4 31 0.133333333333333 0.8 0.129032258064516
21968 2 1 0 3 0 0 0
21976 19 3 3 19 0.157894736842105 1 0.157894736842105
2200 52 5 4 53 0.0769230769230769 0.8 0.0754716981132075
22047 2 1 1 2 0.5 1 0.5
22070 5 1 1 5 0.2 1 0.2
22095 4 1 1 4 0.25 1 0.25
22192 3 1 1 3 0.333333333333333 1 0.333333333333333
22212 209 23 12 220 0.0574162679425837 0.521739130434783 0.0545454545454545
22284 8 1 0 9 0 0 0
22302 9 3 3 9 0.333333333333333 1 0.333333333333333
22335 22 4 4 22 0.181818181818182 1 0.181818181818182
22351 41 2 2 41 0.0487804878048781 1 0.0487804878048781
22356 45 2 2 45 0.0444444444444444 1 0.0444444444444444
22388 9 9 8 10 0.888888888888889 0.888888888888889 0.8
224 6 2 2 6 0.333333333333333 1 0.333333333333333
22404 2 1 0 3 0 0 0
22431 9 2 1 10 0.111111111111111 0.5 0.1
22438 3 3 2 4 0.666666666666667 0.666666666666667 0.5
22439 3 1 1 3 0.333333333333333 1 0.333333333333333
225 4 1 1 4 0.25 1 0.25
22548 98 10 10 98 0.102040816326531 1 0.102040816326531
22577 12 3 3 12 0.25 1 0.25
22581 2 1 1 2 0.5 1 0.5
226 33 5 5 33 0.151515151515152 1 0.151515151515152
22645 9 1 1 9 0.111111111111111 1 0.111111111111111
22652 12 1 1 12 0.0833333333333333 1 0.0833333333333333
22734 2 1 0 3 0 0 0
22742 9 1 1 9 0.111111111111111 1 0.111111111111111
22773 287 1 1 287 0.00348432055749129 1 0.00348432055749129
22822 727 11 11 727 0.015130674002751 1 0.015130674002751
22829 22 3 3 22 0.136363636363636 1 0.136363636363636
22847 2 1 1 2 0.5 1 0.5
22911 11 1 0 12 0 0 0
22937 2 1 0 3 0 0 0
22958 8 2 2 8 0.25 1 0.25
23028 4 3 1 6 0.25 0.333333333333333 0.166666666666667
23033 9 1 0 10 0 0 0
23127 3 1 0 4 0 0 0
23148 377 6 6 377 0.0159151193633952 1 0.0159151193633952
23171 6 1 1 6 0.166666666666667 1 0.166666666666667
23308 14 6 6 14 0.428571428571429 1 0.428571428571429
23316 2 1 1 2 0.5 1 0.5
23342 51 11 11 51 0.215686274509804 1 0.215686274509804
23352 37 3 2 38 0.0540540540540541 0.666666666666667 0.0526315789473684
23393 55 10 7 58 0.127272727272727 0.7 0.120689655172414
23431 2 1 0 3 0 0 0
23456 307 19 17 309 0.0553745928338762 0.894736842105263 0.0550161812297735
23504 29 9 5 33 0.172413793103448 0.555555555555556 0.151515151515152
23518 5 4 3 6 0.6 0.75 0.5
23541 10 1 0 11 0 0 0
23577 6 1 0 7 0 0 0
23596 3 2 2 3 0.666666666666667 1 0.666666666666667
23600 3 2 2 3 0.666666666666667 1 0.666666666666667
23624 2 2 2 2 1 1 1
23634 5 4 4 5 0.8 1 0.8
23637 3 1 0 4 0 0 0
23654 1 1 1 1 1 1 1
23655 21 1 1 21 0.0476190476190476 1 0.0476190476190476
23661 4 2 1 5 0.25 0.5 0.2
237 35 3 3 35 0.0857142857142857 1 0.0857142857142857
23754 4 1 0 5 0 0 0
23774 5 3 2 6 0.4 0.666666666666667 0.333333333333333
2381 26 5 4 27 0.153846153846154 0.8 0.148148148148148
23836 1 1 1 1 1 1 1
23838 3 1 0 4 0 0 0
23862 1 1 1 1 1 1 1
23869 3 1 0 4 0 0 0
23889 3 1 1 3 0.333333333333333 1 0.333333333333333
23899 3 2 1 4 0.333333333333333 0.5 0.25
23902 3 1 1 3 0.333333333333333 1 0.333333333333333
23910 3 5 1 7 0.333333333333333 0.2 0.142857142857143
23911 8 18 5 21 0.625 0.277777777777778 0.238095238095238
23912 1 1 0 2 0 0 0
23930 28 3 2 29 0.0714285714285714 0.666666666666667 0.0689655172413793
23947 50 1 1 50 0.02 1 0.02
23951 6 2 1 7 0.166666666666667 0.5 0.142857142857143
23953 5 1 0 6 0 0 0
23966 8 1 0 9 0 0 0
24 11 9 6 14 0.545454545454545 0.666666666666667 0.428571428571429
24005 3 1 1 3 0.333333333333333 1 0.333333333333333
24006 1 1 1 1 1 1 1
24029 8 2 1 9 0.125 0.5 0.111111111111111
24047 4 2 2 4 0.5 1 0.5
24066 2 1 0 3 0 0 0
24129 4 2 1 5 0.25 0.5 0.2
24130 36 3 3 36 0.0833333333333333 1 0.0833333333333333
24151 13 4 2 15 0.153846153846154 0.5 0.133333333333333
24173 4 1 0 5 0 0 0
24175 2 1 1 2 0.5 1 0.5
24203 34 3 3 34 0.0882352941176471 1 0.0882352941176471
24211 2 1 0 3 0 0 0
24212 4 1 0 5 0 0 0
24218 20 8 6 22 0.3 0.75 0.272727272727273
24220 4 1 1 4 0.25 1 0.25
24226 2 2 0 4 0 0 0
24229 5 1 1 5 0.2 1 0.2
24238 9 3 2 10 0.222222222222222 0.666666666666667 0.2
24287 4 4 4 4 1 1 1
24299 1 1 0 2 0 0 0
24311 1 1 0 2 0 0 0
24321 3 1 1 3 0.333333333333333 1 0.333333333333333
24334 2 1 1 2 0.5 1 0.5
24390 2 1 1 2 0.5 1 0.5
24424 2 1 0 3 0 0 0
24433 1 1 1 1 1 1 1
24435 1 1 0 2 0 0 0
24437 1 1 1 1 1 1 1
24475 4 4 4 4 1 1 1
24489 10 11 10 11 1 0.909090909090909 0.909090909090909
24490 13 12 12 13 0.923076923076923 1 0.923076923076923
24514 6 2 2 6 0.333333333333333 1 0.333333333333333
24530 3 1 0 4 0 0 0
24541 3 5 1 7 0.333333333333333 0.2 0.142857142857143
24557 4 3 3 4 0.75 1 0.75
24586 29 14 7 36 0.241379310344828 0.5 0.194444444444444
24594 30 6 3 33 0.1 0.5 0.0909090909090909
24629 2 1 1 2 0.5 1 0.5
24638 18 2 2 18 0.111111111111111 1 0.111111111111111
24641 5 1 1 5 0.2 1 0.2
24642 31 11 6 36 0.193548387096774 0.545454545454545 0.166666666666667
24679 25 12 8 29 0.32 0.666666666666667 0.275862068965517
24724 140 35 26 149 0.185714285714286 0.742857142857143 0.174496644295302
24730 51 1 1 51 0.0196078431372549 1 0.0196078431372549
24739 49 20 11 58 0.224489795918367 0.55 0.189655172413793
24776 5 1 0 6 0 0 0
24785 121 19 13 127 0.107438016528926 0.684210526315789 0.102362204724409
24796 7 2 2 7 0.285714285714286 1 0.285714285714286
2484 3 1 1 3 0.333333333333333 1 0.333333333333333
24863 23 3 3 23 0.130434782608696 1 0.130434782608696
24875 41 19 10 50 0.24390243902439 0.526315789473684 0.2
24889 12 4 3 13 0.25 0.75 0.230769230769231
24900 1 1 1 1 1 1 1
24940 28 14 9 33 0.321428571428571 0.642857142857143 0.272727272727273
2495 12 1 1 12 0.0833333333333333 1 0.0833333333333333
24953 22 2 2 22 0.0909090909090909 1 0.0909090909090909
24956 3 1 0 4 0 0 0
24963 54 15 10 59 0.185185185185185 0.666666666666667 0.169491525423729
2497 250 77 65 262 0.26 0.844155844155844 0.248091603053435
24971 22 9 8 23 0.363636363636364 0.888888888888889 0.347826086956522
24973 4 4 1 7 0.25 0.25 0.142857142857143
2499 1 2 1 2 1 0.5 0.5
24990 15 2 1 16 0.0666666666666667 0.5 0.0625
25 2 1 1 2 0.5 1 0.5
250 14 3 3 14 0.214285714285714 1 0.214285714285714
2500 31 40 18 53 0.580645161290323 0.45 0.339622641509434
25058 2 1 1 2 0.5 1 0.5
2506 2 1 1 2 0.5 1 0.5
25061 43 5 4 44 0.0930232558139535 0.8 0.0909090909090909
25072 1 1 1 1 1 1 1
25074 101 25 16 110 0.158415841584158 0.64 0.145454545454545
25091 39 1 1 39 0.0256410256410256 1 0.0256410256410256
25098 15 2 2 15 0.133333333333333 1 0.133333333333333
2510 16 2 2 16 0.125 1 0.125
25137 42 13 11 44 0.261904761904762 0.846153846153846 0.25
2514 20 3 2 21 0.1 0.666666666666667 0.0952380952380952
25146 2 1 1 2 0.5 1 0.5
25148 25 9 7 27 0.28 0.777777777777778 0.259259259259259
2515 6 3 3 6 0.5 1 0.5
25151 18 1 0 19 0 0 0
25152 63 16 12 67 0.19047619047619 0.75 0.17910447761194
2516 325 51 45 331 0.138461538461538 0.882352941176471 0.13595166163142
25164 2 1 1 2 0.5 1 0.5
2518 12 5 4 13 0.333333333333333 0.8 0.307692307692308
25182 31 8 5 34 0.161290322580645 0.625 0.147058823529412
2519 31 6 5 32 0.161290322580645 0.833333333333333 0.15625
25192 27 17 13 31 0.481481481481481 0.764705882352941 0.419354838709677
2521 1 1 1 1 1 1 1
25234 4 4 2 6 0.5 0.5 0.333333333333333
2527 12 6 4 14 0.333333333333333 0.666666666666667 0.285714285714286
25279 28 15 10 33 0.357142857142857 0.666666666666667 0.303030303030303
25286 28 13 9 32 0.321428571428571 0.692307692307692 0.28125
25295 3 1 1 3 0.333333333333333 1 0.333333333333333
25358 17 10 5 22 0.294117647058824 0.5 0.227272727272727
25372 5 1 1 5 0.2 1 0.2
25376 4 3 1 6 0.25 0.333333333333333 0.166666666666667
25384 9 2 1 10 0.111111111111111 0.5 0.1
25408 30 1 1 30 0.0333333333333333 1 0.0333333333333333
25409 2 1 1 2 0.5 1 0.5
25415 6 2 2 6 0.333333333333333 1 0.333333333333333
25432 2 1 1 2 0.5 1 0.5
25441 14 3 3 14 0.214285714285714 1 0.214285714285714
25459 34 9 8 35 0.235294117647059 0.888888888888889 0.228571428571429
25466 35 18 12 41 0.342857142857143 0.666666666666667 0.292682926829268
25473 6 3 3 6 0.5 1 0.5
25478 68 11 7 72 0.102941176470588 0.636363636363636 0.0972222222222222
25486 7 2 2 7 0.285714285714286 1 0.285714285714286
25489 11 2 2 11 0.181818181818182 1 0.181818181818182
2549 3 2 1 4 0.333333333333333 0.5 0.25
25512 23 4 4 23 0.173913043478261 1 0.173913043478261
25525 129 19 16 132 0.124031007751938 0.842105263157895 0.121212121212121
25532 6 1 1 6 0.166666666666667 1 0.166666666666667
25538 2 2 0 4 0 0 0
25560 32 131 22 141 0.6875 0.16793893129771 0.156028368794326
25563 6 1 1 6 0.166666666666667 1 0.166666666666667
25577 91 5 4 92 0.043956043956044 0.8 0.0434782608695652
25588 25 1 0 26 0 0 0
25593 11 1 1 11 0.0909090909090909 1 0.0909090909090909
25596 40 13 8 45 0.2 0.615384615384615 0.177777777777778
2561 3 2 2 3 0.666666666666667 1 0.666666666666667
25615 11 2 2 11 0.181818181818182 1 0.181818181818182
25649 2 2 2 2 1 1 1
25689 13 4 4 13 0.307692307692308 1 0.307692307692308
2576 3 1 1 3 0.333333333333333 1 0.333333333333333
25795 10 2 2 10 0.2 1 0.2
25818 24 5 3 26 0.125 0.6 0.115384615384615
25829 2 1 1 2 0.5 1 0.5
2586 12 1 1 12 0.0833333333333333 1 0.0833333333333333
2588 30 2 2 30 0.0666666666666667 1 0.0666666666666667
25885 7 2 2 7 0.285714285714286 1 0.285714285714286
25899 29 5 4 30 0.137931034482759 0.8 0.133333333333333
2594 5 1 0 6 0 0 0
2595 3 1 0 4 0 0 0
2597 2 3 2 3 1 0.666666666666667 0.666666666666667
26 5 1 1 5 0.2 1 0.2
2602 4 3 3 4 0.75 1 0.75
2603 132 32 25 139 0.189393939393939 0.78125 0.179856115107914
2607 46 12 12 46 0.260869565217391 1 0.260869565217391
2609 3 1 0 4 0 0 0
26090 2 1 0 3 0 0 0
2611 54 12 9 57 0.166666666666667 0.75 0.157894736842105
2614 20 1 1 20 0.05 1 0.05
262659 2 1 0 3 0 0 0
262684 1 1 1 1 1 1 1
262713 2 1 1 2 0.5 1 0.5
262721 1 1 1 1 1 1 1
26299 11 4 4 11 0.363636363636364 1 0.363636363636364
26347 10 3 3 10 0.3 1 0.3
2637 4 1 1 4 0.25 1 0.25
26415 49 9 1 57 0.0204081632653061 0.111111111111111 0.0175438596491228
26462 2 2 1 3 0.5 0.5 0.333333333333333
26482 4 1 1 4 0.25 1 0.25
26496 7 2 2 7 0.285714285714286 1 0.285714285714286
26531 6 2 1 7 0.166666666666667 0.5 0.142857142857143
26592 26 3 2 27 0.0769230769230769 0.666666666666667 0.0740740740740741
26599 7 2 2 7 0.285714285714286 1 0.285714285714286
26610 2 1 1 2 0.5 1 0.5
26622 10 3 2 11 0.2 0.666666666666667 0.181818181818182
26677 45 1 1 45 0.0222222222222222 1 0.0222222222222222
26711 4 3 3 4 0.75 1 0.75
26773 14 4 4 14 0.285714285714286 1 0.285714285714286
26785 3 2 1 4 0.333333333333333 0.5 0.25
26788 21 1 1 21 0.0476190476190476 1 0.0476190476190476
26888 2 2 2 2 1 1 1
26935 10 2 2 10 0.2 1 0.2
26949 2 1 0 3 0 0 0
2697 7 2 1 8 0.142857142857143 0.5 0.125
26978 13 3 1 15 0.0769230769230769 0.333333333333333 0.0666666666666667
2698 6 2 2 6 0.333333333333333 1 0.333333333333333
27 2 1 1 2 0.5 1 0.5
271 16 2 2 16 0.125 1 0.125
2714 1 1 1 1 1 1 1
2716 5 1 1 5 0.2 1 0.2
2721 2 2 2 2 1 1 1
2722 5 1 1 5 0.2 1 0.2
27319 77 25 23 79 0.298701298701299 0.92 0.291139240506329
27321 3 3 2 4 0.666666666666667 0.666666666666667 0.5
27325 12 4 3 13 0.25 0.75 0.230769230769231
27400 3 1 1 3 0.333333333333333 1 0.333333333333333
27446 4 1 0 5 0 0 0
27524 58 5 4 59 0.0689655172413793 0.8 0.0677966101694915
27552 10 1 1 10 0.1 1 0.1
27589 9 1 1 9 0.111111111111111 1 0.111111111111111
27664 9 1 1 9 0.111111111111111 1 0.111111111111111
27678 9 2 2 9 0.222222222222222 1 0.222222222222222
27693 3 1 1 3 0.333333333333333 1 0.333333333333333
27725 1 1 1 1 1 1 1
27750 19 14 13 20 0.684210526315789 0.928571428571429 0.65
27767 2 1 0 3 0 0 0
27770 2 1 1 2 0.5 1 0.5
27781 6 1 0 7 0 0 0
278 9 5 1 13 0.111111111111111 0.2 0.0769230769230769
27814 2 1 0 3 0 0 0
27817 4 2 2 4 0.5 1 0.5
27820 3 1 0 4 0 0 0
27841 3 1 1 3 0.333333333333333 1 0.333333333333333
27859 2 1 1 2 0.5 1 0.5
27882 3 1 1 3 0.333333333333333 1 0.333333333333333
27893 3 2 0 5 0 0 0
27912 2 1 0 3 0 0 0
27924 3 1 1 3 0.333333333333333 1 0.333333333333333
27970 1 1 1 1 1 1 1
27986 13 2 2 13 0.153846153846154 1 0.153846153846154
28000 1 1 1 1 1 1 1
28001 5 2 2 5 0.4 1 0.4
28138 6 2 2 6 0.333333333333333 1 0.333333333333333
28142 1 1 0 2 0 0 0
28169 1 1 0 2 0 0 0
2819 35 3 3 35 0.0857142857142857 1 0.0857142857142857
28220 88 2 2 88 0.0227272727272727 1 0.0227272727272727
28262 2 1 1 2 0.5 1 0.5
2828 876 25 20 881 0.0228310502283105 0.8 0.0227014755959137
28296 3 1 1 3 0.333333333333333 1 0.333333333333333
28299 8 2 1 9 0.125 0.5 0.111111111111111
28346 6 1 1 6 0.166666666666667 1 0.166666666666667
28360 12 1 1 12 0.0833333333333333 1 0.0833333333333333
28362 1 1 1 1 1 1 1
2847 4 3 3 4 0.75 1 0.75
2848 14 3 1 16 0.0714285714285714 0.333333333333333 0.0625
28497 5 2 2 5 0.4 1 0.4
28499 3 2 1 4 0.333333333333333 0.5 0.25
28511 4 2 1 5 0.25 0.5 0.2
2852 102 39 31 110 0.303921568627451 0.794871794871795 0.281818181818182
2854 123 1 1 123 0.00813008130081301 1 0.00813008130081301
2857 34 39 13 60 0.382352941176471 0.333333333333333 0.216666666666667
28571 6 2 2 6 0.333333333333333 1 0.333333333333333
286 325 186 77 434 0.236923076923077 0.413978494623656 0.17741935483871
28606 1 1 0 2 0 0 0
28618 4 2 1 5 0.25 0.5 0.2
28677 2 1 1 2 0.5 1 0.5
28678 2 1 1 2 0.5 1 0.5
28697 6 1 0 7 0 0 0
28716 53 1 1 53 0.0188679245283019 1 0.0188679245283019
28717 28 3 3 28 0.107142857142857 1 0.107142857142857
28725 1 3 1 3 1 0.333333333333333 0.333333333333333
28747 2 2 2 2 1 1 1
28748 1 1 1 1 1 1 1
28753 27 15 9 33 0.333333333333333 0.6 0.272727272727273
28762 10 2 2 10 0.2 1 0.2
28788 42 14 9 47 0.214285714285714 0.642857142857143 0.191489361702128
28809 117 13 7 123 0.0598290598290598 0.538461538461538 0.0569105691056911
28824 2 1 0 3 0 0 0
2884 5 2 2 5 0.4 1 0.4
28847 1 1 1 1 1 1 1
28855 13 5 5 13 0.384615384615385 1 0.384615384615385
28857 8 4 4 8 0.5 1 0.5
28859 4 1 1 4 0.25 1 0.25
28878 41 16 10 47 0.24390243902439 0.625 0.212765957446809
28929 66 8 6 68 0.0909090909090909 0.75 0.0882352941176471
2895 267 4 3 268 0.0112359550561798 0.75 0.0111940298507463
28990 1 1 1 1 1 1 1
29003 7 1 1 7 0.142857142857143 1 0.142857142857143
29009 33 6 3 36 0.0909090909090909 0.5 0.0833333333333333
29014 8 1 1 8 0.125 1 0.125
29017 55 8 5 58 0.0909090909090909 0.625 0.0862068965517241
2905 95 2 0 97 0 0 0
29056 23 5 5 23 0.217391304347826 1 0.217391304347826
2906 7 6 5 8 0.714285714285714 0.833333333333333 0.625
29066 38 18 13 43 0.342105263157895 0.722222222222222 0.302325581395349
2907 84 7 7 84 0.0833333333333333 1 0.0833333333333333
29073 34 10 3 41 0.0882352941176471 0.3 0.0731707317073171
29076 78 23 13 88 0.166666666666667 0.565217391304348 0.147727272727273
29113 68 16 14 70 0.205882352941176 0.875 0.2
29134 8 6 6 8 0.75 1 0.75
2914 630 214 166 678 0.263492063492063 0.775700934579439 0.244837758112094
29140 17 16 8 25 0.470588235294118 0.5 0.32
29147 1 1 1 1 1 1 1
29154 5 3 3 5 0.6 1 0.6
29169 27 5 4 28 0.148148148148148 0.8 0.142857142857143
29208 399 199 120 478 0.300751879699248 0.603015075376884 0.251046025104602
29216 1 1 1 1 1 1 1
29217 3 1 1 3 0.333333333333333 1 0.333333333333333
29222 38 3 2 39 0.0526315789473684 0.666666666666667 0.0512820512820513
29240 1 1 1 1 1 1 1
29243 1 1 1 1 1 1 1
29246 11 1 1 11 0.0909090909090909 1 0.0909090909090909
29259 5 2 2 5 0.4 1 0.4
29276 1 1 0 2 0 0 0
29278 13 3 3 13 0.230769230769231 1 0.230769230769231
293 161 23 22 162 0.136645962732919 0.956521739130435 0.135802469135802
29311 4 1 1 4 0.25 1 0.25
29317 2 2 2 2 1 1 1
29321 7 3 2 8 0.285714285714286 0.666666666666667 0.25
29329 19 5 5 19 0.263157894736842 1 0.263157894736842
29396 35 12 9 38 0.257142857142857 0.75 0.236842105263158
29405 15 2 2 15 0.133333333333333 1 0.133333333333333
29422 22 9 8 23 0.363636363636364 0.888888888888889 0.347826086956522
29430 3 1 1 3 0.333333333333333 1 0.333333333333333
29432 2 1 1 2 0.5 1 0.5
29449 53 23 20 56 0.377358490566038 0.869565217391304 0.357142857142857
29452 22 3 2 23 0.0909090909090909 0.666666666666667 0.0869565217391304
29488 3 2 2 3 0.666666666666667 1 0.666666666666667
29527 271 13 13 271 0.0479704797047971 1 0.0479704797047971
29542 5 3 1 7 0.2 0.333333333333333 0.142857142857143
29550 53 6 6 53 0.113207547169811 1 0.113207547169811
29608 17 3 3 17 0.176470588235294 1 0.176470588235294
29611 34 9 7 36 0.205882352941176 0.777777777777778 0.194444444444444
29632 47 2 2 47 0.0425531914893617 1 0.0425531914893617
29636 250 48 46 252 0.184 0.958333333333333 0.182539682539683
29651 11 2 2 11 0.181818181818182 1 0.181818181818182
29655 11 5 4 12 0.363636363636364 0.8 0.333333333333333
29659 3 1 1 3 0.333333333333333 1 0.333333333333333
29668 38 1 1 38 0.0263157894736842 1 0.0263157894736842
29670 9 5 3 11 0.333333333333333 0.6 0.272727272727273
29671 4 3 3 4 0.75 1 0.75
29680 5 3 3 5 0.6 1 0.6
29684 6 1 1 6 0.166666666666667 1 0.166666666666667
29686 321 161 122 360 0.38006230529595 0.757763975155279 0.338888888888889
29691 21 3 2 22 0.0952380952380952 0.666666666666667 0.0909090909090909
29744 1 1 0 2 0 0 0
29748 31 13 9 35 0.290322580645161 0.692307692307692 0.257142857142857
29761 12 1 1 12 0.0833333333333333 1 0.0833333333333333
29763 1 1 1 1 1 1 1
29789 1 1 1 1 1 1 1
29791 252 14 10 256 0.0396825396825397 0.714285714285714 0.0390625
29838 44 7 5 46 0.113636363636364 0.714285714285714 0.108695652173913
29904 1 2 1 2 1 0.5 0.5
3 7 1 0 8 0 0 0
30029 2 1 1 2 0.5 1 0.5
30058 11 2 2 11 0.181818181818182 1 0.181818181818182
30059 3 2 2 3 0.666666666666667 1 0.666666666666667
30071 11 98 7 102 0.636363636363636 0.0714285714285714 0.0686274509803922
30075 2 1 0 3 0 0 0
30094 59 2 2 59 0.0338983050847458 1 0.0338983050847458
30121 4 2 1 5 0.25 0.5 0.2
30124 7 1 1 7 0.142857142857143 1 0.142857142857143
30130 5 2 2 5 0.4 1 0.4
30132 36 65 19 82 0.527777777777778 0.292307692307692 0.231707317073171
30142 2 1 0 3 0 0 0
30160 12 3 1 14 0.0833333333333333 0.333333333333333 0.0714285714285714
30176 16 2 2 16 0.125 1 0.125
302 9 1 1 9 0.111111111111111 1 0.111111111111111
30217 5 1 1 5 0.2 1 0.2
30221 2 1 0 3 0 0 0
30259 3 1 1 3 0.333333333333333 1 0.333333333333333
30263 2 1 0 3 0 0 0
30295 5 1 1 5 0.2 1 0.2
30340 18 3 2 19 0.111111111111111 0.666666666666667 0.105263157894737
30362 3 1 0 4 0 0 0
3043 26 7 6 27 0.230769230769231 0.857142857142857 0.222222222222222
30496 18 4 3 19 0.166666666666667 0.75 0.157894736842105
30528 6 3 2 7 0.333333333333333 0.666666666666667 0.285714285714286
30653 30 10 7 33 0.233333333333333 0.7 0.212121212121212
30700 5 2 2 5 0.4 1 0.4
30708 1 1 1 1 1 1 1
30737 3 2 2 3 0.666666666666667 1 0.666666666666667
30740 41 8 7 42 0.170731707317073 0.875 0.166666666666667
30781 194 28 19 203 0.0979381443298969 0.678571428571429 0.0935960591133005
30795 3 2 2 3 0.666666666666667 1 0.666666666666667
30798 5 2 2 5 0.4 1 0.4
30833 10 1 1 10 0.1 1 0.1
30844 324 8 8 324 0.0246913580246914 1 0.0246913580246914
30851 6 2 2 6 0.333333333333333 1 0.333333333333333
30857 2 2 1 3 0.5 0.5 0.333333333333333
30880 11 1 1 11 0.0909090909090909 1 0.0909090909090909
30889 41 9 5 45 0.121951219512195 0.555555555555556 0.111111111111111
30890 164 24 18 170 0.109756097560976 0.75 0.105882352941176
30925 19 10 5 24 0.263157894736842 0.5 0.208333333333333
30961 4 1 1 4 0.25 1 0.25
30962 10 3 3 10 0.3 1 0.3
30971 10 4 4 10 0.4 1 0.4
30975 7 6 2 11 0.285714285714286 0.333333333333333 0.181818181818182
31005 2 1 1 2 0.5 1 0.5
31027 56 2 1 57 0.0178571428571429 0.5 0.0175438596491228
31042 24 1 1 24 0.0416666666666667 1 0.0416666666666667
31078 5 4 3 6 0.6 0.75 0.5
31103 17 13 6 24 0.352941176470588 0.461538461538462 0.25
31117 12 5 5 12 0.416666666666667 1 0.416666666666667
31122 9 2 2 9 0.222222222222222 1 0.222222222222222
31127 4 4 4 4 1 1 1
31147 10 2 2 10 0.2 1 0.2
31172 10 1 1 10 0.1 1 0.1
31229 5 2 1 6 0.2 0.5 0.166666666666667
31240 2 1 1 2 0.5 1 0.5
31252 66 19 14 71 0.212121212121212 0.736842105263158 0.197183098591549
31255 5 3 2 6 0.4 0.666666666666667 0.333333333333333
31261 27 1 1 27 0.037037037037037 1 0.037037037037037
31283 46 8 8 46 0.173913043478261 1 0.173913043478261
3130 21 2 2 21 0.0952380952380952 1 0.0952380952380952
31333 5 2 2 5 0.4 1 0.4
31334 55 20 14 61 0.254545454545455 0.7 0.229508196721311
31383 21 8 4 25 0.19047619047619 0.5 0.16
3140 1 1 1 1 1 1 1
31400 28 3 2 29 0.0714285714285714 0.666666666666667 0.0689655172413793
31416 4 1 0 5 0 0 0
31424 26 5 5 26 0.192307692307692 1 0.192307692307692
31442 2 2 1 3 0.5 0.5 0.333333333333333
31458 56 7 6 57 0.107142857142857 0.857142857142857 0.105263157894737
31477 248 4 4 248 0.0161290322580645 1 0.0161290322580645
31479 4 2 1 5 0.25 0.5 0.2
31493 4 1 1 4 0.25 1 0.25
31500 713 25 22 716 0.0308555399719495 0.88 0.0307262569832402
31513 2 1 0 3 0 0 0
31529 53 22 12 63 0.226415094339623 0.545454545454545 0.19047619047619
31530 7 1 1 7 0.142857142857143 1 0.142857142857143
31554 16 3 3 16 0.1875 1 0.1875
31572 11 1 1 11 0.0909090909090909 1 0.0909090909090909
31615 5 1 0 6 0 0 0
31621 6 3 1 8 0.166666666666667 0.333333333333333 0.125
31649 8 1 1 8 0.125 1 0.125
31661 42 17 13 46 0.30952380952381 0.764705882352941 0.282608695652174
31677 5 3 1 7 0.2 0.333333333333333 0.142857142857143
31688 12 3 3 12 0.25 1 0.25
31708 36 11 9 38 0.25 0.818181818181818 0.236842105263158
31736 12 2 2 12 0.166666666666667 1 0.166666666666667
31859 2 2 0 4 0 0 0
31877 11 1 1 11 0.0909090909090909 1 0.0909090909090909
31939 4 1 1 4 0.25 1 0.25
32 6 1 1 6 0.166666666666667 1 0.166666666666667
32034 6 2 2 6 0.333333333333333 1 0.333333333333333
3209 148 4 4 148 0.027027027027027 1 0.027027027027027
3212 25 1 1 25 0.04 1 0.04
3213 43 13 10 46 0.232558139534884 0.769230769230769 0.217391304347826
3215 97 2 2 97 0.0206185567010309 1 0.0206185567010309
3221 1 1 1 1 1 1 1
3223 2 2 1 3 0.5 0.5 0.333333333333333
32244 3 1 1 3 0.333333333333333 1 0.333333333333333
32308 3 1 1 3 0.333333333333333 1 0.333333333333333
32335 3 1 1 3 0.333333333333333 1 0.333333333333333
32346 2 2 2 2 1 1 1
32354 19 8 6 21 0.315789473684211 0.75 0.285714285714286
32360 3 1 1 3 0.333333333333333 1 0.333333333333333
32361 9 1 1 9 0.111111111111111 1 0.111111111111111
3243 18 3 2 19 0.111111111111111 0.666666666666667 0.105263157894737
32440 24 3 3 24 0.125 1 0.125
3248 58 24 19 63 0.327586206896552 0.791666666666667 0.301587301587302
3249 59 11 8 62 0.135593220338983 0.727272727272727 0.129032258064516
3257 671 330 196 805 0.292101341281669 0.593939393939394 0.243478260869565
32592 16 1 1 16 0.0625 1 0.0625
3261 37 2 2 37 0.0540540540540541 1 0.0540540540540541
32613 13 2 2 13 0.153846153846154 1 0.153846153846154
3265 40 14 11 43 0.275 0.785714285714286 0.255813953488372
3267 359 11 8 362 0.0222841225626741 0.727272727272727 0.0220994475138122
32678 2 2 1 3 0.5 0.5 0.333333333333333
3269 143 1 1 143 0.00699300699300699 1 0.00699300699300699
32748 38 11 9 40 0.236842105263158 0.818181818181818 0.225
3277 6 1 1 6 0.166666666666667 1 0.166666666666667
32782 5 1 0 6 0 0 0
32809 1 1 0 2 0 0 0
32825 2 2 1 3 0.5 0.5 0.333333333333333
32890 4 1 1 4 0.25 1 0.25
32915 2 1 0 3 0 0 0
3292 436 29 29 436 0.0665137614678899 1 0.0665137614678899
32934 62 1 1 62 0.0161290322580645 1 0.0161290322580645
32978 1 1 1 1 1 1 1
33003 2 1 0 3 0 0 0
3301 65 5 4 66 0.0615384615384615 0.8 0.0606060606060606
3302 46 3 3 46 0.0652173913043478 1 0.0652173913043478
3303 552 25 22 555 0.0398550724637681 0.88 0.0396396396396396
33071 10 3 3 10 0.3 1 0.3
33075 2 1 1 2 0.5 1 0.5
33079 2 2 2 2 1 1 1
3308 26 4 4 26 0.153846153846154 1 0.153846153846154
33080 4 1 1 4 0.25 1 0.25
33081 4 2 1 5 0.25 0.5 0.2
33082 3 1 1 3 0.333333333333333 1 0.333333333333333
33152 1 1 0 2 0 0 0
3316 18 3 2 19 0.111111111111111 0.666666666666667 0.105263157894737
33189 9 1 1 9 0.111111111111111 1 0.111111111111111
3320 545 20 16 549 0.0293577981651376 0.8 0.029143897996357
3327 97 24 18 103 0.185567010309278 0.75 0.174757281553398
3330 26 6 6 26 0.230769230769231 1 0.230769230769231
33310 2 2 1 3 0.5 0.5 0.333333333333333
3333 169 4 4 169 0.0236686390532544 1 0.0236686390532544
33362 3 1 0 4 0 0 0
33419 19 1 1 19 0.0526315789473684 1 0.0526315789473684
33437 2 9 1 10 0.5 0.111111111111111 0.1
3344 8 4 2 10 0.25 0.5 0.2
33475 3 1 1 3 0.333333333333333 1 0.333333333333333
33517 8 2 2 8 0.25 1 0.25
3352 78 3 1 80 0.0128205128205128 0.333333333333333 0.0125
33522 3 1 0 4 0 0 0
3356 2724 136 123 2737 0.0451541850220264 0.904411764705882 0.0449397150164414
33597 34 2 2 34 0.0588235294117647 1 0.0588235294117647
33606 6 1 1 6 0.166666666666667 1 0.166666666666667
3363 2 1 1 2 0.5 1 0.5
33631 2 1 1 2 0.5 1 0.5
33642 2 2 2 2 1 1 1
33764 2 3 1 4 0.5 0.333333333333333 0.25
33771 4 1 1 4 0.25 1 0.25
33789 2 2 2 2 1 1 1
33808 13 1 1 13 0.0769230769230769 1 0.0769230769230769
33828 1 1 1 1 1 1 1
33843 38 20 12 46 0.315789473684211 0.6 0.260869565217391
33845 12 4 3 13 0.25 0.75 0.230769230769231
33868 7 1 1 7 0.142857142857143 1 0.142857142857143
33873 22 1 1 22 0.0454545454545455 1 0.0454545454545455
33876 1 1 1 1 1 1 1
33885 15 6 5 16 0.333333333333333 0.833333333333333 0.3125
33891 46 19 12 53 0.260869565217391 0.631578947368421 0.226415094339623
33923 5 3 1 7 0.2 0.333333333333333 0.142857142857143
33926 57 12 9 60 0.157894736842105 0.75 0.15
33930 2 1 0 3 0 0 0
33965 15 3 3 15 0.2 1 0.2
33984 2 1 1 2 0.5 1 0.5
33988 2 2 1 3 0.5 0.5 0.333333333333333
34011 21 15 10 26 0.476190476190476 0.666666666666667 0.384615384615385
34019 13 7 5 15 0.384615384615385 0.714285714285714 0.333333333333333
34021 12 4 2 14 0.166666666666667 0.5 0.142857142857143
34080 6 3 2 7 0.333333333333333 0.666666666666667 0.285714285714286
34081 3 2 2 3 0.666666666666667 1 0.666666666666667
34087 6 2 2 6 0.333333333333333 1 0.333333333333333
34108 6 4 3 7 0.5 0.75 0.428571428571429
34109 9 1 0 10 0 0 0
34123 35 3 2 36 0.0571428571428571 0.666666666666667 0.0555555555555556
34139 2 1 1 2 0.5 1 0.5
34141 23 1 1 23 0.0434782608695652 1 0.0434782608695652
34146 18 5 4 19 0.222222222222222 0.8 0.210526315789474
34183 3 3 3 3 1 1 1
34225 62 7 6 63 0.0967741935483871 0.857142857142857 0.0952380952380952
34240 2 2 2 2 1 1 1
34244 4 2 2 4 0.5 1 0.5
34245 47 4 3 48 0.0638297872340425 0.75 0.0625
34270 37 5 5 37 0.135135135135135 1 0.135135135135135
34279 18 2 2 18 0.111111111111111 1 0.111111111111111
34288 13 5 4 14 0.307692307692308 0.8 0.285714285714286
34305 64 17 11 70 0.171875 0.647058823529412 0.157142857142857
34309 63 236 34 265 0.53968253968254 0.144067796610169 0.128301886792453
34313 25 5 3 27 0.12 0.6 0.111111111111111
34352 11 2 1 12 0.0909090909090909 0.5 0.0833333333333333
34372 3 1 1 3 0.333333333333333 1 0.333333333333333
34387 2 2 2 2 1 1 1
34419 27 8 2 33 0.0740740740740741 0.25 0.0606060606060606
34426 3 1 0 4 0 0 0
34427 3 1 1 3 0.333333333333333 1 0.333333333333333
34442 23 2 2 23 0.0869565217391304 1 0.0869565217391304
34486 29 6 4 31 0.137931034482759 0.666666666666667 0.129032258064516
34505 3 2 2 3 0.666666666666667 1 0.666666666666667
34549 8 5 4 9 0.5 0.8 0.444444444444444
34554 16 5 4 17 0.25 0.8 0.235294117647059
34567 4 1 1 4 0.25 1 0.25
34574 3 1 0 4 0 0 0
34594 20 4 4 20 0.2 1 0.2
34602 13 4 2 15 0.153846153846154 0.5 0.133333333333333
34623 1 1 1 1 1 1 1
3464 8 1 1 8 0.125 1 0.125
34683 2 1 1 2 0.5 1 0.5
34695 1015 222 200 1037 0.197044334975369 0.900900900900901 0.192864030858245
34735 1 1 1 1 1 1 1
34752 3 1 1 3 0.333333333333333 1 0.333333333333333
34763 28 2 1 29 0.0357142857142857 0.5 0.0344827586206897
34781 16 1 1 16 0.0625 1 0.0625
34784 3 1 1 3 0.333333333333333 1 0.333333333333333
34863 2 2 2 2 1 1 1
34878 2 1 1 2 0.5 1 0.5
3491 419 5 5 419 0.0119331742243437 1 0.0119331742243437
34912 3 1 0 4 0 0 0
34913 6 1 1 6 0.166666666666667 1 0.166666666666667
3495 2 1 1 2 0.5 1 0.5
34953 24 14 8 30 0.333333333333333 0.571428571428571 0.266666666666667
34968 32 12 8 36 0.25 0.666666666666667 0.222222222222222
34997 13 4 4 13 0.307692307692308 1 0.307692307692308
35 2 1 0 3 0 0 0
35017 2 1 1 2 0.5 1 0.5
35028 41 6 5 42 0.121951219512195 0.833333333333333 0.119047619047619
35070 9 3 3 9 0.333333333333333 1 0.333333333333333
35087 8 3 2 9 0.25 0.666666666666667 0.222222222222222
35236 10 5 4 11 0.4 0.8 0.363636363636364
35244 22 23 14 31 0.636363636363636 0.608695652173913 0.451612903225806
35254 42 4 4 42 0.0952380952380952 1 0.0952380952380952
35260 28 10 6 32 0.214285714285714 0.6 0.1875
35272 1 1 1 1 1 1 1
35310 1 1 0 2 0 0 0
35320 107 19 10 116 0.0934579439252336 0.526315789473684 0.0862068965517241
35339 6 1 1 6 0.166666666666667 1 0.166666666666667
35366 31 15 8 38 0.258064516129032 0.533333333333333 0.210526315789474
35369 15 6 6 15 0.4 1 0.4
35382 2 2 2 2 1 1 1
35383 2 1 0 3 0 0 0
35393 15 2 2 15 0.133333333333333 1 0.133333333333333
35425 18 3 3 18 0.166666666666667 1 0.166666666666667
35432 24 1 1 24 0.0416666666666667 1 0.0416666666666667
35470 12 4 2 14 0.166666666666667 0.5 0.142857142857143
35471 1 1 1 1 1 1 1
3549 1417 187 175 1429 0.123500352858151 0.935828877005348 0.122463261021693
35492 2 2 2 2 1 1 1
3551 1 1 0 2 0 0 0
35518 4 1 0 5 0 0 0
35548 6 2 2 6 0.333333333333333 1 0.333333333333333
35569 1 1 0 2 0 0 0
3557 19 7 7 19 0.368421052631579 1 0.368421052631579
35574 9 2 2 9 0.222222222222222 1 0.222222222222222
35592 5 4 3 6 0.6 0.75 0.5
35609 2 1 1 2 0.5 1 0.5
3561 427 8 8 427 0.0187353629976581 1 0.0187353629976581
35612 7 2 0 9 0 0 0
35627 7 3 2 8 0.285714285714286 0.666666666666667 0.25
35703 3 1 1 3 0.333333333333333 1 0.333333333333333
35706 18 8 3 23 0.166666666666667 0.375 0.130434782608696
35745 8 4 3 9 0.375 0.75 0.333333333333333
35788 15 1 1 15 0.0666666666666667 1 0.0666666666666667
35819 19 2 2 19 0.105263157894737 1 0.105263157894737
3582 3 2 2 3 0.666666666666667 1 0.666666666666667
35826 2 1 1 2 0.5 1 0.5
35908 24 1 1 24 0.0416666666666667 1 0.0416666666666667
3597 9 2 2 9 0.222222222222222 1 0.222222222222222
35974 2 1 1 2 0.5 1 0.5
3598 2 1 1 2 0.5 1 0.5
3603 2 1 1 2 0.5 1 0.5
36086 9 5 5 9 0.555555555555556 1 0.555555555555556
36221 2 1 1 2 0.5 1 0.5
36229 1 1 1 1 1 1 1
36236 16 1 1 16 0.0625 1 0.0625
36242 9 1 1 9 0.111111111111111 1 0.111111111111111
36252 2 2 2 2 1 1 1
36351 23 5 5 23 0.217391304347826 1 0.217391304347826
36383 1 1 0 2 0 0 0
36384 1 1 1 1 1 1 1
3640 4 1 1 4 0.25 1 0.25
36412 4 2 2 4 0.5 1 0.5
36472 3 1 1 3 0.333333333333333 1 0.333333333333333
36483 4 2 2 4 0.5 1 0.5
36563 3 1 1 3 0.333333333333333 1 0.333333333333333
3661 8 5 3 10 0.375 0.6 0.3
3662 15 10 9 16 0.6 0.9 0.5625
3663 7 2 1 8 0.142857142857143 0.5 0.125
36671 2 1 1 2 0.5 1 0.5
36692 44 4 4 44 0.0909090909090909 1 0.0909090909090909
36728 1 1 0 2 0 0 0
3676 6 2 1 7 0.166666666666667 0.5 0.142857142857143
36786 1 1 1 1 1 1 1
3681 4 1 1 4 0.25 1 0.25
36856 12 4 2 14 0.166666666666667 0.5 0.142857142857143
36944 36 8 7 37 0.194444444444444 0.875 0.189189189189189
37045 2 1 0 3 0 0 0
37074 1 1 0 2 0 0 0
37084 7 1 1 7 0.142857142857143 1 0.142857142857143
37105 3 1 1 3 0.333333333333333 1 0.333333333333333
3714 4 2 2 4 0.5 1 0.5
37179 27 2 2 27 0.0740740740740741 1 0.0740740740740741
3727 2 1 1 2 0.5 1 0.5
3741 109 4 3 110 0.0275229357798165 0.75 0.0272727272727273
3742 17 2 2 17 0.117647058823529 1 0.117647058823529
3754 44 6 6 44 0.136363636363636 1 0.136363636363636
3758 54 1 1 54 0.0185185185185185 1 0.0185185185185185
376 24 4 4 24 0.166666666666667 1 0.166666666666667
378 1 1 1 1 1 1 1
37918 2 1 1 2 0.5 1 0.5
37986 5 1 1 5 0.2 1 0.2
38 1 1 1 1 1 1 1
38005 2 2 2 2 1 1 1
38018 7 4 4 7 0.571428571428571 1 0.571428571428571
38022 35 8 8 35 0.228571428571429 1 0.228571428571429
38037 2 2 2 2 1 1 1
38044 2 1 1 2 0.5 1 0.5
38082 53 11 10 54 0.188679245283019 0.909090909090909 0.185185185185185
38083 1 1 1 1 1 1 1
38128 1 1 0 2 0 0 0
38158 6 4 4 6 0.666666666666667 1 0.666666666666667
38182 6 1 1 6 0.166666666666667 1 0.166666666666667
38229 2 2 2 2 1 1 1
3825 1 1 0 2 0 0 0
38299 2 1 1 2 0.5 1 0.5
38321 2 1 1 2 0.5 1 0.5
38322 6 2 2 6 0.333333333333333 1 0.333333333333333
3836 8 2 1 9 0.125 0.5 0.111111111111111
38457 1 1 1 1 1 1 1
38462 2 2 2 2 1 1 1
38466 2 1 1 2 0.5 1 0.5
38477 4 1 1 4 0.25 1 0.25
3851 3 1 0 4 0 0 0
3856 87 16 12 91 0.137931034482759 0.75 0.131868131868132
38566 4 2 2 4 0.5 1 0.5
38567 2 1 1 2 0.5 1 0.5
38620 1 1 1 1 1 1 1
38629 2 1 1 2 0.5 1 0.5
38639 2 2 2 2 1 1 1
38646 4 3 3 4 0.75 1 0.75
38652 2 1 1 2 0.5 1 0.5
38701 1 1 0 2 0 0 0
38710 5 1 0 6 0 0 0
38759 3 9 2 10 0.666666666666667 0.222222222222222 0.2
38794 11 1 1 11 0.0909090909090909 1 0.0909090909090909
38796 1 1 0 2 0 0 0
38809 39 1 0 40 0 0 0
38826 4 1 1 4 0.25 1 0.25
38858 4 2 2 4 0.5 1 0.5
38861 29 5 5 29 0.172413793103448 1 0.172413793103448
38883 3 1 1 3 0.333333333333333 1 0.333333333333333
38915 10 1 1 10 0.1 1 0.1
38922 13 1 1 13 0.0769230769230769 1 0.0769230769230769
38930 34 9 8 35 0.235294117647059 0.888888888888889 0.228571428571429
3900 7 1 1 7 0.142857142857143 1 0.142857142857143
39020 6 2 2 6 0.333333333333333 1 0.333333333333333
39029 3 2 2 3 0.666666666666667 1 0.666666666666667
39040 17 1 1 17 0.0588235294117647 1 0.0588235294117647
39091 5 1 1 5 0.2 1 0.2
39093 2 3 1 4 0.5 0.333333333333333 0.25
39102 18 1 1 18 0.0555555555555556 1 0.0555555555555556
39117 7 1 1 7 0.142857142857143 1 0.142857142857143
39122 6 3 3 6 0.5 1 0.5
39138 1 1 1 1 1 1 1
39145 12 4 3 13 0.25 0.75 0.230769230769231
39211 5 2 1 6 0.2 0.5 0.166666666666667
39242 2 1 1 2 0.5 1 0.5
39250 2 1 0 3 0 0 0
39264 6 1 1 6 0.166666666666667 1 0.166666666666667
39288 3 3 2 4 0.666666666666667 0.666666666666667 0.5
39301 6 2 2 6 0.333333333333333 1 0.333333333333333
39308 1 1 0 2 0 0 0
39309 25 9 3 31 0.12 0.333333333333333 0.0967741935483871
3931 2 2 1 3 0.5 0.5 0.333333333333333
393220 3 3 3 3 1 1 1
39326 225 26 23 228 0.102222222222222 0.884615384615385 0.100877192982456
39342 2 2 2 2 1 1 1
39386 46 1 1 46 0.0217391304347826 1 0.0217391304347826
3943 5 5 5 5 1 1 1
39472 2 1 1 2 0.5 1 0.5
3949 2 1 1 2 0.5 1 0.5
39520 2 1 0 3 0 0 0
39537 1 3 0 4 0 0 0
39545 4 2 2 4 0.5 1 0.5
39554 4 2 2 4 0.5 1 0.5
39556 30 15 10 35 0.333333333333333 0.666666666666667 0.285714285714286
39560 2 1 1 2 0.5 1 0.5
39570 3 3 2 4 0.666666666666667 0.666666666666667 0.5
39572 3 1 1 3 0.333333333333333 1 0.333333333333333
39598 5 2 2 5 0.4 1 0.4
39602 3 1 1 3 0.333333333333333 1 0.333333333333333
39637 27 10 5 32 0.185185185185185 0.5 0.15625
39662 3 1 1 3 0.333333333333333 1 0.333333333333333
39700 8 3 1 10 0.125 0.333333333333333 0.1
39704 14 5 4 15 0.285714285714286 0.8 0.266666666666667
39737 88 16 11 93 0.125 0.6875 0.118279569892473
39757 30 1 1 30 0.0333333333333333 1 0.0333333333333333
39761 2 1 1 2 0.5 1 0.5
39780 3 1 0 4 0 0 0
39787 5 2 1 6 0.2 0.5 0.166666666666667
39790 5 4 3 6 0.6 0.75 0.5
39792 884 31 25 890 0.0282805429864253 0.806451612903226 0.0280898876404494
39837 2 1 1 2 0.5 1 0.5
39839 3 2 2 3 0.666666666666667 1 0.666666666666667
39854 1 1 1 1 1 1 1
39875 2 1 1 2 0.5 1 0.5
39905 7 3 3 7 0.428571428571429 1 0.428571428571429
39912 490 13 13 490 0.026530612244898 1 0.026530612244898
3999 2 1 1 2 0.5 1 0.5
40009 61 6 5 62 0.0819672131147541 0.833333333333333 0.0806451612903226
40015 8 2 2 8 0.25 1 0.25
40068 12 2 2 12 0.166666666666667 1 0.166666666666667
40076 5 1 1 5 0.2 1 0.2
40185 8 2 2 8 0.25 1 0.25
40193 13 8 6 15 0.461538461538462 0.75 0.4
40220 14 5 5 14 0.357142857142857 1 0.357142857142857
40335 3 1 1 3 0.333333333333333 1 0.333333333333333
40387 21 2 2 21 0.0952380952380952 1 0.0952380952380952
4043 2 1 0 3 0 0 0
40475 17 1 1 17 0.0588235294117647 1 0.0588235294117647
40490 2 1 1 2 0.5 1 0.5
4050 2 1 1 2 0.5 1 0.5
40528 10 9 9 10 0.9 1 0.9
4058 12 2 2 12 0.166666666666667 1 0.166666666666667
40581 9 2 1 10 0.111111111111111 0.5 0.1
40589 1 1 1 1 1 1 1
40630 2 1 1 2 0.5 1 0.5
40679 1 1 1 1 1 1 1
40832 2 1 1 2 0.5 1 0.5
40850 2 1 0 3 0 0 0
40911 3 1 1 3 0.333333333333333 1 0.333333333333333
40912 2 1 1 2 0.5 1 0.5
40943 2 1 0 3 0 0 0
41012 32 6 5 33 0.15625 0.833333333333333 0.151515151515152
41045 31 14 9 36 0.290322580645161 0.642857142857143 0.25
41075 2 2 1 3 0.5 0.5 0.333333333333333
41144 1 1 1 1 1 1 1
41145 11 3 2 12 0.181818181818182 0.666666666666667 0.166666666666667
41176 2 1 0 3 0 0 0
41323 6 1 1 6 0.166666666666667 1 0.166666666666667
4134 107 1 0 108 0 0 0
41391 8 5 4 9 0.5 0.8 0.444444444444444
41412 6 1 1 6 0.166666666666667 1 0.166666666666667
41420 36 1 1 36 0.0277777777777778 1 0.0277777777777778
41458 5 1 1 5 0.2 1 0.2
41495 4 1 1 4 0.25 1 0.25
4150 8 4 2 10 0.25 0.5 0.2
41572 8 3 2 9 0.25 0.666666666666667 0.222222222222222
4158 2 1 1 2 0.5 1 0.5
41589 7 1 1 7 0.142857142857143 1 0.142857142857143
41670 1 1 1 1 1 1 1
41692 562 86 71 577 0.126334519572954 0.825581395348837 0.123050259965338
41693 6 1 0 7 0 0 0
41698 2 1 1 2 0.5 1 0.5
41705 1 1 0 2 0 0 0
41711 9 5 3 11 0.333333333333333 0.6 0.272727272727273
41773 3 2 1 4 0.333333333333333 0.5 0.25
41824 12 4 3 13 0.25 0.75 0.230769230769231
41828 2 1 1 2 0.5 1 0.5
41833 3 1 0 4 0 0 0
41884 5 3 3 5 0.6 1 0.6
41887 14 7 5 16 0.357142857142857 0.714285714285714 0.3125
41913 11 5 4 12 0.363636363636364 0.8 0.333333333333333
41960 8 1 0 9 0 0 0
42 118 17 14 121 0.11864406779661 0.823529411764706 0.115702479338843
42000 12 3 3 12 0.25 1 0.25
42017 3 1 0 4 0 0 0
42061 1 1 1 1 1 1 1
42184 29 12 7 34 0.241379310344828 0.583333333333333 0.205882352941176
42189 2 1 1 2 0.5 1 0.5
42227 7 6 5 8 0.714285714285714 0.833333333333333 0.625
42303 3 1 1 3 0.333333333333333 1 0.333333333333333
42346 15 3 2 16 0.133333333333333 0.666666666666667 0.125
42369 28 3 2 29 0.0714285714285714 0.666666666666667 0.0689655172413793
42385 6 4 2 8 0.333333333333333 0.5 0.25
42476 2 2 0 4 0 0 0
42477 2 1 1 2 0.5 1 0.5
42525 35 4 4 35 0.114285714285714 1 0.114285714285714
42579 27 5 4 28 0.148148148148148 0.8 0.142857142857143
42585 9 2 1 10 0.111111111111111 0.5 0.1
42605 23 16 10 29 0.434782608695652 0.625 0.344827586206897
42612 4 1 1 4 0.25 1 0.25
42613 3 1 1 3 0.333333333333333 1 0.333333333333333
42652 48 5 4 49 0.0833333333333333 0.8 0.0816326530612245
42678 2 1 1 2 0.5 1 0.5
42689 35 10 7 38 0.2 0.7 0.184210526315789
42695 5 2 2 5 0.4 1 0.4
4270 8 4 3 9 0.375 0.75 0.333333333333333
42708 14 4 3 15 0.214285714285714 0.75 0.2
42755 5 1 1 5 0.2 1 0.2
42841 7 4 4 7 0.571428571428571 1 0.571428571428571
42909 23 7 6 24 0.260869565217391 0.857142857142857 0.25
42965 8 1 1 8 0.125 1 0.125
42973 8 1 1 8 0.125 1 0.125
42979 35 12 8 39 0.228571428571429 0.666666666666667 0.205128205128205
43037 6 1 1 6 0.166666666666667 1 0.166666666666667
43118 5 3 1 7 0.2 0.333333333333333 0.142857142857143
43128 1 1 1 1 1 1 1
43148 3 1 0 4 0 0 0
43190 3 1 1 3 0.333333333333333 1 0.333333333333333
43226 3 1 1 3 0.333333333333333 1 0.333333333333333
4323 1336 27 26 1337 0.0194610778443114 0.962962962962963 0.0194465220643231
43289 10 2 2 10 0.2 1 0.2
43313 3 1 1 3 0.333333333333333 1 0.333333333333333
43333 10 3 2 11 0.2 0.666666666666667 0.181818181818182
43383 1 2 1 2 1 0.5 0.5
43408 1 1 0 2 0 0 0
43447 1 1 1 1 1 1 1
43483 3 1 1 3 0.333333333333333 1 0.333333333333333
43615 1 1 1 1 1 1 1
43629 2 1 1 2 0.5 1 0.5
43646 4 4 3 5 0.75 0.75 0.6
43655 2 1 1 2 0.5 1 0.5
43692 2 2 2 2 1 1 1
43727 18 2 1 19 0.0555555555555556 0.5 0.0526315789473684
43751 4 2 1 5 0.25 0.5 0.2
43782 3 3 0 6 0 0 0
43821 30 15 8 37 0.266666666666667 0.533333333333333 0.216216216216216
43832 10 2 2 10 0.2 1 0.2
43843 6 1 1 6 0.166666666666667 1 0.166666666666667
43892 3 1 0 4 0 0 0
43893 6 3 3 6 0.5 1 0.5
43911 3 5 0 8 0 0 0
43948 4 2 2 4 0.5 1 0.5
43950 3 2 1 4 0.333333333333333 0.5 0.25
43978 2 1 1 2 0.5 1 0.5
44034 12 5 5 12 0.416666666666667 1 0.416666666666667
44042 13 5 4 14 0.307692307692308 0.8 0.285714285714286
44065 2 1 1 2 0.5 1 0.5
44066 27 12 8 31 0.296296296296296 0.666666666666667 0.258064516129032
44146 12 3 3 12 0.25 1 0.25
44160 9 1 1 9 0.111111111111111 1 0.111111111111111
44212 3 2 1 4 0.333333333333333 0.5 0.25
44227 4 1 1 4 0.25 1 0.25
44237 31 1 1 31 0.032258064516129 1 0.032258064516129
44285 9 1 0 10 0 0 0
44321 2 1 1 2 0.5 1 0.5
44329 1 1 1 1 1 1 1
44335 3 1 1 3 0.333333333333333 1 0.333333333333333
4434 7 2 1 8 0.142857142857143 0.5 0.125
44358 5 2 2 5 0.4 1 0.4
4436 175 51 45 181 0.257142857142857 0.882352941176471 0.248618784530387
44381 3 1 1 3 0.333333333333333 1 0.333333333333333
44444 310 3 3 310 0.00967741935483871 1 0.00967741935483871
44489 1 1 1 1 1 1 1
44513 9 4 4 9 0.444444444444444 1 0.444444444444444
44514 9 3 3 9 0.333333333333333 1 0.333333333333333
44515 2 1 1 2 0.5 1 0.5
44581 15 5 3 17 0.2 0.6 0.176470588235294
44654 47 16 9 54 0.191489361702128 0.5625 0.166666666666667
44683 3 2 2 3 0.666666666666667 1 0.666666666666667
44706 10 6 4 12 0.4 0.666666666666667 0.333333333333333
44806 3 2 2 3 0.666666666666667 1 0.666666666666667
44928 2 2 2 2 1 1 1
44953 18 3 3 18 0.166666666666667 1 0.166666666666667
44980 3 3 3 3 1 1 1
44993 2 2 2 2 1 1 1
45031 7 1 1 7 0.142857142857143 1 0.142857142857143
45131 1 1 1 1 1 1 1
45147 47 6 4 49 0.0851063829787234 0.666666666666667 0.0816326530612245
4515 40 2 2 40 0.05 1 0.05
45170 4 1 1 4 0.25 1 0.25
45177 5 1 0 6 0 0 0
45192 1 2 1 2 1 0.5 0.5
45209 2 1 1 2 0.5 1 0.5
4528 6 1 1 6 0.166666666666667 1 0.166666666666667
45352 6 1 0 7 0 0 0
4538 55 3 3 55 0.0545454545454545 1 0.0545454545454545
45411 4 2 2 4 0.5 1 0.5
45425 3 1 1 3 0.333333333333333 1 0.333333333333333
45437 1 1 1 1 1 1 1
45438 1 1 1 1 1 1 1
45444 2 2 0 4 0 0 0
45456 1 2 1 2 1 0.5 0.5
45459 2 1 0 3 0 0 0
45483 3 1 1 3 0.333333333333333 1 0.333333333333333
45506 2 1 1 2 0.5 1 0.5
45522 2 1 0 3 0 0 0
4555 1 3 0 4 0 0 0
4557 12 3 3 12 0.25 1 0.25
45570 1 1 1 1 1 1 1
45577 4 1 1 4 0.25 1 0.25
45633 1 1 0 2 0 0 0
45638 3 1 1 3 0.333333333333333 1 0.333333333333333
45682 1 1 1 1 1 1 1
45695 3 1 1 3 0.333333333333333 1 0.333333333333333
45721 2 1 0 3 0 0 0
45758 20 1 1 20 0.05 1 0.05
45772 1 1 1 1 1 1 1
45773 4 1 1 4 0.25 1 0.25
45809 1 1 1 1 1 1 1
45887 1 1 0 2 0 0 0
4589 717 148 145 720 0.202231520223152 0.97972972972973 0.201388888888889
45929 1 1 1 1 1 1 1
45932 3 1 0 4 0 0 0
46 2 1 1 2 0.5 1 0.5
4600 5 2 2 5 0.4 1 0.4
46018 2 1 0 3 0 0 0
4605 2 1 1 2 0.5 1 0.5
4608 7 6 4 9 0.571428571428571 0.666666666666667 0.444444444444444
46176 3 1 0 4 0 0 0
46177 2 1 1 2 0.5 1 0.5
4618 15 2 1 16 0.0666666666666667 0.5 0.0625
46208 6 3 3 6 0.5 1 0.5
4621 33 2 2 33 0.0606060606060606 1 0.0606060606060606
4635 122 36 33 125 0.270491803278689 0.916666666666667 0.264
46357 2 1 1 2 0.5 1 0.5
4637 170 8 8 170 0.0470588235294118 1 0.0470588235294118
46385 4 3 2 5 0.5 0.666666666666667 0.4
4641 10 3 3 10 0.3 1 0.3
46440 2 2 2 2 1 1 1
46475 2 1 1 2 0.5 1 0.5
4648 66 4 4 66 0.0606060606060606 1 0.0606060606060606
4651 45 8 7 46 0.155555555555556 0.875 0.152173913043478
4657 118 7 7 118 0.0593220338983051 1 0.0593220338983051
46609 9 3 3 9 0.333333333333333 1 0.333333333333333
46722 1 1 1 1 1 1 1
4673 7 2 2 7 0.285714285714286 1 0.285714285714286
4675 6 2 1 7 0.166666666666667 0.5 0.142857142857143
4680 9 4 2 11 0.222222222222222 0.5 0.181818181818182
4685 10 1 1 10 0.1 1 0.1
46907 2 1 1 2 0.5 1 0.5
4691 3 9 2 10 0.666666666666667 0.222222222222222 0.2
46925 10 1 1 10 0.1 1 0.1
4697 3 7 3 7 1 0.428571428571429 0.428571428571429
4704 7 3 1 9 0.142857142857143 0.333333333333333 0.111111111111111
4711 2 1 1 2 0.5 1 0.5
47116 3 1 1 3 0.333333333333333 1 0.333333333333333
4713 110 19 17 112 0.154545454545455 0.894736842105263 0.151785714285714
4716 12 4 1 15 0.0833333333333333 0.25 0.0666666666666667
4717 1 2 1 2 1 0.5 0.5
4718 3 2 2 3 0.666666666666667 1 0.666666666666667
47201 1 1 0 2 0 0 0
47202 2 1 1 2 0.5 1 0.5
47207 7 1 1 7 0.142857142857143 1 0.142857142857143
47227 2 1 1 2 0.5 1 0.5
4725 116 27 13 130 0.112068965517241 0.481481481481481 0.1
4739 90 23 19 94 0.211111111111111 0.826086956521739 0.202127659574468
4741 10 1 1 10 0.1 1 0.1
47443 7 1 1 7 0.142857142857143 1 0.142857142857143
47447 7 3 3 7 0.428571428571429 1 0.428571428571429
4747 2 1 0 3 0 0 0
47473 1 2 1 2 1 0.5 0.5
47490 1 2 1 2 1 0.5 0.5
4750 48 2 1 49 0.0208333333333333 0.5 0.0204081632653061
47527 2 2 2 2 1 1 1
47533 2 2 1 3 0.5 0.5 0.333333333333333
4755 220 5 5 220 0.0227272727272727 1 0.0227272727272727
4760 7 2 2 7 0.285714285714286 1 0.285714285714286
4761 60 6 5 61 0.0833333333333333 0.833333333333333 0.0819672131147541
47617 3 1 1 3 0.333333333333333 1 0.333333333333333
47640 3 1 1 3 0.333333333333333 1 0.333333333333333
4766 385 1 1 385 0.0025974025974026 1 0.0025974025974026
4768 28 2 2 28 0.0714285714285714 1 0.0714285714285714
47682 1 1 0 2 0 0 0
4770 14 1 1 14 0.0714285714285714 1 0.0714285714285714
4773 5 1 0 6 0 0 0
4777 35 3 3 35 0.0857142857142857 1 0.0857142857142857
47777 5 2 2 5 0.4 1 0.4
4780 29 3 2 30 0.0689655172413793 0.666666666666667 0.0666666666666667
4782 2 1 0 3 0 0 0
47841 2 1 1 2 0.5 1 0.5
47862 1 1 1 1 1 1 1
47869 22 1 1 22 0.0454545454545455 1 0.0454545454545455
4787 5 2 1 6 0.2 0.5 0.166666666666667
4788 123 9 9 123 0.0731707317073171 1 0.0731707317073171
47880 3 1 1 3 0.333333333333333 1 0.333333333333333
47885 2 1 0 3 0 0 0
47886 5 2 2 5 0.4 1 0.4
47887 11 3 3 11 0.272727272727273 1 0.272727272727273
47908 7 3 2 8 0.285714285714286 0.666666666666667 0.25
47917 1 1 1 1 1 1 1
4795 22 4 2 24 0.0909090909090909 0.5 0.0833333333333333
47956 2 1 0 3 0 0 0
4796 2 1 1 2 0.5 1 0.5
47973 2 1 0 3 0 0 0
47998 2 1 1 2 0.5 1 0.5
47999 26 6 4 28 0.153846153846154 0.666666666666667 0.142857142857143
4800 16 1 1 16 0.0625 1 0.0625
48039 78 6 6 78 0.0769230769230769 1 0.0769230769230769
48053 2 2 2 2 1 1 1
48072 3 1 1 3 0.333333333333333 1 0.333333333333333
48118 2 1 1 2 0.5 1 0.5
48136 1 1 1 1 1 1 1
48173 18 10 6 22 0.333333333333333 0.6 0.272727272727273
4818 3 2 2 3 0.666666666666667 1 0.666666666666667
48185 2 1 1 2 0.5 1 0.5
48191 3 1 0 4 0 0 0
48200 4 9 2 11 0.5 0.222222222222222 0.181818181818182
48218 2 1 1 2 0.5 1 0.5
48259 2 1 1 2 0.5 1 0.5
4826 234 37 32 239 0.136752136752137 0.864864864864865 0.133891213389121
48284 2 1 0 3 0 0 0
48285 6 1 0 7 0 0 0
48288 1 1 1 1 1 1 1
48315 2 1 1 2 0.5 1 0.5
48344 8 1 1 8 0.125 1 0.125
48345 1 1 1 1 1 1 1
48417 3 1 1 3 0.333333333333333 1 0.333333333333333
4844 2 2 2 2 1 1 1
4845 3 1 1 3 0.333333333333333 1 0.333333333333333
48451 2 1 1 2 0.5 1 0.5
48484 13 14 6 21 0.461538461538462 0.428571428571429 0.285714285714286
48514 2 4 1 5 0.5 0.25 0.2
48519 4 3 3 4 0.75 1 0.75
48528 2 1 1 2 0.5 1 0.5
48539 11 7 6 12 0.545454545454545 0.857142857142857 0.5
48564 2 1 1 2 0.5 1 0.5
48885 12 5 4 13 0.333333333333333 0.8 0.307692307692308
48961 28 3 2 29 0.0714285714285714 0.666666666666667 0.0689655172413793
48972 1 1 1 1 1 1 1
48994 2 1 1 2 0.5 1 0.5
49026 1 1 1 1 1 1 1
49102 14 3 2 15 0.142857142857143 0.666666666666667 0.133333333333333
49125 3 2 1 4 0.333333333333333 0.5 0.25
49190 2 2 1 3 0.5 0.5 0.333333333333333
49237 9 1 1 9 0.111111111111111 1 0.111111111111111
4927 18 6 5 19 0.277777777777778 0.833333333333333 0.263157894736842
49272 3 1 1 3 0.333333333333333 1 0.333333333333333
49352 2 1 0 3 0 0 0
49409 2 1 0 3 0 0 0
49416 1 1 1 1 1 1 1
49463 2 2 1 3 0.5 0.5 0.333333333333333
49488 5 3 3 5 0.6 1 0.6
49497 2 1 1 2 0.5 1 0.5
49573 2 1 1 2 0.5 1 0.5
49586 1 1 1 1 1 1 1
49624 2 1 1 2 0.5 1 0.5
49625 11 9 5 15 0.454545454545455 0.555555555555556 0.333333333333333
49627 4 2 2 4 0.5 1 0.5
49630 7 3 3 7 0.428571428571429 1 0.428571428571429
49725 2 1 1 2 0.5 1 0.5
49835 1 1 0 2 0 0 0
49866 2 2 2 2 1 1 1
49983 8 4 3 9 0.375 0.75 0.333333333333333
50032 2 2 2 2 1 1 1
50188 2 1 1 2 0.5 1 0.5
50273 2 1 1 2 0.5 1 0.5
50300 2 2 1 3 0.5 0.5 0.333333333333333
50381 1 1 1 1 1 1 1
50384 47 12 9 50 0.191489361702128 0.75 0.18
50391 1 1 0 2 0 0 0
50393 1 1 0 2 0 0 0
5050 20 5 5 20 0.25 1 0.25
50530 2 1 0 3 0 0 0
5056 22 1 0 23 0 0 0
50588 2 1 1 2 0.5 1 0.5
50611 2 2 2 2 1 1 1
50655 1 1 1 1 1 1 1
50702 1 1 1 1 1 1 1
5078 17 1 1 17 0.0588235294117647 1 0.0588235294117647
50858 2 1 1 2 0.5 1 0.5
513 45 10 10 45 0.222222222222222 1 0.222222222222222
52 2 2 2 2 1 1 1
53070 88 2 2 88 0.0227272727272727 1 0.0227272727272727
53299 1 1 1 1 1 1 1
5379 2 1 1 2 0.5 1 0.5
5381 14 5 3 16 0.214285714285714 0.6 0.1875
5385 56 3 3 56 0.0535714285714286 1 0.0535714285714286
5394 16 3 3 16 0.1875 1 0.1875
5400 205 20 14 211 0.0682926829268293 0.7 0.0663507109004739
5401 1 1 1 1 1 1 1
5403 18 8 6 20 0.333333333333333 0.75 0.3
5407 8 4 4 8 0.5 1 0.5
5408 112 5 3 114 0.0267857142857143 0.6 0.0263157894736842
5410 56 11 8 59 0.142857142857143 0.727272727272727 0.135593220338983
5413 220 12 12 220 0.0545454545454545 1 0.0545454545454545
5418 11 3 3 11 0.272727272727273 1 0.272727272727273
5421 3 3 3 3 1 1 1
543 1 1 1 1 1 1 1
5430 56 19 12 63 0.214285714285714 0.631578947368421 0.19047619047619
5432 33 1 0 34 0 0 0
5459 53 18 11 60 0.207547169811321 0.611111111111111 0.183333333333333
5466 77 2 1 78 0.012987012987013 0.5 0.0128205128205128
5483 98 3 2 99 0.0204081632653061 0.666666666666667 0.0202020202020202
5486 22 2 0 24 0 0 0
5491 3 2 1 4 0.333333333333333 0.5 0.25
55 3 1 1 3 0.333333333333333 1 0.333333333333333
5507 42 8 8 42 0.19047619047619 1 0.19047619047619
5511 147 36 27 156 0.183673469387755 0.75 0.173076923076923
553 47 23 19 51 0.404255319148936 0.826086956521739 0.372549019607843
55327 1 1 0 2 0 0 0
5537 27 4 1 30 0.037037037037037 0.25 0.0333333333333333
5538 8 2 2 8 0.25 1 0.25
5539 42 56 20 78 0.476190476190476 0.357142857142857 0.256410256410256
5541 21 3 3 21 0.142857142857143 1 0.142857142857143
5550 5 3 1 7 0.2 0.333333333333333 0.142857142857143
5560 12 2 2 12 0.166666666666667 1 0.166666666666667
5568 142 17 13 146 0.0915492957746479 0.764705882352941 0.089041095890411
557 6 3 3 6 0.5 1 0.5
5577 43 23 14 52 0.325581395348837 0.608695652173913 0.269230769230769
558 23 3 2 24 0.0869565217391304 0.666666666666667 0.0833333333333333
5580 340 31 27 344 0.0794117647058823 0.870967741935484 0.0784883720930233
559 44 137 27 154 0.613636363636364 0.197080291970803 0.175324675324675
5602 35 8 6 37 0.171428571428571 0.75 0.162162162162162
5603 82 1 1 82 0.0121951219512195 1 0.0121951219512195
5605 38 15 8 45 0.210526315789474 0.533333333333333 0.177777777777778
5607 1 1 1 1 1 1 1
5609 2 8 1 9 0.5 0.125 0.111111111111111
5610 24 2 2 24 0.0833333333333333 1 0.0833333333333333
5617 223 3 3 223 0.0134529147982063 1 0.0134529147982063
5639 5 1 0 6 0 0 0
5645 18 7 5 20 0.277777777777778 0.714285714285714 0.25
5661 5 1 1 5 0.2 1 0.2
567 11 2 2 11 0.181818181818182 1 0.181818181818182
5692 1 1 0 2 0 0 0
57 27 8 6 29 0.222222222222222 0.75 0.206896551724138
5707 4 1 1 4 0.25 1 0.25
5713 64 3 2 65 0.03125 0.666666666666667 0.0307692307692308
5726 13 1 1 13 0.0769230769230769 1 0.0769230769230769
5752 2 1 0 3 0 0 0
5764 8 1 1 8 0.125 1 0.125
577 134 1 1 134 0.00746268656716418 1 0.00746268656716418
5786 2 1 1 2 0.5 1 0.5
59 6 3 3 6 0.5 1 0.5
600 49 3 3 49 0.0612244897959184 1 0.0612244897959184
6057 7 5 5 7 0.714285714285714 1 0.714285714285714
6062 9 2 0 11 0 0 0
6066 1 2 1 2 1 0.5 0.5
6067 224 2 2 224 0.00892857142857143 1 0.00892857142857143
6083 29 17 13 33 0.448275862068966 0.764705882352941 0.393939393939394
6106 2 2 2 2 1 1 1
6122 10 1 1 10 0.1 1 0.1
6128 343 2 2 343 0.00583090379008746 1 0.00583090379008746
6147 3 9 1 11 0.333333333333333 0.111111111111111 0.0909090909090909
6181 52 3 3 52 0.0576923076923077 1 0.0576923076923077
6192 2 1 1 2 0.5 1 0.5
6245 2 1 0 3 0 0 0
6262 1 1 1 1 1 1 1
6263 4 1 1 4 0.25 1 0.25
6315 6 1 1 6 0.166666666666667 1 0.166666666666667
6325 42 1 1 42 0.0238095238095238 1 0.0238095238095238
6327 174 1 1 174 0.00574712643678161 1 0.00574712643678161
6337 3 1 0 4 0 0 0
6360 7 3 2 8 0.285714285714286 0.666666666666667 0.25
6366 4 2 2 4 0.5 1 0.5
6406 1 1 1 1 1 1 1
6431 1 1 1 1 1 1 1
6435 3 5 2 6 0.666666666666667 0.4 0.333333333333333
6453 550 124 114 560 0.207272727272727 0.919354838709677 0.203571428571429
6456 15 5 4 16 0.266666666666667 0.8 0.25
64876 1 2 0 3 0 0 0
64904 1 1 0 2 0 0 0
64963 1 1 0 2 0 0 0
65001 4 1 0 5 0 0 0
65068 1 1 0 2 0 0 0
65070 1 1 0 2 0 0 0
65071 2 2 1 3 0.5 0.5 0.333333333333333
65072 1 1 0 2 0 0 0
65075 2 1 0 3 0 0 0
65081 1 1 0 2 0 0 0
6509 24 9 8 25 0.333333333333333 0.888888888888889 0.32
65104 1 1 1 1 1 1 1
6536 16 2 1 17 0.0625 0.5 0.0588235294117647
65530 2 1 0 3 0 0 0
6619 25 7 5 27 0.2 0.714285714285714 0.185185185185185
6629 3 1 1 3 0.333333333333333 1 0.333333333333333
6648 56 7 6 57 0.107142857142857 0.857142857142857 0.105263157894737
6656 42 7 5 44 0.119047619047619 0.714285714285714 0.113636363636364
6660 2 2 2 2 1 1 1
6661 77 4 4 77 0.051948051948052 1 0.051948051948052
6667 514 154 149 519 0.28988326848249 0.967532467532468 0.287090558766859
6677 60 4 4 60 0.0666666666666667 1 0.0666666666666667
668 30 7 2 35 0.0666666666666667 0.285714285714286 0.0571428571428571
6690 30 2 2 30 0.0666666666666667 1 0.0666666666666667
6695 177 102 62 217 0.350282485875706 0.607843137254902 0.285714285714286
6706 8 3 3 8 0.375 1 0.375
6716 2 1 1 2 0.5 1 0.5
6724 33 19 15 37 0.454545454545455 0.789473684210526 0.405405405405405
6730 588 9 6 591 0.0102040816326531 0.666666666666667 0.0101522842639594
6734 15 3 3 15 0.2 1 0.2
6760 11 3 2 12 0.181818181818182 0.666666666666667 0.166666666666667
6762 202 77 69 210 0.341584158415842 0.896103896103896 0.328571428571429
6770 38 14 6 46 0.157894736842105 0.428571428571429 0.130434782608696
6772 22 7 5 24 0.227272727272727 0.714285714285714 0.208333333333333
6774 73 13 11 75 0.150684931506849 0.846153846153846 0.146666666666667
6775 8 5 4 9 0.5 0.8 0.444444444444444
6799 22 2 1 23 0.0454545454545455 0.5 0.0434782608695652
680 63 21 18 66 0.285714285714286 0.857142857142857 0.272727272727273
6802 7 2 2 7 0.285714285714286 1 0.285714285714286
681 2 1 1 2 0.5 1 0.5
683 2 1 1 2 0.5 1 0.5
6830 374 28 19 383 0.0508021390374332 0.678571428571429 0.0496083550913838
6855 18 2 2 18 0.111111111111111 1 0.111111111111111
6856 3 1 1 3 0.333333333333333 1 0.333333333333333
6881 93 37 36 94 0.387096774193548 0.972972972972973 0.382978723404255
6893 2 1 1 2 0.5 1 0.5
6894 43 5 4 44 0.0930232558139535 0.8 0.0909090909090909
6908 106 20 16 110 0.150943396226415 0.8 0.145454545454545
6911 20 2 2 20 0.1 1 0.1
6939 1405 795 538 1662 0.382918149466192 0.676729559748428 0.323706377858002
6966 3 1 1 3 0.333333333333333 1 0.333333333333333
6968 3 1 1 3 0.333333333333333 1 0.333333333333333
701 2036 31 23 2044 0.0112966601178782 0.741935483870968 0.011252446183953
7012 18 4 3 19 0.166666666666667 0.75 0.157894736842105
7018 2337 24 22 2339 0.0094137783483098 0.916666666666667 0.00940572894399316
7019 1 1 1 1 1 1 1
7055 3 2 2 3 0.666666666666667 1 0.666666666666667
7065 19 2 1 20 0.0526315789473684 0.5 0.05
7066 18 2 2 18 0.111111111111111 1 0.111111111111111
7078 2 2 2 2 1 1 1
7081 71 8 7 72 0.0985915492957746 0.875 0.0972222222222222
71 13 2 1 14 0.0769230769230769 0.5 0.0714285714285714
7106 9 1 0 10 0 0 0
714 12 2 2 12 0.166666666666667 1 0.166666666666667
719 26 3 3 26 0.115384615384615 1 0.115384615384615
7195 1 1 0 2 0 0 0
72 10 1 0 11 0 0 0
7303 77 2 2 77 0.025974025974026 1 0.025974025974026
7377 3 1 1 3 0.333333333333333 1 0.333333333333333
7385 188 9 7 190 0.0372340425531915 0.777777777777778 0.0368421052631579
7393 5 1 1 5 0.2 1 0.2
7412 1 1 0 2 0 0 0
7469 3 1 1 3 0.333333333333333 1 0.333333333333333
7470 38 1 1 38 0.0263157894736842 1 0.0263157894736842
7473 151 27 23 155 0.152317880794702 0.851851851851852 0.148387096774194
7477 1 1 1 1 1 1 1
7491 8 1 0 9 0 0 0
7500 55 10 10 55 0.181818181818182 1 0.181818181818182
7503 4 3 1 6 0.25 0.333333333333333 0.166666666666667
7511 4 1 0 5 0 0 0
7514 16 5 4 17 0.25 0.8 0.235294117647059
7516 5 1 0 6 0 0 0
7521 6 1 1 6 0.166666666666667 1 0.166666666666667
7522 6 4 1 9 0.166666666666667 0.25 0.111111111111111
7527 6 1 1 6 0.166666666666667 1 0.166666666666667
7529 20 3 2 21 0.1 0.666666666666667 0.0952380952380952
7530 2 2 1 3 0.5 0.5 0.333333333333333
7539 25 11 8 28 0.32 0.727272727272727 0.285714285714286
7543 17 1 1 17 0.0588235294117647 1 0.0588235294117647
7545 19 2 2 19 0.105263157894737 1 0.105263157894737
7552 20 4 2 22 0.1 0.5 0.0909090909090909
7568 8 3 3 8 0.375 1 0.375
7573 1 1 1 1 1 1 1
7575 248 62 60 250 0.241935483870968 0.967741935483871 0.24
7587 1 2 1 2 1 0.5 0.5
7594 5 4 2 7 0.4 0.5 0.285714285714286
7598 5 1 1 5 0.2 1 0.2
7599 1 1 0 2 0 0 0
760 3 2 2 3 0.666666666666667 1 0.666666666666667
7602 9 1 1 9 0.111111111111111 1 0.111111111111111
7606 52 4 4 52 0.0769230769230769 1 0.0769230769230769
7610 20 1 0 21 0 0 0
7615 4 2 2 4 0.5 1 0.5
7617 6 3 2 7 0.333333333333333 0.666666666666667 0.285714285714286
7629 2 1 0 3 0 0 0
7642 3 1 1 3 0.333333333333333 1 0.333333333333333
7651 3 1 1 3 0.333333333333333 1 0.333333333333333
7657 10 1 1 10 0.1 1 0.1
766 18 6 5 19 0.277777777777778 0.833333333333333 0.263157894736842
7660 42 25 21 46 0.5 0.84 0.456521739130435
7665 1 1 1 1 1 1 1
7667 4 2 1 5 0.25 0.5 0.2
7668 11 2 1 12 0.0909090909090909 0.5 0.0833333333333333
7670 21 4 2 23 0.0952380952380952 0.5 0.0869565217391304
7671 3 1 1 3 0.333333333333333 1 0.333333333333333
7682 11 5 3 13 0.272727272727273 0.6 0.230769230769231
7687 4 1 1 4 0.25 1 0.25
7693 27 2 2 27 0.0740740740740741 1 0.0740740740740741
7718 14 2 2 14 0.142857142857143 1 0.142857142857143
7752 8 4 3 9 0.375 0.75 0.333333333333333
7753 6 1 1 6 0.166666666666667 1 0.166666666666667
7774 4 1 1 4 0.25 1 0.25
7781 7 8 4 11 0.571428571428571 0.5 0.363636363636364
7784 37 4 4 37 0.108108108108108 1 0.108108108108108
7786 9 3 2 10 0.222222222222222 0.666666666666667 0.2
7843 50 4 3 51 0.06 0.75 0.0588235294117647
7847 2 1 1 2 0.5 1 0.5
7850 12 2 2 12 0.166666666666667 1 0.166666666666667
786 63 13 10 66 0.158730158730159 0.769230769230769 0.151515151515152
7860 1 1 1 1 1 1 1
7871 2 1 0 3 0 0 0
790 1 1 0 2 0 0 0
7908 34 5 3 36 0.0882352941176471 0.6 0.0833333333333333
7922 92 16 16 92 0.173913043478261 1 0.173913043478261
7941 3 1 1 3 0.333333333333333 1 0.333333333333333
7949 11 2 0 13 0 0 0
7992 22 4 4 22 0.181818181818182 1 0.181818181818182
8001 346 13 13 346 0.0375722543352601 1 0.0375722543352601
8002 53 4 3 54 0.0566037735849057 0.75 0.0555555555555556
8015 8 2 1 9 0.125 0.5 0.111111111111111
8018 3 1 0 4 0 0 0
8025 6 1 0 7 0 0 0
803 20 1 1 20 0.05 1 0.05
8038 1 2 1 2 1 0.5 0.5
8047 25 6 6 25 0.24 1 0.24
8057 9 1 0 10 0 0 0
8069 21 4 3 22 0.142857142857143 0.75 0.136363636363636
8075 77 57 21 113 0.272727272727273 0.368421052631579 0.185840707964602
8092 13 7 6 14 0.461538461538462 0.857142857142857 0.428571428571429
81 31 2 1 32 0.032258064516129 0.5 0.03125
8111 5 2 2 5 0.4 1 0.4
812 124 1 1 124 0.00806451612903226 1 0.00806451612903226
8121 73 15 12 76 0.164383561643836 0.8 0.157894736842105
8134 2 1 1 2 0.5 1 0.5
8158 2 1 1 2 0.5 1 0.5
8190 66 1 1 66 0.0151515151515152 1 0.0151515151515152
8218 307 36 33 310 0.107491856677524 0.916666666666667 0.106451612903226
8220 548 12 9 551 0.0164233576642336 0.75 0.0163339382940109
8224 12 6 5 13 0.416666666666667 0.833333333333333 0.384615384615385
8226 4 4 1 7 0.25 0.25 0.142857142857143
8237 11 5 3 13 0.272727272727273 0.6 0.230769230769231
8240 3 1 0 4 0 0 0
8246 219 3 0 222 0 0 0
8251 10 8 5 13 0.5 0.625 0.384615384615385
8256 2 1 1 2 0.5 1 0.5
8262 59 14 9 64 0.152542372881356 0.642857142857143 0.140625
8267 2 1 1 2 0.5 1 0.5
8280 7 1 1 7 0.142857142857143 1 0.142857142857143
8282 11 2 2 11 0.181818181818182 1 0.181818181818182
8283 6 4 3 7 0.5 0.75 0.428571428571429
8286 2 1 0 3 0 0 0
8299 11 1 0 12 0 0 0
8308 58 3 3 58 0.0517241379310345 1 0.0517241379310345
8312 14 1 1 14 0.0714285714285714 1 0.0714285714285714
8319 32 14 12 34 0.375 0.857142857142857 0.352941176470588
8330 12 2 2 12 0.166666666666667 1 0.166666666666667
8331 277 1 1 277 0.0036101083032491 1 0.0036101083032491
8343 13 1 1 13 0.0769230769230769 1 0.0769230769230769
8346 6 2 2 6 0.333333333333333 1 0.333333333333333
8358 16 1 1 16 0.0625 1 0.0625
8359 816 46 36 826 0.0441176470588235 0.782608695652174 0.0435835351089588
8364 13 1 1 13 0.0769230769230769 1 0.0769230769230769
8365 54 115 30 139 0.555555555555556 0.260869565217391 0.215827338129496
8368 34 17 10 41 0.294117647058824 0.588235294117647 0.24390243902439
8374 9 4 4 9 0.444444444444444 1 0.444444444444444
8386 5 1 0 6 0 0 0
8387 17 5 4 18 0.235294117647059 0.8 0.222222222222222
8391 21 15 8 28 0.380952380952381 0.533333333333333 0.285714285714286
8396 1 1 0 2 0 0 0
8402 74 3 2 75 0.027027027027027 0.666666666666667 0.0266666666666667
8412 19 4 3 20 0.157894736842105 0.75 0.15
8419 290 2 2 290 0.00689655172413793 1 0.00689655172413793
8422 96 19 12 103 0.125 0.631578947368421 0.116504854368932
8426 509 23 21 511 0.0412573673870334 0.91304347826087 0.0410958904109589
8437 56 5 5 56 0.0892857142857143 1 0.0892857142857143
8442 22 19 10 31 0.454545454545455 0.526315789473684 0.32258064516129
8447 624 115 94 645 0.150641025641026 0.817391304347826 0.145736434108527
8452 40 3 3 40 0.075 1 0.075
8455 21 9 6 24 0.285714285714286 0.666666666666667 0.25
8462 4 2 2 4 0.5 1 0.5
8468 681 16 14 683 0.0205580029368576 0.875 0.020497803806735
8469 29 17 13 33 0.448275862068966 0.764705882352941 0.393939393939394
8473 97 17 11 103 0.11340206185567 0.647058823529412 0.106796116504854
8481 2 2 2 2 1 1 1
8487 17 1 1 17 0.0588235294117647 1 0.0588235294117647
8492 794 3 3 794 0.00377833753148615 1 0.00377833753148615
8495 25 5 5 25 0.2 1 0.2
8501 36 13 13 36 0.361111111111111 1 0.361111111111111
8508 2 1 1 2 0.5 1 0.5
8517 18 3 2 19 0.111111111111111 0.666666666666667 0.105263157894737
8518 5 1 1 5 0.2 1 0.2
852 167 1 1 167 0.00598802395209581 1 0.00598802395209581
8522 4 3 3 4 0.75 1 0.75
8527 23 4 4 23 0.173913043478261 1 0.173913043478261
8529 8 1 1 8 0.125 1 0.125
8535 4 3 2 5 0.5 0.666666666666667 0.4
8545 4 16 1 19 0.25 0.0625 0.0526315789473684
855 38 1 1 38 0.0263157894736842 1 0.0263157894736842
8551 250 14 11 253 0.044 0.785714285714286 0.0434782608695652
8554 11 4 4 11 0.363636363636364 1 0.363636363636364
8560 74 29 20 83 0.27027027027027 0.689655172413793 0.240963855421687
8565 15 5 3 17 0.2 0.6 0.176470588235294
8567 2 1 1 2 0.5 1 0.5
8582 43 20 14 49 0.325581395348837 0.7 0.285714285714286
8586 57 11 8 60 0.140350877192982 0.727272727272727 0.133333333333333
8587 20 11 7 24 0.35 0.636363636363636 0.291666666666667
8591 56 14 11 59 0.196428571428571 0.785714285714286 0.186440677966102
8596 175 10 10 175 0.0571428571428571 1 0.0571428571428571
8607 43 7 6 44 0.13953488372093 0.857142857142857 0.136363636363636
8624 2 1 1 2 0.5 1 0.5
8648 30 16 7 39 0.233333333333333 0.4375 0.179487179487179
8657 95 15 12 98 0.126315789473684 0.8 0.122448979591837
8664 13 5 4 14 0.307692307692308 0.8 0.285714285714286
8674 53 8 7 54 0.132075471698113 0.875 0.12962962962963
8676 6 3 3 6 0.5 1 0.5
8677 9 1 1 9 0.111111111111111 1 0.111111111111111
8681 43 5 2 46 0.0465116279069767 0.4 0.0434782608695652
8683 30 1 1 30 0.0333333333333333 1 0.0333333333333333
8697 17 1 1 17 0.0588235294117647 1 0.0588235294117647
8717 111 16 12 115 0.108108108108108 0.75 0.104347826086957
8728 2 1 1 2 0.5 1 0.5
8737 30 6 5 31 0.166666666666667 0.833333333333333 0.161290322580645
8758 15 8 7 16 0.466666666666667 0.875 0.4375
8763 177 67 63 181 0.355932203389831 0.940298507462687 0.348066298342541
8767 70 27 21 76 0.3 0.777777777777778 0.276315789473684
8771 8 1 0 9 0 0 0
8778 9 2 2 9 0.222222222222222 1 0.222222222222222
8781 58 18 14 62 0.241379310344828 0.777777777777778 0.225806451612903
8784 9 1 0 10 0 0 0
8804 40 14 10 44 0.25 0.714285714285714 0.227272727272727
8808 1 1 1 1 1 1 1
8816 17 1 1 17 0.0588235294117647 1 0.0588235294117647
8820 9 4 3 10 0.333333333333333 0.75 0.3
8823 6 1 1 6 0.166666666666667 1 0.166666666666667
8832 1 1 1 1 1 1 1
8844 37 1 1 37 0.027027027027027 1 0.027027027027027
8866 112 14 10 116 0.0892857142857143 0.714285714285714 0.0862068965517241
8878 4 3 3 4 0.75 1 0.75
8879 23 13 6 30 0.260869565217391 0.461538461538462 0.2
8881 179 32 27 184 0.150837988826816 0.84375 0.146739130434783
8890 2 1 1 2 0.5 1 0.5
8895 11 3 3 11 0.272727272727273 1 0.272727272727273
8897 64 16 11 69 0.171875 0.6875 0.159420289855072
8903 12 3 1 14 0.0833333333333333 0.333333333333333 0.0714285714285714
8915 3 1 1 3 0.333333333333333 1 0.333333333333333
8916 2 2 2 2 1 1 1
8928 647 32 31 648 0.0479134466769706 0.96875 0.0478395061728395
8934 3 1 1 3 0.333333333333333 1 0.333333333333333
8943 19 5 5 19 0.263157894736842 1 0.263157894736842
8953 22 2 0 24 0 0 0
8954 39 15 10 44 0.256410256410256 0.666666666666667 0.227272727272727
8966 101 1 1 101 0.0099009900990099 1 0.0099009900990099
8970 2 1 1 2 0.5 1 0.5
8978 4 2 2 4 0.5 1 0.5
9 5 1 1 5 0.2 1 0.2
9002 1529 477 456 1550 0.298234139960759 0.955974842767296 0.294193548387097
9008 6 3 3 6 0.5 1 0.5
9009 96 20 14 102 0.145833333333333 0.7 0.137254901960784
9022 2 1 0 3 0 0 0
9026 13 6 5 14 0.384615384615385 0.833333333333333 0.357142857142857
9031 75 14 12 77 0.16 0.857142857142857 0.155844155844156
9044 57 20 14 63 0.245614035087719 0.7 0.222222222222222
9063 47 18 13 52 0.276595744680851 0.722222222222222 0.25
9070 101 14 8 107 0.0792079207920792 0.571428571428571 0.0747663551401869
9080 7 7 4 10 0.571428571428571 0.571428571428571 0.4
9085 9 1 1 9 0.111111111111111 1 0.111111111111111
9112 10 1 1 10 0.1 1 0.1
9119 90 13 9 94 0.1 0.692307692307692 0.0957446808510638
9121 236 2 2 236 0.00847457627118644 1 0.00847457627118644
9129 4 2 1 5 0.25 0.5 0.2
9145 79 15 9 85 0.113924050632911 0.6 0.105882352941176
9150 29 12 7 34 0.241379310344828 0.583333333333333 0.205882352941176
9153 43 6 6 43 0.13953488372093 1 0.13953488372093
9162 1 1 1 1 1 1 1
9167 21 1 1 21 0.0476190476190476 1 0.0476190476190476
9188 3 2 1 4 0.333333333333333 0.5 0.25
9191 55 7 5 57 0.0909090909090909 0.714285714285714 0.087719298245614
9211 41 15 10 46 0.24390243902439 0.666666666666667 0.217391304347826
9231 2 2 1 3 0.5 0.5 0.333333333333333
9264 32 19 8 43 0.25 0.421052631578947 0.186046511627907
9268 13 3 2 14 0.153846153846154 0.666666666666667 0.142857142857143
9270 26 5 3 28 0.115384615384615 0.6 0.107142857142857
9293 23 1 1 23 0.0434782608695652 1 0.0434782608695652
9299 54 1 1 54 0.0185185185185185 1 0.0185185185185185
9304 201 9 8 202 0.0398009950248756 0.888888888888889 0.0396039603960396
9329 13 2 2 13 0.153846153846154 1 0.153846153846154
9340 2 2 0 4 0 0 0
9354 14 1 1 14 0.0714285714285714 1 0.0714285714285714
9365 7 2 1 8 0.142857142857143 0.5 0.125
9367 3 1 1 3 0.333333333333333 1 0.333333333333333
9406 2 1 0 3 0 0 0
9431 2 2 2 2 1 1 1
9433 3 3 1 5 0.333333333333333 0.333333333333333 0.2
9445 1 1 1 1 1 1 1
9476 7 2 1 8 0.142857142857143 0.5 0.125
9482 24 4 4 24 0.166666666666667 1 0.166666666666667
9498 238 3 3 238 0.0126050420168067 1 0.0126050420168067
9503 32 8 6 34 0.1875 0.75 0.176470588235294
9505 120 11 8 123 0.0666666666666667 0.727272727272727 0.0650406504065041
9534 13 2 2 13 0.153846153846154 1 0.153846153846154
9541 5 1 0 6 0 0 0
9549 2 1 1 2 0.5 1 0.5
9555 2 1 0 3 0 0 0
9583 34 3 3 34 0.0882352941176471 1 0.0882352941176471
9584 10 2 1 11 0.1 0.5 0.0909090909090909
9595 6 4 3 7 0.5 0.75 0.428571428571429
9600 5 3 3 5 0.6 1 0.6
9601 10 1 1 10 0.1 1 0.1
9607 6 5 2 9 0.333333333333333 0.4 0.222222222222222
9619 2 2 2 2 1 1 1
9621 3 1 1 3 0.333333333333333 1 0.333333333333333
9622 7 4 2 9 0.285714285714286 0.5 0.222222222222222
9680 29 5 4 30 0.137931034482759 0.8 0.133333333333333
9700 7 2 1 8 0.142857142857143 0.5 0.125
9722 32 8 8 32 0.25 1 0.25
9729 17 1 1 17 0.0588235294117647 1 0.0588235294117647
9732 3 2 1 4 0.333333333333333 0.5 0.25
9738 8 1 0 9 0 0 0
9794 6 1 1 6 0.166666666666667 1 0.166666666666667
9800 1 2 0 3 0 0 0
9821 7 4 4 7 0.571428571428571 1 0.571428571428571
9829 15 2 2 15 0.133333333333333 1 0.133333333333333
9896 2 1 1 2 0.5 1 0.5
9901 27 6 3 30 0.111111111111111 0.5 0.1
9911 22 1 1 22 0.0454545454545455 1 0.0454545454545455
9919 15 1 0 16 0 0 0
9924 57 1 0 58 0 0 0
9930 13 1 1 13 0.0769230769230769 1 0.0769230769230769
9937 1 1 0 2 0 0 0
9942 33 1 1 33 0.0303030303030303 1 0.0303030303030303
9999 2 1 0 3 0 0 0
