#ASN num_v4adj num_v6adj num_intersect(v4v6adj) num_union(adj) fr_v4(num_intersect/num_v4adj) fr_v6(num_intersect/num_v6adj) fr_intersect(num_intersect/num_union)
10013 2 1 1 2 0.5 1 0.5
10015 10 1 0 11 0 0 0
101 33 9 7 35 0.212121212121212 0.777777777777778 0.2
10148 1 2 1 2 1 0.5 0.5
102 3 1 1 3 0.333333333333333 1 0.333333333333333
10204 4 5 1 8 0.25 0.2 0.125
10217 27 1 1 27 0.037037037037037 1 0.037037037037037
10318 4 1 0 5 0 0 0
10343 2 1 1 2 0.5 1 0.5
10405 2 1 0 3 0 0 0
10429 74 1 1 74 0.0135135135135135 1 0.0135135135135135
10466 29 3 3 29 0.103448275862069 1 0.103448275862069
10490 33 3 3 33 0.0909090909090909 1 0.0909090909090909
10533 1 1 1 1 1 1 1
10569 1 1 1 1 1 1 1
10578 26 3 3 26 0.115384615384615 1 0.115384615384615
10745 2 8 0 10 0 0 0
10778 7 1 1 7 0.142857142857143 1 0.142857142857143
10886 40 20 9 51 0.225 0.45 0.176470588235294
109 17 4 0 21 0 0 0
1101 1 1 1 1 1 1 1
1103 187 58 54 191 0.288770053475936 0.931034482758621 0.282722513089005
111 2 2 1 3 0.5 0.5 0.333333333333333
11170 2 2 0 4 0 0 0
1120 13 1 1 13 0.0769230769230769 1 0.0769230769230769
1126 38 10 6 42 0.157894736842105 0.6 0.142857142857143
11274 10 3 3 10 0.3 1 0.3
11279 2 1 1 2 0.5 1 0.5
11317 6 4 4 6 0.666666666666667 1 0.666666666666667
11340 7 1 1 7 0.142857142857143 1 0.142857142857143
1140 29 6 4 31 0.137931034482759 0.666666666666667 0.129032258064516
11404 33 3 3 33 0.0909090909090909 1 0.0909090909090909
11508 4 1 1 4 0.25 1 0.25
11537 119 49 38 130 0.319327731092437 0.775510204081633 0.292307692307692
11656 1 1 0 2 0 0 0
11666 6 3 0 9 0 0 0
11694 2 1 1 2 0.5 1 0.5
11734 4 1 0 5 0 0 0
11815 3 1 0 4 0 0 0
11960 5 2 2 5 0.4 1 0.4
1200 44 15 10 49 0.227272727272727 0.666666666666667 0.204081632653061
12008 32 1 1 32 0.03125 1 0.03125
12041 38 16 10 44 0.263157894736842 0.625 0.227272727272727
12046 2 1 1 2 0.5 1 0.5
12111 26 3 2 27 0.0769230769230769 0.666666666666667 0.0740740740740741
1213 7 3 3 7 0.428571428571429 1 0.428571428571429
1221 114 2 0 116 0 0 0
12287 2 1 1 2 0.5 1 0.5
12301 66 1 1 66 0.0151515151515152 1 0.0151515151515152
12312 52 14 11 55 0.211538461538462 0.785714285714286 0.2
12322 74 4 4 74 0.0540540540540541 1 0.0540540540540541
12329 6 1 1 6 0.166666666666667 1 0.166666666666667
12335 3 1 1 3 0.333333333333333 1 0.333333333333333
12337 42 49 21 70 0.5 0.428571428571429 0.3
12353 5 2 1 6 0.2 0.5 0.166666666666667
12355 34 16 13 37 0.382352941176471 0.8125 0.351351351351351
1237 36 4 2 38 0.0555555555555556 0.5 0.0526315789473684
12371 2 1 0 3 0 0 0
12386 15 3 3 15 0.2 1 0.2
1239 1693 3 0 1696 0 0 0
12399 276 1 1 276 0.0036231884057971 1 0.0036231884057971
12401 13 2 2 13 0.153846153846154 1 0.153846153846154
12414 38 14 11 41 0.289473684210526 0.785714285714286 0.268292682926829
12502 3 1 0 4 0 0 0
12533 2 1 0 3 0 0 0
12566 46 3 3 46 0.0652173913043478 1 0.0652173913043478
1257 150 12 7 155 0.0466666666666667 0.583333333333333 0.0451612903225806
12573 38 9 9 38 0.236842105263158 1 0.236842105263158
12600 17 1 0 18 0 0 0
12611 41 22 14 49 0.341463414634146 0.636363636363636 0.285714285714286
12634 35 16 10 41 0.285714285714286 0.625 0.24390243902439
12637 66 20 17 69 0.257575757575758 0.85 0.246376811594203
12638 2 3 0 5 0 0 0
12654 58 20 12 66 0.206896551724138 0.6 0.181818181818182
12657 3 1 1 3 0.333333333333333 1 0.333333333333333
12684 3 1 0 4 0 0 0
12709 2 1 0 3 0 0 0
1273 279 71 44 306 0.157706093189964 0.619718309859155 0.143790849673203
12731 76 22 14 84 0.184210526315789 0.636363636363636 0.166666666666667
12732 18 3 1 20 0.0555555555555556 0.333333333333333 0.05
12741 142 1 0 143 0 0 0
12757 3 1 1 3 0.333333333333333 1 0.333333333333333
12767 9 2 1 10 0.111111111111111 0.5 0.1
12769 4 1 1 4 0.25 1 0.25
12779 74 23 13 84 0.175675675675676 0.565217391304348 0.154761904761905
1280 100 33 22 111 0.22 0.666666666666667 0.198198198198198
12816 1 1 1 1 1 1 1
12817 2 2 2 2 1 1 1
12850 16 4 4 16 0.25 1 0.25
12853 2 3 1 4 0.5 0.333333333333333 0.25
12859 484 118 111 491 0.229338842975207 0.940677966101695 0.226069246435845
12871 35 13 7 41 0.2 0.538461538461538 0.170731707317073
12874 142 2 2 142 0.0140845070422535 1 0.0140845070422535
12895 7 1 1 7 0.142857142857143 1 0.142857142857143
12902 43 11 7 47 0.162790697674419 0.636363636363636 0.148936170212766
12931 4 3 2 5 0.5 0.666666666666667 0.4
12956 123 9 8 124 0.0650406504065041 0.888888888888889 0.0645161290322581
12968 127 1 1 127 0.0078740157480315 1 0.0078740157480315
12989 524 19 16 527 0.0305343511450382 0.842105263157895 0.0303605313092979
1299 541 36 34 543 0.0628465804066543 0.944444444444444 0.0626151012891344
13030 140 85 35 190 0.25 0.411764705882353 0.184210526315789
13039 5 1 1 5 0.2 1 0.2
13041 7 2 2 7 0.285714285714286 1 0.285714285714286
13049 25 1 1 25 0.04 1 0.04
13092 5 2 2 5 0.4 1 0.4
13105 13 6 2 17 0.153846153846154 0.333333333333333 0.117647058823529
131075 1 2 1 2 1 0.5 0.5
13110 6 1 1 6 0.166666666666667 1 0.166666666666667
13115 4 1 1 4 0.25 1 0.25
1312 2 1 1 2 0.5 1 0.5
13132 20 14 10 24 0.5 0.714285714285714 0.416666666666667
13184 38 14 6 46 0.157894736842105 0.428571428571429 0.130434782608696
13189 31 7 7 31 0.225806451612903 1 0.225806451612903
13193 47 11 10 48 0.212765957446809 0.909090909090909 0.208333333333333
13237 503 83 69 517 0.137176938369781 0.831325301204819 0.133462282398453
13272 1 2 1 2 1 0.5 0.5
13284 10 5 3 12 0.3 0.6 0.25
13293 23 2 2 23 0.0869565217391304 1 0.0869565217391304
13301 33 2 2 33 0.0606060606060606 1 0.0606060606060606
13319 4 1 0 5 0 0 0
13332 7 1 1 7 0.142857142857143 1 0.142857142857143
13448 5 2 1 6 0.2 0.5 0.166666666666667
13645 189 16 10 195 0.0529100529100529 0.625 0.0512820512820513
13680 43 10 8 45 0.186046511627907 0.8 0.177777777777778
137 20 7 7 20 0.35 1 0.35
13714 2 1 1 2 0.5 1 0.5
13810 2 2 1 3 0.5 0.5 0.333333333333333
13855 5 1 0 6 0 0 0
13910 5 1 0 6 0 0 0
13911 4 1 0 5 0 0 0
14037 1 1 1 1 1 1 1
14085 5 2 2 5 0.4 1 0.4
14259 26 2 1 27 0.0384615384615385 0.5 0.037037037037037
14262 4 2 2 4 0.5 1 0.5
14277 8 9 3 14 0.375 0.333333333333333 0.214285714285714
14589 20 3 2 21 0.1 0.666666666666667 0.0952380952380952
14595 3 1 0 4 0 0 0
14868 5 1 1 5 0.2 1 0.2
14907 3 2 1 4 0.333333333333333 0.5 0.25
15169 112 21 12 121 0.107142857142857 0.571428571428571 0.0991735537190083
15226 3 2 0 5 0 0 0
15373 2 1 1 2 0.5 1 0.5
15412 471 10 9 472 0.0191082802547771 0.9 0.0190677966101695
15440 4 1 1 4 0.25 1 0.25
15444 277 21 13 285 0.0469314079422383 0.619047619047619 0.0456140350877193
15456 2 3 1 4 0.5 0.333333333333333 0.25
15469 1 1 0 2 0 0 0
15480 1 1 1 1 1 1 1
15557 115 1 1 115 0.00869565217391304 1 0.00869565217391304
15589 33 14 4 43 0.121212121212121 0.285714285714286 0.0930232558139535
15598 63 27 20 70 0.317460317460317 0.740740740740741 0.285714285714286
15623 33 4 2 35 0.0606060606060606 0.5 0.0571428571428571
15685 25 9 8 26 0.32 0.888888888888889 0.307692307692308
15694 59 1 1 59 0.0169491525423729 1 0.0169491525423729
15725 2 2 2 2 1 1 1
15782 15 4 3 16 0.2 0.75 0.1875
15798 2 1 0 3 0 0 0
15919 9 1 1 9 0.111111111111111 1 0.111111111111111
16004 16 5 4 17 0.25 0.8 0.235294117647059
16030 58 14 9 63 0.155172413793103 0.642857142857143 0.142857142857143
16034 25 7 3 29 0.12 0.428571428571429 0.103448275862069
16086 30 20 8 42 0.266666666666667 0.4 0.19047619047619
16117 3 1 1 3 0.333333333333333 1 0.333333333333333
16128 17 3 2 18 0.117647058823529 0.666666666666667 0.111111111111111
16131 44 17 10 51 0.227272727272727 0.588235294117647 0.196078431372549
16150 115 9 7 117 0.0608695652173913 0.777777777777778 0.0598290598290598
16186 42 1 1 42 0.0238095238095238 1 0.0238095238095238
16206 13 1 0 14 0 0 0
16210 3 3 2 4 0.666666666666667 0.666666666666667 0.5
16215 14 3 3 14 0.214285714285714 1 0.214285714285714
16237 30 5 2 33 0.0666666666666667 0.4 0.0606060606060606
16242 6 1 1 6 0.166666666666667 1 0.166666666666667
16243 59 1 1 59 0.0169491525423729 1 0.0169491525423729
16245 25 3 2 26 0.08 0.666666666666667 0.0769230769230769
16246 6 3 3 6 0.5 1 0.5
16265 89 40 15 114 0.168539325842697 0.375 0.131578947368421
16276 60 2 2 60 0.0333333333333333 1 0.0333333333333333
16316 5 2 1 6 0.2 0.5 0.166666666666667
1653 28 5 4 29 0.142857142857143 0.8 0.137931034482759
16531 7 1 0 8 0 0 0
1659 11 3 2 12 0.181818181818182 0.666666666666667 0.166666666666667
16668 6 4 2 8 0.333333333333333 0.5 0.25
16713 29 1 1 29 0.0344827586206897 1 0.0344827586206897
16724 5 1 1 5 0.2 1 0.2
16807 4 2 0 6 0 0 0
16838 11 1 0 12 0 0 0
16942 2 1 1 2 0.5 1 0.5
16993 3 1 0 4 0 0 0
1706 4 1 0 5 0 0 0
17061 2 1 0 3 0 0 0
17263 9 1 0 10 0 0 0
1741 11 4 3 12 0.272727272727273 0.75 0.25
17435 3 2 0 5 0 0 0
17511 12 1 0 13 0 0 0
17529 7 1 1 7 0.142857142857143 1 0.142857142857143
17554 8 3 3 8 0.375 1 0.375
17579 15 10 9 16 0.6 0.9 0.5625
1764 36 8 6 38 0.166666666666667 0.75 0.157894736842105
17676 36 2 2 36 0.0555555555555556 1 0.0555555555555556
17709 11 1 0 12 0 0 0
17716 3 1 1 3 0.333333333333333 1 0.333333333333333
17741 3 2 1 4 0.333333333333333 0.5 0.25
17832 1 9 1 9 1 0.111111111111111 0.111111111111111
17884 3 1 0 4 0 0 0
17934 2 2 2 2 1 1 1
17955 3 2 1 4 0.333333333333333 0.5 0.25
1797 2 3 2 3 1 0.666666666666667 0.666666666666667
1798 3 3 0 6 0 0 0
18011 1 1 0 2 0 0 0
18084 1 29 0 30 0 0 0
18119 3 1 0 4 0 0 0
18126 3 1 0 4 0 0 0
18146 3 3 0 6 0 0 0
18149 4 1 1 4 0.25 1 0.25
18182 3 1 0 4 0 0 0
18185 5 2 2 5 0.4 1 0.4
18203 3 2 0 5 0 0 0
18206 3 2 0 5 0 0 0
18266 3 1 1 3 0.333333333333333 1 0.333333333333333
18344 1 3 0 4 0 0 0
1835 7 2 2 7 0.285714285714286 1 0.285714285714286
1836 57 7 6 58 0.105263157894737 0.857142857142857 0.103448275862069
18366 2 2 1 3 0.5 0.5 0.333333333333333
18422 5 1 1 5 0.2 1 0.2
18508 4 3 2 5 0.5 0.666666666666667 0.4
1853 111 21 20 112 0.18018018018018 0.952380952380952 0.178571428571429
18592 24 11 7 28 0.291666666666667 0.636363636363636 0.25
18666 2 2 0 4 0 0 0
18750 2 1 1 2 0.5 1 0.5
18779 2 1 1 2 0.5 1 0.5
1880 13 4 3 14 0.230769230769231 0.75 0.214285714285714
1881 2 1 1 2 0.5 1 0.5
1887 5 1 1 5 0.2 1 0.2
18984 1 1 0 2 0 0 0
1901 43 1 1 43 0.0232558139534884 1 0.0232558139534884
19021 1 1 0 2 0 0 0
19151 760 132 127 765 0.167105263157895 0.962121212121212 0.166013071895425
1916 86 10 8 88 0.0930232558139535 0.8 0.0909090909090909
19192 3 1 1 3 0.333333333333333 1 0.333333333333333
19255 8 8 6 10 0.75 0.75 0.6
1930 21 6 5 22 0.238095238095238 0.833333333333333 0.227272727272727
19318 40 3 2 41 0.05 0.666666666666667 0.0487804878048781
19401 45 15 15 45 0.333333333333333 1 0.333333333333333
195 8 3 1 10 0.125 0.333333333333333 0.1
1955 11 3 3 11 0.272727272727273 1 0.272727272727273
196621 2 1 1 2 0.5 1 0.5
19782 18 2 2 18 0.111111111111111 1 0.111111111111111
19783 2 1 0 3 0 0 0
20080 18 5 5 18 0.277777777777778 1 0.277777777777778
20144 31 4 4 31 0.129032258064516 1 0.129032258064516
2018 4 1 1 4 0.25 1 0.25
20312 10 3 2 11 0.2 0.666666666666667 0.181818181818182
2042 18 4 2 20 0.111111111111111 0.5 0.1
20436 2 1 0 3 0 0 0
20473 27 5 3 29 0.111111111111111 0.6 0.103448275862069
20495 56 11 8 59 0.142857142857143 0.727272727272727 0.135593220338983
20569 11 4 4 11 0.363636363636364 1 0.363636363636364
20597 2 2 2 2 1 1 1
20612 2 1 1 2 0.5 1 0.5
20621 2 1 1 2 0.5 1 0.5
20633 22 15 8 29 0.363636363636364 0.533333333333333 0.275862068965517
20640 235 72 62 245 0.263829787234043 0.861111111111111 0.253061224489796
20650 5 1 1 5 0.2 1 0.2
20704 19 4 4 19 0.210526315789474 1 0.210526315789474
20707 2 1 1 2 0.5 1 0.5
20712 9 2 1 10 0.111111111111111 0.5 0.1
20718 30 12 2 40 0.0666666666666667 0.166666666666667 0.05
20745 1 3 0 4 0 0 0
20766 19 1 1 19 0.0526315789473684 1 0.0526315789473684
20783 4 2 0 6 0 0 0
20847 36 19 11 44 0.305555555555556 0.578947368421053 0.25
209 1380 5 4 1381 0.00289855072463768 0.8 0.00289645184648805
20912 6 5 1 10 0.166666666666667 0.2 0.1
20932 325 14 12 327 0.0369230769230769 0.857142857142857 0.036697247706422
20965 49 41 41 49 0.836734693877551 1 0.836734693877551
210 9 1 1 9 0.111111111111111 1 0.111111111111111
21011 21 1 1 21 0.0476190476190476 1 0.0476190476190476
21017 1 2 0 3 0 0 0
21055 41 6 4 43 0.0975609756097561 0.666666666666667 0.0930232558139535
2107 1 1 1 1 1 1 1
2108 1 1 1 1 1 1 1
2110 46 2 1 47 0.0217391304347826 0.5 0.0212765957446809
21155 46 12 8 50 0.173913043478261 0.666666666666667 0.16
2116 31 2 2 31 0.0645161290322581 1 0.0645161290322581
21221 29 9 5 33 0.172413793103448 0.555555555555556 0.151515151515152
2128 3 2 2 3 0.666666666666667 1 0.666666666666667
21280 6 2 1 7 0.166666666666667 0.5 0.142857142857143
21320 6 1 1 6 0.166666666666667 1 0.166666666666667
21385 74 22 15 81 0.202702702702703 0.681818181818182 0.185185185185185
21414 76 1 1 76 0.0131578947368421 1 0.0131578947368421
2152 88 2 1 89 0.0113636363636364 0.5 0.0112359550561798
21527 5 1 1 5 0.2 1 0.2
2153 38 10 10 38 0.263157894736842 1 0.263157894736842
21548 17 1 1 17 0.0588235294117647 1 0.0588235294117647
21719 2 1 0 3 0 0 0
21737 6 1 0 7 0 0 0
21844 10 2 2 10 0.2 1 0.2
21864 5 1 1 5 0.2 1 0.2
21911 5 1 1 5 0.2 1 0.2
21947 27 3 3 27 0.111111111111111 1 0.111111111111111
21976 17 1 1 17 0.0588235294117647 1 0.0588235294117647
2200 61 5 5 61 0.0819672131147541 1 0.0819672131147541
22166 2 1 0 3 0 0 0
22284 8 1 0 9 0 0 0
22356 23 1 1 23 0.0434782608695652 1 0.0434782608695652
22388 9 7 7 9 0.777777777777778 1 0.777777777777778
224 5 1 1 5 0.2 1 0.2
22404 2 1 0 3 0 0 0
22438 2 1 1 2 0.5 1 0.5
225 2 1 1 2 0.5 1 0.5
22548 34 2 1 35 0.0294117647058824 0.5 0.0285714285714286
226 27 1 1 27 0.037037037037037 1 0.037037037037037
22767 1 1 1 1 1 1 1
22779 1 1 1 1 1 1 1
23007 3 1 1 3 0.333333333333333 1 0.333333333333333
23028 6 3 0 9 0 0 0
23127 2 1 0 3 0 0 0
23148 143 2 2 143 0.013986013986014 1 0.013986013986014
23342 40 2 2 40 0.05 1 0.05
23352 38 3 3 38 0.0789473684210526 1 0.0789473684210526
23393 71 3 2 72 0.028169014084507 0.666666666666667 0.0277777777777778
23456 8 4 3 9 0.375 0.75 0.333333333333333
23504 27 7 4 30 0.148148148148148 0.571428571428571 0.133333333333333
23541 10 1 0 11 0 0 0
23596 2 2 2 2 1 1 1
23600 3 2 2 3 0.666666666666667 1 0.666666666666667
23624 2 1 1 2 0.5 1 0.5
23634 6 4 4 6 0.666666666666667 1 0.666666666666667
23637 1 1 1 1 1 1 1
23654 1 1 1 1 1 1 1
237 32 1 1 32 0.03125 1 0.03125
23708 5 1 1 5 0.2 1 0.2
23754 2 2 0 4 0 0 0
23774 4 2 1 5 0.25 0.5 0.2
23787 2 1 1 2 0.5 1 0.5
2381 24 4 3 25 0.125 0.75 0.12
23836 1 1 1 1 1 1 1
23869 2 1 0 3 0 0 0
23889 4 1 1 4 0.25 1 0.25
23896 1 2 0 3 0 0 0
23902 2 3 0 5 0 0 0
23910 3 4 2 5 0.666666666666667 0.5 0.4
23911 6 15 5 16 0.833333333333333 0.333333333333333 0.3125
23912 1 1 0 2 0 0 0
23966 3 1 0 4 0 0 0
24 12 9 6 15 0.5 0.666666666666667 0.4
24005 3 2 0 5 0 0 0
24085 3 1 0 4 0 0 0
24151 7 3 1 9 0.142857142857143 0.333333333333333 0.111111111111111
24211 1 1 1 1 1 1 1
24218 17 1 0 18 0 0 0
24226 3 1 0 4 0 0 0
24227 2 2 1 3 0.5 0.5 0.333333333333333
24229 4 1 1 4 0.25 1 0.25
24287 4 4 4 4 1 1 1
24311 1 1 0 2 0 0 0
24326 11 1 1 11 0.0909090909090909 1 0.0909090909090909
24334 2 1 1 2 0.5 1 0.5
24390 2 1 1 2 0.5 1 0.5
24433 1 1 1 1 1 1 1
24475 3 3 3 3 1 1 1
24489 8 6 6 8 0.75 1 0.75
24490 9 8 8 9 0.888888888888889 1 0.888888888888889
24514 4 2 2 4 0.5 1 0.5
24541 2 3 1 4 0.5 0.333333333333333 0.25
24557 3 1 1 3 0.333333333333333 1 0.333333333333333
24586 26 10 5 31 0.192307692307692 0.5 0.161290322580645
24642 36 5 4 37 0.111111111111111 0.8 0.108108108108108
24724 106 21 13 114 0.122641509433962 0.619047619047619 0.114035087719298
24730 54 1 1 54 0.0185185185185185 1 0.0185185185185185
24776 7 2 1 8 0.142857142857143 0.5 0.125
24785 78 3 3 78 0.0384615384615385 1 0.0384615384615385
24835 13 1 1 13 0.0769230769230769 1 0.0769230769230769
24867 24 1 1 24 0.0416666666666667 1 0.0416666666666667
24875 226 19 16 229 0.0707964601769911 0.842105263157895 0.0698689956331878
24889 11 3 2 12 0.181818181818182 0.666666666666667 0.166666666666667
24900 1 1 1 1 1 1 1
24940 24 12 8 28 0.333333333333333 0.666666666666667 0.285714285714286
2495 10 1 1 10 0.1 1 0.1
2497 230 46 34 242 0.147826086956522 0.739130434782609 0.140495867768595
24971 22 9 7 24 0.318181818181818 0.777777777777778 0.291666666666667
25 2 1 1 2 0.5 1 0.5
250 8 1 0 9 0 0 0
2500 29 24 13 40 0.448275862068966 0.541666666666667 0.325
2506 2 1 1 2 0.5 1 0.5
25061 37 4 2 39 0.0540540540540541 0.5 0.0512820512820513
2510 19 2 2 19 0.105263157894737 1 0.105263157894737
25137 8 2 2 8 0.25 1 0.25
2514 14 1 1 14 0.0714285714285714 1 0.0714285714285714
25148 6 1 1 6 0.166666666666667 1 0.166666666666667
2515 5 1 0 6 0 0 0
25152 73 12 9 76 0.123287671232877 0.75 0.118421052631579
2516 314 36 29 321 0.0923566878980892 0.805555555555556 0.0903426791277259
2518 10 3 3 10 0.3 1 0.3
2519 27 4 2 29 0.0740740740740741 0.5 0.0689655172413793
25192 19 12 7 24 0.368421052631579 0.583333333333333 0.291666666666667
25220 12 2 2 12 0.166666666666667 1 0.166666666666667
2527 9 3 1 11 0.111111111111111 0.333333333333333 0.0909090909090909
25279 13 3 3 13 0.230769230769231 1 0.230769230769231
25358 14 9 3 20 0.214285714285714 0.333333333333333 0.15
25384 8 1 0 9 0 0 0
25415 4 1 1 4 0.25 1 0.25
25441 12 1 1 12 0.0833333333333333 1 0.0833333333333333
25466 7 2 2 7 0.285714285714286 1 0.285714285714286
25473 4 1 1 4 0.25 1 0.25
2549 3 2 1 4 0.333333333333333 0.5 0.25
25525 44 9 8 45 0.181818181818182 0.888888888888889 0.177777777777778
25538 2 1 0 3 0 0 0
25560 214 69 63 220 0.294392523364486 0.91304347826087 0.286363636363636
25563 3 1 1 3 0.333333333333333 1 0.333333333333333
25588 24 4 2 26 0.0833333333333333 0.5 0.0769230769230769
25596 40 9 7 42 0.175 0.777777777777778 0.166666666666667
25689 8 2 1 9 0.125 0.5 0.111111111111111
2572 7 1 1 7 0.142857142857143 1 0.142857142857143
2576 2 1 1 2 0.5 1 0.5
25795 1 2 0 3 0 0 0
25818 6 1 0 7 0 0 0
25829 2 1 1 2 0.5 1 0.5
2586 8 1 1 8 0.125 1 0.125
25933 4 2 0 6 0 0 0
2594 4 1 0 5 0 0 0
2595 1 1 0 2 0 0 0
2602 3 1 1 3 0.333333333333333 1 0.333333333333333
2603 57 26 19 64 0.333333333333333 0.730769230769231 0.296875
2607 35 7 7 35 0.2 1 0.2
2609 3 1 0 4 0 0 0
2611 44 9 8 45 0.181818181818182 0.888888888888889 0.177777777777778
2614 11 1 1 11 0.0909090909090909 1 0.0909090909090909
26229 2 1 1 2 0.5 1 0.5
2637 4 1 1 4 0.25 1 0.25
26415 39 8 1 46 0.0256410256410256 0.125 0.0217391304347826
26496 7 1 1 7 0.142857142857143 1 0.142857142857143
26773 6 2 2 6 0.333333333333333 1 0.333333333333333
26785 2 1 0 3 0 0 0
26943 208 16 14 210 0.0673076923076923 0.875 0.0666666666666667
2697 6 1 1 6 0.166666666666667 1 0.166666666666667
26978 16 2 0 18 0 0 0
2698 7 2 2 7 0.285714285714286 1 0.285714285714286
27 2 1 1 2 0.5 1 0.5
2714 1 1 1 1 1 1 1
27319 27 5 5 27 0.185185185185185 1 0.185185185185185
27325 11 2 2 11 0.181818181818182 1 0.181818181818182
27400 2 1 1 2 0.5 1 0.5
27446 6 1 0 7 0 0 0
27464 1 1 0 2 0 0 0
27524 50 3 2 51 0.04 0.666666666666667 0.0392156862745098
27552 7 1 1 7 0.142857142857143 1 0.142857142857143
27630 3 1 1 3 0.333333333333333 1 0.333333333333333
27664 39 2 2 39 0.0512820512820513 1 0.0512820512820513
27686 2 1 1 2 0.5 1 0.5
27750 18 13 13 18 0.722222222222222 1 0.722222222222222
278 5 7 1 11 0.2 0.142857142857143 0.0909090909090909
27807 12 9 9 12 0.75 1 0.75
27841 3 1 1 3 0.333333333333333 1 0.333333333333333
27891 2 1 1 2 0.5 1 0.5
27892 2 1 1 2 0.5 1 0.5
27924 2 1 1 2 0.5 1 0.5
27929 4 2 2 4 0.5 1 0.5
27933 3 1 1 3 0.333333333333333 1 0.333333333333333
28000 1 1 1 1 1 1 1
2819 29 2 1 30 0.0344827586206897 0.5 0.0333333333333333
2828 686 5 5 686 0.00728862973760933 1 0.00728862973760933
2847 3 2 2 3 0.666666666666667 1 0.666666666666667
28472 1 1 1 1 1 1 1
2848 9 1 1 9 0.111111111111111 1 0.111111111111111
2852 76 9 8 77 0.105263157894737 0.888888888888889 0.103896103896104
2857 164 24 20 168 0.121951219512195 0.833333333333333 0.119047619047619
286 332 94 53 373 0.159638554216867 0.563829787234043 0.142091152815013
28678 2 1 1 2 0.5 1 0.5
28697 8 1 1 8 0.125 1 0.125
28716 54 1 1 54 0.0185185185185185 1 0.0185185185185185
28725 5 2 1 6 0.2 0.5 0.166666666666667
28788 46 11 8 49 0.173913043478261 0.727272727272727 0.163265306122449
2884 4 2 2 4 0.5 1 0.5
28855 11 3 3 11 0.272727272727273 1 0.272727272727273
28857 7 4 2 9 0.285714285714286 0.5 0.222222222222222
28878 36 9 6 39 0.166666666666667 0.666666666666667 0.153846153846154
28929 52 2 2 52 0.0384615384615385 1 0.0384615384615385
2895 51 2 1 52 0.0196078431372549 0.5 0.0192307692307692
29009 28 7 4 31 0.142857142857143 0.571428571428571 0.129032258064516
2905 26 2 0 28 0 0 0
29066 33 10 6 37 0.181818181818182 0.6 0.162162162162162
2907 78 5 5 78 0.0641025641025641 1 0.0641025641025641
29113 37 1 1 37 0.027027027027027 1 0.027027027027027
29134 6 4 4 6 0.666666666666667 1 0.666666666666667
2914 633 168 105 696 0.165876777251185 0.625 0.150862068965517
29147 1 1 1 1 1 1 1
2915 6 2 1 7 0.166666666666667 0.5 0.142857142857143
29208 288 59 52 295 0.180555555555556 0.88135593220339 0.176271186440678
29216 1 1 1 1 1 1 1
29222 47 3 3 47 0.0638297872340425 1 0.0638297872340425
29243 2 2 1 3 0.5 0.5 0.333333333333333
29259 4 2 2 4 0.5 1 0.5
293 140 19 16 143 0.114285714285714 0.842105263157895 0.111888111888112
29317 2 2 2 2 1 1 1
29372 2 1 0 3 0 0 0
29396 35 6 4 37 0.114285714285714 0.666666666666667 0.108108108108108
29405 5 2 1 6 0.2 0.5 0.166666666666667
29422 27 3 2 28 0.0740740740740741 0.666666666666667 0.0714285714285714
29449 43 15 8 50 0.186046511627907 0.533333333333333 0.16
29452 21 3 1 23 0.0476190476190476 0.333333333333333 0.0434782608695652
29488 2 1 1 2 0.5 1 0.5
29527 35 9 6 38 0.171428571428571 0.666666666666667 0.157894736842105
29608 18 3 3 18 0.166666666666667 1 0.166666666666667
29632 43 13 5 51 0.116279069767442 0.384615384615385 0.0980392156862745
29636 191 27 24 194 0.12565445026178 0.888888888888889 0.123711340206186
29651 9 3 2 10 0.222222222222222 0.666666666666667 0.2
29668 29 1 1 29 0.0344827586206897 1 0.0344827586206897
29670 8 2 1 9 0.125 0.5 0.111111111111111
29671 3 1 1 3 0.333333333333333 1 0.333333333333333
29686 304 94 86 312 0.282894736842105 0.914893617021277 0.275641025641026
29748 21 7 4 24 0.19047619047619 0.571428571428571 0.166666666666667
29791 66 2 1 67 0.0151515151515152 0.5 0.0149253731343284
29838 28 1 1 28 0.0357142857142857 1 0.0357142857142857
29877 7 4 3 8 0.428571428571429 0.75 0.375
29904 1 1 1 1 1 1 1
3 7 1 0 8 0 0 0
30058 8 1 0 9 0 0 0
30059 3 3 2 4 0.666666666666667 0.666666666666667 0.5
30071 8 102 6 104 0.75 0.0588235294117647 0.0576923076923077
30126 63 2 2 63 0.0317460317460317 1 0.0317460317460317
30128 2 2 1 3 0.5 0.5 0.333333333333333
30132 19 36 10 45 0.526315789473684 0.277777777777778 0.222222222222222
30217 6 1 1 6 0.166666666666667 1 0.166666666666667
30313 2 1 1 2 0.5 1 0.5
30340 14 1 1 14 0.0714285714285714 1 0.0714285714285714
30374 3 1 1 3 0.333333333333333 1 0.333333333333333
30528 2 1 1 2 0.5 1 0.5
30653 17 7 5 19 0.294117647058824 0.714285714285714 0.263157894736842
30700 3 2 2 3 0.666666666666667 1 0.666666666666667
30781 41 7 7 41 0.170731707317073 1 0.170731707317073
30795 3 3 2 4 0.666666666666667 0.666666666666667 0.5
30834 9 2 2 9 0.222222222222222 1 0.222222222222222
30880 10 1 1 10 0.1 1 0.1
30889 34 5 2 37 0.0588235294117647 0.4 0.0540540540540541
30975 5 1 0 6 0 0 0
31065 5 2 0 7 0 0 0
31117 13 4 3 14 0.230769230769231 0.75 0.214285714285714
31127 3 2 2 3 0.666666666666667 1 0.666666666666667
31246 9 1 1 9 0.111111111111111 1 0.111111111111111
31261 10 1 0 11 0 0 0
31265 1 1 1 1 1 1 1
31283 141 1 1 141 0.00709219858156028 1 0.00709219858156028
3130 21 1 1 21 0.0476190476190476 1 0.0476190476190476
31333 13 4 4 13 0.307692307692308 1 0.307692307692308
3134 2 1 1 2 0.5 1 0.5
31383 28 11 6 33 0.214285714285714 0.545454545454545 0.181818181818182
3140 2 1 1 2 0.5 1 0.5
31400 8 1 1 8 0.125 1 0.125
31424 12 1 1 12 0.0833333333333333 1 0.0833333333333333
31445 60 13 9 64 0.15 0.692307692307692 0.140625
31458 48 2 2 48 0.0416666666666667 1 0.0416666666666667
31477 186 2 2 186 0.010752688172043 1 0.010752688172043
31479 5 1 1 5 0.2 1 0.2
31529 47 4 3 48 0.0638297872340425 0.75 0.0625
31530 10 6 1 15 0.1 0.166666666666667 0.0666666666666667
31677 3 1 0 4 0 0 0
31708 27 7 7 27 0.259259259259259 1 0.259259259259259
32034 5 2 2 5 0.4 1 0.4
3212 44 1 1 44 0.0227272727272727 1 0.0227272727272727
3213 39 11 9 41 0.230769230769231 0.818181818181818 0.219512195121951
3221 1 1 1 1 1 1 1
32361 7 2 2 7 0.285714285714286 1 0.285714285714286
3243 14 3 2 15 0.142857142857143 0.666666666666667 0.133333333333333
3248 55 25 15 65 0.272727272727273 0.6 0.230769230769231
3249 49 12 8 53 0.163265306122449 0.666666666666667 0.150943396226415
3257 459 200 102 557 0.222222222222222 0.51 0.183123877917415
3265 39 15 9 45 0.230769230769231 0.6 0.2
3267 233 8 8 233 0.0343347639484979 1 0.0343347639484979
3269 99 1 1 99 0.0101010101010101 1 0.0101010101010101
3277 46 1 1 46 0.0217391304347826 1 0.0217391304347826
32825 1 1 0 2 0 0 0
32915 4 1 0 5 0 0 0
3292 395 24 19 400 0.0481012658227848 0.791666666666667 0.0475
32978 1 1 1 1 1 1 1
33 6 2 0 8 0 0 0
3301 68 4 3 69 0.0441176470588235 0.75 0.0434782608695652
3303 457 17 15 459 0.0328227571115974 0.882352941176471 0.0326797385620915
33073 5 1 1 5 0.2 1 0.2
3320 492 12 6 498 0.0121951219512195 0.5 0.0120481927710843
3327 109 24 18 115 0.165137614678899 0.75 0.156521739130435
3333 156 5 3 158 0.0192307692307692 0.6 0.0189873417721519
33437 3 11 3 11 1 0.272727272727273 0.272727272727273
3344 17 11 4 24 0.235294117647059 0.363636363636364 0.166666666666667
3352 60 3 1 62 0.0166666666666667 0.333333333333333 0.0161290322580645
3356 1948 57 49 1956 0.0251540041067762 0.859649122807018 0.0250511247443763
33597 19 1 1 19 0.0526315789473684 1 0.0526315789473684
3363 2 1 1 2 0.5 1 0.5
33843 36 15 8 43 0.222222222222222 0.533333333333333 0.186046511627907
33885 13 3 3 13 0.230769230769231 1 0.230769230769231
33891 32 4 4 32 0.125 1 0.125
33926 41 15 12 44 0.292682926829268 0.8 0.272727272727273
34019 11 1 1 11 0.0909090909090909 1 0.0909090909090909
34021 7 1 1 7 0.142857142857143 1 0.142857142857143
34080 4 2 2 4 0.5 1 0.5
34081 3 2 2 3 0.666666666666667 1 0.666666666666667
34146 15 1 1 15 0.0666666666666667 1 0.0666666666666667
34225 39 4 3 40 0.0769230769230769 0.75 0.075
34244 6 1 1 6 0.166666666666667 1 0.166666666666667
34270 42 5 4 43 0.0952380952380952 0.8 0.0930232558139535
34288 6 2 1 7 0.166666666666667 0.5 0.142857142857143
34305 61 2 2 61 0.0327868852459016 1 0.0327868852459016
34309 39 83 20 102 0.512820512820513 0.240963855421687 0.196078431372549
34313 2 1 1 2 0.5 1 0.5
34372 4 1 1 4 0.25 1 0.25
34419 49 12 9 52 0.183673469387755 0.75 0.173076923076923
34505 3 1 1 3 0.333333333333333 1 0.333333333333333
34549 7 4 1 10 0.142857142857143 0.25 0.1
34554 12 1 0 13 0 0 0
34631 2 2 1 3 0.5 0.5 0.333333333333333
34695 48 6 6 48 0.125 1 0.125
34752 2 1 1 2 0.5 1 0.5
34763 69 23 12 80 0.173913043478261 0.521739130434783 0.15
34771 4 2 2 4 0.5 1 0.5
34968 24 5 4 25 0.166666666666667 0.8 0.16
34997 72 4 4 72 0.0555555555555556 1 0.0555555555555556
35028 34 8 6 36 0.176470588235294 0.75 0.166666666666667
35070 9 1 1 9 0.111111111111111 1 0.111111111111111
35244 29 20 14 35 0.482758620689655 0.7 0.4
35272 3 1 1 3 0.333333333333333 1 0.333333333333333
35283 9 2 1 10 0.111111111111111 0.5 0.1
35292 9 1 0 10 0 0 0
35393 7 1 1 7 0.142857142857143 1 0.142857142857143
35425 9 3 3 9 0.333333333333333 1 0.333333333333333
35470 7 3 2 8 0.285714285714286 0.666666666666667 0.25
35485 4 1 1 4 0.25 1 0.25
3549 1136 96 81 1151 0.0713028169014085 0.84375 0.0703735881841877
35492 4 3 3 4 0.75 1 0.75
3551 1 1 0 2 0 0 0
3557 17 5 5 17 0.294117647058824 1 0.294117647058824
35592 5 3 2 6 0.4 0.666666666666667 0.333333333333333
3561 500 1 1 500 0.002 1 0.002
35612 4 3 0 7 0 0 0
35706 16 5 2 19 0.125 0.4 0.105263157894737
35908 20 2 2 20 0.1 1 0.1
3597 9 1 1 9 0.111111111111111 1 0.111111111111111
36351 8 1 1 8 0.125 1 0.125
36383 2 1 1 2 0.5 1 0.5
3640 5 1 1 5 0.2 1 0.2
36472 11 5 5 11 0.454545454545455 1 0.454545454545455
3661 6 4 2 8 0.333333333333333 0.5 0.25
3662 13 7 7 13 0.538461538461538 1 0.538461538461538
3663 3 1 0 4 0 0 0
36671 2 1 1 2 0.5 1 0.5
36692 5 1 1 5 0.2 1 0.2
36733 3 1 1 3 0.333333333333333 1 0.333333333333333
3676 7 1 1 7 0.142857142857143 1 0.142857142857143
36797 1 1 1 1 1 1 1
3681 4 1 1 4 0.25 1 0.25
36856 8 3 1 10 0.125 0.333333333333333 0.1
36944 6 4 3 7 0.5 0.75 0.428571428571429
36948 2 1 1 2 0.5 1 0.5
3714 4 1 1 4 0.25 1 0.25
3741 271 1 1 271 0.003690036900369 1 0.003690036900369
3742 21 1 1 21 0.0476190476190476 1 0.0476190476190476
376 17 1 1 17 0.0588235294117647 1 0.0588235294117647
378 3 1 1 3 0.333333333333333 1 0.333333333333333
3790 4 1 1 4 0.25 1 0.25
38005 2 2 2 2 1 1 1
38018 8 5 5 8 0.625 1 0.625
38022 26 8 8 26 0.307692307692308 1 0.307692307692308
38082 12 1 1 12 0.0833333333333333 1 0.0833333333333333
38083 1 1 1 1 1 1 1
38128 1 1 0 2 0 0 0
38140 2 1 1 2 0.5 1 0.5
3825 1 2 0 3 0 0 0
38299 2 1 1 2 0.5 1 0.5
3836 8 3 1 10 0.125 0.333333333333333 0.1
38462 2 1 1 2 0.5 1 0.5
38477 1 1 0 2 0 0 0
38620 1 1 1 1 1 1 1
38626 1 1 1 1 1 1 1
38819 2 1 1 2 0.5 1 0.5
39040 6 1 1 6 0.166666666666667 1 0.166666666666667
39102 10 1 1 10 0.1 1 0.1
39122 8 1 1 8 0.125 1 0.125
39211 1 1 1 1 1 1 1
39301 5 1 1 5 0.2 1 0.2
39309 21 1 0 22 0 0 0
393219 1 1 1 1 1 1 1
39326 78 17 11 84 0.141025641025641 0.647058823529412 0.130952380952381
39342 2 2 1 3 0.5 0.5 0.333333333333333
3949 1 1 1 1 1 1 1
39537 1 1 0 2 0 0 0
39570 2 1 1 2 0.5 1 0.5
39602 4 1 0 5 0 0 0
39792 394 21 15 400 0.0380710659898477 0.714285714285714 0.0375
39837 4 1 1 4 0.25 1 0.25
39839 2 1 1 2 0.5 1 0.5
39854 1 2 1 2 1 0.5 0.5
39875 4 1 1 4 0.25 1 0.25
3999 1 1 1 1 1 1 1
40009 22 4 3 23 0.136363636363636 0.75 0.130434782608696
40060 8 1 0 9 0 0 0
40068 9 2 2 9 0.222222222222222 1 0.222222222222222
40193 9 5 2 12 0.222222222222222 0.4 0.166666666666667
40220 12 4 4 12 0.333333333333333 1 0.333333333333333
40490 2 2 1 3 0.5 0.5 0.333333333333333
40528 6 3 3 6 0.5 1 0.5
40589 2 1 1 2 0.5 1 0.5
40832 1 1 1 1 1 1 1
41012 23 5 4 24 0.173913043478261 0.8 0.166666666666667
41045 7 1 1 7 0.142857142857143 1 0.142857142857143
41075 3 1 0 4 0 0 0
41102 1 2 1 2 1 0.5 0.5
4134 94 1 0 95 0 0 0
4158 2 1 1 2 0.5 1 0.5
41670 2 1 1 2 0.5 1 0.5
41692 361 74 57 378 0.157894736842105 0.77027027027027 0.150793650793651
41695 3 2 0 5 0 0 0
41711 4 4 2 6 0.5 0.5 0.333333333333333
41773 4 3 3 4 0.75 1 0.75
42 86 2 2 86 0.0232558139534884 1 0.0232558139534884
42096 9 1 1 9 0.111111111111111 1 0.111111111111111
42227 2 2 1 3 0.5 0.5 0.333333333333333
42579 7 1 1 7 0.142857142857143 1 0.142857142857143
42652 29 1 1 29 0.0344827586206897 1 0.0344827586206897
42689 29 9 6 32 0.206896551724138 0.666666666666667 0.1875
42841 5 3 3 5 0.6 1 0.6
42884 29 1 1 29 0.0344827586206897 1 0.0344827586206897
42937 1 1 1 1 1 1 1
4323 1072 2 2 1072 0.00186567164179104 1 0.00186567164179104
43383 1 1 1 1 1 1 1
43602 3 1 1 3 0.333333333333333 1 0.333333333333333
43751 2 1 0 3 0 0 0
43821 32 14 9 37 0.28125 0.642857142857143 0.243243243243243
43911 2 1 0 3 0 0 0
43950 2 1 0 3 0 0 0
44212 3 1 1 3 0.333333333333333 1 0.333333333333333
44358 1 1 1 1 1 1 1
4436 126 22 20 128 0.158730158730159 0.909090909090909 0.15625
44683 2 1 1 2 0.5 1 0.5
45131 1 1 1 1 1 1 1
4528 5 2 2 5 0.4 1 0.4
4538 20 8 5 23 0.25 0.625 0.217391304347826
4555 1 4 0 5 0 0 0
4557 8 2 2 8 0.25 1 0.25
4589 694 80 77 697 0.110951008645533 0.9625 0.110473457675753
4605 2 1 1 2 0.5 1 0.5
4608 5 3 1 7 0.2 0.333333333333333 0.142857142857143
4618 14 2 1 15 0.0714285714285714 0.5 0.0666666666666667
4621 32 3 3 32 0.09375 1 0.09375
4635 92 10 9 93 0.0978260869565217 0.9 0.0967741935483871
4651 29 11 9 31 0.310344827586207 0.818181818181818 0.290322580645161
4673 8 1 0 9 0 0 0
4675 6 3 1 8 0.166666666666667 0.333333333333333 0.125
4677 6 1 1 6 0.166666666666667 1 0.166666666666667
4680 10 2 1 11 0.1 0.5 0.0909090909090909
4685 10 3 2 11 0.2 0.666666666666667 0.181818181818182
4691 1 10 1 10 1 0.1 0.1
4697 3 7 3 7 1 0.428571428571429 0.428571428571429
4711 2 1 0 3 0 0 0
4713 100 7 6 101 0.06 0.857142857142857 0.0594059405940594
4716 56 10 5 61 0.0892857142857143 0.5 0.0819672131147541
4717 3 2 2 3 0.666666666666667 1 0.666666666666667
4718 3 1 1 3 0.333333333333333 1 0.333333333333333
4725 126 25 11 140 0.0873015873015873 0.44 0.0785714285714286
4739 52 10 9 53 0.173076923076923 0.9 0.169811320754717
4741 9 1 1 9 0.111111111111111 1 0.111111111111111
4747 6 2 0 8 0 0 0
4750 53 2 0 55 0 0 0
4755 134 1 1 134 0.00746268656716418 1 0.00746268656716418
4761 67 4 3 68 0.0447761194029851 0.75 0.0441176470588235
4768 25 1 1 25 0.04 1 0.04
4770 13 3 0 16 0 0 0
4775 53 1 1 53 0.0188679245283019 1 0.0188679245283019
4777 35 4 1 38 0.0285714285714286 0.25 0.0263157894736842
4780 26 3 3 26 0.115384615384615 1 0.115384615384615
4782 3 1 0 4 0 0 0
4787 7 3 0 10 0 0 0
4788 115 3 3 115 0.0260869565217391 1 0.0260869565217391
4795 45 5 3 47 0.0666666666666667 0.6 0.0638297872340425
4796 3 1 1 3 0.333333333333333 1 0.333333333333333
4829 2 1 1 2 0.5 1 0.5
4844 5 1 1 5 0.2 1 0.2
4927 8 3 2 9 0.25 0.666666666666667 0.222222222222222
5050 21 2 2 21 0.0952380952380952 1 0.0952380952380952
513 49 9 7 51 0.142857142857143 0.777777777777778 0.137254901960784
52 2 1 1 2 0.5 1 0.5
5381 13 2 1 14 0.0769230769230769 0.5 0.0714285714285714
5385 13 7 4 16 0.307692307692308 0.571428571428571 0.25
5400 273 10 8 275 0.0293040293040293 0.8 0.0290909090909091
5401 1 1 1 1 1 1 1
5403 18 4 3 19 0.166666666666667 0.75 0.157894736842105
5408 28 2 1 29 0.0357142857142857 0.5 0.0344827586206897
5410 60 7 4 63 0.0666666666666667 0.571428571428571 0.0634920634920635
5413 226 1 1 226 0.00442477876106195 1 0.00442477876106195
5418 8 1 1 8 0.125 1 0.125
5421 3 2 1 4 0.333333333333333 0.5 0.25
5429 11 1 1 11 0.0909090909090909 1 0.0909090909090909
5430 359 22 18 363 0.0501392757660167 0.818181818181818 0.0495867768595041
5459 44 12 7 49 0.159090909090909 0.583333333333333 0.142857142857143
5466 69 2 1 70 0.0144927536231884 0.5 0.0142857142857143
5486 36 2 0 38 0 0 0
55 3 1 1 3 0.333333333333333 1 0.333333333333333
5511 168 23 18 173 0.107142857142857 0.782608695652174 0.104046242774566
553 49 22 18 53 0.36734693877551 0.818181818181818 0.339622641509434
5533 11 2 2 11 0.181818181818182 1 0.181818181818182
5537 30 3 2 31 0.0666666666666667 0.666666666666667 0.0645161290322581
5539 41 50 20 71 0.48780487804878 0.4 0.28169014084507
5550 4 2 1 5 0.25 0.5 0.2
5568 215 12 8 219 0.0372093023255814 0.666666666666667 0.0365296803652968
557 5 1 1 5 0.2 1 0.2
559 62 24 23 63 0.370967741935484 0.958333333333333 0.365079365079365
5602 24 5 4 25 0.166666666666667 0.8 0.16
5609 2 9 1 10 0.5 0.111111111111111 0.1
5617 190 1 1 190 0.00526315789473684 1 0.00526315789473684
5645 8 3 0 11 0 0 0
5661 3 1 1 3 0.333333333333333 1 0.333333333333333
57 24 3 3 24 0.125 1 0.125
5707 3 1 1 3 0.333333333333333 1 0.333333333333333
5713 53 2 1 54 0.0188679245283019 0.5 0.0185185185185185
577 116 1 1 116 0.00862068965517241 1 0.00862068965517241
5774 2 1 1 2 0.5 1 0.5
5786 2 1 1 2 0.5 1 0.5
59 5 1 1 5 0.2 1 0.2
600 29 1 1 29 0.0344827586206897 1 0.0344827586206897
6057 6 4 3 7 0.5 0.75 0.428571428571429
6062 11 2 0 13 0 0 0
6066 3 1 0 4 0 0 0
6083 29 15 13 31 0.448275862068966 0.866666666666667 0.419354838709677
6106 2 1 1 2 0.5 1 0.5
6122 8 1 1 8 0.125 1 0.125
6128 244 1 1 244 0.00409836065573771 1 0.00409836065573771
6147 1 8 0 9 0 0 0
6163 11 1 1 11 0.0909090909090909 1 0.0909090909090909
6181 44 2 2 44 0.0454545454545455 1 0.0454545454545455
6182 1 1 1 1 1 1 1
6263 3 1 1 3 0.333333333333333 1 0.333333333333333
6342 4 1 0 5 0 0 0
6360 10 2 2 10 0.2 1 0.2
6366 3 1 1 3 0.333333333333333 1 0.333333333333333
6435 3 7 1 9 0.333333333333333 0.142857142857143 0.111111111111111
6453 507 82 71 518 0.140039447731755 0.865853658536585 0.137065637065637
65071 1 2 1 2 1 0.5 0.5
6509 27 5 4 28 0.148148148148148 0.8 0.142857142857143
65098 1 1 0 2 0 0 0
65104 1 1 1 1 1 1 1
6536 18 2 1 19 0.0555555555555556 0.5 0.0526315789473684
6619 20 1 0 21 0 0 0
6629 2 1 1 2 0.5 1 0.5
6648 42 1 1 42 0.0238095238095238 1 0.0238095238095238
6666 39 22 12 49 0.307692307692308 0.545454545454545 0.244897959183673
6667 500 106 102 504 0.204 0.962264150943396 0.202380952380952
668 35 8 3 40 0.0857142857142857 0.375 0.075
6695 193 48 44 197 0.227979274611399 0.916666666666667 0.223350253807107
6706 13 6 5 14 0.384615384615385 0.833333333333333 0.357142857142857
6724 36 17 14 39 0.388888888888889 0.823529411764706 0.358974358974359
6730 155 6 5 156 0.032258064516129 0.833333333333333 0.032051282051282
6762 162 37 34 165 0.209876543209877 0.918918918918919 0.206060606060606
6770 37 13 5 45 0.135135135135135 0.384615384615385 0.111111111111111
6772 14 4 4 14 0.285714285714286 1 0.285714285714286
6774 77 15 14 78 0.181818181818182 0.933333333333333 0.179487179487179
6775 5 1 1 5 0.2 1 0.2
680 58 17 14 61 0.241379310344828 0.823529411764706 0.229508196721311
6802 7 3 3 7 0.428571428571429 1 0.428571428571429
681 2 1 1 2 0.5 1 0.5
683 2 1 1 2 0.5 1 0.5
6830 338 33 20 351 0.0591715976331361 0.606060606060606 0.056980056980057
6838 1 1 1 1 1 1 1
6881 79 21 20 80 0.253164556962025 0.952380952380952 0.25
6893 2 1 1 2 0.5 1 0.5
6895 8 1 1 8 0.125 1 0.125
6908 99 13 12 100 0.121212121212121 0.923076923076923 0.12
6939 843 249 185 907 0.219454329774614 0.742971887550201 0.203969128996692
6966 3 2 2 3 0.666666666666667 1 0.666666666666667
6968 3 1 1 3 0.333333333333333 1 0.333333333333333
701 2711 18 13 2716 0.00479527849502029 0.722222222222222 0.00478645066273932
7012 13 4 3 14 0.230769230769231 0.75 0.214285714285714
7018 2159 14 10 2163 0.00463177396943029 0.714285714285714 0.00462320850670365
7019 1 1 1 1 1 1 1
7065 18 3 1 20 0.0555555555555556 0.333333333333333 0.05
7066 21 3 3 21 0.142857142857143 1 0.142857142857143
719 15 1 1 15 0.0666666666666667 1 0.0666666666666667
7377 3 1 0 4 0 0 0
7385 162 4 4 162 0.0246913580246914 1 0.0246913580246914
7470 35 1 1 35 0.0285714285714286 1 0.0285714285714286
7473 168 4 4 168 0.0238095238095238 1 0.0238095238095238
7500 64 10 8 66 0.125 0.8 0.121212121212121
7514 23 3 3 23 0.130434782608696 1 0.130434782608696
7516 4 1 0 5 0 0 0
7521 5 2 1 6 0.2 0.5 0.166666666666667
7522 5 4 1 8 0.2 0.25 0.125
7539 26 10 8 28 0.307692307692308 0.8 0.285714285714286
7573 1 1 1 1 1 1 1
7575 516 94 92 518 0.178294573643411 0.978723404255319 0.177606177606178
7594 4 3 2 5 0.5 0.666666666666667 0.4
7606 53 5 5 53 0.0943396226415094 1 0.0943396226415094
7629 6 1 0 7 0 0 0
766 17 5 4 18 0.235294117647059 0.8 0.222222222222222
7660 37 15 13 39 0.351351351351351 0.866666666666667 0.333333333333333
7665 2 1 1 2 0.5 1 0.5
7667 6 1 1 6 0.166666666666667 1 0.166666666666667
7668 10 1 0 11 0 0 0
7670 20 2 2 20 0.1 1 0.1
7671 3 2 1 4 0.333333333333333 0.5 0.25
7682 10 3 2 11 0.2 0.666666666666667 0.181818181818182
7687 3 1 1 3 0.333333333333333 1 0.333333333333333
7693 24 2 1 25 0.0416666666666667 0.5 0.04
7753 7 1 1 7 0.142857142857143 1 0.142857142857143
7781 3 8 2 9 0.666666666666667 0.25 0.222222222222222
7784 27 3 2 28 0.0740740740740741 0.666666666666667 0.0714285714285714
7786 9 2 1 10 0.111111111111111 0.5 0.1
7847 3 1 1 3 0.333333333333333 1 0.333333333333333
786 49 9 7 51 0.142857142857143 0.777777777777778 0.137254901960784
790 1 2 1 2 1 0.5 0.5
7902 14 1 1 14 0.0714285714285714 1 0.0714285714285714
7908 37 4 2 39 0.0540540540540541 0.5 0.0512820512820513
7922 46 3 3 46 0.0652173913043478 1 0.0652173913043478
7949 10 2 0 12 0 0 0
8002 54 6 4 56 0.0740740740740741 0.666666666666667 0.0714285714285714
8018 2 1 1 2 0.5 1 0.5
8047 24 4 4 24 0.166666666666667 1 0.166666666666667
81 20 1 1 20 0.05 1 0.05
8121 43 9 6 46 0.13953488372093 0.666666666666667 0.130434782608696
8158 2 1 1 2 0.5 1 0.5
8201 6 1 1 6 0.166666666666667 1 0.166666666666667
8218 107 10 9 108 0.0841121495327103 0.9 0.0833333333333333
8220 626 9 9 626 0.0143769968051118 1 0.0143769968051118
8224 11 5 4 12 0.363636363636364 0.8 0.333333333333333
8226 6 2 0 8 0 0 0
8237 6 3 3 6 0.5 1 0.5
8246 178 1 0 179 0 0 0
8251 8 5 5 8 0.625 1 0.625
8256 1 1 1 1 1 1 1
8267 2 1 1 2 0.5 1 0.5
8282 10 1 0 11 0 0 0
8299 8 2 0 10 0 0 0
8302 9 1 1 9 0.111111111111111 1 0.111111111111111
8319 38 17 14 41 0.368421052631579 0.823529411764706 0.341463414634146
8330 9 2 1 10 0.111111111111111 0.5 0.1
8346 5 2 2 5 0.4 1 0.4
8359 510 28 22 516 0.0431372549019608 0.785714285714286 0.0426356589147287
8364 10 2 1 11 0.1 0.5 0.0909090909090909
8365 118 45 33 130 0.279661016949153 0.733333333333333 0.253846153846154
8368 24 6 5 25 0.208333333333333 0.833333333333333 0.2
8374 5 1 1 5 0.2 1 0.2
8387 12 2 1 13 0.0833333333333333 0.5 0.0769230769230769
8396 1 1 0 2 0 0 0
8419 225 4 4 225 0.0177777777777778 1 0.0177777777777778
8422 98 15 6 107 0.0612244897959184 0.4 0.0560747663551402
8426 421 16 13 424 0.0308788598574822 0.8125 0.0306603773584906
8442 25 18 13 30 0.52 0.722222222222222 0.433333333333333
8447 510 21 17 514 0.0333333333333333 0.80952380952381 0.0330739299610895
8468 532 7 6 533 0.0112781954887218 0.857142857142857 0.0112570356472795
8469 34 17 14 37 0.411764705882353 0.823529411764706 0.378378378378378
8473 27 5 4 28 0.148148148148148 0.8 0.142857142857143
8481 3 1 0 4 0 0 0
8492 57 1 1 57 0.0175438596491228 1 0.0175438596491228
8495 17 4 4 17 0.235294117647059 1 0.235294117647059
8501 35 11 11 35 0.314285714285714 1 0.314285714285714
8508 3 1 1 3 0.333333333333333 1 0.333333333333333
8517 16 1 1 16 0.0625 1 0.0625
852 152 1 1 152 0.00657894736842105 1 0.00657894736842105
8527 21 2 2 21 0.0952380952380952 1 0.0952380952380952
855 24 1 1 24 0.0416666666666667 1 0.0416666666666667
8560 75 23 18 80 0.24 0.782608695652174 0.225
8565 14 2 1 15 0.0714285714285714 0.5 0.0666666666666667
8586 62 6 4 64 0.0645161290322581 0.666666666666667 0.0625
8591 37 6 3 40 0.0810810810810811 0.5 0.075
8607 29 4 3 30 0.103448275862069 0.75 0.1
8657 98 4 2 100 0.0204081632653061 0.5 0.02
8664 8 1 1 8 0.125 1 0.125
8674 59 8 7 60 0.11864406779661 0.875 0.116666666666667
8676 4 1 1 4 0.25 1 0.25
8683 29 2 2 29 0.0689655172413793 1 0.0689655172413793
8708 262 5 4 263 0.0152671755725191 0.8 0.0152091254752852
8717 88 3 2 89 0.0227272727272727 0.666666666666667 0.0224719101123595
8728 1 1 1 1 1 1 1
8737 32 6 3 35 0.09375 0.5 0.0857142857142857
8758 11 7 6 12 0.545454545454545 0.857142857142857 0.5
8763 146 38 35 149 0.23972602739726 0.921052631578947 0.23489932885906
8767 63 24 16 71 0.253968253968254 0.666666666666667 0.225352112676056
8781 25 1 0 26 0 0 0
8820 11 3 3 11 0.272727272727273 1 0.272727272727273
8823 7 1 0 8 0 0 0
8881 379 18 18 379 0.0474934036939314 1 0.0474934036939314
8895 7 1 1 7 0.142857142857143 1 0.142857142857143
8897 48 11 7 52 0.145833333333333 0.636363636363636 0.134615384615385
8903 15 2 0 17 0 0 0
8943 15 3 3 15 0.2 1 0.2
8954 37 9 4 42 0.108108108108108 0.444444444444444 0.0952380952380952
8966 87 1 1 87 0.0114942528735632 1 0.0114942528735632
8970 2 1 1 2 0.5 1 0.5
8978 5 2 2 5 0.4 1 0.4
9002 735 152 145 742 0.197278911564626 0.953947368421053 0.195417789757412
9009 119 59 22 156 0.184873949579832 0.372881355932203 0.141025641025641
9026 12 3 3 12 0.25 1 0.25
9044 58 13 6 65 0.103448275862069 0.461538461538462 0.0923076923076923
9080 9 4 3 10 0.333333333333333 0.75 0.3
9112 8 2 1 9 0.125 0.5 0.111111111111111
9150 28 4 3 29 0.107142857142857 0.75 0.103448275862069
9153 39 5 5 39 0.128205128205128 1 0.128205128205128
9162 2 1 1 2 0.5 1 0.5
9188 3 1 0 4 0 0 0
9231 2 2 1 3 0.5 0.5 0.333333333333333
9264 24 19 8 35 0.333333333333333 0.421052631578947 0.228571428571429
9270 26 3 2 27 0.0769230769230769 0.666666666666667 0.0740740740740741
9293 15 1 1 15 0.0666666666666667 1 0.0666666666666667
9299 46 2 1 47 0.0217391304347826 0.5 0.0212765957446809
9304 137 1 1 137 0.0072992700729927 1 0.0072992700729927
9316 37 1 1 37 0.027027027027027 1 0.027027027027027
9329 11 1 1 11 0.0909090909090909 1 0.0909090909090909
9340 4 3 2 5 0.5 0.666666666666667 0.4
9367 3 1 1 3 0.333333333333333 1 0.333333333333333
9406 2 2 1 3 0.5 0.5 0.333333333333333
9431 2 1 1 2 0.5 1 0.5
9433 2 1 1 2 0.5 1 0.5
9505 109 5 5 109 0.0458715596330275 1 0.0458715596330275
9534 4 1 1 4 0.25 1 0.25
9541 7 1 0 8 0 0 0
9543 4 1 1 4 0.25 1 0.25
9549 2 1 1 2 0.5 1 0.5
9555 4 1 0 5 0 0 0
9583 35 1 0 36 0 0 0
9584 9 1 1 9 0.111111111111111 1 0.111111111111111
9595 7 3 2 8 0.285714285714286 0.666666666666667 0.25
9600 5 2 1 6 0.2 0.5 0.166666666666667
9607 8 1 0 9 0 0 0
9612 2 1 0 3 0 0 0
9619 3 2 2 3 0.666666666666667 1 0.666666666666667
9621 2 1 1 2 0.5 1 0.5
9622 6 1 1 6 0.166666666666667 1 0.166666666666667
9700 6 2 1 7 0.166666666666667 0.5 0.142857142857143
9701 2 1 0 3 0 0 0
9722 44 4 4 44 0.0909090909090909 1 0.0909090909090909
9737 4 1 1 4 0.25 1 0.25
9758 2 1 0 3 0 0 0
9794 4 1 1 4 0.25 1 0.25
9800 30 2 0 32 0 0 0
9821 4 2 2 4 0.5 1 0.5
9844 2 1 0 3 0 0 0
9901 21 4 2 23 0.0952380952380952 0.5 0.0869565217391304
9919 18 1 0 19 0 0 0
9924 25 1 0 26 0 0 0
9930 17 1 1 17 0.0588235294117647 1 0.0588235294117647
9931 26 1 1 26 0.0384615384615385 1 0.0384615384615385
9995 3 2 2 3 0.666666666666667 1 0.666666666666667
