#ASN num_v4adj num_v6adj num_intersect(v4v6adj) num_union(adj) fr_v4(num_intersect/num_v4adj) fr_v6(num_intersect/num_v6adj) fr_intersect(num_intersect/num_union)
10013 2 6 1 7 0.5 0.166666666666667 0.142857142857143
10015 10 1 0 11 0 0 0
101 36 8 7 37 0.194444444444444 0.875 0.189189189189189
10148 1 2 1 2 1 0.5 0.5
102 3 1 1 3 0.333333333333333 1 0.333333333333333
10204 7 6 2 11 0.285714285714286 0.333333333333333 0.181818181818182
10217 21 1 1 21 0.0476190476190476 1 0.0476190476190476
10318 4 1 0 5 0 0 0
10343 2 1 1 2 0.5 1 0.5
10405 2 1 0 3 0 0 0
10429 72 1 1 72 0.0138888888888889 1 0.0138888888888889
10490 31 3 3 31 0.0967741935483871 1 0.0967741935483871
10533 1 1 1 1 1 1 1
10569 1 1 1 1 1 1 1
10578 25 3 3 25 0.12 1 0.12
10745 2 6 0 8 0 0 0
10778 5 1 1 5 0.2 1 0.2
10886 39 16 7 48 0.179487179487179 0.4375 0.145833333333333
109 16 5 0 21 0 0 0
1101 1 1 1 1 1 1 1
1103 185 46 44 187 0.237837837837838 0.956521739130435 0.235294117647059
111 2 2 1 3 0.5 0.5 0.333333333333333
11170 2 1 0 3 0 0 0
1120 14 1 0 15 0 0 0
1126 40 9 6 43 0.15 0.666666666666667 0.13953488372093
11274 12 4 4 12 0.333333333333333 1 0.333333333333333
11317 6 4 4 6 0.666666666666667 1 0.666666666666667
11340 5 1 1 5 0.2 1 0.2
1140 30 7 5 32 0.166666666666667 0.714285714285714 0.15625
11404 22 1 1 22 0.0454545454545455 1 0.0454545454545455
11537 115 47 37 125 0.321739130434783 0.787234042553192 0.296
11588 14 1 1 14 0.0714285714285714 1 0.0714285714285714
11656 1 1 0 2 0 0 0
11666 5 1 0 6 0 0 0
11694 2 1 1 2 0.5 1 0.5
11734 3 1 0 4 0 0 0
11815 3 1 0 4 0 0 0
11960 5 2 2 5 0.4 1 0.4
11990 4 1 0 5 0 0 0
1200 46 14 9 51 0.195652173913043 0.642857142857143 0.176470588235294
12008 33 1 1 33 0.0303030303030303 1 0.0303030303030303
12041 10 4 4 10 0.4 1 0.4
12046 2 1 1 2 0.5 1 0.5
12111 28 3 2 29 0.0714285714285714 0.666666666666667 0.0689655172413793
1213 6 3 3 6 0.5 1 0.5
1221 106 3 1 108 0.00943396226415094 0.333333333333333 0.00925925925925926
12287 2 1 1 2 0.5 1 0.5
12312 52 12 8 56 0.153846153846154 0.666666666666667 0.142857142857143
12322 69 3 3 69 0.0434782608695652 1 0.0434782608695652
12337 42 50 19 73 0.452380952380952 0.38 0.26027397260274
12353 5 3 1 7 0.2 0.333333333333333 0.142857142857143
12355 14 11 8 17 0.571428571428571 0.727272727272727 0.470588235294118
1237 36 4 2 38 0.0555555555555556 0.5 0.0526315789473684
12371 2 1 0 3 0 0 0
12386 14 2 2 14 0.142857142857143 1 0.142857142857143
1239 1688 3 0 1691 0 0 0
12399 280 1 1 280 0.00357142857142857 1 0.00357142857142857
12401 12 3 1 14 0.0833333333333333 0.333333333333333 0.0714285714285714
12414 39 12 9 42 0.230769230769231 0.75 0.214285714285714
12429 19 1 1 19 0.0526315789473684 1 0.0526315789473684
12502 3 1 1 3 0.333333333333333 1 0.333333333333333
12533 3 1 0 4 0 0 0
1257 152 5 2 155 0.0131578947368421 0.4 0.0129032258064516
12573 5 2 2 5 0.4 1 0.4
12600 15 1 0 16 0 0 0
12611 39 18 12 45 0.307692307692308 0.666666666666667 0.266666666666667
12634 44 14 10 48 0.227272727272727 0.714285714285714 0.208333333333333
12637 14 6 4 16 0.285714285714286 0.666666666666667 0.25
12638 1 3 0 4 0 0 0
12654 62 13 7 68 0.112903225806452 0.538461538461538 0.102941176470588
12657 3 2 2 3 0.666666666666667 1 0.666666666666667
12709 2 1 0 3 0 0 0
1273 306 72 41 337 0.133986928104575 0.569444444444444 0.121661721068249
12731 77 13 8 82 0.103896103896104 0.615384615384615 0.0975609756097561
12732 20 3 1 22 0.05 0.333333333333333 0.0454545454545455
12741 115 1 0 116 0 0 0
12757 4 1 1 4 0.25 1 0.25
12767 10 1 0 11 0 0 0
12769 4 1 1 4 0.25 1 0.25
12779 70 19 11 78 0.157142857142857 0.578947368421053 0.141025641025641
1280 90 25 13 102 0.144444444444444 0.52 0.127450980392157
12816 1 1 1 1 1 1 1
12817 2 2 2 2 1 1 1
12853 1 4 0 5 0 0 0
12859 442 62 56 448 0.126696832579186 0.903225806451613 0.125
12871 36 14 8 42 0.222222222222222 0.571428571428571 0.19047619047619
12874 135 2 2 135 0.0148148148148148 1 0.0148148148148148
12895 11 1 1 11 0.0909090909090909 1 0.0909090909090909
12902 44 10 8 46 0.181818181818182 0.8 0.173913043478261
12931 5 3 2 6 0.4 0.666666666666667 0.333333333333333
12956 128 8 7 129 0.0546875 0.875 0.0542635658914729
12968 112 3 0 115 0 0 0
12989 447 7 7 447 0.0156599552572707 1 0.0156599552572707
1299 508 31 29 510 0.0570866141732283 0.935483870967742 0.0568627450980392
13030 138 5 5 138 0.036231884057971 1 0.036231884057971
13039 5 1 1 5 0.2 1 0.2
13041 7 1 1 7 0.142857142857143 1 0.142857142857143
13092 5 1 1 5 0.2 1 0.2
131075 1 2 1 2 1 0.5 0.5
13110 6 2 1 7 0.166666666666667 0.5 0.142857142857143
13115 4 1 1 4 0.25 1 0.25
1312 2 1 1 2 0.5 1 0.5
1316 2 1 0 3 0 0 0
13189 26 4 4 26 0.153846153846154 1 0.153846153846154
13193 43 11 9 45 0.209302325581395 0.818181818181818 0.2
13237 504 66 56 514 0.111111111111111 0.848484848484849 0.108949416342412
13272 1 1 1 1 1 1 1
13276 19 2 2 19 0.105263157894737 1 0.105263157894737
13284 7 3 1 9 0.142857142857143 0.333333333333333 0.111111111111111
13293 23 2 2 23 0.0869565217391304 1 0.0869565217391304
13301 34 2 2 34 0.0588235294117647 1 0.0588235294117647
13319 4 1 0 5 0 0 0
13332 6 1 1 6 0.166666666666667 1 0.166666666666667
13448 4 1 1 4 0.25 1 0.25
13645 177 12 6 183 0.0338983050847458 0.5 0.0327868852459016
13657 5 1 0 6 0 0 0
13680 23 2 2 23 0.0869565217391304 1 0.0869565217391304
137 18 5 5 18 0.277777777777778 1 0.277777777777778
13714 2 1 1 2 0.5 1 0.5
13810 1 1 0 2 0 0 0
13855 5 1 0 6 0 0 0
13901 1 1 1 1 1 1 1
13911 4 1 0 5 0 0 0
14037 1 1 1 1 1 1 1
14085 5 2 2 5 0.4 1 0.4
14259 22 2 1 23 0.0454545454545455 0.5 0.0434782608695652
14262 4 2 2 4 0.5 1 0.5
14277 9 9 2 16 0.222222222222222 0.222222222222222 0.125
14589 20 2 1 21 0.05 0.5 0.0476190476190476
14595 3 1 0 4 0 0 0
15169 103 3 1 105 0.00970873786407767 0.333333333333333 0.00952380952380952
15226 3 2 0 5 0 0 0
15412 270 4 3 271 0.0111111111111111 0.75 0.011070110701107
15440 6 1 1 6 0.166666666666667 1 0.166666666666667
15444 272 17 10 279 0.0367647058823529 0.588235294117647 0.03584229390681
15456 1 2 0 3 0 0 0
15469 1 1 0 2 0 0 0
15474 1 1 1 1 1 1 1
15480 1 1 1 1 1 1 1
15501 1 1 1 1 1 1 1
15589 33 13 3 43 0.0909090909090909 0.230769230769231 0.0697674418604651
15598 57 19 14 62 0.245614035087719 0.736842105263158 0.225806451612903
15623 32 2 1 33 0.03125 0.5 0.0303030303030303
15685 18 4 4 18 0.222222222222222 1 0.222222222222222
15694 55 1 1 55 0.0181818181818182 1 0.0181818181818182
15725 2 2 1 3 0.5 0.5 0.333333333333333
15744 13 1 1 13 0.0769230769230769 1 0.0769230769230769
15782 13 2 1 14 0.0769230769230769 0.5 0.0714285714285714
15798 2 1 0 3 0 0 0
15919 8 1 1 8 0.125 1 0.125
16004 11 4 3 12 0.272727272727273 0.75 0.25
16030 64 15 12 67 0.1875 0.8 0.17910447761194
16034 297 38 36 299 0.121212121212121 0.947368421052632 0.120401337792642
16086 32 15 6 41 0.1875 0.4 0.146341463414634
16117 3 1 1 3 0.333333333333333 1 0.333333333333333
16128 12 3 2 13 0.166666666666667 0.666666666666667 0.153846153846154
16131 43 12 8 47 0.186046511627907 0.666666666666667 0.170212765957447
16150 184 1 0 185 0 0 0
16186 40 6 1 45 0.025 0.166666666666667 0.0222222222222222
16206 14 1 0 15 0 0 0
16210 4 3 3 4 0.75 1 0.75
16215 13 3 3 13 0.230769230769231 1 0.230769230769231
16237 30 1 0 31 0 0 0
16245 26 1 1 26 0.0384615384615385 1 0.0384615384615385
16265 97 1 1 97 0.0103092783505155 1 0.0103092783505155
16276 59 2 2 59 0.0338983050847458 1 0.0338983050847458
16316 5 2 0 7 0 0 0
16397 9 1 0 10 0 0 0
1653 27 4 3 28 0.111111111111111 0.75 0.107142857142857
16531 6 1 0 7 0 0 0
1659 11 3 2 12 0.181818181818182 0.666666666666667 0.166666666666667
16668 6 2 1 7 0.166666666666667 0.5 0.142857142857143
16713 29 1 0 30 0 0 0
16807 4 1 0 5 0 0 0
16838 12 1 0 13 0 0 0
16942 2 2 1 3 0.5 0.5 0.333333333333333
16993 3 1 0 4 0 0 0
1706 4 1 0 5 0 0 0
17061 2 1 0 3 0 0 0
17106 4 1 0 5 0 0 0
17263 6 1 0 7 0 0 0
1741 10 3 2 11 0.2 0.666666666666667 0.181818181818182
17435 3 1 0 4 0 0 0
17511 10 3 0 13 0 0 0
17529 8 1 1 8 0.125 1 0.125
1754 2 1 1 2 0.5 1 0.5
17554 9 3 3 9 0.333333333333333 1 0.333333333333333
17579 13 8 5 16 0.384615384615385 0.625 0.3125
1764 32 7 5 34 0.15625 0.714285714285714 0.147058823529412
17676 32 6 2 36 0.0625 0.333333333333333 0.0555555555555556
17709 12 1 0 13 0 0 0
17716 3 1 1 3 0.333333333333333 1 0.333333333333333
17832 3 4 0 7 0 0 0
17884 2 1 0 3 0 0 0
17934 2 3 1 4 0.5 0.333333333333333 0.25
17955 3 1 1 3 0.333333333333333 1 0.333333333333333
1797 2 3 2 3 1 0.666666666666667 0.666666666666667
1798 3 3 0 6 0 0 0
18011 1 1 0 2 0 0 0
18015 2 1 1 2 0.5 1 0.5
18119 3 1 0 4 0 0 0
18126 4 1 0 5 0 0 0
18146 2 3 0 5 0 0 0
18182 3 1 0 4 0 0 0
18185 5 2 2 5 0.4 1 0.4
18203 3 1 0 4 0 0 0
18206 2 2 0 4 0 0 0
18266 3 1 1 3 0.333333333333333 1 0.333333333333333
18344 1 3 0 4 0 0 0
1835 8 2 2 8 0.25 1 0.25
1836 56 3 3 56 0.0535714285714286 1 0.0535714285714286
18366 2 2 1 3 0.5 0.5 0.333333333333333
18422 5 2 2 5 0.4 1 0.4
18508 1 2 0 3 0 0 0
1853 104 18 16 106 0.153846153846154 0.888888888888889 0.150943396226415
18592 24 7 7 24 0.291666666666667 1 0.291666666666667
18666 2 2 0 4 0 0 0
1880 14 3 2 15 0.142857142857143 0.666666666666667 0.133333333333333
1881 2 1 1 2 0.5 1 0.5
1887 6 1 1 6 0.166666666666667 1 0.166666666666667
18922 24 2 1 25 0.0416666666666667 0.5 0.04
1901 45 2 1 46 0.0222222222222222 0.5 0.0217391304347826
19021 1 1 0 2 0 0 0
19151 607 9 9 607 0.014827018121911 1 0.014827018121911
1916 80 7 5 82 0.0625 0.714285714285714 0.0609756097560976
19166 8 1 1 8 0.125 1 0.125
19192 3 1 1 3 0.333333333333333 1 0.333333333333333
19255 3 5 3 5 1 0.6 0.6
1930 23 5 4 24 0.173913043478261 0.8 0.166666666666667
19318 44 3 2 45 0.0454545454545455 0.666666666666667 0.0444444444444444
19401 42 10 10 42 0.238095238095238 1 0.238095238095238
195 8 3 1 10 0.125 0.333333333333333 0.1
1955 11 3 3 11 0.272727272727273 1 0.272727272727273
19782 14 2 2 14 0.142857142857143 1 0.142857142857143
19783 2 1 0 3 0 0 0
20021 4 1 0 5 0 0 0
20080 19 5 5 19 0.263157894736842 1 0.263157894736842
2018 4 3 2 5 0.5 0.666666666666667 0.4
20312 8 2 1 9 0.125 0.5 0.111111111111111
2042 18 3 2 19 0.111111111111111 0.666666666666667 0.105263157894737
20436 2 1 0 3 0 0 0
20473 25 1 0 26 0 0 0
20495 51 10 8 53 0.156862745098039 0.8 0.150943396226415
20569 11 2 2 11 0.181818181818182 1 0.181818181818182
20621 2 1 1 2 0.5 1 0.5
20633 23 9 4 28 0.173913043478261 0.444444444444444 0.142857142857143
20640 201 64 47 218 0.233830845771144 0.734375 0.215596330275229
20646 36 15 9 42 0.25 0.6 0.214285714285714
20650 5 1 1 5 0.2 1 0.2
20704 21 4 3 22 0.142857142857143 0.75 0.136363636363636
20707 2 1 1 2 0.5 1 0.5
20712 10 1 0 11 0 0 0
20718 34 12 3 43 0.0882352941176471 0.25 0.0697674418604651
20745 1 3 0 4 0 0 0
20847 34 12 6 40 0.176470588235294 0.5 0.15
209 1319 6 5 1320 0.00379075056861259 0.833333333333333 0.00378787878787879
20912 4 4 0 8 0 0 0
20965 49 41 41 49 0.836734693877551 1 0.836734693877551
210 9 1 1 9 0.111111111111111 1 0.111111111111111
21055 28 3 1 30 0.0357142857142857 0.333333333333333 0.0333333333333333
2107 1 1 1 1 1 1 1
2108 1 1 1 1 1 1 1
2110 57 3 2 58 0.0350877192982456 0.666666666666667 0.0344827586206897
2116 31 1 1 31 0.032258064516129 1 0.032258064516129
21221 26 11 6 31 0.230769230769231 0.545454545454545 0.193548387096774
2128 4 2 2 4 0.5 1 0.5
21280 7 1 0 8 0 0 0
21320 5 2 2 5 0.4 1 0.4
21385 112 17 13 116 0.116071428571429 0.764705882352941 0.112068965517241
2153 41 9 9 41 0.219512195121951 1 0.219512195121951
21548 15 1 1 15 0.0666666666666667 1 0.0666666666666667
21844 11 1 1 11 0.0909090909090909 1 0.0909090909090909
21864 5 1 1 5 0.2 1 0.2
21911 6 1 1 6 0.166666666666667 1 0.166666666666667
21947 25 3 3 25 0.12 1 0.12
2200 45 3 3 45 0.0666666666666667 1 0.0666666666666667
22166 1 1 0 2 0 0 0
22388 9 7 7 9 0.777777777777778 1 0.777777777777778
224 5 1 1 5 0.2 1 0.2
22548 34 2 1 35 0.0294117647058824 0.5 0.0285714285714286
226 26 1 1 26 0.0384615384615385 1 0.0384615384615385
22767 2 1 1 2 0.5 1 0.5
23007 2 1 1 2 0.5 1 0.5
23028 7 3 0 10 0 0 0
23148 72 2 2 72 0.0277777777777778 1 0.0277777777777778
23352 121 3 3 121 0.0247933884297521 1 0.0247933884297521
23393 77 3 2 78 0.025974025974026 0.666666666666667 0.0256410256410256
23456 11 4 2 13 0.181818181818182 0.5 0.153846153846154
23504 27 7 4 30 0.148148148148148 0.571428571428571 0.133333333333333
23541 5 2 1 6 0.2 0.5 0.166666666666667
23596 2 1 1 2 0.5 1 0.5
23600 3 1 1 3 0.333333333333333 1 0.333333333333333
23624 2 1 1 2 0.5 1 0.5
23634 5 4 2 7 0.4 0.5 0.285714285714286
23654 2 1 1 2 0.5 1 0.5
237 31 1 1 31 0.032258064516129 1 0.032258064516129
23754 1 2 0 3 0 0 0
23774 3 2 1 4 0.333333333333333 0.5 0.25
23787 2 3 1 4 0.5 0.333333333333333 0.25
2381 29 2 1 30 0.0344827586206897 0.5 0.0333333333333333
23836 1 1 1 1 1 1 1
23855 10 3 2 11 0.2 0.666666666666667 0.181818181818182
23869 2 1 0 3 0 0 0
23889 5 1 1 5 0.2 1 0.2
23902 1 1 0 2 0 0 0
23910 3 4 2 5 0.666666666666667 0.5 0.4
23911 6 12 5 13 0.833333333333333 0.416666666666667 0.384615384615385
23912 1 1 0 2 0 0 0
23966 5 1 0 6 0 0 0
24 10 8 5 13 0.5 0.625 0.384615384615385
24005 3 1 0 4 0 0 0
24211 1 1 1 1 1 1 1
24218 31 1 1 31 0.032258064516129 1 0.032258064516129
24226 2 2 0 4 0 0 0
24229 3 1 1 3 0.333333333333333 1 0.333333333333333
24287 4 3 3 4 0.75 1 0.75
24311 1 1 0 2 0 0 0
24334 2 1 1 2 0.5 1 0.5
24390 2 1 1 2 0.5 1 0.5
24433 1 1 1 1 1 1 1
24475 3 3 3 3 1 1 1
24489 8 5 5 8 0.625 1 0.625
24490 9 9 9 9 1 1 1
24514 3 2 2 3 0.666666666666667 1 0.666666666666667
24541 2 3 1 4 0.5 0.333333333333333 0.25
24586 24 6 4 26 0.166666666666667 0.666666666666667 0.153846153846154
24724 95 13 8 100 0.0842105263157895 0.615384615384615 0.08
24730 58 1 1 58 0.0172413793103448 1 0.0172413793103448
24776 6 2 1 7 0.166666666666667 0.5 0.142857142857143
24867 20 1 1 20 0.05 1 0.05
24875 214 43 38 219 0.177570093457944 0.883720930232558 0.17351598173516
24940 25 8 6 27 0.24 0.75 0.222222222222222
2495 10 1 1 10 0.1 1 0.1
2497 236 56 37 255 0.156779661016949 0.660714285714286 0.145098039215686
24971 19 2 1 20 0.0526315789473684 0.5 0.05
24973 5 1 0 6 0 0 0
25 2 1 1 2 0.5 1 0.5
250 7 2 0 9 0 0 0
2500 30 42 11 61 0.366666666666667 0.261904761904762 0.180327868852459
2506 2 1 1 2 0.5 1 0.5
25061 37 3 2 38 0.0540540540540541 0.666666666666667 0.0526315789473684
25098 16 1 1 16 0.0625 1 0.0625
2510 19 6 3 22 0.157894736842105 0.5 0.136363636363636
25137 5 2 2 5 0.4 1 0.4
2514 17 4 3 18 0.176470588235294 0.75 0.166666666666667
2515 6 1 1 6 0.166666666666667 1 0.166666666666667
25152 50 4 2 52 0.04 0.5 0.0384615384615385
2516 302 48 34 316 0.112582781456954 0.708333333333333 0.107594936708861
2518 58 7 3 62 0.0517241379310345 0.428571428571429 0.0483870967741935
2519 29 3 1 31 0.0344827586206897 0.333333333333333 0.032258064516129
25192 21 9 5 25 0.238095238095238 0.555555555555556 0.2
25220 14 3 2 15 0.142857142857143 0.666666666666667 0.133333333333333
2523 2 1 0 3 0 0 0
25232 240 10 9 241 0.0375 0.9 0.037344398340249
2527 11 7 3 15 0.272727272727273 0.428571428571429 0.2
25358 14 8 1 21 0.0714285714285714 0.125 0.0476190476190476
25384 9 1 0 10 0 0 0
25441 13 1 1 13 0.0769230769230769 1 0.0769230769230769
25466 8 2 2 8 0.25 1 0.25
25473 4 1 1 4 0.25 1 0.25
2549 2 2 1 3 0.5 0.5 0.333333333333333
25538 2 1 0 3 0 0 0
25560 77 19 15 81 0.194805194805195 0.789473684210526 0.185185185185185
25588 23 4 2 25 0.0869565217391304 0.5 0.08
25689 8 2 1 9 0.125 0.5 0.111111111111111
2572 7 1 1 7 0.142857142857143 1 0.142857142857143
25818 7 1 0 8 0 0 0
2586 9 1 1 9 0.111111111111111 1 0.111111111111111
2594 4 1 0 5 0 0 0
2595 1 1 0 2 0 0 0
2602 2 1 1 2 0.5 1 0.5
2603 28 13 10 31 0.357142857142857 0.769230769230769 0.32258064516129
2607 27 7 5 29 0.185185185185185 0.714285714285714 0.172413793103448
2611 50 11 10 51 0.2 0.909090909090909 0.196078431372549
2614 12 1 1 12 0.0833333333333333 1 0.0833333333333333
2637 3 1 1 3 0.333333333333333 1 0.333333333333333
26415 28 3 0 31 0 0 0
26943 194 12 10 196 0.0515463917525773 0.833333333333333 0.0510204081632653
2697 6 1 1 6 0.166666666666667 1 0.166666666666667
26978 11 2 0 13 0 0 0
2698 7 2 2 7 0.285714285714286 1 0.285714285714286
27 2 1 1 2 0.5 1 0.5
2714 1 1 1 1 1 1 1
27319 27 4 4 27 0.148148148148148 1 0.148148148148148
27325 11 2 2 11 0.181818181818182 1 0.181818181818182
27446 5 1 0 6 0 0 0
27552 7 1 1 7 0.142857142857143 1 0.142857142857143
27576 1 1 0 2 0 0 0
27686 2 1 1 2 0.5 1 0.5
27750 21 18 16 23 0.761904761904762 0.888888888888889 0.695652173913043
278 8 7 1 14 0.125 0.142857142857143 0.0714285714285714
27807 9 7 7 9 0.777777777777778 1 0.777777777777778
27841 3 1 1 3 0.333333333333333 1 0.333333333333333
27924 2 1 1 2 0.5 1 0.5
27929 3 1 1 3 0.333333333333333 1 0.333333333333333
2819 27 3 0 30 0 0 0
2847 2 1 1 2 0.5 1 0.5
28472 1 1 1 1 1 1 1
2848 9 1 1 9 0.111111111111111 1 0.111111111111111
2852 45 3 3 45 0.0666666666666667 1 0.0666666666666667
2857 154 21 17 158 0.11038961038961 0.80952380952381 0.107594936708861
286 338 62 34 366 0.100591715976331 0.548387096774194 0.092896174863388
2861 9 1 1 9 0.111111111111111 1 0.111111111111111
28678 2 1 1 2 0.5 1 0.5
28697 8 2 2 8 0.25 1 0.25
28716 48 1 1 48 0.0208333333333333 1 0.0208333333333333
28725 4 1 0 5 0 0 0
28788 43 1 1 43 0.0232558139534884 1 0.0232558139534884
28792 8 2 1 9 0.125 0.5 0.111111111111111
28824 2 1 0 3 0 0 0
2884 6 2 2 6 0.333333333333333 1 0.333333333333333
28855 10 1 1 10 0.1 1 0.1
28857 9 3 2 10 0.222222222222222 0.666666666666667 0.2
28878 37 4 2 39 0.0540540540540541 0.5 0.0512820512820513
2895 8 2 2 8 0.25 1 0.25
2905 26 2 0 28 0 0 0
2907 76 6 4 78 0.0526315789473684 0.666666666666667 0.0512820512820513
29134 4 1 0 5 0 0 0
2914 612 154 89 677 0.145424836601307 0.577922077922078 0.131462333825702
2915 7 8 1 14 0.142857142857143 0.125 0.0714285714285714
29208 52 17 13 56 0.25 0.764705882352941 0.232142857142857
29216 1 2 1 2 1 0.5 0.5
29243 2 2 1 3 0.5 0.5 0.333333333333333
29259 3 2 2 3 0.666666666666667 1 0.666666666666667
293 135 17 11 141 0.0814814814814815 0.647058823529412 0.0780141843971631
29317 2 1 1 2 0.5 1 0.5
29372 1 1 0 2 0 0 0
29405 6 2 1 7 0.166666666666667 0.5 0.142857142857143
29422 23 3 2 24 0.0869565217391304 0.666666666666667 0.0833333333333333
29449 39 15 7 47 0.179487179487179 0.466666666666667 0.148936170212766
29452 4 1 1 4 0.25 1 0.25
29488 3 1 1 3 0.333333333333333 1 0.333333333333333
29527 36 8 6 38 0.166666666666667 0.75 0.157894736842105
29533 2 1 1 2 0.5 1 0.5
29632 26 2 0 28 0 0 0
29636 182 24 23 183 0.126373626373626 0.958333333333333 0.12568306010929
29668 30 1 1 30 0.0333333333333333 1 0.0333333333333333
29670 9 1 1 9 0.111111111111111 1 0.111111111111111
29671 3 1 1 3 0.333333333333333 1 0.333333333333333
29686 302 73 70 305 0.231788079470199 0.958904109589041 0.229508196721311
29748 27 6 4 29 0.148148148148148 0.666666666666667 0.137931034482759
29791 52 3 1 54 0.0192307692307692 0.333333333333333 0.0185185185185185
29838 24 2 1 25 0.0416666666666667 0.5 0.04
29877 6 3 1 8 0.166666666666667 0.333333333333333 0.125
3 5 1 0 6 0 0 0
30008 3 1 1 3 0.333333333333333 1 0.333333333333333
30058 9 1 1 9 0.111111111111111 1 0.111111111111111
30071 16 102 12 106 0.75 0.117647058823529 0.113207547169811
30128 3 2 2 3 0.666666666666667 1 0.666666666666667
30132 152 24 23 153 0.151315789473684 0.958333333333333 0.150326797385621
30217 7 1 1 7 0.142857142857143 1 0.142857142857143
30313 2 1 1 2 0.5 1 0.5
30340 15 1 1 15 0.0666666666666667 1 0.0666666666666667
30374 2 1 0 3 0 0 0
30528 2 1 1 2 0.5 1 0.5
30653 18 4 2 20 0.111111111111111 0.5 0.1
30781 35 5 5 35 0.142857142857143 1 0.142857142857143
30795 3 1 1 3 0.333333333333333 1 0.333333333333333
30834 6 2 2 6 0.333333333333333 1 0.333333333333333
30880 7 1 1 7 0.142857142857143 1 0.142857142857143
30913 17 3 1 19 0.0588235294117647 0.333333333333333 0.0526315789473684
30983 1 1 1 1 1 1 1
31065 5 2 0 7 0 0 0
31117 12 3 2 13 0.166666666666667 0.666666666666667 0.153846153846154
31127 3 2 2 3 0.666666666666667 1 0.666666666666667
31252 9 2 0 11 0 0 0
31265 1 1 1 1 1 1 1
31283 77 1 1 77 0.012987012987013 1 0.012987012987013
31333 7 3 3 7 0.428571428571429 1 0.428571428571429
3134 2 1 1 2 0.5 1 0.5
31383 23 10 6 27 0.260869565217391 0.6 0.222222222222222
3140 1 1 1 1 1 1 1
31424 11 1 1 11 0.0909090909090909 1 0.0909090909090909
31458 47 1 1 47 0.0212765957446809 1 0.0212765957446809
31477 65 1 1 65 0.0153846153846154 1 0.0153846153846154
31479 5 1 1 5 0.2 1 0.2
31529 28 3 2 29 0.0714285714285714 0.666666666666667 0.0689655172413793
31530 7 7 3 11 0.428571428571429 0.428571428571429 0.272727272727273
31708 16 5 5 16 0.3125 1 0.3125
32034 7 4 3 8 0.428571428571429 0.75 0.375
3212 53 1 1 53 0.0188679245283019 1 0.0188679245283019
3213 150 9 9 150 0.06 1 0.06
3221 2 1 1 2 0.5 1 0.5
3224 1 1 1 1 1 1 1
32361 7 2 2 7 0.285714285714286 1 0.285714285714286
3243 14 3 2 15 0.142857142857143 0.666666666666667 0.133333333333333
32459 2 1 0 3 0 0 0
3248 49 15 10 54 0.204081632653061 0.666666666666667 0.185185185185185
3249 48 9 6 51 0.125 0.666666666666667 0.117647058823529
3257 439 172 86 525 0.195899772209567 0.5 0.163809523809524
3265 40 14 7 47 0.175 0.5 0.148936170212766
3267 158 4 4 158 0.0253164556962025 1 0.0253164556962025
3269 94 1 1 94 0.0106382978723404 1 0.0106382978723404
3292 363 9 6 366 0.0165289256198347 0.666666666666667 0.0163934426229508
32978 2 1 1 2 0.5 1 0.5
33 9 1 0 10 0 0 0
3301 59 4 3 60 0.0508474576271186 0.75 0.05
3303 426 14 12 428 0.028169014084507 0.857142857142857 0.0280373831775701
3320 473 11 7 477 0.0147991543340381 0.636363636363636 0.0146750524109015
3327 333 13 13 333 0.039039039039039 1 0.039039039039039
3333 151 5 3 153 0.0198675496688742 0.6 0.0196078431372549
33437 3 11 3 11 1 0.272727272727273 0.272727272727273
3344 21 14 6 29 0.285714285714286 0.428571428571429 0.206896551724138
3352 58 3 1 60 0.0172413793103448 0.333333333333333 0.0166666666666667
3356 1760 47 42 1765 0.0238636363636364 0.893617021276596 0.0237960339943343
33597 13 1 1 13 0.0769230769230769 1 0.0769230769230769
33843 31 7 4 34 0.129032258064516 0.571428571428571 0.117647058823529
33891 14 6 6 14 0.428571428571429 1 0.428571428571429
34019 9 1 1 9 0.111111111111111 1 0.111111111111111
34081 3 2 2 3 0.666666666666667 1 0.666666666666667
34159 5 1 1 5 0.2 1 0.2
34225 33 4 4 33 0.121212121212121 1 0.121212121212121
34243 2 1 1 2 0.5 1 0.5
34270 36 2 2 36 0.0555555555555556 1 0.0555555555555556
34288 5 2 1 6 0.2 0.5 0.166666666666667
34309 32 52 13 71 0.40625 0.25 0.183098591549296
34313 2 1 1 2 0.5 1 0.5
34419 41 6 4 43 0.0975609756097561 0.666666666666667 0.0930232558139535
34505 3 1 1 3 0.333333333333333 1 0.333333333333333
34549 7 3 0 10 0 0 0
34631 2 4 1 5 0.5 0.25 0.2
34763 69 15 7 77 0.101449275362319 0.466666666666667 0.0909090909090909
34771 3 2 1 4 0.333333333333333 0.5 0.25
34997 8 2 2 8 0.25 1 0.25
35003 2 1 1 2 0.5 1 0.5
35028 33 4 4 33 0.121212121212121 1 0.121212121212121
35070 8 2 2 8 0.25 1 0.25
35244 16 15 7 24 0.4375 0.466666666666667 0.291666666666667
35272 3 1 1 3 0.333333333333333 1 0.333333333333333
35292 9 1 0 10 0 0 0
35425 9 1 1 9 0.111111111111111 1 0.111111111111111
35485 4 1 1 4 0.25 1 0.25
3549 1058 79 63 1074 0.0595463137996219 0.79746835443038 0.058659217877095
35492 4 2 2 4 0.5 1 0.5
3551 1 1 0 2 0 0 0
3557 18 3 3 18 0.166666666666667 1 0.166666666666667
35612 4 2 0 6 0 0 0
35627 3 2 2 3 0.666666666666667 1 0.666666666666667
35706 15 4 2 17 0.133333333333333 0.5 0.117647058823529
3597 9 1 1 9 0.111111111111111 1 0.111111111111111
3640 5 1 1 5 0.2 1 0.2
36472 11 1 1 11 0.0909090909090909 1 0.0909090909090909
3662 13 3 2 14 0.153846153846154 0.666666666666667 0.142857142857143
36671 3 1 1 3 0.333333333333333 1 0.333333333333333
3676 6 1 1 6 0.166666666666667 1 0.166666666666667
3681 3 1 1 3 0.333333333333333 1 0.333333333333333
36856 5 2 0 7 0 0 0
3714 4 1 1 4 0.25 1 0.25
3742 24 2 2 24 0.0833333333333333 1 0.0833333333333333
3748 2 1 0 3 0 0 0
376 16 1 1 16 0.0625 1 0.0625
378 2 1 1 2 0.5 1 0.5
3790 4 1 1 4 0.25 1 0.25
38005 2 2 2 2 1 1 1
38018 9 4 4 9 0.444444444444444 1 0.444444444444444
38022 18 6 6 18 0.333333333333333 1 0.333333333333333
38083 2 1 1 2 0.5 1 0.5
38128 1 1 0 2 0 0 0
38140 2 1 1 2 0.5 1 0.5
3825 1 1 0 2 0 0 0
38299 2 1 1 2 0.5 1 0.5
3836 8 9 3 14 0.375 0.333333333333333 0.214285714285714
3839 1 1 1 1 1 1 1
38462 2 1 1 2 0.5 1 0.5
38626 1 1 1 1 1 1 1
38819 2 2 1 3 0.5 0.5 0.333333333333333
38986 2 1 1 2 0.5 1 0.5
39122 4 1 1 4 0.25 1 0.25
39211 1 1 1 1 1 1 1
39301 4 2 2 4 0.5 1 0.5
393219 1 1 1 1 1 1 1
39326 50 11 7 54 0.14 0.636363636363636 0.12962962962963
3949 1 1 1 1 1 1 1
39537 1 1 0 2 0 0 0
39854 1 2 1 2 1 0.5 0.5
3999 1 1 1 1 1 1 1
40009 32 4 2 34 0.0625 0.5 0.0588235294117647
40193 9 1 0 10 0 0 0
40220 12 2 2 12 0.166666666666667 1 0.166666666666667
40490 2 2 1 3 0.5 0.5 0.333333333333333
40528 3 2 2 3 0.666666666666667 1 0.666666666666667
41012 26 3 3 26 0.115384615384615 1 0.115384615384615
41045 4 1 1 4 0.25 1 0.25
41075 4 1 0 5 0 0 0
41102 1 3 1 3 1 0.333333333333333 0.333333333333333
4134 90 2 0 92 0 0 0
41670 1 2 0 3 0 0 0
41692 292 73 58 307 0.198630136986301 0.794520547945205 0.188925081433225
41773 1 1 1 1 1 1 1
42 88 2 2 88 0.0227272727272727 1 0.0227272727272727
42096 8 1 1 8 0.125 1 0.125
42689 16 1 1 16 0.0625 1 0.0625
43602 3 1 1 3 0.333333333333333 1 0.333333333333333
43821 24 5 3 26 0.125 0.6 0.115384615384615
43950 2 1 0 3 0 0 0
4436 110 17 16 111 0.145454545454545 0.941176470588235 0.144144144144144
4538 21 7 5 23 0.238095238095238 0.714285714285714 0.217391304347826
4555 1 5 0 6 0 0 0
4557 10 2 2 10 0.2 1 0.2
4589 683 60 57 686 0.0834553440702782 0.95 0.0830903790087464
4608 2 3 1 4 0.5 0.333333333333333 0.25
4618 17 7 1 23 0.0588235294117647 0.142857142857143 0.0434782608695652
4621 30 5 4 31 0.133333333333333 0.8 0.129032258064516
4635 81 10 8 83 0.0987654320987654 0.8 0.0963855421686747
4651 32 8 7 33 0.21875 0.875 0.212121212121212
4673 8 1 1 8 0.125 1 0.125
4675 6 6 1 11 0.166666666666667 0.166666666666667 0.0909090909090909
4677 6 1 1 6 0.166666666666667 1 0.166666666666667
4678 9 7 3 13 0.333333333333333 0.428571428571429 0.230769230769231
4680 9 6 2 13 0.222222222222222 0.333333333333333 0.153846153846154
4685 9 6 3 12 0.333333333333333 0.5 0.25
4688 3 1 0 4 0 0 0
4691 9 8 3 14 0.333333333333333 0.375 0.214285714285714
4697 3 10 3 10 1 0.3 0.3
4702 5 3 0 8 0 0 0
4713 90 4 4 90 0.0444444444444444 1 0.0444444444444444
4716 71 18 7 82 0.0985915492957746 0.388888888888889 0.0853658536585366
4717 3 1 1 3 0.333333333333333 1 0.333333333333333
4718 3 4 0 7 0 0 0
4721 12 7 2 17 0.166666666666667 0.285714285714286 0.117647058823529
4725 128 37 13 152 0.1015625 0.351351351351351 0.0855263157894737
4739 48 1 1 48 0.0208333333333333 1 0.0208333333333333
4741 10 1 0 11 0 0 0
4747 9 2 0 11 0 0 0
4750 54 3 1 56 0.0185185185185185 0.333333333333333 0.0178571428571429
4755 122 1 1 122 0.00819672131147541 1 0.00819672131147541
4761 57 6 5 58 0.087719298245614 0.833333333333333 0.0862068965517241
4768 25 1 1 25 0.04 1 0.04
4770 11 2 0 13 0 0 0
4775 50 1 1 50 0.02 1 0.02
4777 35 7 4 38 0.114285714285714 0.571428571428571 0.105263157894737
4780 27 5 3 29 0.111111111111111 0.6 0.103448275862069
4782 3 1 0 4 0 0 0
4787 8 4 0 12 0 0 0
4788 150 3 3 150 0.02 1 0.02
4795 44 5 3 46 0.0681818181818182 0.6 0.0652173913043478
4796 3 1 1 3 0.333333333333333 1 0.333333333333333
4818 5 1 0 6 0 0 0
4829 3 1 1 3 0.333333333333333 1 0.333333333333333
5050 19 2 2 19 0.105263157894737 1 0.105263157894737
513 46 8 5 49 0.108695652173913 0.625 0.102040816326531
5381 12 3 1 14 0.0833333333333333 0.333333333333333 0.0714285714285714
5385 13 6 3 16 0.230769230769231 0.5 0.1875
5400 264 3 2 265 0.00757575757575758 0.666666666666667 0.00754716981132075
5401 1 1 0 2 0 0 0
5403 19 2 1 20 0.0526315789473684 0.5 0.05
5408 29 3 2 30 0.0689655172413793 0.666666666666667 0.0666666666666667
5410 55 5 2 58 0.0363636363636364 0.4 0.0344827586206897
5413 211 1 1 211 0.004739336492891 1 0.004739336492891
5421 3 2 1 4 0.333333333333333 0.5 0.25
5430 327 24 20 331 0.0611620795107034 0.833333333333333 0.0604229607250755
5459 254 12 12 254 0.047244094488189 1 0.047244094488189
5466 71 2 1 72 0.0140845070422535 0.5 0.0138888888888889
5486 40 2 0 42 0 0 0
5511 176 22 17 181 0.0965909090909091 0.772727272727273 0.0939226519337017
553 49 18 14 53 0.285714285714286 0.777777777777778 0.264150943396226
5537 23 2 1 24 0.0434782608695652 0.5 0.0416666666666667
5539 39 44 16 67 0.41025641025641 0.363636363636364 0.238805970149254
5549 2 2 2 2 1 1 1
5550 5 2 1 6 0.2 0.5 0.166666666666667
5568 93 9 7 95 0.0752688172043011 0.777777777777778 0.0736842105263158
557 5 1 1 5 0.2 1 0.2
559 59 19 18 60 0.305084745762712 0.947368421052632 0.3
5602 21 4 3 22 0.142857142857143 0.75 0.136363636363636
5609 2 11 1 12 0.5 0.0909090909090909 0.0833333333333333
5623 1 3 0 4 0 0 0
5669 7 2 0 9 0 0 0
57 24 3 3 24 0.125 1 0.125
5707 3 1 1 3 0.333333333333333 1 0.333333333333333
5713 145 2 1 146 0.00689655172413793 0.5 0.00684931506849315
577 117 1 1 117 0.00854700854700855 1 0.00854700854700855
5786 2 1 1 2 0.5 1 0.5
6057 5 2 1 6 0.2 0.5 0.166666666666667
6062 10 2 0 12 0 0 0
6066 3 1 0 4 0 0 0
6083 30 13 12 31 0.4 0.923076923076923 0.387096774193548
6106 2 1 1 2 0.5 1 0.5
6122 8 1 1 8 0.125 1 0.125
6140 122 1 0 123 0 0 0
6147 1 8 0 9 0 0 0
6163 11 1 1 11 0.0909090909090909 1 0.0909090909090909
6182 1 1 1 1 1 1 1
6263 3 1 1 3 0.333333333333333 1 0.333333333333333
6320 318 1 0 319 0 0 0
6342 4 1 0 5 0 0 0
6360 11 2 2 11 0.181818181818182 1 0.181818181818182
6366 3 1 1 3 0.333333333333333 1 0.333333333333333
6435 3 11 1 13 0.333333333333333 0.0909090909090909 0.0769230769230769
6453 466 64 55 475 0.118025751072961 0.859375 0.115789473684211
65068 1 1 0 2 0 0 0
65071 2 2 0 4 0 0 0
65072 1 1 0 2 0 0 0
6509 43 4 4 43 0.0930232558139535 1 0.0930232558139535
6536 18 2 1 19 0.0555555555555556 0.5 0.0526315789473684
65500 6 1 0 7 0 0 0
6619 10 2 1 11 0.1 0.5 0.0909090909090909
6629 3 1 1 3 0.333333333333333 1 0.333333333333333
6648 38 1 1 38 0.0263157894736842 1 0.0263157894736842
6666 33 20 12 41 0.363636363636364 0.6 0.292682926829268
6667 460 89 86 463 0.18695652173913 0.966292134831461 0.185745140388769
668 35 7 2 40 0.0571428571428571 0.285714285714286 0.05
6695 170 32 27 175 0.158823529411765 0.84375 0.154285714285714
6696 9 3 2 10 0.222222222222222 0.666666666666667 0.2
6706 14 4 3 15 0.214285714285714 0.75 0.2
6730 602 5 5 602 0.00830564784053156 1 0.00830564784053156
6762 153 29 26 156 0.169934640522876 0.896551724137931 0.166666666666667
6770 41 13 7 47 0.170731707317073 0.538461538461538 0.148936170212766
6772 13 4 4 13 0.307692307692308 1 0.307692307692308
6774 77 12 11 78 0.142857142857143 0.916666666666667 0.141025641025641
6775 5 1 1 5 0.2 1 0.2
680 52 14 11 55 0.211538461538462 0.785714285714286 0.2
6802 7 3 2 8 0.285714285714286 0.666666666666667 0.25
681 2 1 1 2 0.5 1 0.5
6830 282 36 20 298 0.0709219858156028 0.555555555555556 0.0671140939597315
6881 73 1 1 73 0.0136986301369863 1 0.0136986301369863
6895 5 1 1 5 0.2 1 0.2
6908 72 1 1 72 0.0138888888888889 1 0.0138888888888889
6939 770 148 118 800 0.153246753246753 0.797297297297297 0.1475
6966 3 2 2 3 0.666666666666667 1 0.666666666666667
6968 3 1 1 3 0.333333333333333 1 0.333333333333333
701 2750 13 8 2755 0.00290909090909091 0.615384615384615 0.0029038112522686
7018 2101 11 7 2105 0.00333174678724417 0.636363636363636 0.00332541567695962
7019 1 1 1 1 1 1 1
7065 19 3 2 20 0.105263157894737 0.666666666666667 0.1
7066 21 3 3 21 0.142857142857143 1 0.142857142857143
719 14 1 0 15 0 0 0
7377 3 1 0 4 0 0 0
7470 32 1 1 32 0.03125 1 0.03125
7500 63 8 4 67 0.0634920634920635 0.5 0.0597014925373134
7514 23 8 4 27 0.173913043478261 0.5 0.148148148148148
7516 3 1 0 4 0 0 0
7521 6 2 1 7 0.166666666666667 0.5 0.142857142857143
7522 6 7 2 11 0.333333333333333 0.285714285714286 0.181818181818182
7530 2 2 0 4 0 0 0
7539 26 9 8 27 0.307692307692308 0.888888888888889 0.296296296296296
7573 1 1 1 1 1 1 1
7575 469 78 76 471 0.162046908315565 0.974358974358974 0.16135881104034
7588 2 1 1 2 0.5 1 0.5
7594 1 1 0 2 0 0 0
7606 51 3 3 51 0.0588235294117647 1 0.0588235294117647
7610 16 1 0 17 0 0 0
766 18 5 4 19 0.222222222222222 0.8 0.210526315789474
7660 38 18 13 43 0.342105263157895 0.722222222222222 0.302325581395349
7665 2 1 1 2 0.5 1 0.5
7667 6 2 1 7 0.166666666666667 0.5 0.142857142857143
7668 10 1 0 11 0 0 0
7670 20 2 1 21 0.05 0.5 0.0476190476190476
7671 3 30 3 30 1 0.1 0.1
7682 11 3 2 12 0.181818181818182 0.666666666666667 0.166666666666667
7687 4 1 1 4 0.25 1 0.25
7693 22 1 1 22 0.0454545454545455 1 0.0454545454545455
7753 6 1 1 6 0.166666666666667 1 0.166666666666667
7781 3 4 1 6 0.333333333333333 0.25 0.166666666666667
7784 32 3 2 33 0.0625 0.666666666666667 0.0606060606060606
7786 7 2 1 8 0.142857142857143 0.5 0.125
786 51 7 5 53 0.0980392156862745 0.714285714285714 0.0943396226415094
790 1 2 1 2 1 0.5 0.5
7902 14 1 1 14 0.0714285714285714 1 0.0714285714285714
7908 34 4 2 36 0.0588235294117647 0.5 0.0555555555555556
7949 11 2 0 13 0 0 0
8002 36 3 2 37 0.0555555555555556 0.666666666666667 0.0540540540540541
8018 2 1 1 2 0.5 1 0.5
81 19 1 1 19 0.0526315789473684 1 0.0526315789473684
8121 38 7 4 41 0.105263157894737 0.571428571428571 0.0975609756097561
8195 38 7 6 39 0.157894736842105 0.857142857142857 0.153846153846154
8201 6 1 1 6 0.166666666666667 1 0.166666666666667
8220 537 13 9 541 0.0167597765363128 0.692307692307692 0.0166358595194085
8224 9 4 3 10 0.333333333333333 0.75 0.3
8226 5 2 0 7 0 0 0
8237 6 2 2 6 0.333333333333333 1 0.333333333333333
8246 175 1 0 176 0 0 0
8251 5 1 0 6 0 0 0
8256 1 1 1 1 1 1 1
8267 2 1 1 2 0.5 1 0.5
8282 11 2 1 12 0.0909090909090909 0.5 0.0833333333333333
8299 8 1 0 9 0 0 0
8319 34 13 10 37 0.294117647058824 0.769230769230769 0.27027027027027
8346 5 2 2 5 0.4 1 0.4
8364 9 1 0 10 0 0 0
8365 96 35 24 107 0.25 0.685714285714286 0.224299065420561
8368 12 1 1 12 0.0833333333333333 1 0.0833333333333333
8387 15 1 1 15 0.0666666666666667 1 0.0666666666666667
8396 2 1 0 3 0 0 0
8419 222 4 4 222 0.018018018018018 1 0.018018018018018
8422 98 10 3 105 0.0306122448979592 0.3 0.0285714285714286
8426 394 12 9 397 0.0228426395939086 0.75 0.0226700251889169
8442 23 13 9 27 0.391304347826087 0.692307692307692 0.333333333333333
8447 302 20 12 310 0.0397350993377483 0.6 0.0387096774193548
8468 515 4 3 516 0.0058252427184466 0.75 0.00581395348837209
8469 33 13 9 37 0.272727272727273 0.692307692307692 0.243243243243243
8473 27 3 1 29 0.037037037037037 0.333333333333333 0.0344827586206897
8481 4 1 0 5 0 0 0
8489 5 2 1 6 0.2 0.5 0.166666666666667
8495 14 2 2 14 0.142857142857143 1 0.142857142857143
8501 34 10 10 34 0.294117647058824 1 0.294117647058824
8508 5 1 1 5 0.2 1 0.2
8517 16 1 1 16 0.0625 1 0.0625
852 144 1 1 144 0.00694444444444444 1 0.00694444444444444
8527 17 2 2 17 0.117647058823529 1 0.117647058823529
855 23 1 1 23 0.0434782608695652 1 0.0434782608695652
8560 67 17 14 70 0.208955223880597 0.823529411764706 0.2
8565 15 2 1 16 0.0666666666666667 0.5 0.0625
8586 69 6 5 70 0.072463768115942 0.833333333333333 0.0714285714285714
8591 35 6 3 38 0.0857142857142857 0.5 0.0789473684210526
8657 99 4 2 101 0.0202020202020202 0.5 0.0198019801980198
8664 15 1 1 15 0.0666666666666667 1 0.0666666666666667
8665 17 15 7 25 0.411764705882353 0.466666666666667 0.28
8674 59 5 4 60 0.0677966101694915 0.8 0.0666666666666667
8708 264 5 4 265 0.0151515151515152 0.8 0.0150943396226415
8717 75 2 1 76 0.0133333333333333 0.5 0.0131578947368421
8728 1 1 1 1 1 1 1
8737 39 6 4 41 0.102564102564103 0.666666666666667 0.0975609756097561
8758 10 2 2 10 0.2 1 0.2
8763 141 38 35 144 0.24822695035461 0.921052631578947 0.243055555555556
8767 60 21 14 67 0.233333333333333 0.666666666666667 0.208955223880597
8781 9 1 0 10 0 0 0
8820 9 4 3 10 0.333333333333333 0.75 0.3
8823 6 1 0 7 0 0 0
8881 325 7 7 325 0.0215384615384615 1 0.0215384615384615
8895 5 1 0 6 0 0 0
8897 56 11 7 60 0.125 0.636363636363636 0.116666666666667
8903 14 2 0 16 0 0 0
8943 18 3 3 18 0.166666666666667 1 0.166666666666667
8954 22 5 2 25 0.0909090909090909 0.4 0.08
8966 77 1 1 77 0.012987012987013 1 0.012987012987013
8970 2 1 1 2 0.5 1 0.5
8978 4 2 1 5 0.25 0.5 0.2
9009 220 50 33 237 0.15 0.66 0.139240506329114
9080 9 3 2 10 0.222222222222222 0.666666666666667 0.2
9112 8 1 1 8 0.125 1 0.125
9150 28 3 3 28 0.107142857142857 1 0.107142857142857
9153 35 6 5 36 0.142857142857143 0.833333333333333 0.138888888888889
9264 21 41 6 56 0.285714285714286 0.146341463414634 0.107142857142857
9270 30 4 2 32 0.0666666666666667 0.5 0.0625
9293 13 1 1 13 0.0769230769230769 1 0.0769230769230769
9299 45 2 1 46 0.0222222222222222 0.5 0.0217391304347826
9340 10 3 2 11 0.2 0.666666666666667 0.181818181818182
9367 3 1 1 3 0.333333333333333 1 0.333333333333333
9406 2 2 1 3 0.5 0.5 0.333333333333333
9411 2 1 1 2 0.5 1 0.5
9416 18 1 0 19 0 0 0
9433 2 1 1 2 0.5 1 0.5
9505 111 2 2 111 0.018018018018018 1 0.018018018018018
9534 5 1 1 5 0.2 1 0.2
9541 6 1 0 7 0 0 0
9543 2 1 1 2 0.5 1 0.5
9583 36 1 0 37 0 0 0
9584 7 1 1 7 0.142857142857143 1 0.142857142857143
9595 11 2 2 11 0.181818181818182 1 0.181818181818182
9600 6 9 3 12 0.5 0.333333333333333 0.25
9607 9 1 0 10 0 0 0
9612 1 1 0 2 0 0 0
9619 2 1 1 2 0.5 1 0.5
9621 3 6 1 8 0.333333333333333 0.166666666666667 0.125
9622 7 1 1 7 0.142857142857143 1 0.142857142857143
9700 6 3 1 8 0.166666666666667 0.333333333333333 0.125
9737 5 1 1 5 0.2 1 0.2
9794 4 1 1 4 0.25 1 0.25
9800 33 1 0 34 0 0 0
9821 3 2 2 3 0.666666666666667 1 0.666666666666667
9835 4 2 1 5 0.25 0.5 0.2
9901 20 4 2 22 0.1 0.5 0.0909090909090909
9919 22 1 0 23 0 0 0
9924 23 1 0 24 0 0 0
9930 18 1 1 18 0.0555555555555556 1 0.0555555555555556
9931 25 1 1 25 0.04 1 0.04
9995 3 2 2 3 0.666666666666667 1 0.666666666666667
