#ASN num_v4adj num_v6adj num_intersect(v4v6adj) num_union(adj) fr_v4(num_intersect/num_v4adj) fr_v6(num_intersect/num_v6adj) fr_intersect(num_intersect/num_union)
10013 2 7 1 8 0.5 0.142857142857143 0.125
10015 10 1 0 11 0 0 0
101 47 4 4 47 0.0851063829787234 1 0.0851063829787234
102 3 1 1 3 0.333333333333333 1 0.333333333333333
10204 8 5 1 12 0.125 0.2 0.0833333333333333
10318 2 1 0 3 0 0 0
10480 6 1 1 6 0.166666666666667 1 0.166666666666667
10533 1 1 1 1 1 1 1
10569 1 1 1 1 1 1 1
10578 27 2 2 27 0.0740740740740741 1 0.0740740740740741
10745 2 2 0 4 0 0 0
10764 14 2 2 14 0.142857142857143 1 0.142857142857143
10886 36 11 7 40 0.194444444444444 0.636363636363636 0.175
109 9 4 0 13 0 0 0
1101 1 1 1 1 1 1 1
1103 173 43 41 175 0.236994219653179 0.953488372093023 0.234285714285714
111 3 1 1 3 0.333333333333333 1 0.333333333333333
1125 1 1 1 1 1 1 1
1126 34 9 6 37 0.176470588235294 0.666666666666667 0.162162162162162
1133 1 1 1 1 1 1 1
11340 3 1 1 3 0.333333333333333 1 0.333333333333333
1140 24 3 1 26 0.0416666666666667 0.333333333333333 0.0384615384615385
11537 77 41 28 90 0.363636363636364 0.682926829268293 0.311111111111111
11588 12 1 1 12 0.0833333333333333 1 0.0833333333333333
11815 2 1 0 3 0 0 0
11960 5 2 2 5 0.4 1 0.4
11990 4 1 0 5 0 0 0
1200 36 11 7 40 0.194444444444444 0.636363636363636 0.175
12008 29 1 1 29 0.0344827586206897 1 0.0344827586206897
12046 2 1 1 2 0.5 1 0.5
12066 4 1 0 5 0 0 0
12111 24 1 0 25 0 0 0
1213 3 2 2 3 0.666666666666667 1 0.666666666666667
12199 1 2 0 3 0 0 0
1221 86 7 1 92 0.0116279069767442 0.142857142857143 0.0108695652173913
12312 24 1 1 24 0.0416666666666667 1 0.0416666666666667
12337 34 13 11 36 0.323529411764706 0.846153846153846 0.305555555555556
12353 2 4 1 5 0.5 0.25 0.2
12355 18 7 5 20 0.277777777777778 0.714285714285714 0.25
1237 31 2 1 32 0.032258064516129 0.5 0.03125
12371 2 1 0 3 0 0 0
12386 9 2 2 9 0.222222222222222 1 0.222222222222222
1239 1736 2 1 1737 0.000576036866359447 0.5 0.000575705238917674
12399 68 1 1 68 0.0147058823529412 1 0.0147058823529412
12401 10 3 2 11 0.2 0.666666666666667 0.181818181818182
12414 35 10 7 38 0.2 0.7 0.184210526315789
12533 2 1 0 3 0 0 0
1257 106 5 1 110 0.00943396226415094 0.2 0.00909090909090909
12600 14 1 1 14 0.0714285714285714 1 0.0714285714285714
12611 36 12 8 40 0.222222222222222 0.666666666666667 0.2
12634 33 11 7 37 0.212121212121212 0.636363636363636 0.189189189189189
12635 7 1 0 8 0 0 0
12637 3 4 0 7 0 0 0
12638 2 3 0 5 0 0 0
12657 2 3 2 3 1 0.666666666666667 0.666666666666667
1273 321 63 36 348 0.11214953271028 0.571428571428571 0.103448275862069
12731 34 13 8 39 0.235294117647059 0.615384615384615 0.205128205128205
12732 16 2 2 16 0.125 1 0.125
12741 53 1 0 54 0 0 0
12767 9 1 0 10 0 0 0
12769 6 1 1 6 0.166666666666667 1 0.166666666666667
12779 62 18 6 74 0.0967741935483871 0.333333333333333 0.0810810810810811
12816 1 1 1 1 1 1 1
12817 2 1 1 2 0.5 1 0.5
12853 1 6 0 7 0 0 0
12859 322 65 59 328 0.183229813664596 0.907692307692308 0.179878048780488
12871 31 16 9 38 0.290322580645161 0.5625 0.236842105263158
12895 6 1 1 6 0.166666666666667 1 0.166666666666667
12902 33 10 8 35 0.242424242424242 0.8 0.228571428571429
12931 3 1 0 4 0 0 0
12956 146 9 8 147 0.0547945205479452 0.888888888888889 0.054421768707483
12968 85 4 1 88 0.0117647058823529 0.25 0.0113636363636364
1299 433 23 20 436 0.046189376443418 0.869565217391304 0.0458715596330275
13 1 1 1 1 1 1 1
13030 611 2 2 611 0.00327332242225859 1 0.00327332242225859
13041 5 1 1 5 0.2 1 0.2
13092 4 1 1 4 0.25 1 0.25
13110 4 3 2 5 0.5 0.666666666666667 0.4
13115 4 2 1 5 0.25 0.5 0.2
1312 1 1 1 1 1 1 1
13189 15 1 1 15 0.0666666666666667 1 0.0666666666666667
13193 48 13 7 54 0.145833333333333 0.538461538461538 0.12962962962963
13237 454 36 32 458 0.0704845814977974 0.888888888888889 0.0698689956331878
13272 1 1 1 1 1 1 1
13645 163 21 15 169 0.0920245398773006 0.714285714285714 0.0887573964497041
13657 5 3 0 8 0 0 0
137 10 2 2 10 0.2 1 0.2
13911 5 1 0 6 0 0 0
13944 1 7 0 8 0 0 0
14277 10 10 3 17 0.3 0.3 0.176470588235294
145 4 2 0 6 0 0 0
15169 92 5 2 95 0.0217391304347826 0.4 0.0210526315789474
15440 8 1 0 9 0 0 0
15444 253 22 16 259 0.0632411067193676 0.727272727272727 0.0617760617760618
15501 2 2 2 2 1 1 1
15589 32 4 1 35 0.03125 0.25 0.0285714285714286
15598 51 5 2 54 0.0392156862745098 0.4 0.037037037037037
15623 19 3 2 20 0.105263157894737 0.666666666666667 0.1
15685 13 3 3 13 0.230769230769231 1 0.230769230769231
15694 40 1 1 40 0.025 1 0.025
15706 3 2 1 4 0.333333333333333 0.5 0.25
15725 2 2 1 3 0.5 0.5 0.333333333333333
15798 2 1 0 3 0 0 0
15919 7 1 1 7 0.142857142857143 1 0.142857142857143
16004 10 2 1 11 0.1 0.5 0.0909090909090909
16023 3 1 0 4 0 0 0
16030 45 10 6 49 0.133333333333333 0.6 0.122448979591837
16034 229 10 7 232 0.0305676855895196 0.7 0.0301724137931034
16086 29 8 5 32 0.172413793103448 0.625 0.15625
16128 11 3 3 11 0.272727272727273 1 0.272727272727273
16131 26 9 5 30 0.192307692307692 0.555555555555556 0.166666666666667
16150 252 5 2 255 0.00793650793650794 0.4 0.00784313725490196
16186 44 8 5 47 0.113636363636364 0.625 0.106382978723404
16215 179 38 33 184 0.184357541899441 0.868421052631579 0.179347826086957
16237 28 3 1 30 0.0357142857142857 0.333333333333333 0.0333333333333333
16245 19 2 1 20 0.0526315789473684 0.5 0.05
16265 186 1 0 187 0 0 0
16276 60 2 2 60 0.0333333333333333 1 0.0333333333333333
16305 1 1 1 1 1 1 1
16316 4 3 1 6 0.25 0.333333333333333 0.166666666666667
16397 11 1 0 12 0 0 0
1653 25 3 1 27 0.04 0.333333333333333 0.037037037037037
16531 13 1 0 14 0 0 0
1659 8 2 1 9 0.125 0.5 0.111111111111111
16713 30 2 1 31 0.0333333333333333 0.5 0.032258064516129
16838 12 1 0 13 0 0 0
16942 2 2 0 4 0 0 0
16993 2 1 0 3 0 0 0
17263 4 1 0 5 0 0 0
1741 9 2 2 9 0.222222222222222 1 0.222222222222222
17435 2 2 0 4 0 0 0
17511 10 2 0 12 0 0 0
17529 7 1 0 8 0 0 0
17554 8 1 1 8 0.125 1 0.125
17579 8 6 5 9 0.625 0.833333333333333 0.555555555555556
17676 33 6 2 37 0.0606060606060606 0.333333333333333 0.0540540540540541
17716 3 1 1 3 0.333333333333333 1 0.333333333333333
17828 4 1 0 5 0 0 0
17832 3 12 1 14 0.333333333333333 0.0833333333333333 0.0714285714285714
17843 2 1 1 2 0.5 1 0.5
17853 1 1 0 2 0 0 0
17934 2 6 1 7 0.5 0.166666666666667 0.142857142857143
1797 2 3 2 3 1 0.666666666666667 0.666666666666667
1798 3 3 0 6 0 0 0
18015 2 2 2 2 1 1 1
18062 2 2 1 3 0.5 0.5 0.333333333333333
18126 4 1 1 4 0.25 1 0.25
18182 4 1 0 5 0 0 0
18185 3 2 1 4 0.333333333333333 0.5 0.25
18206 3 2 0 5 0 0 0
18210 2 1 0 3 0 0 0
18266 4 1 1 4 0.25 1 0.25
18288 3 1 1 3 0.333333333333333 1 0.333333333333333
18344 1 1 0 2 0 0 0
1835 6 2 2 6 0.333333333333333 1 0.333333333333333
18422 5 2 2 5 0.4 1 0.4
1853 94 12 10 96 0.106382978723404 0.833333333333333 0.104166666666667
18592 24 6 6 24 0.25 1 0.25
18666 2 2 0 4 0 0 0
1879 1 1 1 1 1 1 1
1880 12 3 2 13 0.166666666666667 0.666666666666667 0.153846153846154
1881 1 1 1 1 1 1 1
1887 6 1 1 6 0.166666666666667 1 0.166666666666667
1888 1 1 1 1 1 1 1
1901 144 4 4 144 0.0277777777777778 1 0.0277777777777778
19021 1 1 0 2 0 0 0
1916 19 5 3 21 0.157894736842105 0.6 0.142857142857143
19165 2 1 0 3 0 0 0
1930 6 1 1 6 0.166666666666667 1 0.166666666666667
19318 22 4 2 24 0.0909090909090909 0.5 0.0833333333333333
19401 18 2 2 18 0.111111111111111 1 0.111111111111111
195 7 2 2 7 0.285714285714286 1 0.285714285714286
1955 11 1 1 11 0.0909090909090909 1 0.0909090909090909
19782 10 1 1 10 0.1 1 0.1
20080 11 2 2 11 0.181818181818182 1 0.181818181818182
2018 5 3 1 7 0.2 0.333333333333333 0.142857142857143
20312 4 2 2 4 0.5 1 0.5
2042 16 10 1 25 0.0625 0.1 0.04
20473 22 1 0 23 0 0 0
20495 47 6 4 49 0.0851063829787234 0.666666666666667 0.0816326530612245
20569 12 1 1 12 0.0833333333333333 1 0.0833333333333333
20597 2 1 0 3 0 0 0
20612 3 1 0 4 0 0 0
20621 2 1 1 2 0.5 1 0.5
20633 14 5 2 17 0.142857142857143 0.4 0.117647058823529
20640 197 59 49 207 0.248730964467005 0.830508474576271 0.236714975845411
20646 48 18 11 55 0.229166666666667 0.611111111111111 0.2
20650 6 1 1 6 0.166666666666667 1 0.166666666666667
20704 16 4 2 18 0.125 0.5 0.111111111111111
20712 7 2 0 9 0 0 0
20718 30 8 4 34 0.133333333333333 0.5 0.117647058823529
20745 1 3 0 4 0 0 0
20794 2 1 0 3 0 0 0
20834 30 4 2 32 0.0666666666666667 0.5 0.0625
20847 36 10 8 38 0.222222222222222 0.8 0.210526315789474
209 1231 7 5 1233 0.00406173842404549 0.714285714285714 0.0040551500405515
20900 1 1 0 2 0 0 0
20912 2 4 0 6 0 0 0
20965 47 39 39 47 0.829787234042553 1 0.829787234042553
210 9 1 1 9 0.111111111111111 1 0.111111111111111
2107 1 1 1 1 1 1 1
2108 1 1 1 1 1 1 1
2110 44 8 1 51 0.0227272727272727 0.125 0.0196078431372549
21119 6 1 1 6 0.166666666666667 1 0.166666666666667
21155 47 12 8 51 0.170212765957447 0.666666666666667 0.156862745098039
2116 29 2 1 30 0.0344827586206897 0.5 0.0333333333333333
21221 30 9 5 34 0.166666666666667 0.555555555555556 0.147058823529412
2128 2 1 1 2 0.5 1 0.5
21280 5 1 0 6 0 0 0
21385 36 10 8 38 0.222222222222222 0.8 0.210526315789474
2153 39 11 11 39 0.282051282051282 1 0.282051282051282
21844 12 1 1 12 0.0833333333333333 1 0.0833333333333333
21947 20 2 2 20 0.1 1 0.1
2200 45 3 3 45 0.0666666666666667 1 0.0666666666666667
22166 2 1 0 3 0 0 0
22388 6 5 5 6 0.833333333333333 1 0.833333333333333
224 5 6 2 9 0.4 0.333333333333333 0.222222222222222
22548 22 2 1 23 0.0454545454545455 0.5 0.0434782608695652
226 22 2 2 22 0.0909090909090909 1 0.0909090909090909
22767 2 1 1 2 0.5 1 0.5
23393 37 3 2 38 0.0540540540540541 0.666666666666667 0.0526315789473684
23504 22 3 1 24 0.0454545454545455 0.333333333333333 0.0416666666666667
23554 2 1 1 2 0.5 1 0.5
23600 3 2 2 3 0.666666666666667 1 0.666666666666667
23624 2 1 1 2 0.5 1 0.5
23634 4 2 2 4 0.5 1 0.5
23654 2 2 2 2 1 1 1
23754 1 1 0 2 0 0 0
23774 3 2 1 4 0.333333333333333 0.5 0.25
23775 2 1 0 3 0 0 0
23787 2 2 1 3 0.5 0.5 0.333333333333333
2381 29 3 2 30 0.0689655172413793 0.666666666666667 0.0666666666666667
23836 1 1 1 1 1 1 1
23902 2 1 0 3 0 0 0
23910 2 3 1 4 0.5 0.333333333333333 0.25
23911 2 8 2 8 1 0.25 0.25
23912 1 2 0 3 0 0 0
23966 4 2 0 6 0 0 0
24 8 5 4 9 0.5 0.8 0.444444444444444
24218 11 1 0 12 0 0 0
24226 3 1 0 4 0 0 0
24311 1 1 0 2 0 0 0
24433 2 1 0 3 0 0 0
24475 3 3 3 3 1 1 1
24489 6 3 3 6 0.5 1 0.5
24490 9 6 6 9 0.666666666666667 1 0.666666666666667
24514 1 1 1 1 1 1 1
24587 43 14 6 51 0.13953488372093 0.428571428571429 0.117647058823529
24724 30 4 4 30 0.133333333333333 1 0.133333333333333
24730 43 7 4 46 0.0930232558139535 0.571428571428571 0.0869565217391304
24776 5 2 1 6 0.2 0.5 0.166666666666667
24875 30 12 6 36 0.2 0.5 0.166666666666667
2497 210 58 42 226 0.2 0.724137931034483 0.185840707964602
24973 3 1 0 4 0 0 0
250 5 4 1 8 0.2 0.25 0.125
2500 32 35 10 57 0.3125 0.285714285714286 0.175438596491228
25058 1 1 1 1 1 1 1
2506 3 1 1 3 0.333333333333333 1 0.333333333333333
25061 14 1 0 15 0 0 0
2510 16 7 3 20 0.1875 0.428571428571429 0.15
25108 14 4 2 16 0.142857142857143 0.5 0.125
25137 5 4 3 6 0.6 0.75 0.5
2514 17 4 2 19 0.117647058823529 0.5 0.105263157894737
25152 41 5 2 44 0.0487804878048781 0.4 0.0454545454545455
2516 293 45 31 307 0.10580204778157 0.688888888888889 0.100977198697068
2518 49 8 3 54 0.0612244897959184 0.375 0.0555555555555556
2519 24 4 1 27 0.0416666666666667 0.25 0.037037037037037
25208 5 1 0 6 0 0 0
25220 15 2 2 15 0.133333333333333 1 0.133333333333333
25232 230 10 9 231 0.0391304347826087 0.9 0.038961038961039
2527 10 6 2 14 0.2 0.333333333333333 0.142857142857143
25358 18 7 2 23 0.111111111111111 0.285714285714286 0.0869565217391304
25384 8 2 0 10 0 0 0
2549 2 2 1 3 0.5 0.5 0.333333333333333
25538 2 1 0 3 0 0 0
25560 145 14 12 147 0.0827586206896552 0.857142857142857 0.0816326530612245
25689 5 2 1 6 0.2 0.5 0.166666666666667
2594 5 1 0 6 0 0 0
2595 2 1 0 3 0 0 0
2602 2 1 1 2 0.5 1 0.5
2603 30 11 8 33 0.266666666666667 0.727272727272727 0.242424242424242
2607 45 4 4 45 0.0888888888888889 1 0.0888888888888889
2611 50 10 9 51 0.18 0.9 0.176470588235294
2614 10 1 1 10 0.1 1 0.1
26415 20 3 0 23 0 0 0
26943 27 4 4 27 0.148148148148148 1 0.148148148148148
2697 4 1 1 4 0.25 1 0.25
27 2 1 1 2 0.5 1 0.5
27319 26 2 2 26 0.0769230769230769 1 0.0769230769230769
27446 5 1 0 6 0 0 0
27750 13 9 9 13 0.692307692307692 1 0.692307692307692
278 7 7 1 13 0.142857142857143 0.142857142857143 0.0769230769230769
27841 1 1 1 1 1 1 1
2819 22 4 0 26 0 0 0
2847 2 1 1 2 0.5 1 0.5
28472 1 1 1 1 1 1 1
2852 9 3 3 9 0.333333333333333 1 0.333333333333333
2857 138 1 1 138 0.0072463768115942 1 0.0072463768115942
286 307 15 13 309 0.0423452768729642 0.866666666666667 0.0420711974110032
2861 8 2 2 8 0.25 1 0.25
28678 2 1 1 2 0.5 1 0.5
28716 35 1 1 35 0.0285714285714286 1 0.0285714285714286
28725 5 1 1 5 0.2 1 0.2
28788 40 3 3 40 0.075 1 0.075
28814 1 1 1 1 1 1 1
2884 6 2 2 6 0.333333333333333 1 0.333333333333333
28855 6 1 1 6 0.166666666666667 1 0.166666666666667
2895 9 2 2 9 0.222222222222222 1 0.222222222222222
2905 26 1 0 27 0 0 0
2907 71 6 3 74 0.0422535211267606 0.5 0.0405405405405405
29134 3 1 0 4 0 0 0
2914 541 123 65 599 0.120147874306839 0.528455284552846 0.108514190317195
2915 19 8 1 26 0.0526315789473684 0.125 0.0384615384615385
292 1 1 1 1 1 1 1
29208 30 2 1 31 0.0333333333333333 0.5 0.032258064516129
29216 1 2 1 2 1 0.5 0.5
29243 2 1 1 2 0.5 1 0.5
29259 8 5 4 9 0.5 0.8 0.444444444444444
293 119 33 24 128 0.201680672268908 0.727272727272727 0.1875
29317 1 2 1 2 1 0.5 0.5
29402 8 1 1 8 0.125 1 0.125
29422 16 1 1 16 0.0625 1 0.0625
29432 1 1 1 1 1 1 1
29449 4 3 1 6 0.25 0.333333333333333 0.166666666666667
29452 5 3 0 8 0 0 0
29527 36 2 2 36 0.0555555555555556 1 0.0555555555555556
29632 6 1 0 7 0 0 0
29636 33 6 5 34 0.151515151515152 0.833333333333333 0.147058823529412
29668 26 2 1 27 0.0384615384615385 0.5 0.037037037037037
29670 2 1 0 3 0 0 0
29686 281 67 62 286 0.220640569395018 0.925373134328358 0.216783216783217
29748 31 2 2 31 0.0645161290322581 1 0.0645161290322581
29838 15 3 1 17 0.0666666666666667 0.333333333333333 0.0588235294117647
29877 6 3 1 8 0.166666666666667 0.333333333333333 0.125
29904 2 1 1 2 0.5 1 0.5
3 5 1 0 6 0 0 0
30071 21 83 10 94 0.476190476190476 0.120481927710843 0.106382978723404
30132 10 3 3 10 0.3 1 0.3
30653 17 3 1 19 0.0588235294117647 0.333333333333333 0.0526315789473684
3066 8 2 1 9 0.125 0.5 0.111111111111111
30834 3 1 1 3 0.333333333333333 1 0.333333333333333
30947 3 1 1 3 0.333333333333333 1 0.333333333333333
31064 1 1 0 2 0 0 0
31103 3 3 0 6 0 0 0
31127 3 1 1 3 0.333333333333333 1 0.333333333333333
31246 6 1 1 6 0.166666666666667 1 0.166666666666667
31265 1 1 1 1 1 1 1
31283 54 4 2 56 0.037037037037037 0.5 0.0357142857142857
31333 3 2 2 3 0.666666666666667 1 0.666666666666667
31383 19 7 3 23 0.157894736842105 0.428571428571429 0.130434782608696
31424 8 1 0 9 0 0 0
31458 28 1 0 29 0 0 0
31479 5 1 1 5 0.2 1 0.2
31513 2 1 1 2 0.5 1 0.5
31708 3 1 1 3 0.333333333333333 1 0.333333333333333
31859 2 1 0 3 0 0 0
31985 6 1 0 7 0 0 0
32034 7 2 1 8 0.142857142857143 0.5 0.125
3212 40 1 1 40 0.025 1 0.025
3213 121 4 4 121 0.0330578512396694 1 0.0330578512396694
3221 1 1 1 1 1 1 1
32361 6 1 1 6 0.166666666666667 1 0.166666666666667
3243 11 3 1 13 0.0909090909090909 0.333333333333333 0.0769230769230769
32459 3 1 1 3 0.333333333333333 1 0.333333333333333
3246 123 13 11 125 0.0894308943089431 0.846153846153846 0.088
3248 28 4 2 30 0.0714285714285714 0.5 0.0666666666666667
3249 39 7 3 43 0.0769230769230769 0.428571428571429 0.0697674418604651
3257 308 138 61 385 0.198051948051948 0.442028985507246 0.158441558441558
3265 61 12 8 65 0.131147540983607 0.666666666666667 0.123076923076923
3268 1 1 1 1 1 1 1
3277 103 1 0 104 0 0 0
3292 312 9 7 314 0.0224358974358974 0.777777777777778 0.0222929936305732
32978 3 1 1 3 0.333333333333333 1 0.333333333333333
3301 42 2 1 43 0.0238095238095238 0.5 0.0232558139534884
3303 565 2 1 566 0.00176991150442478 0.5 0.00176678445229682
3320 393 10 5 398 0.0127226463104326 0.5 0.0125628140703518
3327 41 7 5 43 0.121951219512195 0.714285714285714 0.116279069767442
3333 144 8 6 146 0.0416666666666667 0.75 0.0410958904109589
3343 16 6 3 19 0.1875 0.5 0.157894736842105
33437 1 8 1 8 1 0.125 0.125
3344 31 18 6 43 0.193548387096774 0.333333333333333 0.13953488372093
3352 57 3 1 59 0.0175438596491228 0.333333333333333 0.0169491525423729
3356 1298 24 21 1301 0.0161787365177196 0.875 0.016141429669485
33956 4 3 3 4 0.75 1 0.75
34081 2 1 1 2 0.5 1 0.5
34243 1 1 1 1 1 1 1
34288 6 3 1 8 0.166666666666667 0.333333333333333 0.125
34419 5 2 1 6 0.2 0.5 0.166666666666667
34623 1 1 1 1 1 1 1
34631 2 1 1 2 0.5 1 0.5
34763 53 12 5 60 0.0943396226415094 0.416666666666667 0.0833333333333333
34771 4 3 3 4 0.75 1 0.75
35003 2 1 1 2 0.5 1 0.5
35028 29 1 1 29 0.0344827586206897 1 0.0344827586206897
35045 2 1 0 3 0 0 0
35244 15 5 4 16 0.266666666666667 0.8 0.25
35292 2 1 0 3 0 0 0
35425 6 1 1 6 0.166666666666667 1 0.166666666666667
35485 9 1 1 9 0.111111111111111 1 0.111111111111111
3549 795 59 41 813 0.0515723270440252 0.694915254237288 0.050430504305043
3551 1 1 0 2 0 0 0
3557 84 21 14 91 0.166666666666667 0.666666666666667 0.153846153846154
35612 2 3 0 5 0 0 0
35706 9 1 1 9 0.111111111111111 1 0.111111111111111
3597 9 1 1 9 0.111111111111111 1 0.111111111111111
3662 12 1 1 12 0.0833333333333333 1 0.0833333333333333
3671 2 1 1 2 0.5 1 0.5
3741 226 1 0 227 0 0 0
3758 35 6 0 41 0 0 0
376 11 1 1 11 0.0909090909090909 1 0.0909090909090909
378 3 1 1 3 0.333333333333333 1 0.333333333333333
3790 2 1 1 2 0.5 1 0.5
3825 1 2 0 3 0 0 0
3836 5 9 1 13 0.2 0.111111111111111 0.0769230769230769
39122 3 1 1 3 0.333333333333333 1 0.333333333333333
39469 1 1 1 1 1 1 1
39854 1 1 0 2 0 0 0
4134 60 1 0 61 0 0 0
42 75 2 2 75 0.0266666666666667 1 0.0266666666666667
4436 86 9 8 87 0.0930232558139535 0.888888888888889 0.0919540229885057
4538 18 8 4 22 0.222222222222222 0.5 0.181818181818182
4555 1 4 0 5 0 0 0
4589 168 24 16 176 0.0952380952380952 0.666666666666667 0.0909090909090909
4608 3 2 1 4 0.333333333333333 0.5 0.25
4618 16 6 1 21 0.0625 0.166666666666667 0.0476190476190476
4621 25 3 2 26 0.08 0.666666666666667 0.0769230769230769
4645 13 1 1 13 0.0769230769230769 1 0.0769230769230769
4651 28 6 4 30 0.142857142857143 0.666666666666667 0.133333333333333
4673 8 1 1 8 0.125 1 0.125
4675 7 5 2 10 0.285714285714286 0.4 0.2
4677 5 7 2 10 0.4 0.285714285714286 0.2
4678 7 6 2 11 0.285714285714286 0.333333333333333 0.181818181818182
4680 10 5 2 13 0.2 0.4 0.153846153846154
4685 8 5 3 10 0.375 0.6 0.3
4688 10 7 3 14 0.3 0.428571428571429 0.214285714285714
4691 9 10 3 16 0.333333333333333 0.3 0.1875
4694 29 2 2 29 0.0689655172413793 1 0.0689655172413793
4697 1 15 1 15 1 0.0666666666666667 0.0666666666666667
4702 6 3 2 7 0.333333333333333 0.666666666666667 0.285714285714286
4713 83 5 5 83 0.0602409638554217 1 0.0602409638554217
4716 90 40 12 118 0.133333333333333 0.3 0.101694915254237
4717 4 2 2 4 0.5 1 0.5
4718 3 4 1 6 0.333333333333333 0.25 0.166666666666667
4721 12 6 0 18 0 0 0
4725 115 35 13 137 0.11304347826087 0.371428571428571 0.0948905109489051
4738 1 1 1 1 1 1 1
4747 9 2 0 11 0 0 0
4750 32 4 1 35 0.03125 0.25 0.0285714285714286
4774 2 2 2 2 1 1 1
4775 42 2 1 43 0.0238095238095238 0.5 0.0232558139534884
4777 26 7 5 28 0.192307692307692 0.714285714285714 0.178571428571429
4780 26 2 1 27 0.0384615384615385 0.5 0.037037037037037
4782 2 2 0 4 0 0 0
4787 8 5 0 13 0 0 0
4788 92 7 2 97 0.0217391304347826 0.285714285714286 0.0206185567010309
4795 29 2 0 31 0 0 0
5050 16 2 2 16 0.125 1 0.125
513 34 7 5 36 0.147058823529412 0.714285714285714 0.138888888888889
5381 13 2 0 15 0 0 0
5385 11 8 3 16 0.272727272727273 0.375 0.1875
5401 4 1 1 4 0.25 1 0.25
5408 29 2 2 29 0.0689655172413793 1 0.0689655172413793
5410 51 5 1 55 0.0196078431372549 0.2 0.0181818181818182
5417 174 32 26 180 0.149425287356322 0.8125 0.144444444444444
5418 8 1 1 8 0.125 1 0.125
5430 73 16 11 78 0.150684931506849 0.6875 0.141025641025641
5459 208 8 7 209 0.0336538461538462 0.875 0.0334928229665072
5466 67 2 1 68 0.0149253731343284 0.5 0.0147058823529412
5486 39 2 0 41 0 0 0
5511 163 23 19 167 0.116564417177914 0.826086956521739 0.11377245508982
553 43 10 8 45 0.186046511627907 0.8 0.177777777777778
5533 6 1 1 6 0.166666666666667 1 0.166666666666667
5537 31 2 1 32 0.032258064516129 0.5 0.03125
5539 33 41 16 58 0.484848484848485 0.390243902439024 0.275862068965517
5549 3 2 2 3 0.666666666666667 1 0.666666666666667
5550 4 3 1 6 0.25 0.333333333333333 0.166666666666667
5568 93 3 3 93 0.032258064516129 1 0.032258064516129
559 54 15 13 56 0.240740740740741 0.866666666666667 0.232142857142857
5602 16 3 2 17 0.125 0.666666666666667 0.117647058823529
5609 2 12 0 14 0 0 0
5623 1 3 0 4 0 0 0
5669 38 2 0 40 0 0 0
5693 7 2 0 9 0 0 0
57 19 2 2 19 0.105263157894737 1 0.105263157894737
5713 76 3 1 78 0.0131578947368421 0.333333333333333 0.0128205128205128
577 108 1 1 108 0.00925925925925926 1 0.00925925925925926
6057 4 3 1 6 0.25 0.333333333333333 0.166666666666667
6062 9 3 0 12 0 0 0
6066 3 2 1 4 0.333333333333333 0.5 0.25
6140 115 1 0 116 0 0 0
6163 8 2 0 10 0 0 0
6263 3 1 1 3 0.333333333333333 1 0.333333333333333
6320 194 2 1 195 0.00515463917525773 0.5 0.00512820512820513
6342 4 1 0 5 0 0 0
6360 8 2 2 8 0.25 1 0.25
6435 3 11 0 14 0 0 0
6453 363 39 29 373 0.0798898071625344 0.743589743589744 0.0777479892761394
6461 711 3 3 711 0.00421940928270042 1 0.00421940928270042
6509 37 4 4 37 0.108108108108108 1 0.108108108108108
6596 23 1 1 23 0.0434782608695652 1 0.0434782608695652
6619 12 2 0 14 0 0 0
6629 2 1 1 2 0.5 1 0.5
6648 21 2 1 22 0.0476190476190476 0.5 0.0454545454545455
6666 36 13 8 41 0.222222222222222 0.615384615384615 0.195121951219512
6667 449 71 68 452 0.151447661469933 0.957746478873239 0.150442477876106
668 39 7 3 43 0.0769230769230769 0.428571428571429 0.0697674418604651
6695 114 9 8 115 0.0701754385964912 0.888888888888889 0.0695652173913043
6696 4 3 1 6 0.25 0.333333333333333 0.166666666666667
6706 5 3 2 6 0.4 0.666666666666667 0.333333333333333
6730 605 6 5 606 0.00826446280991736 0.833333333333333 0.00825082508250825
6762 142 24 18 148 0.126760563380282 0.75 0.121621621621622
6770 41 11 5 47 0.121951219512195 0.454545454545455 0.106382978723404
6772 10 3 3 10 0.3 1 0.3
6774 71 7 5 73 0.0704225352112676 0.714285714285714 0.0684931506849315
6775 4 2 1 5 0.25 0.5 0.2
680 43 10 8 45 0.186046511627907 0.8 0.177777777777778
6802 8 2 2 8 0.25 1 0.25
6830 79 75 21 133 0.265822784810127 0.28 0.157894736842105
6881 57 1 1 57 0.0175438596491228 1 0.0175438596491228
6893 5 1 0 6 0 0 0
6895 7 1 1 7 0.142857142857143 1 0.142857142857143
6939 527 37 16 548 0.0303605313092979 0.432432432432432 0.0291970802919708
7018 2044 7 4 2047 0.00195694716242661 0.571428571428571 0.00195407914020518
7019 1 1 1 1 1 1 1
7065 12 2 1 13 0.0833333333333333 0.5 0.0769230769230769
7066 26 2 2 26 0.0769230769230769 1 0.0769230769230769
719 11 1 1 11 0.0909090909090909 1 0.0909090909090909
7470 27 1 1 27 0.037037037037037 1 0.037037037037037
7500 68 4 2 70 0.0294117647058824 0.5 0.0285714285714286
7514 20 9 5 24 0.25 0.555555555555556 0.208333333333333
7516 4 1 0 5 0 0 0
7521 5 2 1 6 0.2 0.5 0.166666666666667
7522 7 5 2 10 0.285714285714286 0.4 0.2
7530 1 1 0 2 0 0 0
7539 21 11 7 25 0.333333333333333 0.636363636363636 0.28
7570 3 4 1 6 0.333333333333333 0.25 0.166666666666667
7575 283 48 45 286 0.159010600706714 0.9375 0.157342657342657
7610 19 2 1 20 0.0526315789473684 0.5 0.05
766 15 5 4 16 0.266666666666667 0.8 0.25
7660 35 28 14 49 0.4 0.5 0.285714285714286
7665 2 1 1 2 0.5 1 0.5
7667 3 1 0 4 0 0 0
7668 9 1 0 10 0 0 0
7670 18 2 1 19 0.0555555555555556 0.5 0.0526315789473684
7671 4 33 3 34 0.75 0.0909090909090909 0.0882352941176471
7682 12 3 2 13 0.166666666666667 0.666666666666667 0.153846153846154
7687 4 2 1 5 0.25 0.5 0.2
7781 4 4 1 7 0.25 0.25 0.142857142857143
7786 5 1 0 6 0 0 0
786 45 9 2 52 0.0444444444444444 0.222222222222222 0.0384615384615385
790 2 1 1 2 0.5 1 0.5
7949 9 2 0 11 0 0 0
8002 37 3 2 38 0.0540540540540541 0.666666666666667 0.0526315789473684
8071 6 1 1 6 0.166666666666667 1 0.166666666666667
8121 35 6 4 37 0.114285714285714 0.666666666666667 0.108108108108108
8158 2 1 0 3 0 0 0
8195 162 8 6 164 0.037037037037037 0.75 0.0365853658536585
8220 482 13 11 484 0.0228215767634855 0.846153846153846 0.0227272727272727
8226 3 3 1 5 0.333333333333333 0.333333333333333 0.2
8237 4 3 2 5 0.5 0.666666666666667 0.4
8246 135 1 0 136 0 0 0
8256 1 1 1 1 1 1 1
8267 2 1 1 2 0.5 1 0.5
8286 1 1 0 2 0 0 0
8319 31 13 8 36 0.258064516129032 0.615384615384615 0.222222222222222
8364 10 1 0 11 0 0 0
8365 36 15 10 41 0.277777777777778 0.666666666666667 0.24390243902439
8419 181 3 2 182 0.0110497237569061 0.666666666666667 0.010989010989011
8426 234 7 5 236 0.0213675213675214 0.714285714285714 0.0211864406779661
8447 319 16 14 321 0.0438871473354232 0.875 0.043613707165109
8469 36 9 7 38 0.194444444444444 0.777777777777778 0.184210526315789
8473 15 4 1 18 0.0666666666666667 0.25 0.0555555555555556
8481 2 1 0 3 0 0 0
8495 5 1 1 5 0.2 1 0.2
8501 33 8 8 33 0.242424242424242 1 0.242424242424242
8517 18 1 1 18 0.0555555555555556 1 0.0555555555555556
852 119 1 1 119 0.00840336134453781 1 0.00840336134453781
8527 13 2 2 13 0.153846153846154 1 0.153846153846154
8560 61 6 4 63 0.0655737704918033 0.666666666666667 0.0634920634920635
8586 66 5 3 68 0.0454545454545455 0.6 0.0441176470588235
8591 22 5 3 24 0.136363636363636 0.6 0.125
8657 82 3 2 83 0.024390243902439 0.666666666666667 0.0240963855421687
8664 6 1 0 7 0 0 0
8665 20 12 7 25 0.35 0.583333333333333 0.28
8674 44 3 3 44 0.0681818181818182 1 0.0681818181818182
8708 192 6 5 193 0.0260416666666667 0.833333333333333 0.0259067357512953
8728 1 1 1 1 1 1 1
8737 33 6 4 35 0.121212121212121 0.666666666666667 0.114285714285714
8758 7 4 2 9 0.285714285714286 0.5 0.222222222222222
8763 131 33 31 133 0.236641221374046 0.939393939393939 0.233082706766917
8767 40 12 9 43 0.225 0.75 0.209302325581395
8820 222 4 1 225 0.0045045045045045 0.25 0.00444444444444444
8881 148 8 7 149 0.0472972972972973 0.875 0.0469798657718121
8903 10 3 0 13 0 0 0
8921 1 2 0 3 0 0 0
8943 17 2 1 18 0.0588235294117647 0.5 0.0555555555555556
8954 19 5 2 22 0.105263157894737 0.4 0.0909090909090909
8966 65 1 1 65 0.0153846153846154 1 0.0153846153846154
8970 2 1 1 2 0.5 1 0.5
8975 59 3 2 60 0.0338983050847458 0.666666666666667 0.0333333333333333
8978 3 2 0 5 0 0 0
9009 195 3 3 195 0.0153846153846154 1 0.0153846153846154
9052 3 2 0 5 0 0 0
9080 7 2 1 8 0.142857142857143 0.5 0.125
9085 6 1 1 6 0.166666666666667 1 0.166666666666667
9112 8 1 1 8 0.125 1 0.125
9150 28 3 3 28 0.107142857142857 1 0.107142857142857
9153 33 2 1 34 0.0303030303030303 0.5 0.0294117647058824
9162 2 1 0 3 0 0 0
9264 54 35 5 84 0.0925925925925926 0.142857142857143 0.0595238095238095
9270 34 6 5 35 0.147058823529412 0.833333333333333 0.142857142857143
9299 35 1 1 35 0.0285714285714286 1 0.0285714285714286
9316 37 1 0 38 0 0 0
9340 5 1 0 6 0 0 0
9406 1 2 0 3 0 0 0
9416 17 1 0 18 0 0 0
9505 71 4 3 72 0.0422535211267606 0.75 0.0416666666666667
9583 30 1 0 31 0 0 0
9595 10 3 2 11 0.2 0.666666666666667 0.181818181818182
9600 7 7 2 12 0.285714285714286 0.285714285714286 0.166666666666667
9607 8 1 0 9 0 0 0
9619 2 2 2 2 1 1 1
9621 3 7 2 8 0.666666666666667 0.285714285714286 0.25
9622 7 1 1 7 0.142857142857143 1 0.142857142857143
9687 2 1 1 2 0.5 1 0.5
9700 4 2 2 4 0.5 1 0.5
9758 1 1 0 2 0 0 0
9800 36 1 0 37 0 0 0
9821 2 2 2 2 1 1 1
9844 2 1 0 3 0 0 0
9901 20 2 0 22 0 0 0
9919 19 1 0 20 0 0 0
9995 3 2 2 3 0.666666666666667 1 0.666666666666667
