#ASN num_v4adj num_v6adj num_intersect(v4v6adj) num_union(adj) fr_v4(num_intersect/num_v4adj) fr_v6(num_intersect/num_v6adj) fr_intersect(num_intersect/num_union)
10013 2 8 1 9 0.5 0.125 0.111111111111111
10015 11 1 0 12 0 0 0
10084 7 1 1 7 0.142857142857143 1 0.142857142857143
101 51 4 4 51 0.0784313725490196 1 0.0784313725490196
102 3 1 1 3 0.333333333333333 1 0.333333333333333
10204 8 5 1 12 0.125 0.2 0.0833333333333333
10217 16 2 1 17 0.0625 0.5 0.0588235294117647
10318 2 1 0 3 0 0 0
10480 7 1 1 7 0.142857142857143 1 0.142857142857143
10490 28 2 2 28 0.0714285714285714 1 0.0714285714285714
10533 1 2 1 2 1 0.5 0.5
10569 1 1 1 1 1 1 1
10578 27 2 2 27 0.0740740740740741 1 0.0740740740740741
10745 2 3 0 5 0 0 0
10764 12 2 2 12 0.166666666666667 1 0.166666666666667
10778 4 2 2 4 0.5 1 0.5
10886 37 13 6 44 0.162162162162162 0.461538461538462 0.136363636363636
109 10 5 0 15 0 0 0
1103 178 37 34 181 0.191011235955056 0.918918918918919 0.187845303867403
111 3 1 1 3 0.333333333333333 1 0.333333333333333
1126 36 10 7 39 0.194444444444444 0.7 0.179487179487179
11340 4 1 1 4 0.25 1 0.25
1140 20 3 1 22 0.05 0.333333333333333 0.0454545454545455
11537 81 44 31 94 0.382716049382716 0.704545454545455 0.329787234042553
11588 14 1 1 14 0.0714285714285714 1 0.0714285714285714
11656 1 1 0 2 0 0 0
11815 2 1 0 3 0 0 0
11960 4 2 2 4 0.5 1 0.5
11990 4 1 0 5 0 0 0
1200 37 12 8 41 0.216216216216216 0.666666666666667 0.195121951219512
12008 27 1 1 27 0.037037037037037 1 0.037037037037037
12041 1 1 1 1 1 1 1
12046 1 1 1 1 1 1 1
12111 23 1 0 24 0 0 0
1213 4 2 2 4 0.5 1 0.5
12199 1 2 0 3 0 0 0
1221 89 6 1 94 0.0112359550561798 0.166666666666667 0.0106382978723404
12287 2 1 1 2 0.5 1 0.5
12312 26 1 1 26 0.0384615384615385 1 0.0384615384615385
12337 35 13 11 37 0.314285714285714 0.846153846153846 0.297297297297297
12353 4 3 0 7 0 0 0
12355 13 8 6 15 0.461538461538462 0.75 0.4
1237 34 3 2 35 0.0588235294117647 0.666666666666667 0.0571428571428571
12371 2 1 0 3 0 0 0
12386 11 2 2 11 0.181818181818182 1 0.181818181818182
1239 1738 2 1 1739 0.000575373993095512 0.5 0.000575043128234618
12399 75 1 1 75 0.0133333333333333 1 0.0133333333333333
12401 12 2 1 13 0.0833333333333333 0.5 0.0769230769230769
12414 36 13 9 40 0.25 0.692307692307692 0.225
12429 18 1 1 18 0.0555555555555556 1 0.0555555555555556
12533 2 1 0 3 0 0 0
1257 102 5 1 106 0.00980392156862745 0.2 0.00943396226415094
12600 13 1 1 13 0.0769230769230769 1 0.0769230769230769
12611 34 15 9 40 0.264705882352941 0.6 0.225
12634 34 13 10 37 0.294117647058824 0.769230769230769 0.27027027027027
12637 7 4 1 10 0.142857142857143 0.25 0.1
12638 2 3 0 5 0 0 0
12657 2 3 2 3 1 0.666666666666667 0.666666666666667
12709 2 1 0 3 0 0 0
1273 330 69 42 357 0.127272727272727 0.608695652173913 0.117647058823529
12731 33 10 7 36 0.212121212121212 0.7 0.194444444444444
12732 16 2 2 16 0.125 1 0.125
12741 65 1 0 66 0 0 0
12767 11 1 0 12 0 0 0
12769 6 1 1 6 0.166666666666667 1 0.166666666666667
12779 65 16 6 75 0.0923076923076923 0.375 0.08
12816 1 1 1 1 1 1 1
12817 2 2 2 2 1 1 1
12853 1 6 0 7 0 0 0
12859 328 69 63 334 0.192073170731707 0.91304347826087 0.188622754491018
12871 27 16 9 34 0.333333333333333 0.5625 0.264705882352941
12874 106 2 2 106 0.0188679245283019 1 0.0188679245283019
12895 7 1 1 7 0.142857142857143 1 0.142857142857143
12902 35 12 9 38 0.257142857142857 0.75 0.236842105263158
12931 4 1 1 4 0.25 1 0.25
12956 147 9 8 148 0.054421768707483 0.888888888888889 0.0540540540540541
12968 93 3 1 95 0.010752688172043 0.333333333333333 0.0105263157894737
12989 338 4 4 338 0.0118343195266272 1 0.0118343195266272
1299 445 28 22 451 0.049438202247191 0.785714285714286 0.0487804878048781
13030 640 6 6 640 0.009375 1 0.009375
13039 4 1 1 4 0.25 1 0.25
13041 6 1 1 6 0.166666666666667 1 0.166666666666667
13092 5 1 1 5 0.2 1 0.2
13110 4 2 2 4 0.5 1 0.5
13115 4 2 1 5 0.25 0.5 0.2
13189 19 2 2 19 0.105263157894737 1 0.105263157894737
13193 47 14 8 53 0.170212765957447 0.571428571428571 0.150943396226415
132 2 1 1 2 0.5 1 0.5
13237 461 47 39 469 0.0845986984815618 0.829787234042553 0.0831556503198294
13272 1 1 1 1 1 1 1
13319 3 1 0 4 0 0 0
13645 83 21 12 92 0.144578313253012 0.571428571428571 0.130434782608696
137 14 4 4 14 0.285714285714286 1 0.285714285714286
13802 6 1 0 7 0 0 0
13911 5 1 0 6 0 0 0
14277 10 10 3 17 0.3 0.3 0.176470588235294
15169 91 5 2 94 0.021978021978022 0.4 0.0212765957446809
15412 270 2 1 271 0.0037037037037037 0.5 0.003690036900369
15444 244 23 14 253 0.0573770491803279 0.608695652173913 0.0553359683794466
15456 4 2 0 6 0 0 0
15469 1 1 0 2 0 0 0
15501 2 2 2 2 1 1 1
15589 35 6 1 40 0.0285714285714286 0.166666666666667 0.025
15598 48 10 6 52 0.125 0.6 0.115384615384615
15623 25 3 2 26 0.08 0.666666666666667 0.0769230769230769
15685 14 3 3 14 0.214285714285714 1 0.214285714285714
15694 41 1 1 41 0.024390243902439 1 0.024390243902439
15706 3 2 1 4 0.333333333333333 0.5 0.25
15725 2 2 1 3 0.5 0.5 0.333333333333333
15798 2 1 0 3 0 0 0
15919 7 1 1 7 0.142857142857143 1 0.142857142857143
16004 9 2 1 10 0.111111111111111 0.5 0.1
16023 3 1 0 4 0 0 0
16030 53 14 11 56 0.207547169811321 0.785714285714286 0.196428571428571
16034 233 22 19 236 0.0815450643776824 0.863636363636364 0.0805084745762712
16086 31 17 4 44 0.129032258064516 0.235294117647059 0.0909090909090909
16111 3 1 1 3 0.333333333333333 1 0.333333333333333
16128 12 3 3 12 0.25 1 0.25
16131 29 8 5 32 0.172413793103448 0.625 0.15625
16150 249 5 2 252 0.00803212851405622 0.4 0.00793650793650794
16186 44 9 5 48 0.113636363636364 0.555555555555556 0.104166666666667
16215 200 37 36 201 0.18 0.972972972972973 0.17910447761194
16237 25 4 2 27 0.08 0.5 0.0740740740740741
16245 19 2 1 20 0.0526315789473684 0.5 0.05
16265 100 2 1 101 0.01 0.5 0.0099009900990099
16276 59 2 2 59 0.0338983050847458 1 0.0338983050847458
16305 1 1 1 1 1 1 1
16316 4 3 1 6 0.25 0.333333333333333 0.166666666666667
16397 9 1 0 10 0 0 0
1653 28 3 1 30 0.0357142857142857 0.333333333333333 0.0333333333333333
16531 8 1 0 9 0 0 0
1659 7 3 2 8 0.285714285714286 0.666666666666667 0.25
16668 6 1 1 6 0.166666666666667 1 0.166666666666667
16713 31 2 1 32 0.032258064516129 0.5 0.03125
16838 13 1 0 14 0 0 0
16942 2 2 0 4 0 0 0
16993 2 1 0 3 0 0 0
17263 3 1 0 4 0 0 0
1741 9 3 2 10 0.222222222222222 0.666666666666667 0.2
17435 2 2 0 4 0 0 0
17511 9 2 0 11 0 0 0
17529 6 1 0 7 0 0 0
17554 8 2 2 8 0.25 1 0.25
17579 9 4 3 10 0.333333333333333 0.75 0.3
1764 18 5 3 20 0.166666666666667 0.6 0.15
17676 32 6 2 36 0.0625 0.333333333333333 0.0555555555555556
17716 3 1 1 3 0.333333333333333 1 0.333333333333333
17832 4 11 0 15 0 0 0
17853 1 1 0 2 0 0 0
17934 2 4 1 5 0.5 0.25 0.2
1797 2 3 2 3 1 0.666666666666667 0.666666666666667
1798 3 2 0 5 0 0 0
18015 2 2 2 2 1 1 1
18062 1 1 0 2 0 0 0
18119 1 1 0 2 0 0 0
18126 4 1 1 4 0.25 1 0.25
18182 3 1 0 4 0 0 0
18185 4 2 1 5 0.25 0.5 0.2
18206 4 2 0 6 0 0 0
18210 2 1 0 3 0 0 0
18266 3 1 1 3 0.333333333333333 1 0.333333333333333
18288 2 1 0 3 0 0 0
18344 1 1 0 2 0 0 0
1835 6 2 2 6 0.333333333333333 1 0.333333333333333
18422 4 2 2 4 0.5 1 0.5
1853 97 14 11 100 0.11340206185567 0.785714285714286 0.11
18592 23 8 6 25 0.260869565217391 0.75 0.24
18666 3 2 0 5 0 0 0
1879 1 1 1 1 1 1 1
1880 13 3 2 14 0.153846153846154 0.666666666666667 0.142857142857143
1881 1 1 1 1 1 1 1
1887 6 1 1 6 0.166666666666667 1 0.166666666666667
1901 74 2 1 75 0.0135135135135135 0.5 0.0133333333333333
19021 1 1 0 2 0 0 0
1916 19 4 3 20 0.157894736842105 0.75 0.15
19165 3 1 0 4 0 0 0
19166 3 1 1 3 0.333333333333333 1 0.333333333333333
1930 5 2 1 6 0.2 0.5 0.166666666666667
19318 35 8 5 38 0.142857142857143 0.625 0.131578947368421
19401 29 5 5 29 0.172413793103448 1 0.172413793103448
195 7 2 2 7 0.285714285714286 1 0.285714285714286
1955 11 2 2 11 0.181818181818182 1 0.181818181818182
19782 12 1 1 12 0.0833333333333333 1 0.0833333333333333
20080 14 2 2 14 0.142857142857143 1 0.142857142857143
2018 5 4 1 8 0.2 0.25 0.125
20312 6 2 1 7 0.166666666666667 0.5 0.142857142857143
2042 15 2 1 16 0.0666666666666667 0.5 0.0625
20473 22 1 0 23 0 0 0
20495 46 7 5 48 0.108695652173913 0.714285714285714 0.104166666666667
20569 12 1 1 12 0.0833333333333333 1 0.0833333333333333
20597 2 1 0 3 0 0 0
20612 3 1 1 3 0.333333333333333 1 0.333333333333333
20621 2 1 1 2 0.5 1 0.5
20633 15 8 3 20 0.2 0.375 0.15
20640 199 65 52 212 0.261306532663317 0.8 0.245283018867925
20646 45 19 10 54 0.222222222222222 0.526315789473684 0.185185185185185
20650 7 1 1 7 0.142857142857143 1 0.142857142857143
20704 20 4 2 22 0.1 0.5 0.0909090909090909
20712 7 2 0 9 0 0 0
20718 31 10 4 37 0.129032258064516 0.4 0.108108108108108
20745 1 3 0 4 0 0 0
20794 2 1 0 3 0 0 0
20834 33 5 4 34 0.121212121212121 0.8 0.117647058823529
20847 28 12 7 33 0.25 0.583333333333333 0.212121212121212
209 1269 6 5 1270 0.00394011032308905 0.833333333333333 0.00393700787401575
20900 2 1 0 3 0 0 0
20912 4 5 0 9 0 0 0
20965 47 40 40 47 0.851063829787234 1 0.851063829787234
210 9 1 1 9 0.111111111111111 1 0.111111111111111
21055 23 2 1 24 0.0434782608695652 0.5 0.0416666666666667
2107 1 1 1 1 1 1 1
2108 1 1 1 1 1 1 1
2110 46 7 1 52 0.0217391304347826 0.142857142857143 0.0192307692307692
21119 6 1 1 6 0.166666666666667 1 0.166666666666667
21155 41 12 9 44 0.219512195121951 0.75 0.204545454545455
2116 30 2 1 31 0.0333333333333333 0.5 0.032258064516129
21221 26 9 6 29 0.230769230769231 0.666666666666667 0.206896551724138
2128 4 1 1 4 0.25 1 0.25
21280 6 1 0 7 0 0 0
21385 35 10 7 38 0.2 0.7 0.184210526315789
2153 38 6 6 38 0.157894736842105 1 0.157894736842105
21844 12 1 1 12 0.0833333333333333 1 0.0833333333333333
21947 18 2 2 18 0.111111111111111 1 0.111111111111111
22 1 1 1 1 1 1 1
2200 44 3 3 44 0.0681818181818182 1 0.0681818181818182
22166 2 1 0 3 0 0 0
22388 8 6 6 8 0.75 1 0.75
224 5 7 2 10 0.4 0.285714285714286 0.2
22548 21 2 1 22 0.0476190476190476 0.5 0.0454545454545455
226 20 2 2 20 0.1 1 0.1
22767 2 1 1 2 0.5 1 0.5
23265 18 1 1 18 0.0555555555555556 1 0.0555555555555556
23393 38 3 2 39 0.0526315789473684 0.666666666666667 0.0512820512820513
23504 27 7 2 32 0.0740740740740741 0.285714285714286 0.0625
23541 2 2 1 3 0.5 0.5 0.333333333333333
23554 2 2 2 2 1 1 1
23596 1 1 1 1 1 1 1
23600 3 2 1 4 0.333333333333333 0.5 0.25
23601 1 2 1 2 1 0.5 0.5
23624 2 1 1 2 0.5 1 0.5
23634 4 2 2 4 0.5 1 0.5
23654 2 2 2 2 1 1 1
23754 1 1 0 2 0 0 0
23774 3 2 1 4 0.333333333333333 0.5 0.25
23787 2 1 1 2 0.5 1 0.5
2381 29 2 1 30 0.0344827586206897 0.5 0.0333333333333333
23836 1 1 1 1 1 1 1
23889 5 1 1 5 0.2 1 0.2
23902 2 2 0 4 0 0 0
23910 2 6 1 7 0.5 0.166666666666667 0.142857142857143
23911 2 8 2 8 1 0.25 0.25
23912 1 1 0 2 0 0 0
23966 5 2 0 7 0 0 0
24 8 5 3 10 0.375 0.6 0.3
24226 2 1 0 3 0 0 0
24229 3 1 1 3 0.333333333333333 1 0.333333333333333
24311 1 2 0 3 0 0 0
24334 2 1 1 2 0.5 1 0.5
24433 2 1 1 2 0.5 1 0.5
24435 1 1 0 2 0 0 0
24475 3 3 3 3 1 1 1
24489 4 3 3 4 0.75 1 0.75
24490 8 6 6 8 0.75 1 0.75
24514 1 1 1 1 1 1 1
24541 2 1 1 2 0.5 1 0.5
24586 19 3 1 21 0.0526315789473684 0.333333333333333 0.0476190476190476
24587 39 4 2 41 0.0512820512820513 0.5 0.0487804878048781
24724 39 4 4 39 0.102564102564103 1 0.102564102564103
24730 44 8 6 46 0.136363636363636 0.75 0.130434782608696
24776 5 2 1 6 0.2 0.5 0.166666666666667
248 2 1 1 2 0.5 1 0.5
24875 182 41 36 187 0.197802197802198 0.878048780487805 0.192513368983957
2497 211 58 40 229 0.18957345971564 0.689655172413793 0.174672489082969
24973 3 1 0 4 0 0 0
250 5 2 0 7 0 0 0
2500 28 46 10 64 0.357142857142857 0.217391304347826 0.15625
25058 2 1 1 2 0.5 1 0.5
2506 3 1 1 3 0.333333333333333 1 0.333333333333333
25061 23 2 1 24 0.0434782608695652 0.5 0.0416666666666667
2510 17 7 3 21 0.176470588235294 0.428571428571429 0.142857142857143
25108 15 4 4 15 0.266666666666667 1 0.266666666666667
25137 7 4 3 8 0.428571428571429 0.75 0.375
2514 19 4 2 21 0.105263157894737 0.5 0.0952380952380952
2515 6 1 1 6 0.166666666666667 1 0.166666666666667
25152 43 4 2 45 0.0465116279069767 0.5 0.0444444444444444
2516 289 47 30 306 0.103806228373702 0.638297872340426 0.0980392156862745
2518 37 8 3 42 0.0810810810810811 0.375 0.0714285714285714
2519 25 3 1 27 0.04 0.333333333333333 0.037037037037037
25192 18 6 4 20 0.222222222222222 0.666666666666667 0.2
25208 5 1 0 6 0 0 0
25220 15 2 2 15 0.133333333333333 1 0.133333333333333
2523 4 1 1 4 0.25 1 0.25
25232 197 10 10 197 0.050761421319797 1 0.050761421319797
2527 10 6 2 14 0.2 0.333333333333333 0.142857142857143
25358 15 7 1 21 0.0666666666666667 0.142857142857143 0.0476190476190476
25384 8 2 0 10 0 0 0
25441 9 1 1 9 0.111111111111111 1 0.111111111111111
25473 4 1 1 4 0.25 1 0.25
25538 2 1 0 3 0 0 0
25560 33 14 11 36 0.333333333333333 0.785714285714286 0.305555555555556
25689 6 2 1 7 0.166666666666667 0.5 0.142857142857143
2594 5 1 0 6 0 0 0
2595 2 1 0 3 0 0 0
2602 2 1 1 2 0.5 1 0.5
2603 29 12 8 33 0.275862068965517 0.666666666666667 0.242424242424242
2607 28 4 4 28 0.142857142857143 1 0.142857142857143
2611 47 9 8 48 0.170212765957447 0.888888888888889 0.166666666666667
2614 9 1 1 9 0.111111111111111 1 0.111111111111111
26415 24 3 0 27 0 0 0
26943 31 9 8 32 0.258064516129032 0.888888888888889 0.25
2697 5 1 1 5 0.2 1 0.2
27 2 1 1 2 0.5 1 0.5
27319 24 3 3 24 0.125 1 0.125
27446 5 1 0 6 0 0 0
27678 6 1 1 6 0.166666666666667 1 0.166666666666667
27750 14 12 9 17 0.642857142857143 0.75 0.529411764705882
278 7 7 1 13 0.142857142857143 0.142857142857143 0.0769230769230769
27841 1 1 1 1 1 1 1
2819 24 4 0 28 0 0 0
2847 2 1 1 2 0.5 1 0.5
28472 1 1 1 1 1 1 1
2852 38 3 3 38 0.0789473684210526 1 0.0789473684210526
2857 143 11 8 146 0.0559440559440559 0.727272727272727 0.0547945205479452
286 323 53 30 346 0.0928792569659443 0.566037735849057 0.0867052023121387
2861 9 2 2 9 0.222222222222222 1 0.222222222222222
28678 2 1 1 2 0.5 1 0.5
28716 38 1 1 38 0.0263157894736842 1 0.0263157894736842
28725 5 1 0 6 0 0 0
28788 45 3 3 45 0.0666666666666667 1 0.0666666666666667
28814 1 1 1 1 1 1 1
2884 6 2 2 6 0.333333333333333 1 0.333333333333333
28855 7 1 1 7 0.142857142857143 1 0.142857142857143
28857 7 3 2 8 0.285714285714286 0.666666666666667 0.25
2895 9 2 2 9 0.222222222222222 1 0.222222222222222
2905 24 1 0 25 0 0 0
2907 70 6 3 73 0.0428571428571429 0.5 0.0410958904109589
29134 3 1 0 4 0 0 0
2914 556 123 63 616 0.113309352517986 0.51219512195122 0.102272727272727
2915 11 8 0 19 0 0 0
292 1 1 1 1 1 1 1
29208 29 3 2 30 0.0689655172413793 0.666666666666667 0.0666666666666667
29216 1 2 1 2 1 0.5 0.5
29243 2 1 1 2 0.5 1 0.5
29259 6 4 4 6 0.666666666666667 1 0.666666666666667
293 125 38 30 133 0.24 0.789473684210526 0.225563909774436
29317 1 2 1 2 1 0.5 0.5
29402 5 1 0 6 0 0 0
29422 20 2 1 21 0.05 0.5 0.0476190476190476
29432 1 1 1 1 1 1 1
29449 3 3 0 6 0 0 0
29452 3 1 0 4 0 0 0
29527 38 6 5 39 0.131578947368421 0.833333333333333 0.128205128205128
29632 7 3 0 10 0 0 0
29636 172 24 24 172 0.13953488372093 1 0.13953488372093
29668 29 2 1 30 0.0344827586206897 0.5 0.0333333333333333
29670 2 1 0 3 0 0 0
29686 282 72 67 287 0.23758865248227 0.930555555555556 0.233449477351916
29748 25 2 2 25 0.08 1 0.08
29838 12 4 1 15 0.0833333333333333 0.25 0.0666666666666667
29877 4 3 0 7 0 0 0
3 5 1 0 6 0 0 0
30071 25 79 9 95 0.36 0.113924050632911 0.0947368421052632
30128 4 3 2 5 0.5 0.666666666666667 0.4
30132 10 2 2 10 0.2 1 0.2
30374 2 1 0 3 0 0 0
30653 18 3 1 20 0.0555555555555556 0.333333333333333 0.05
3066 2 2 1 3 0.5 0.5 0.333333333333333
30834 5 2 2 5 0.4 1 0.4
30913 17 3 1 19 0.0588235294117647 0.333333333333333 0.0526315789473684
30947 3 1 1 3 0.333333333333333 1 0.333333333333333
31065 2 2 0 4 0 0 0
31103 3 3 0 6 0 0 0
31127 3 1 1 3 0.333333333333333 1 0.333333333333333
31246 6 1 1 6 0.166666666666667 1 0.166666666666667
31265 1 1 1 1 1 1 1
31283 59 4 2 61 0.0338983050847458 0.5 0.0327868852459016
31333 2 2 2 2 1 1 1
31383 17 10 5 22 0.294117647058824 0.5 0.227272727272727
31424 9 2 1 10 0.111111111111111 0.5 0.1
31458 38 2 1 39 0.0263157894736842 0.5 0.0256410256410256
31477 37 1 1 37 0.027027027027027 1 0.027027027027027
31479 6 1 1 6 0.166666666666667 1 0.166666666666667
31513 3 1 1 3 0.333333333333333 1 0.333333333333333
31708 4 1 1 4 0.25 1 0.25
31859 2 1 0 3 0 0 0
31985 5 1 0 6 0 0 0
32034 5 2 1 6 0.2 0.5 0.166666666666667
3212 42 1 1 42 0.0238095238095238 1 0.0238095238095238
3213 137 5 5 137 0.0364963503649635 1 0.0364963503649635
3221 1 1 1 1 1 1 1
32361 6 2 2 6 0.333333333333333 1 0.333333333333333
3243 13 4 1 16 0.0769230769230769 0.25 0.0625
32459 3 1 1 3 0.333333333333333 1 0.333333333333333
3246 121 19 15 125 0.12396694214876 0.789473684210526 0.12
3248 36 12 6 42 0.166666666666667 0.5 0.142857142857143
3249 42 7 3 46 0.0714285714285714 0.428571428571429 0.0652173913043478
3257 339 153 73 419 0.215339233038348 0.477124183006536 0.174224343675418
3265 63 15 10 68 0.158730158730159 0.666666666666667 0.147058823529412
3268 1 1 1 1 1 1 1
3277 102 1 0 103 0 0 0
3292 303 8 6 305 0.0198019801980198 0.75 0.019672131147541
32978 3 1 1 3 0.333333333333333 1 0.333333333333333
3301 49 2 1 50 0.0204081632653061 0.5 0.02
3303 359 2 1 360 0.00278551532033426 0.5 0.00277777777777778
3320 426 11 7 430 0.0164319248826291 0.636363636363636 0.0162790697674419
3327 49 11 9 51 0.183673469387755 0.818181818181818 0.176470588235294
3333 143 5 3 145 0.020979020979021 0.6 0.0206896551724138
3343 16 6 3 19 0.1875 0.5 0.157894736842105
33437 1 8 1 8 1 0.125 0.125
3344 27 14 9 32 0.333333333333333 0.642857142857143 0.28125
3352 59 3 1 61 0.0169491525423729 0.333333333333333 0.0163934426229508
3356 1349 24 21 1352 0.0155670867309118 0.875 0.0155325443786982
33843 21 7 1 27 0.0476190476190476 0.142857142857143 0.037037037037037
33956 6 2 2 6 0.333333333333333 1 0.333333333333333
34081 2 1 1 2 0.5 1 0.5
34159 6 1 1 6 0.166666666666667 1 0.166666666666667
34225 26 2 2 26 0.0769230769230769 1 0.0769230769230769
34243 1 1 1 1 1 1 1
34288 5 3 2 6 0.4 0.666666666666667 0.333333333333333
34309 23 34 6 51 0.260869565217391 0.176470588235294 0.117647058823529
34419 6 3 2 7 0.333333333333333 0.666666666666667 0.285714285714286
34623 1 1 1 1 1 1 1
34631 3 2 2 3 0.666666666666667 1 0.666666666666667
34763 58 15 8 65 0.137931034482759 0.533333333333333 0.123076923076923
34771 4 2 2 4 0.5 1 0.5
35003 2 1 1 2 0.5 1 0.5
35244 16 8 5 19 0.3125 0.625 0.263157894736842
35272 8 1 1 8 0.125 1 0.125
35292 3 1 0 4 0 0 0
35406 3 1 1 3 0.333333333333333 1 0.333333333333333
35425 6 1 1 6 0.166666666666667 1 0.166666666666667
35485 9 3 3 9 0.333333333333333 1 0.333333333333333
3549 874 63 45 892 0.051487414187643 0.714285714285714 0.0504484304932735
3551 1 1 0 2 0 0 0
3557 84 23 14 93 0.166666666666667 0.608695652173913 0.150537634408602
35612 2 2 0 4 0 0 0
35706 11 4 2 13 0.181818181818182 0.5 0.153846153846154
3662 12 1 1 12 0.0833333333333333 1 0.0833333333333333
3671 2 1 1 2 0.5 1 0.5
36810 1 1 0 2 0 0 0
3741 234 1 0 235 0 0 0
376 14 1 1 14 0.0714285714285714 1 0.0714285714285714
378 3 1 1 3 0.333333333333333 1 0.333333333333333
3790 3 1 1 3 0.333333333333333 1 0.333333333333333
38083 2 1 1 2 0.5 1 0.5
38128 1 1 0 2 0 0 0
3825 1 2 0 3 0 0 0
3836 4 5 1 8 0.25 0.2 0.125
39122 4 1 1 4 0.25 1 0.25
39211 1 1 1 1 1 1 1
39301 2 1 1 2 0.5 1 0.5
39469 136 27 25 138 0.183823529411765 0.925925925925926 0.181159420289855
39764 3 1 1 3 0.333333333333333 1 0.333333333333333
39854 1 1 0 2 0 0 0
3999 1 1 1 1 1 1 1
41075 1 1 0 2 0 0 0
41102 1 11 1 11 1 0.0909090909090909 0.0909090909090909
4134 64 2 0 66 0 0 0
41539 1 1 1 1 1 1 1
41670 1 1 0 2 0 0 0
42 82 2 2 82 0.024390243902439 1 0.024390243902439
4436 85 10 9 86 0.105882352941176 0.9 0.104651162790698
4538 16 6 4 18 0.25 0.666666666666667 0.222222222222222
4555 1 4 0 5 0 0 0
4589 323 25 16 332 0.0495356037151703 0.64 0.0481927710843374
4608 3 2 1 4 0.333333333333333 0.5 0.25
4618 17 7 1 23 0.0588235294117647 0.142857142857143 0.0434782608695652
4621 24 2 1 25 0.0416666666666667 0.5 0.04
4645 13 1 1 13 0.0769230769230769 1 0.0769230769230769
4651 25 6 3 28 0.12 0.5 0.107142857142857
4673 8 1 1 8 0.125 1 0.125
4675 6 6 2 10 0.333333333333333 0.333333333333333 0.2
4677 5 8 3 10 0.6 0.375 0.3
4678 8 7 2 13 0.25 0.285714285714286 0.153846153846154
4680 10 6 2 14 0.2 0.333333333333333 0.142857142857143
4685 8 6 3 11 0.375 0.5 0.272727272727273
4688 10 7 3 14 0.3 0.428571428571429 0.214285714285714
4691 8 13 4 17 0.5 0.307692307692308 0.235294117647059
4697 1 16 1 16 1 0.0625 0.0625
4702 5 4 2 7 0.4 0.5 0.285714285714286
4713 89 5 4 90 0.0449438202247191 0.8 0.0444444444444444
4716 88 38 12 114 0.136363636363636 0.315789473684211 0.105263157894737
4717 3 2 2 3 0.666666666666667 1 0.666666666666667
4718 3 5 1 7 0.333333333333333 0.2 0.142857142857143
4721 11 6 0 17 0 0 0
4725 122 37 12 147 0.0983606557377049 0.324324324324324 0.0816326530612245
4738 1 1 1 1 1 1 1
4741 9 2 0 11 0 0 0
4747 8 2 0 10 0 0 0
4750 39 3 1 41 0.0256410256410256 0.333333333333333 0.024390243902439
4777 26 7 5 28 0.192307692307692 0.714285714285714 0.178571428571429
4780 24 2 1 25 0.0416666666666667 0.5 0.04
4782 2 1 0 3 0 0 0
4787 7 6 0 13 0 0 0
4788 93 5 3 95 0.032258064516129 0.6 0.0315789473684211
4795 31 1 0 32 0 0 0
48 1 1 1 1 1 1 1
4818 3 1 0 4 0 0 0
5050 17 2 2 17 0.117647058823529 1 0.117647058823529
513 39 9 6 42 0.153846153846154 0.666666666666667 0.142857142857143
5381 12 4 1 15 0.0833333333333333 0.25 0.0666666666666667
5385 11 8 4 15 0.363636363636364 0.5 0.266666666666667
5401 4 2 2 4 0.5 1 0.5
5408 29 2 2 29 0.0689655172413793 1 0.0689655172413793
5410 54 5 1 58 0.0185185185185185 0.2 0.0172413793103448
5417 166 32 25 173 0.150602409638554 0.78125 0.144508670520231
5418 7 1 1 7 0.142857142857143 1 0.142857142857143
5430 71 19 16 74 0.225352112676056 0.842105263157895 0.216216216216216
5459 218 10 10 218 0.0458715596330275 1 0.0458715596330275
5466 66 2 1 67 0.0151515151515152 0.5 0.0149253731343284
5486 39 2 0 41 0 0 0
5511 163 20 16 167 0.098159509202454 0.8 0.0958083832335329
553 40 14 10 44 0.25 0.714285714285714 0.227272727272727
5533 7 1 1 7 0.142857142857143 1 0.142857142857143
5537 25 2 1 26 0.04 0.5 0.0384615384615385
5539 32 40 14 58 0.4375 0.35 0.241379310344828
5549 2 2 2 2 1 1 1
5550 3 3 1 5 0.333333333333333 0.333333333333333 0.2
5568 93 4 3 94 0.032258064516129 0.75 0.0319148936170213
559 55 15 14 56 0.254545454545455 0.933333333333333 0.25
5602 14 3 1 16 0.0714285714285714 0.333333333333333 0.0625
5609 2 12 0 14 0 0 0
5623 1 3 0 4 0 0 0
5669 32 2 0 34 0 0 0
5693 9 2 0 11 0 0 0
57 19 2 2 19 0.105263157894737 1 0.105263157894737
5713 117 2 1 118 0.00854700854700855 0.5 0.00847457627118644
577 108 1 1 108 0.00925925925925926 1 0.00925925925925926
6057 7 2 1 8 0.142857142857143 0.5 0.125
6062 8 3 0 11 0 0 0
6066 3 2 1 4 0.333333333333333 0.5 0.25
6140 116 1 0 117 0 0 0
6149 1 2 0 3 0 0 0
6163 10 1 0 11 0 0 0
6182 1 1 1 1 1 1 1
6263 3 1 1 3 0.333333333333333 1 0.333333333333333
6320 179 2 1 180 0.00558659217877095 0.5 0.00555555555555556
6342 4 1 0 5 0 0 0
6360 10 2 2 10 0.2 1 0.2
6435 3 10 0 13 0 0 0
6453 377 45 34 388 0.0901856763925729 0.755555555555556 0.0876288659793814
6509 38 6 6 38 0.157894736842105 1 0.157894736842105
65500 4 1 0 5 0 0 0
6596 21 1 1 21 0.0476190476190476 1 0.0476190476190476
6619 14 1 0 15 0 0 0
6629 2 1 1 2 0.5 1 0.5
6648 24 2 1 25 0.0416666666666667 0.5 0.04
6666 32 18 10 40 0.3125 0.555555555555556 0.25
6667 460 85 82 463 0.178260869565217 0.964705882352941 0.177105831533477
668 35 10 5 40 0.142857142857143 0.5 0.125
6695 115 15 10 120 0.0869565217391304 0.666666666666667 0.0833333333333333
6696 6 4 2 8 0.333333333333333 0.5 0.25
6706 6 4 3 7 0.5 0.75 0.428571428571429
6730 616 7 6 617 0.00974025974025974 0.857142857142857 0.00972447325769854
6762 140 28 20 148 0.142857142857143 0.714285714285714 0.135135135135135
6770 42 14 8 48 0.19047619047619 0.571428571428571 0.166666666666667
6772 13 4 4 13 0.307692307692308 1 0.307692307692308
6774 73 11 9 75 0.123287671232877 0.818181818181818 0.12
6775 5 3 2 6 0.4 0.666666666666667 0.333333333333333
680 46 10 8 48 0.173913043478261 0.8 0.166666666666667
6802 8 2 2 8 0.25 1 0.25
6830 140 88 30 198 0.214285714285714 0.340909090909091 0.151515151515152
6881 60 1 1 60 0.0166666666666667 1 0.0166666666666667
6882 3 1 1 3 0.333333333333333 1 0.333333333333333
6893 5 1 0 6 0 0 0
6895 8 1 1 8 0.125 1 0.125
6939 548 40 19 569 0.0346715328467153 0.475 0.0333919156414763
7018 2045 7 3 2049 0.00146699266503667 0.428571428571429 0.00146412884333821
7019 1 1 1 1 1 1 1
7065 14 2 1 15 0.0714285714285714 0.5 0.0666666666666667
719 9 2 1 10 0.111111111111111 0.5 0.1
7470 29 1 1 29 0.0344827586206897 1 0.0344827586206897
7500 67 5 3 69 0.0447761194029851 0.6 0.0434782608695652
7514 19 9 5 23 0.263157894736842 0.555555555555556 0.217391304347826
7516 4 1 0 5 0 0 0
7521 5 3 1 7 0.2 0.333333333333333 0.142857142857143
7522 7 6 2 11 0.285714285714286 0.333333333333333 0.181818181818182
7530 2 3 0 5 0 0 0
7539 22 10 7 25 0.318181818181818 0.7 0.28
7570 3 4 1 6 0.333333333333333 0.25 0.166666666666667
7575 310 59 52 317 0.167741935483871 0.88135593220339 0.16403785488959
7606 49 3 3 49 0.0612244897959184 1 0.0612244897959184
7610 22 1 1 22 0.0454545454545455 1 0.0454545454545455
766 16 5 4 17 0.25 0.8 0.235294117647059
7660 34 27 13 48 0.382352941176471 0.481481481481481 0.270833333333333
7665 2 1 1 2 0.5 1 0.5
7667 3 1 0 4 0 0 0
7668 9 1 0 10 0 0 0
7670 19 2 1 20 0.0526315789473684 0.5 0.05
7671 4 33 3 34 0.75 0.0909090909090909 0.0882352941176471
7682 11 3 2 12 0.181818181818182 0.666666666666667 0.166666666666667
7687 4 1 1 4 0.25 1 0.25
7753 4 1 0 5 0 0 0
7781 4 3 1 6 0.25 0.333333333333333 0.166666666666667
7786 5 1 0 6 0 0 0
786 47 9 2 54 0.0425531914893617 0.222222222222222 0.037037037037037
790 2 1 1 2 0.5 1 0.5
7949 9 2 0 11 0 0 0
8002 37 3 2 38 0.0540540540540541 0.666666666666667 0.0526315789473684
81 16 1 1 16 0.0625 1 0.0625
8121 35 6 3 38 0.0857142857142857 0.5 0.0789473684210526
8195 67 7 7 67 0.104477611940299 1 0.104477611940299
8201 7 2 1 8 0.142857142857143 0.5 0.125
8220 543 12 12 543 0.0220994475138122 1 0.0220994475138122
8226 3 3 1 5 0.333333333333333 0.333333333333333 0.2
8237 6 4 2 8 0.333333333333333 0.5 0.25
8246 145 1 0 146 0 0 0
8256 1 1 1 1 1 1 1
8267 2 1 1 2 0.5 1 0.5
8286 1 1 0 2 0 0 0
8299 8 1 0 9 0 0 0
8319 28 12 8 32 0.285714285714286 0.666666666666667 0.25
8346 3 1 1 3 0.333333333333333 1 0.333333333333333
8364 10 1 0 11 0 0 0
8365 65 17 13 69 0.2 0.764705882352941 0.188405797101449
8368 9 1 1 9 0.111111111111111 1 0.111111111111111
8419 192 4 3 193 0.015625 0.75 0.0155440414507772
8422 93 8 3 98 0.032258064516129 0.375 0.0306122448979592
8426 237 11 8 240 0.0337552742616034 0.727272727272727 0.0333333333333333
8447 329 17 15 331 0.0455927051671733 0.882352941176471 0.0453172205438066
8469 28 9 7 30 0.25 0.777777777777778 0.233333333333333
8473 17 5 1 21 0.0588235294117647 0.2 0.0476190476190476
8481 2 1 0 3 0 0 0
8489 4 2 2 4 0.5 1 0.5
8495 6 3 2 7 0.333333333333333 0.666666666666667 0.285714285714286
8501 33 9 9 33 0.272727272727273 1 0.272727272727273
8508 1 1 1 1 1 1 1
8517 16 1 1 16 0.0625 1 0.0625
852 126 1 1 126 0.00793650793650794 1 0.00793650793650794
8527 15 2 2 15 0.133333333333333 1 0.133333333333333
855 20 1 0 21 0 0 0
8560 65 18 14 69 0.215384615384615 0.777777777777778 0.202898550724638
8586 65 6 4 67 0.0615384615384615 0.666666666666667 0.0597014925373134
8591 23 6 3 26 0.130434782608696 0.5 0.115384615384615
8657 80 3 2 81 0.025 0.666666666666667 0.0246913580246914
8664 10 1 0 11 0 0 0
8665 18 13 7 24 0.388888888888889 0.538461538461538 0.291666666666667
8674 47 4 3 48 0.0638297872340425 0.75 0.0625
8728 1 1 1 1 1 1 1
8737 33 8 4 37 0.121212121212121 0.5 0.108108108108108
8758 8 5 3 10 0.375 0.6 0.3
8763 133 35 32 136 0.240601503759398 0.914285714285714 0.235294117647059
8767 53 15 12 56 0.226415094339623 0.8 0.214285714285714
8820 231 29 22 238 0.0952380952380952 0.758620689655172 0.092436974789916
8881 151 6 5 152 0.033112582781457 0.833333333333333 0.0328947368421053
8897 52 10 6 56 0.115384615384615 0.6 0.107142857142857
8903 10 4 0 14 0 0 0
8943 18 3 2 19 0.111111111111111 0.666666666666667 0.105263157894737
8954 21 7 3 25 0.142857142857143 0.428571428571429 0.12
8966 67 1 1 67 0.0149253731343284 1 0.0149253731343284
8970 2 1 1 2 0.5 1 0.5
8975 69 3 2 70 0.0289855072463768 0.666666666666667 0.0285714285714286
8978 4 3 1 6 0.25 0.333333333333333 0.166666666666667
9009 157 9 5 161 0.0318471337579618 0.555555555555556 0.031055900621118
9052 3 2 0 5 0 0 0
9080 11 3 2 12 0.181818181818182 0.666666666666667 0.166666666666667
9085 6 1 1 6 0.166666666666667 1 0.166666666666667
9112 7 1 1 7 0.142857142857143 1 0.142857142857143
9150 29 3 3 29 0.103448275862069 1 0.103448275862069
9153 32 3 3 32 0.09375 1 0.09375
9162 2 1 0 3 0 0 0
9264 48 40 8 80 0.166666666666667 0.2 0.1
9270 33 7 5 35 0.151515151515152 0.714285714285714 0.142857142857143
9299 32 1 1 32 0.03125 1 0.03125
9316 37 1 0 38 0 0 0
9327 2 1 0 3 0 0 0
9340 8 4 0 12 0 0 0
9406 1 1 0 2 0 0 0
9416 16 1 0 17 0 0 0
9505 66 4 3 67 0.0454545454545455 0.75 0.0447761194029851
9541 7 3 0 10 0 0 0
9583 30 1 0 31 0 0 0
9595 10 4 2 12 0.2 0.5 0.166666666666667
9600 7 9 2 14 0.285714285714286 0.222222222222222 0.142857142857143
9607 6 2 0 8 0 0 0
9619 2 2 2 2 1 1 1
9621 3 8 2 9 0.666666666666667 0.25 0.222222222222222
9622 5 1 1 5 0.2 1 0.2
9687 2 1 1 2 0.5 1 0.5
9758 1 1 0 2 0 0 0
9800 35 1 0 36 0 0 0
9844 2 1 0 3 0 0 0
9875 2 1 0 3 0 0 0
9901 23 2 0 25 0 0 0
9919 15 1 0 16 0 0 0
9995 3 2 2 3 0.666666666666667 1 0.666666666666667
