#ASN num_v4adj num_v6adj num_intersect(v4v6adj) num_union(adj) fr_v4(num_intersect/num_v4adj) fr_v6(num_intersect/num_v6adj) fr_intersect(num_intersect/num_union)
10013 2 7 1 8 0.5 0.142857142857143 0.125
10015 10 1 0 11 0 0 0
101 48 4 4 48 0.0833333333333333 1 0.0833333333333333
102 3 1 1 3 0.333333333333333 1 0.333333333333333
10204 8 5 1 12 0.125 0.2 0.0833333333333333
10217 4 2 1 5 0.25 0.5 0.2
10318 2 1 0 3 0 0 0
10480 6 1 1 6 0.166666666666667 1 0.166666666666667
10490 24 2 2 24 0.0833333333333333 1 0.0833333333333333
10533 1 2 1 2 1 0.5 0.5
10569 1 1 1 1 1 1 1
10578 26 2 2 26 0.0769230769230769 1 0.0769230769230769
10745 2 3 0 5 0 0 0
10764 14 2 2 14 0.142857142857143 1 0.142857142857143
10778 4 2 2 4 0.5 1 0.5
10886 38 14 7 45 0.184210526315789 0.5 0.155555555555556
109 9 6 0 15 0 0 0
1103 168 38 35 171 0.208333333333333 0.921052631578947 0.204678362573099
111 2 1 1 2 0.5 1 0.5
1126 32 8 4 36 0.125 0.5 0.111111111111111
11340 3 1 1 3 0.333333333333333 1 0.333333333333333
1140 20 3 1 22 0.05 0.333333333333333 0.0454545454545455
11537 76 40 28 88 0.368421052631579 0.7 0.318181818181818
11588 12 1 1 12 0.0833333333333333 1 0.0833333333333333
11815 2 1 0 3 0 0 0
11960 5 2 2 5 0.4 1 0.4
11990 5 1 0 6 0 0 0
1200 34 11 7 38 0.205882352941176 0.636363636363636 0.184210526315789
12008 30 1 1 30 0.0333333333333333 1 0.0333333333333333
12046 2 1 1 2 0.5 1 0.5
12066 3 1 0 4 0 0 0
12111 24 1 0 25 0 0 0
1213 3 2 2 3 0.666666666666667 1 0.666666666666667
1221 82 7 1 88 0.0121951219512195 0.142857142857143 0.0113636363636364
12312 26 1 1 26 0.0384615384615385 1 0.0384615384615385
12337 34 13 12 35 0.352941176470588 0.923076923076923 0.342857142857143
12353 4 4 1 7 0.25 0.25 0.142857142857143
12355 17 7 5 19 0.294117647058824 0.714285714285714 0.263157894736842
1237 33 3 2 34 0.0606060606060606 0.666666666666667 0.0588235294117647
12371 2 1 0 3 0 0 0
12386 9 2 2 9 0.222222222222222 1 0.222222222222222
1239 1729 2 1 1730 0.000578368999421631 0.5 0.000578034682080925
12399 67 1 1 67 0.0149253731343284 1 0.0149253731343284
12401 9 3 2 10 0.222222222222222 0.666666666666667 0.2
12414 34 10 7 37 0.205882352941176 0.7 0.189189189189189
12533 2 1 0 3 0 0 0
1257 104 5 1 108 0.00961538461538462 0.2 0.00925925925925926
12600 14 1 1 14 0.0714285714285714 1 0.0714285714285714
12611 35 14 9 40 0.257142857142857 0.642857142857143 0.225
12634 32 11 7 36 0.21875 0.636363636363636 0.194444444444444
12635 8 1 0 9 0 0 0
12637 3 4 0 7 0 0 0
12638 2 3 0 5 0 0 0
12657 2 3 2 3 1 0.666666666666667 0.666666666666667
12709 2 1 0 3 0 0 0
1273 317 65 37 345 0.116719242902208 0.569230769230769 0.107246376811594
12731 33 11 7 37 0.212121212121212 0.636363636363636 0.189189189189189
12732 17 1 1 17 0.0588235294117647 1 0.0588235294117647
12741 53 1 0 54 0 0 0
12767 9 1 0 10 0 0 0
12769 6 1 1 6 0.166666666666667 1 0.166666666666667
12779 63 18 6 75 0.0952380952380952 0.333333333333333 0.08
12816 1 1 1 1 1 1 1
12817 2 1 1 2 0.5 1 0.5
12853 1 5 0 6 0 0 0
12859 325 66 60 331 0.184615384615385 0.909090909090909 0.181268882175227
12871 30 16 8 38 0.266666666666667 0.5 0.210526315789474
12895 6 1 1 6 0.166666666666667 1 0.166666666666667
12902 33 10 8 35 0.242424242424242 0.8 0.228571428571429
12931 3 1 0 4 0 0 0
12956 149 9 8 150 0.0536912751677852 0.888888888888889 0.0533333333333333
12968 86 4 1 89 0.0116279069767442 0.25 0.0112359550561798
12989 92 4 3 93 0.0326086956521739 0.75 0.032258064516129
1299 432 24 21 435 0.0486111111111111 0.875 0.0482758620689655
13 1 1 1 1 1 1 1
13030 614 4 4 614 0.00651465798045603 1 0.00651465798045603
13041 6 1 1 6 0.166666666666667 1 0.166666666666667
13092 4 1 1 4 0.25 1 0.25
13110 4 3 2 5 0.5 0.666666666666667 0.4
13115 4 2 1 5 0.25 0.5 0.2
1312 2 1 1 2 0.5 1 0.5
13189 15 2 2 15 0.133333333333333 1 0.133333333333333
13193 48 13 7 54 0.145833333333333 0.538461538461538 0.12962962962963
132 2 1 1 2 0.5 1 0.5
13237 457 41 37 461 0.0809628008752735 0.902439024390244 0.0802603036876356
13272 1 1 1 1 1 1 1
13319 3 1 0 4 0 0 0
13645 163 21 15 169 0.0920245398773006 0.714285714285714 0.0887573964497041
13657 5 3 0 8 0 0 0
137 11 3 3 11 0.272727272727273 1 0.272727272727273
13911 5 1 0 6 0 0 0
13944 1 3 0 4 0 0 0
14277 10 10 3 17 0.3 0.3 0.176470588235294
145 4 2 0 6 0 0 0
15169 90 5 2 93 0.0222222222222222 0.4 0.021505376344086
15440 8 1 0 9 0 0 0
15444 251 23 15 259 0.0597609561752988 0.652173913043478 0.0579150579150579
15469 1 1 0 2 0 0 0
15501 2 2 2 2 1 1 1
15589 35 4 1 38 0.0285714285714286 0.25 0.0263157894736842
15598 47 6 3 50 0.0638297872340425 0.5 0.06
15623 19 3 2 20 0.105263157894737 0.666666666666667 0.1
15685 14 3 3 14 0.214285714285714 1 0.214285714285714
15694 40 1 1 40 0.025 1 0.025
15706 3 2 1 4 0.333333333333333 0.5 0.25
15725 2 1 1 2 0.5 1 0.5
15798 2 1 0 3 0 0 0
15919 7 1 1 7 0.142857142857143 1 0.142857142857143
16004 10 2 1 11 0.1 0.5 0.0909090909090909
16023 3 1 0 4 0 0 0
16030 45 10 6 49 0.133333333333333 0.6 0.122448979591837
16034 37 11 3 45 0.0810810810810811 0.272727272727273 0.0666666666666667
16086 27 7 4 30 0.148148148148148 0.571428571428571 0.133333333333333
16128 11 3 3 11 0.272727272727273 1 0.272727272727273
16131 25 9 4 30 0.16 0.444444444444444 0.133333333333333
16150 252 5 2 255 0.00793650793650794 0.4 0.00784313725490196
16186 44 8 5 47 0.113636363636364 0.625 0.106382978723404
16215 185 37 34 188 0.183783783783784 0.918918918918919 0.180851063829787
16237 25 3 1 27 0.04 0.333333333333333 0.037037037037037
16245 17 2 1 18 0.0588235294117647 0.5 0.0555555555555556
16265 103 1 0 104 0 0 0
16276 59 2 2 59 0.0338983050847458 1 0.0338983050847458
16305 1 1 1 1 1 1 1
16316 4 3 1 6 0.25 0.333333333333333 0.166666666666667
16397 11 1 0 12 0 0 0
1653 27 3 1 29 0.037037037037037 0.333333333333333 0.0344827586206897
16531 13 1 0 14 0 0 0
1659 8 2 1 9 0.125 0.5 0.111111111111111
16713 28 2 1 29 0.0357142857142857 0.5 0.0344827586206897
16838 12 1 0 13 0 0 0
16942 2 2 0 4 0 0 0
16993 2 1 0 3 0 0 0
17263 3 1 0 4 0 0 0
1741 9 2 2 9 0.222222222222222 1 0.222222222222222
17435 2 1 0 3 0 0 0
17511 10 1 0 11 0 0 0
17529 7 1 0 8 0 0 0
17554 9 1 1 9 0.111111111111111 1 0.111111111111111
17579 8 6 5 9 0.625 0.833333333333333 0.555555555555556
1764 17 1 0 18 0 0 0
17676 34 6 2 38 0.0588235294117647 0.333333333333333 0.0526315789473684
17709 9 1 0 10 0 0 0
17716 3 1 1 3 0.333333333333333 1 0.333333333333333
17828 4 1 0 5 0 0 0
17832 3 12 1 14 0.333333333333333 0.0833333333333333 0.0714285714285714
17843 2 1 1 2 0.5 1 0.5
17853 1 1 0 2 0 0 0
17934 2 6 1 7 0.5 0.166666666666667 0.142857142857143
1797 2 3 2 3 1 0.666666666666667 0.666666666666667
1798 3 2 0 5 0 0 0
18015 2 2 2 2 1 1 1
18062 2 1 1 2 0.5 1 0.5
18126 4 1 1 4 0.25 1 0.25
18182 4 1 0 5 0 0 0
18185 3 2 1 4 0.333333333333333 0.5 0.25
18206 3 2 0 5 0 0 0
18210 2 1 0 3 0 0 0
18266 4 1 1 4 0.25 1 0.25
18288 3 1 1 3 0.333333333333333 1 0.333333333333333
18344 1 1 0 2 0 0 0
1835 6 2 2 6 0.333333333333333 1 0.333333333333333
18422 5 2 2 5 0.4 1 0.4
1853 96 13 11 98 0.114583333333333 0.846153846153846 0.112244897959184
18592 26 6 6 26 0.230769230769231 1 0.230769230769231
18666 2 2 0 4 0 0 0
1879 1 1 1 1 1 1 1
1880 9 3 2 10 0.222222222222222 0.666666666666667 0.2
1881 1 1 1 1 1 1 1
1887 5 1 1 5 0.2 1 0.2
1901 129 3 3 129 0.0232558139534884 1 0.0232558139534884
19021 1 1 0 2 0 0 0
1916 18 5 3 20 0.166666666666667 0.6 0.15
19165 2 1 0 3 0 0 0
1930 6 1 1 6 0.166666666666667 1 0.166666666666667
19318 24 3 2 25 0.0833333333333333 0.666666666666667 0.08
19401 24 2 2 24 0.0833333333333333 1 0.0833333333333333
195 7 2 2 7 0.285714285714286 1 0.285714285714286
1955 11 1 1 11 0.0909090909090909 1 0.0909090909090909
19782 11 1 1 11 0.0909090909090909 1 0.0909090909090909
20080 12 2 2 12 0.166666666666667 1 0.166666666666667
2018 4 4 1 7 0.25 0.25 0.142857142857143
20312 4 2 2 4 0.5 1 0.5
2042 15 7 0 22 0 0 0
20473 22 1 0 23 0 0 0
20495 44 6 4 46 0.0909090909090909 0.666666666666667 0.0869565217391304
20569 12 1 1 12 0.0833333333333333 1 0.0833333333333333
20597 2 1 0 3 0 0 0
20621 2 1 1 2 0.5 1 0.5
20633 14 7 3 18 0.214285714285714 0.428571428571429 0.166666666666667
20640 197 62 50 209 0.253807106598985 0.806451612903226 0.239234449760766
20646 46 18 11 53 0.239130434782609 0.611111111111111 0.207547169811321
20650 7 1 1 7 0.142857142857143 1 0.142857142857143
20704 18 4 2 20 0.111111111111111 0.5 0.1
20712 4 2 0 6 0 0 0
20718 29 10 4 35 0.137931034482759 0.4 0.114285714285714
20745 1 3 0 4 0 0 0
20794 2 1 0 3 0 0 0
20834 31 4 2 33 0.0645161290322581 0.5 0.0606060606060606
20847 36 10 8 38 0.222222222222222 0.8 0.210526315789474
209 1246 7 5 1248 0.00401284109149278 0.714285714285714 0.00400641025641026
20900 1 1 0 2 0 0 0
20912 3 4 0 7 0 0 0
20965 47 39 39 47 0.829787234042553 1 0.829787234042553
210 9 1 1 9 0.111111111111111 1 0.111111111111111
2107 1 1 1 1 1 1 1
2108 1 1 1 1 1 1 1
2110 43 8 1 50 0.0232558139534884 0.125 0.02
21119 6 1 1 6 0.166666666666667 1 0.166666666666667
21155 44 11 8 47 0.181818181818182 0.727272727272727 0.170212765957447
2116 29 2 1 30 0.0344827586206897 0.5 0.0333333333333333
21221 25 9 5 29 0.2 0.555555555555556 0.172413793103448
2128 2 1 1 2 0.5 1 0.5
21280 6 1 0 7 0 0 0
21385 33 9 6 36 0.181818181818182 0.666666666666667 0.166666666666667
2153 39 9 9 39 0.230769230769231 1 0.230769230769231
21844 12 1 1 12 0.0833333333333333 1 0.0833333333333333
21947 20 2 2 20 0.1 1 0.1
22 1 1 1 1 1 1 1
2200 45 3 3 45 0.0666666666666667 1 0.0666666666666667
22166 2 1 0 3 0 0 0
22388 6 5 5 6 0.833333333333333 1 0.833333333333333
224 5 6 2 9 0.4 0.333333333333333 0.222222222222222
22548 21 2 1 22 0.0476190476190476 0.5 0.0454545454545455
226 22 2 2 22 0.0909090909090909 1 0.0909090909090909
22767 2 1 1 2 0.5 1 0.5
23265 20 1 1 20 0.05 1 0.05
23393 36 3 2 37 0.0555555555555556 0.666666666666667 0.0540540540540541
23504 28 7 2 33 0.0714285714285714 0.285714285714286 0.0606060606060606
23541 4 2 1 5 0.25 0.5 0.2
23554 2 1 1 2 0.5 1 0.5
23596 1 1 1 1 1 1 1
23600 3 2 2 3 0.666666666666667 1 0.666666666666667
23624 2 1 1 2 0.5 1 0.5
23634 4 2 2 4 0.5 1 0.5
23654 2 2 2 2 1 1 1
23754 1 1 0 2 0 0 0
23774 3 2 1 4 0.333333333333333 0.5 0.25
23775 2 1 0 3 0 0 0
23787 2 3 2 3 1 0.666666666666667 0.666666666666667
2381 29 2 1 30 0.0344827586206897 0.5 0.0333333333333333
23836 1 1 1 1 1 1 1
23855 12 2 1 13 0.0833333333333333 0.5 0.0769230769230769
23902 2 1 0 3 0 0 0
23910 2 4 1 5 0.5 0.25 0.2
23911 2 7 2 7 1 0.285714285714286 0.285714285714286
23912 1 1 0 2 0 0 0
23966 4 3 0 7 0 0 0
24 9 4 3 10 0.333333333333333 0.75 0.3
24218 12 1 0 13 0 0 0
24226 3 1 0 4 0 0 0
24229 3 1 1 3 0.333333333333333 1 0.333333333333333
24311 1 1 0 2 0 0 0
24475 3 3 3 3 1 1 1
24489 6 3 3 6 0.5 1 0.5
24490 9 6 6 9 0.666666666666667 1 0.666666666666667
24514 1 1 1 1 1 1 1
24587 45 14 6 53 0.133333333333333 0.428571428571429 0.113207547169811
24724 34 4 4 34 0.117647058823529 1 0.117647058823529
24730 42 6 4 44 0.0952380952380952 0.666666666666667 0.0909090909090909
24776 5 2 1 6 0.2 0.5 0.166666666666667
24875 27 12 5 34 0.185185185185185 0.416666666666667 0.147058823529412
2497 209 57 40 226 0.191387559808612 0.701754385964912 0.176991150442478
24973 3 1 0 4 0 0 0
250 3 3 0 6 0 0 0
2500 30 31 8 53 0.266666666666667 0.258064516129032 0.150943396226415
25058 1 1 1 1 1 1 1
2506 3 1 1 3 0.333333333333333 1 0.333333333333333
25061 15 1 0 16 0 0 0
2510 17 7 3 21 0.176470588235294 0.428571428571429 0.142857142857143
25108 14 4 2 16 0.142857142857143 0.5 0.125
25137 5 4 3 6 0.6 0.75 0.5
2514 18 4 2 20 0.111111111111111 0.5 0.1
2515 6 1 1 6 0.166666666666667 1 0.166666666666667
25152 39 4 2 41 0.0512820512820513 0.5 0.0487804878048781
2516 294 42 28 308 0.0952380952380952 0.666666666666667 0.0909090909090909
2518 50 8 3 55 0.06 0.375 0.0545454545454545
2519 24 3 1 26 0.0416666666666667 0.333333333333333 0.0384615384615385
25192 18 6 4 20 0.222222222222222 0.666666666666667 0.2
25208 5 1 0 6 0 0 0
25220 16 2 2 16 0.125 1 0.125
25232 206 10 9 207 0.0436893203883495 0.9 0.0434782608695652
2527 10 6 2 14 0.2 0.333333333333333 0.142857142857143
25358 17 7 2 22 0.117647058823529 0.285714285714286 0.0909090909090909
25384 8 2 0 10 0 0 0
25473 4 1 1 4 0.25 1 0.25
2549 2 2 1 3 0.5 0.5 0.333333333333333
25538 2 1 0 3 0 0 0
25560 46 14 12 48 0.260869565217391 0.857142857142857 0.25
25689 5 2 1 6 0.2 0.5 0.166666666666667
2594 5 1 0 6 0 0 0
2595 2 1 0 3 0 0 0
2602 2 1 1 2 0.5 1 0.5
2603 29 11 8 32 0.275862068965517 0.727272727272727 0.25
2607 46 4 4 46 0.0869565217391304 1 0.0869565217391304
2611 49 10 9 50 0.183673469387755 0.9 0.18
2614 9 1 1 9 0.111111111111111 1 0.111111111111111
26415 21 3 0 24 0 0 0
26943 27 4 4 27 0.148148148148148 1 0.148148148148148
2697 4 1 1 4 0.25 1 0.25
27 2 1 1 2 0.5 1 0.5
27319 26 2 2 26 0.0769230769230769 1 0.0769230769230769
27446 5 1 0 6 0 0 0
27678 6 1 1 6 0.166666666666667 1 0.166666666666667
27750 12 9 9 12 0.75 1 0.75
278 7 7 1 13 0.142857142857143 0.142857142857143 0.0769230769230769
27841 1 1 1 1 1 1 1
2819 24 4 0 28 0 0 0
2847 2 1 1 2 0.5 1 0.5
28472 1 1 1 1 1 1 1
2852 59 3 3 59 0.0508474576271186 1 0.0508474576271186
2857 141 1 1 141 0.00709219858156028 1 0.00709219858156028
286 309 41 23 327 0.0744336569579288 0.560975609756098 0.0703363914373089
2861 9 2 2 9 0.222222222222222 1 0.222222222222222
28678 2 1 1 2 0.5 1 0.5
28716 35 1 1 35 0.0285714285714286 1 0.0285714285714286
28725 6 1 1 6 0.166666666666667 1 0.166666666666667
28788 42 3 3 42 0.0714285714285714 1 0.0714285714285714
28814 1 1 1 1 1 1 1
2884 6 2 2 6 0.333333333333333 1 0.333333333333333
28855 8 1 1 8 0.125 1 0.125
28857 3 1 1 3 0.333333333333333 1 0.333333333333333
2895 6 2 2 6 0.333333333333333 1 0.333333333333333
2905 26 1 0 27 0 0 0
2907 73 6 3 76 0.0410958904109589 0.5 0.0394736842105263
29134 4 1 0 5 0 0 0
2914 538 124 66 596 0.122676579925651 0.532258064516129 0.110738255033557
2915 19 8 1 26 0.0526315789473684 0.125 0.0384615384615385
292 1 1 1 1 1 1 1
29208 28 3 2 29 0.0714285714285714 0.666666666666667 0.0689655172413793
29216 1 2 1 2 1 0.5 0.5
29243 2 1 1 2 0.5 1 0.5
29259 8 4 4 8 0.5 1 0.5
293 119 32 23 128 0.19327731092437 0.71875 0.1796875
29317 1 2 1 2 1 0.5 0.5
29402 8 1 1 8 0.125 1 0.125
29422 18 1 1 18 0.0555555555555556 1 0.0555555555555556
29432 1 1 1 1 1 1 1
29449 4 3 1 6 0.25 0.333333333333333 0.166666666666667
29452 4 3 0 7 0 0 0
29527 36 2 1 37 0.0277777777777778 0.5 0.027027027027027
29632 8 1 0 9 0 0 0
29636 32 5 5 32 0.15625 1 0.15625
29668 27 2 1 28 0.037037037037037 0.5 0.0357142857142857
29686 283 74 69 288 0.243816254416961 0.932432432432432 0.239583333333333
29748 32 2 2 32 0.0625 1 0.0625
29838 15 3 1 17 0.0666666666666667 0.333333333333333 0.0588235294117647
29877 6 3 1 8 0.166666666666667 0.333333333333333 0.125
29904 2 1 1 2 0.5 1 0.5
3 5 1 0 6 0 0 0
30071 17 83 9 91 0.529411764705882 0.108433734939759 0.0989010989010989
30128 3 3 2 4 0.666666666666667 0.666666666666667 0.5
30132 9 3 3 9 0.333333333333333 1 0.333333333333333
30653 15 2 1 16 0.0666666666666667 0.5 0.0625
3066 7 2 1 8 0.142857142857143 0.5 0.125
30834 3 2 2 3 0.666666666666667 1 0.666666666666667
30947 3 1 1 3 0.333333333333333 1 0.333333333333333
31065 2 2 0 4 0 0 0
31103 3 3 0 6 0 0 0
31127 3 1 1 3 0.333333333333333 1 0.333333333333333
31246 6 1 1 6 0.166666666666667 1 0.166666666666667
31265 1 1 1 1 1 1 1
31283 54 4 2 56 0.037037037037037 0.5 0.0357142857142857
31333 2 2 2 2 1 1 1
31383 19 7 3 23 0.157894736842105 0.428571428571429 0.130434782608696
31424 8 1 0 9 0 0 0
31458 27 2 1 28 0.037037037037037 0.5 0.0357142857142857
31479 6 1 1 6 0.166666666666667 1 0.166666666666667
31513 2 1 1 2 0.5 1 0.5
31708 3 1 1 3 0.333333333333333 1 0.333333333333333
31859 2 1 0 3 0 0 0
31985 5 1 0 6 0 0 0
32034 6 2 1 7 0.166666666666667 0.5 0.142857142857143
3212 40 1 1 40 0.025 1 0.025
3213 112 4 3 113 0.0267857142857143 0.75 0.0265486725663717
3221 1 1 1 1 1 1 1
32361 6 1 1 6 0.166666666666667 1 0.166666666666667
3243 13 3 1 15 0.0769230769230769 0.333333333333333 0.0666666666666667
32459 3 1 1 3 0.333333333333333 1 0.333333333333333
3246 120 15 12 123 0.1 0.8 0.0975609756097561
3248 31 10 5 36 0.161290322580645 0.5 0.138888888888889
3249 39 7 3 43 0.0769230769230769 0.428571428571429 0.0697674418604651
3257 316 143 62 397 0.19620253164557 0.433566433566434 0.156171284634761
3265 58 12 8 62 0.137931034482759 0.666666666666667 0.129032258064516
3268 1 1 1 1 1 1 1
3277 101 1 0 102 0 0 0
3292 313 9 7 315 0.0223642172523962 0.777777777777778 0.0222222222222222
32978 3 1 1 3 0.333333333333333 1 0.333333333333333
3301 44 2 1 45 0.0227272727272727 0.5 0.0222222222222222
3303 604 2 1 605 0.00165562913907285 0.5 0.00165289256198347
3320 402 10 5 407 0.0124378109452736 0.5 0.0122850122850123
3327 37 8 7 38 0.189189189189189 0.875 0.184210526315789
3333 145 8 6 147 0.0413793103448276 0.75 0.0408163265306122
3343 15 6 3 18 0.2 0.5 0.166666666666667
33437 1 8 1 8 1 0.125 0.125
3344 31 18 5 44 0.161290322580645 0.277777777777778 0.113636363636364
3352 56 3 1 58 0.0178571428571429 0.333333333333333 0.0172413793103448
3356 1303 24 21 1306 0.0161166538756715 0.875 0.0160796324655436
33843 23 1 1 23 0.0434782608695652 1 0.0434782608695652
33956 4 1 1 4 0.25 1 0.25
34081 2 1 1 2 0.5 1 0.5
34225 25 2 2 25 0.08 1 0.08
34243 1 1 1 1 1 1 1
34288 6 3 1 8 0.166666666666667 0.333333333333333 0.125
34419 6 2 2 6 0.333333333333333 1 0.333333333333333
34623 1 1 1 1 1 1 1
34631 2 2 1 3 0.5 0.5 0.333333333333333
34763 52 14 6 60 0.115384615384615 0.428571428571429 0.1
34771 4 3 3 4 0.75 1 0.75
34960 2 1 1 2 0.5 1 0.5
35003 2 1 1 2 0.5 1 0.5
35028 25 1 0 26 0 0 0
35045 1 1 0 2 0 0 0
35244 14 7 5 16 0.357142857142857 0.714285714285714 0.3125
35292 2 1 0 3 0 0 0
35425 5 1 1 5 0.2 1 0.2
35485 9 1 1 9 0.111111111111111 1 0.111111111111111
3549 813 59 41 831 0.050430504305043 0.694915254237288 0.049338146811071
3551 1 1 0 2 0 0 0
3557 85 20 13 92 0.152941176470588 0.65 0.141304347826087
35612 2 3 0 5 0 0 0
35706 10 2 2 10 0.2 1 0.2
3597 9 1 1 9 0.111111111111111 1 0.111111111111111
3662 12 1 1 12 0.0833333333333333 1 0.0833333333333333
3671 2 1 1 2 0.5 1 0.5
3741 233 1 0 234 0 0 0
3758 34 4 0 38 0 0 0
376 11 1 1 11 0.0909090909090909 1 0.0909090909090909
378 3 1 1 3 0.333333333333333 1 0.333333333333333
3790 3 1 1 3 0.333333333333333 1 0.333333333333333
38083 1 1 1 1 1 1 1
3825 1 2 0 3 0 0 0
3836 5 9 1 13 0.2 0.111111111111111 0.0769230769230769
39122 3 1 1 3 0.333333333333333 1 0.333333333333333
39211 1 1 1 1 1 1 1
39301 2 1 1 2 0.5 1 0.5
39469 2 1 1 2 0.5 1 0.5
39854 1 1 0 2 0 0 0
3999 1 1 1 1 1 1 1
4134 61 1 0 62 0 0 0
41539 1 1 1 1 1 1 1
42 75 2 2 75 0.0266666666666667 1 0.0266666666666667
4436 84 10 9 85 0.107142857142857 0.9 0.105882352941176
4538 18 7 5 20 0.277777777777778 0.714285714285714 0.25
4555 1 5 0 6 0 0 0
4589 170 17 14 173 0.0823529411764706 0.823529411764706 0.0809248554913295
4608 3 2 1 4 0.333333333333333 0.5 0.25
4618 17 4 0 21 0 0 0
4621 26 3 2 27 0.0769230769230769 0.666666666666667 0.0740740740740741
4645 13 1 1 13 0.0769230769230769 1 0.0769230769230769
4651 27 3 1 29 0.037037037037037 0.333333333333333 0.0344827586206897
4673 8 1 1 8 0.125 1 0.125
4675 7 5 2 10 0.285714285714286 0.4 0.2
4677 5 7 2 10 0.4 0.285714285714286 0.2
4678 7 6 2 11 0.285714285714286 0.333333333333333 0.181818181818182
4680 10 5 2 13 0.2 0.4 0.153846153846154
4685 8 6 3 11 0.375 0.5 0.272727272727273
4688 10 7 3 14 0.3 0.428571428571429 0.214285714285714
4691 9 13 4 18 0.444444444444444 0.307692307692308 0.222222222222222
4697 1 15 1 15 1 0.0666666666666667 0.0666666666666667
4702 6 3 2 7 0.333333333333333 0.666666666666667 0.285714285714286
4713 84 5 5 84 0.0595238095238095 1 0.0595238095238095
4716 88 40 12 116 0.136363636363636 0.3 0.103448275862069
4717 3 2 2 3 0.666666666666667 1 0.666666666666667
4718 3 4 1 6 0.333333333333333 0.25 0.166666666666667
4721 11 6 0 17 0 0 0
4725 116 36 13 139 0.112068965517241 0.361111111111111 0.0935251798561151
4738 1 1 1 1 1 1 1
4747 9 2 0 11 0 0 0
4750 35 3 1 37 0.0285714285714286 0.333333333333333 0.027027027027027
4775 43 1 1 43 0.0232558139534884 1 0.0232558139534884
4777 26 7 5 28 0.192307692307692 0.714285714285714 0.178571428571429
4780 27 2 1 28 0.037037037037037 0.5 0.0357142857142857
4782 2 2 0 4 0 0 0
4787 6 6 0 12 0 0 0
4788 95 8 2 101 0.0210526315789474 0.25 0.0198019801980198
4795 32 3 1 34 0.03125 0.333333333333333 0.0294117647058824
48 1 1 1 1 1 1 1
5050 16 3 3 16 0.1875 1 0.1875
513 34 7 5 36 0.147058823529412 0.714285714285714 0.138888888888889
5381 13 2 0 15 0 0 0
5385 13 8 4 17 0.307692307692308 0.5 0.235294117647059
5401 3 1 1 3 0.333333333333333 1 0.333333333333333
5408 29 2 2 29 0.0689655172413793 1 0.0689655172413793
5410 51 5 0 56 0 0 0
5417 175 33 27 181 0.154285714285714 0.818181818181818 0.149171270718232
5418 7 1 1 7 0.142857142857143 1 0.142857142857143
5430 66 15 11 70 0.166666666666667 0.733333333333333 0.157142857142857
5459 211 9 8 212 0.037914691943128 0.888888888888889 0.0377358490566038
5466 64 2 1 65 0.015625 0.5 0.0153846153846154
5486 39 2 0 41 0 0 0
5511 163 24 19 168 0.116564417177914 0.791666666666667 0.113095238095238
553 39 12 10 41 0.256410256410256 0.833333333333333 0.24390243902439
5533 5 1 1 5 0.2 1 0.2
5537 21 2 1 22 0.0476190476190476 0.5 0.0454545454545455
5539 33 42 16 59 0.484848484848485 0.380952380952381 0.271186440677966
5549 3 2 2 3 0.666666666666667 1 0.666666666666667
5550 4 3 1 6 0.25 0.333333333333333 0.166666666666667
5568 89 3 3 89 0.0337078651685393 1 0.0337078651685393
559 54 14 13 55 0.240740740740741 0.928571428571429 0.236363636363636
5602 16 3 2 17 0.125 0.666666666666667 0.117647058823529
5609 2 11 0 13 0 0 0
5623 1 3 0 4 0 0 0
5669 35 3 0 38 0 0 0
5693 9 2 0 11 0 0 0
57 19 2 2 19 0.105263157894737 1 0.105263157894737
5713 110 3 1 112 0.00909090909090909 0.333333333333333 0.00892857142857143
577 105 1 1 105 0.00952380952380952 1 0.00952380952380952
6057 4 3 1 6 0.25 0.333333333333333 0.166666666666667
6062 10 2 0 12 0 0 0
6066 3 2 1 4 0.333333333333333 0.5 0.25
6140 114 1 0 115 0 0 0
6163 7 2 0 9 0 0 0
6263 3 1 1 3 0.333333333333333 1 0.333333333333333
6320 180 1 1 180 0.00555555555555556 1 0.00555555555555556
6342 4 1 0 5 0 0 0
6360 9 2 2 9 0.222222222222222 1 0.222222222222222
6435 3 10 0 13 0 0 0
6453 367 42 31 378 0.0844686648501362 0.738095238095238 0.082010582010582
6509 38 5 5 38 0.131578947368421 1 0.131578947368421
65500 3 1 0 4 0 0 0
65535 1 1 0 2 0 0 0
6596 22 1 1 22 0.0454545454545455 1 0.0454545454545455
6619 12 1 0 13 0 0 0
6629 2 1 1 2 0.5 1 0.5
6648 21 2 1 22 0.0476190476190476 0.5 0.0454545454545455
6666 35 16 11 40 0.314285714285714 0.6875 0.275
6667 456 79 76 459 0.166666666666667 0.962025316455696 0.16557734204793
668 38 11 6 43 0.157894736842105 0.545454545454545 0.13953488372093
6695 105 14 11 108 0.104761904761905 0.785714285714286 0.101851851851852
6696 5 3 1 7 0.2 0.333333333333333 0.142857142857143
6706 8 4 3 9 0.375 0.75 0.333333333333333
6730 612 6 5 613 0.00816993464052288 0.833333333333333 0.00815660685154975
6762 145 27 20 152 0.137931034482759 0.740740740740741 0.131578947368421
6770 41 12 5 48 0.121951219512195 0.416666666666667 0.104166666666667
6772 10 3 3 10 0.3 1 0.3
6774 69 7 6 70 0.0869565217391304 0.857142857142857 0.0857142857142857
680 46 10 8 48 0.173913043478261 0.8 0.166666666666667
6802 8 2 2 8 0.25 1 0.25
6830 84 78 23 139 0.273809523809524 0.294871794871795 0.165467625899281
6881 60 1 1 60 0.0166666666666667 1 0.0166666666666667
6893 5 1 0 6 0 0 0
6895 9 1 1 9 0.111111111111111 1 0.111111111111111
6939 526 40 17 549 0.032319391634981 0.425 0.0309653916211293
7018 2043 7 4 2046 0.00195790504160548 0.571428571428571 0.00195503421309873
7019 1 1 1 1 1 1 1
7065 10 2 1 11 0.1 0.5 0.0909090909090909
7066 23 2 2 23 0.0869565217391304 1 0.0869565217391304
719 12 1 1 12 0.0833333333333333 1 0.0833333333333333
7500 67 4 2 69 0.0298507462686567 0.5 0.0289855072463768
7514 19 8 5 22 0.263157894736842 0.625 0.227272727272727
7516 4 1 0 5 0 0 0
7521 5 3 1 7 0.2 0.333333333333333 0.142857142857143
7522 7 5 2 10 0.285714285714286 0.4 0.2
7530 2 1 0 3 0 0 0
7539 22 8 5 25 0.227272727272727 0.625 0.2
7570 3 4 1 6 0.333333333333333 0.25 0.166666666666667
7575 292 50 47 295 0.160958904109589 0.94 0.159322033898305
7610 20 2 1 21 0.05 0.5 0.0476190476190476
766 16 5 4 17 0.25 0.8 0.235294117647059
7660 36 27 13 50 0.361111111111111 0.481481481481481 0.26
7665 2 1 1 2 0.5 1 0.5
7667 3 1 0 4 0 0 0
7668 11 1 0 12 0 0 0
7670 17 2 1 18 0.0588235294117647 0.5 0.0555555555555556
7671 4 33 3 34 0.75 0.0909090909090909 0.0882352941176471
7682 10 3 2 11 0.2 0.666666666666667 0.181818181818182
7687 4 2 1 5 0.25 0.5 0.2
7781 4 4 1 7 0.25 0.25 0.142857142857143
7786 5 1 0 6 0 0 0
786 46 9 2 53 0.0434782608695652 0.222222222222222 0.0377358490566038
790 2 1 1 2 0.5 1 0.5
7949 9 2 0 11 0 0 0
8002 35 3 2 36 0.0571428571428571 0.666666666666667 0.0555555555555556
8071 6 1 1 6 0.166666666666667 1 0.166666666666667
81 15 1 1 15 0.0666666666666667 1 0.0666666666666667
8121 35 6 4 37 0.114285714285714 0.666666666666667 0.108108108108108
8158 2 1 0 3 0 0 0
8195 34 8 5 37 0.147058823529412 0.625 0.135135135135135
8220 550 12 12 550 0.0218181818181818 1 0.0218181818181818
8226 3 3 1 5 0.333333333333333 0.333333333333333 0.2
8237 4 3 2 5 0.5 0.666666666666667 0.4
8246 136 1 0 137 0 0 0
8256 1 1 1 1 1 1 1
8267 2 1 1 2 0.5 1 0.5
8286 1 1 0 2 0 0 0
8319 28 13 9 32 0.321428571428571 0.692307692307692 0.28125
8364 9 1 0 10 0 0 0
8365 34 16 12 38 0.352941176470588 0.75 0.315789473684211
8368 5 1 1 5 0.2 1 0.2
8419 189 3 2 190 0.0105820105820106 0.666666666666667 0.0105263157894737
8426 234 8 6 236 0.0256410256410256 0.75 0.0254237288135593
8447 325 17 15 327 0.0461538461538462 0.882352941176471 0.0458715596330275
8469 30 9 7 32 0.233333333333333 0.777777777777778 0.21875
8473 15 4 1 18 0.0666666666666667 0.25 0.0555555555555556
8481 2 1 0 3 0 0 0
8495 5 3 2 6 0.4 0.666666666666667 0.333333333333333
8501 33 9 9 33 0.272727272727273 1 0.272727272727273
8508 3 1 1 3 0.333333333333333 1 0.333333333333333
8517 18 1 1 18 0.0555555555555556 1 0.0555555555555556
852 118 1 1 118 0.00847457627118644 1 0.00847457627118644
8527 15 2 2 15 0.133333333333333 1 0.133333333333333
8560 56 14 11 59 0.196428571428571 0.785714285714286 0.186440677966102
8586 62 4 3 63 0.0483870967741935 0.75 0.0476190476190476
8591 21 6 3 24 0.142857142857143 0.5 0.125
8657 76 3 2 77 0.0263157894736842 0.666666666666667 0.025974025974026
8664 10 1 0 11 0 0 0
8665 20 12 7 25 0.35 0.583333333333333 0.28
8674 42 3 3 42 0.0714285714285714 1 0.0714285714285714
8708 197 7 5 199 0.0253807106598985 0.714285714285714 0.0251256281407035
8728 1 1 1 1 1 1 1
8737 31 6 4 33 0.129032258064516 0.666666666666667 0.121212121212121
8758 7 5 3 9 0.428571428571429 0.6 0.333333333333333
8763 133 34 31 136 0.233082706766917 0.911764705882353 0.227941176470588
8767 40 14 10 44 0.25 0.714285714285714 0.227272727272727
8820 225 28 19 234 0.0844444444444444 0.678571428571429 0.0811965811965812
8881 135 11 7 139 0.0518518518518519 0.636363636363636 0.0503597122302158
8897 56 7 4 59 0.0714285714285714 0.571428571428571 0.0677966101694915
8903 11 3 0 14 0 0 0
8921 1 1 0 2 0 0 0
8943 16 2 1 17 0.0625 0.5 0.0588235294117647
8954 19 5 2 22 0.105263157894737 0.4 0.0909090909090909
8966 64 1 1 64 0.015625 1 0.015625
8970 2 1 1 2 0.5 1 0.5
8975 67 3 2 68 0.0298507462686567 0.666666666666667 0.0294117647058824
8978 5 3 1 7 0.2 0.333333333333333 0.142857142857143
9009 97 8 4 101 0.0412371134020619 0.5 0.0396039603960396
9052 3 2 0 5 0 0 0
9080 8 3 2 9 0.25 0.666666666666667 0.222222222222222
9085 6 1 1 6 0.166666666666667 1 0.166666666666667
9112 7 1 1 7 0.142857142857143 1 0.142857142857143
9150 28 3 3 28 0.107142857142857 1 0.107142857142857
9153 31 1 0 32 0 0 0
9162 2 1 0 3 0 0 0
9264 53 36 5 84 0.0943396226415094 0.138888888888889 0.0595238095238095
9270 34 7 6 35 0.176470588235294 0.857142857142857 0.171428571428571
9299 36 1 1 36 0.0277777777777778 1 0.0277777777777778
9316 37 1 0 38 0 0 0
9340 5 3 0 8 0 0 0
9406 1 1 0 2 0 0 0
9416 17 1 0 18 0 0 0
9505 69 4 3 70 0.0434782608695652 0.75 0.0428571428571429
9541 8 3 0 11 0 0 0
9583 30 1 0 31 0 0 0
9595 10 4 2 12 0.2 0.5 0.166666666666667
9600 7 8 2 13 0.285714285714286 0.25 0.153846153846154
9607 8 1 0 9 0 0 0
9619 2 2 2 2 1 1 1
9621 3 7 2 8 0.666666666666667 0.285714285714286 0.25
9622 7 1 1 7 0.142857142857143 1 0.142857142857143
9687 2 1 1 2 0.5 1 0.5
9700 4 2 2 4 0.5 1 0.5
9758 1 1 0 2 0 0 0
9800 38 1 0 39 0 0 0
9821 2 2 2 2 1 1 1
9844 2 1 0 3 0 0 0
9875 3 1 1 3 0.333333333333333 1 0.333333333333333
9901 21 2 0 23 0 0 0
9919 18 1 0 19 0 0 0
9995 3 2 2 3 0.666666666666667 1 0.666666666666667
