#ASN num_v4adj num_v6adj num_intersect(v4v6adj) num_union(adj) fr_v4(num_intersect/num_v4adj) fr_v6(num_intersect/num_v6adj) fr_intersect(num_intersect/num_union)
10013 2 8 1 9 0.5 0.125 0.111111111111111
10015 10 1 0 11 0 0 0
10030 2 1 1 2 0.5 1 0.5
101 48 4 4 48 0.0833333333333333 1 0.0833333333333333
102 3 1 1 3 0.333333333333333 1 0.333333333333333
10204 7 5 1 11 0.142857142857143 0.2 0.0909090909090909
10217 17 2 1 18 0.0588235294117647 0.5 0.0555555555555556
10480 7 1 1 7 0.142857142857143 1 0.142857142857143
10490 28 2 2 28 0.0714285714285714 1 0.0714285714285714
10533 1 2 1 2 1 0.5 0.5
10569 1 1 1 1 1 1 1
10578 26 3 3 26 0.115384615384615 1 0.115384615384615
10745 1 3 0 4 0 0 0
10764 14 2 2 14 0.142857142857143 1 0.142857142857143
10778 5 2 2 5 0.4 1 0.4
10886 38 15 7 46 0.184210526315789 0.466666666666667 0.152173913043478
109 10 5 0 15 0 0 0
1103 176 37 34 179 0.193181818181818 0.918918918918919 0.189944134078212
111 3 1 1 3 0.333333333333333 1 0.333333333333333
1126 36 10 7 39 0.194444444444444 0.7 0.179487179487179
11340 4 2 2 4 0.5 1 0.5
1140 22 3 1 24 0.0454545454545455 0.333333333333333 0.0416666666666667
11537 82 45 31 96 0.378048780487805 0.688888888888889 0.322916666666667
11588 14 1 1 14 0.0714285714285714 1 0.0714285714285714
11656 1 1 0 2 0 0 0
11815 2 1 0 3 0 0 0
11960 5 2 2 5 0.4 1 0.4
11990 4 1 0 5 0 0 0
1200 41 12 8 45 0.195121951219512 0.666666666666667 0.177777777777778
12008 28 1 1 28 0.0357142857142857 1 0.0357142857142857
12041 2 1 1 2 0.5 1 0.5
12046 2 1 1 2 0.5 1 0.5
12111 25 1 0 26 0 0 0
1213 4 2 2 4 0.5 1 0.5
12199 2 2 0 4 0 0 0
1221 91 6 1 96 0.010989010989011 0.166666666666667 0.0104166666666667
12287 2 1 1 2 0.5 1 0.5
12312 23 1 1 23 0.0434782608695652 1 0.0434782608695652
12337 36 16 13 39 0.361111111111111 0.8125 0.333333333333333
12353 4 4 0 8 0 0 0
12355 13 9 6 16 0.461538461538462 0.666666666666667 0.375
1237 35 3 2 36 0.0571428571428571 0.666666666666667 0.0555555555555556
12371 2 1 0 3 0 0 0
12386 12 2 2 12 0.166666666666667 1 0.166666666666667
1239 1736 2 1 1737 0.000576036866359447 0.5 0.000575705238917674
12399 75 1 1 75 0.0133333333333333 1 0.0133333333333333
12401 12 2 1 13 0.0833333333333333 0.5 0.0769230769230769
12414 39 13 9 43 0.230769230769231 0.692307692307692 0.209302325581395
12429 19 1 1 19 0.0526315789473684 1 0.0526315789473684
12533 2 1 0 3 0 0 0
1257 112 5 1 116 0.00892857142857143 0.2 0.00862068965517241
12600 13 1 1 13 0.0769230769230769 1 0.0769230769230769
12611 33 16 10 39 0.303030303030303 0.625 0.256410256410256
12634 37 13 10 40 0.27027027027027 0.769230769230769 0.25
12637 7 4 1 10 0.142857142857143 0.25 0.1
12638 3 3 0 6 0 0 0
12657 2 2 2 2 1 1 1
12709 2 1 0 3 0 0 0
1273 334 72 44 362 0.131736526946108 0.611111111111111 0.121546961325967
12731 33 11 8 36 0.242424242424242 0.727272727272727 0.222222222222222
12732 16 2 2 16 0.125 1 0.125
12741 67 1 0 68 0 0 0
12767 12 1 0 13 0 0 0
12769 6 1 1 6 0.166666666666667 1 0.166666666666667
12779 66 17 7 76 0.106060606060606 0.411764705882353 0.0921052631578947
12816 1 1 1 1 1 1 1
12817 2 2 2 2 1 1 1
12853 1 6 0 7 0 0 0
12859 335 70 64 341 0.191044776119403 0.914285714285714 0.187683284457478
12871 27 16 9 34 0.333333333333333 0.5625 0.264705882352941
12874 109 2 2 109 0.018348623853211 1 0.018348623853211
12895 7 1 1 7 0.142857142857143 1 0.142857142857143
12902 37 11 9 39 0.243243243243243 0.818181818181818 0.230769230769231
12931 4 1 1 4 0.25 1 0.25
12956 143 9 8 144 0.0559440559440559 0.888888888888889 0.0555555555555556
12968 98 2 1 99 0.0102040816326531 0.5 0.0101010101010101
12989 249 4 3 250 0.0120481927710843 0.75 0.012
1299 455 30 24 461 0.0527472527472527 0.8 0.052060737527115
13030 657 3 3 657 0.0045662100456621 1 0.0045662100456621
13039 4 1 1 4 0.25 1 0.25
13041 6 1 1 6 0.166666666666667 1 0.166666666666667
13092 5 2 2 5 0.4 1 0.4
13110 4 1 1 4 0.25 1 0.25
13115 4 2 1 5 0.25 0.5 0.2
1312 2 1 1 2 0.5 1 0.5
13189 18 2 2 18 0.111111111111111 1 0.111111111111111
13193 46 14 8 52 0.173913043478261 0.571428571428571 0.153846153846154
132 2 1 1 2 0.5 1 0.5
13237 472 48 41 479 0.086864406779661 0.854166666666667 0.0855949895615866
13272 1 1 1 1 1 1 1
13293 22 2 2 22 0.0909090909090909 1 0.0909090909090909
13319 3 1 0 4 0 0 0
13448 4 1 1 4 0.25 1 0.25
13645 85 21 12 94 0.141176470588235 0.571428571428571 0.127659574468085
137 14 4 4 14 0.285714285714286 1 0.285714285714286
13802 6 1 0 7 0 0 0
13911 4 1 0 5 0 0 0
14277 10 10 3 17 0.3 0.3 0.176470588235294
15169 90 5 2 93 0.0222222222222222 0.4 0.021505376344086
15412 230 2 1 231 0.00434782608695652 0.5 0.00432900432900433
15444 244 23 14 253 0.0573770491803279 0.608695652173913 0.0553359683794466
15456 2 3 0 5 0 0 0
15469 1 1 0 2 0 0 0
15501 2 2 2 2 1 1 1
15589 35 9 2 42 0.0571428571428571 0.222222222222222 0.0476190476190476
15598 48 11 7 52 0.145833333333333 0.636363636363636 0.134615384615385
15623 27 3 2 28 0.0740740740740741 0.666666666666667 0.0714285714285714
15685 16 4 4 16 0.25 1 0.25
15694 43 1 1 43 0.0232558139534884 1 0.0232558139534884
15706 3 2 1 4 0.333333333333333 0.5 0.25
15725 2 2 1 3 0.5 0.5 0.333333333333333
15744 9 1 1 9 0.111111111111111 1 0.111111111111111
15782 11 1 1 11 0.0909090909090909 1 0.0909090909090909
15798 2 1 0 3 0 0 0
15919 6 1 1 6 0.166666666666667 1 0.166666666666667
16004 10 2 1 11 0.1 0.5 0.0909090909090909
16023 3 1 0 4 0 0 0
16030 54 14 11 57 0.203703703703704 0.785714285714286 0.192982456140351
16034 245 24 21 248 0.0857142857142857 0.875 0.0846774193548387
16086 29 18 5 42 0.172413793103448 0.277777777777778 0.119047619047619
16128 11 3 3 11 0.272727272727273 1 0.272727272727273
16131 31 9 7 33 0.225806451612903 0.777777777777778 0.212121212121212
16150 230 6 3 233 0.0130434782608696 0.5 0.0128755364806867
16186 41 7 3 45 0.0731707317073171 0.428571428571429 0.0666666666666667
16215 194 36 34 196 0.175257731958763 0.944444444444444 0.173469387755102
16237 29 4 2 31 0.0689655172413793 0.5 0.0645161290322581
16245 20 3 1 22 0.05 0.333333333333333 0.0454545454545455
16265 97 2 1 98 0.0103092783505155 0.5 0.0102040816326531
16276 59 2 2 59 0.0338983050847458 1 0.0338983050847458
16305 1 1 1 1 1 1 1
16316 4 3 1 6 0.25 0.333333333333333 0.166666666666667
16397 9 1 0 10 0 0 0
1653 28 3 1 30 0.0357142857142857 0.333333333333333 0.0333333333333333
16531 11 1 0 12 0 0 0
1659 7 3 2 8 0.285714285714286 0.666666666666667 0.25
16668 6 1 1 6 0.166666666666667 1 0.166666666666667
16713 30 2 1 31 0.0333333333333333 0.5 0.032258064516129
16838 12 1 0 13 0 0 0
16942 2 3 0 5 0 0 0
16993 2 1 0 3 0 0 0
17263 3 1 0 4 0 0 0
1741 10 3 2 11 0.2 0.666666666666667 0.181818181818182
17435 3 2 0 5 0 0 0
17511 9 2 0 11 0 0 0
17529 7 1 0 8 0 0 0
17554 7 2 2 7 0.285714285714286 1 0.285714285714286
17579 10 4 3 11 0.3 0.75 0.272727272727273
1764 18 6 4 20 0.222222222222222 0.666666666666667 0.2
17676 33 7 2 38 0.0606060606060606 0.285714285714286 0.0526315789473684
17716 3 1 1 3 0.333333333333333 1 0.333333333333333
17832 4 13 1 16 0.25 0.0769230769230769 0.0625
17843 2 1 1 2 0.5 1 0.5
17853 1 1 0 2 0 0 0
17934 2 4 1 5 0.5 0.25 0.2
1797 2 3 2 3 1 0.666666666666667 0.666666666666667
1798 4 2 0 6 0 0 0
18015 2 1 1 2 0.5 1 0.5
18062 1 1 0 2 0 0 0
18119 2 1 0 3 0 0 0
18126 4 1 1 4 0.25 1 0.25
18182 3 1 0 4 0 0 0
18185 4 2 1 5 0.25 0.5 0.2
18206 3 2 0 5 0 0 0
18210 2 1 0 3 0 0 0
18266 3 1 1 3 0.333333333333333 1 0.333333333333333
18288 2 1 0 3 0 0 0
1835 6 2 2 6 0.333333333333333 1 0.333333333333333
18422 4 2 2 4 0.5 1 0.5
1853 97 14 11 100 0.11340206185567 0.785714285714286 0.11
18592 26 12 10 28 0.384615384615385 0.833333333333333 0.357142857142857
18666 3 2 0 5 0 0 0
1879 1 1 1 1 1 1 1
1880 13 3 2 14 0.153846153846154 0.666666666666667 0.142857142857143
1881 1 1 1 1 1 1 1
1887 6 1 1 6 0.166666666666667 1 0.166666666666667
1901 108 2 1 109 0.00925925925925926 0.5 0.00917431192660551
19021 1 1 0 2 0 0 0
1916 19 4 3 20 0.157894736842105 0.75 0.15
19165 3 1 0 4 0 0 0
19166 3 1 1 3 0.333333333333333 1 0.333333333333333
1930 5 3 1 7 0.2 0.333333333333333 0.142857142857143
19318 35 7 5 37 0.142857142857143 0.714285714285714 0.135135135135135
19401 32 7 6 33 0.1875 0.857142857142857 0.181818181818182
195 7 2 2 7 0.285714285714286 1 0.285714285714286
1955 11 2 2 11 0.181818181818182 1 0.181818181818182
19782 12 1 1 12 0.0833333333333333 1 0.0833333333333333
20080 15 2 2 15 0.133333333333333 1 0.133333333333333
2018 6 5 1 10 0.166666666666667 0.2 0.1
20312 4 2 1 5 0.25 0.5 0.2
2042 17 2 1 18 0.0588235294117647 0.5 0.0555555555555556
20473 24 1 0 25 0 0 0
20495 48 7 6 49 0.125 0.857142857142857 0.122448979591837
20569 12 1 1 12 0.0833333333333333 1 0.0833333333333333
20597 2 1 0 3 0 0 0
20612 3 2 2 3 0.666666666666667 1 0.666666666666667
20621 2 1 1 2 0.5 1 0.5
20633 17 8 3 22 0.176470588235294 0.375 0.136363636363636
20640 212 65 53 224 0.25 0.815384615384615 0.236607142857143
20646 45 20 12 53 0.266666666666667 0.6 0.226415094339623
20650 6 1 1 6 0.166666666666667 1 0.166666666666667
20704 21 4 3 22 0.142857142857143 0.75 0.136363636363636
20712 7 2 0 9 0 0 0
20718 31 10 4 37 0.129032258064516 0.4 0.108108108108108
20745 1 3 0 4 0 0 0
20794 2 1 0 3 0 0 0
20834 34 4 4 34 0.117647058823529 1 0.117647058823529
20847 41 12 10 43 0.24390243902439 0.833333333333333 0.232558139534884
209 1267 6 5 1268 0.00394632991318074 0.833333333333333 0.00394321766561514
20900 2 1 0 3 0 0 0
20912 3 4 0 7 0 0 0
20965 48 41 41 48 0.854166666666667 1 0.854166666666667
210 9 1 1 9 0.111111111111111 1 0.111111111111111
21055 23 2 1 24 0.0434782608695652 0.5 0.0416666666666667
2107 1 1 1 1 1 1 1
2108 1 1 1 1 1 1 1
2110 47 6 1 52 0.0212765957446809 0.166666666666667 0.0192307692307692
21119 6 1 1 6 0.166666666666667 1 0.166666666666667
21155 38 13 9 42 0.236842105263158 0.692307692307692 0.214285714285714
2116 29 1 1 29 0.0344827586206897 1 0.0344827586206897
21221 28 9 6 31 0.214285714285714 0.666666666666667 0.193548387096774
2128 4 1 1 4 0.25 1 0.25
21280 8 1 0 9 0 0 0
21385 36 12 9 39 0.25 0.75 0.230769230769231
2153 39 7 7 39 0.179487179487179 1 0.179487179487179
21844 12 1 1 12 0.0833333333333333 1 0.0833333333333333
21947 19 2 2 19 0.105263157894737 1 0.105263157894737
22 1 1 1 1 1 1 1
2200 42 3 3 42 0.0714285714285714 1 0.0714285714285714
22166 2 1 0 3 0 0 0
22388 8 6 6 8 0.75 1 0.75
224 5 3 1 7 0.2 0.333333333333333 0.142857142857143
22548 22 2 1 23 0.0454545454545455 0.5 0.0434782608695652
226 23 2 2 23 0.0869565217391304 1 0.0869565217391304
22767 2 1 1 2 0.5 1 0.5
23140 3 1 1 3 0.333333333333333 1 0.333333333333333
23265 21 1 1 21 0.0476190476190476 1 0.0476190476190476
23393 38 3 2 39 0.0526315789473684 0.666666666666667 0.0512820512820513
23504 29 7 2 34 0.0689655172413793 0.285714285714286 0.0588235294117647
23541 3 2 1 4 0.333333333333333 0.5 0.25
23554 2 2 2 2 1 1 1
23596 1 1 1 1 1 1 1
23600 3 3 2 4 0.666666666666667 0.666666666666667 0.5
23601 1 2 1 2 1 0.5 0.5
23624 2 1 1 2 0.5 1 0.5
23634 4 2 2 4 0.5 1 0.5
23654 2 2 2 2 1 1 1
23754 1 1 0 2 0 0 0
23774 3 2 1 4 0.333333333333333 0.5 0.25
23787 2 2 1 3 0.5 0.5 0.333333333333333
2381 30 2 1 31 0.0333333333333333 0.5 0.032258064516129
23836 1 1 1 1 1 1 1
23889 5 1 1 5 0.2 1 0.2
23902 1 2 0 3 0 0 0
23910 2 4 1 5 0.5 0.25 0.2
23911 2 9 2 9 1 0.222222222222222 0.222222222222222
23912 1 2 0 3 0 0 0
23966 5 2 0 7 0 0 0
24 9 5 3 11 0.333333333333333 0.6 0.272727272727273
24226 2 1 0 3 0 0 0
24229 3 1 1 3 0.333333333333333 1 0.333333333333333
24287 4 3 3 4 0.75 1 0.75
24311 1 1 0 2 0 0 0
24334 2 1 1 2 0.5 1 0.5
24433 2 1 1 2 0.5 1 0.5
24435 1 1 0 2 0 0 0
24475 3 3 3 3 1 1 1
24489 6 4 4 6 0.666666666666667 1 0.666666666666667
24490 9 7 7 9 0.777777777777778 1 0.777777777777778
24514 1 1 1 1 1 1 1
24541 2 2 1 3 0.5 0.5 0.333333333333333
24555 1 1 1 1 1 1 1
24586 22 5 3 24 0.136363636363636 0.6 0.125
24587 40 4 2 42 0.05 0.5 0.0476190476190476
24724 43 3 3 43 0.0697674418604651 1 0.0697674418604651
24730 47 8 6 49 0.127659574468085 0.75 0.122448979591837
24776 6 2 1 7 0.166666666666667 0.5 0.142857142857143
24875 196 42 37 201 0.188775510204082 0.880952380952381 0.18407960199005
2497 212 58 40 230 0.188679245283019 0.689655172413793 0.173913043478261
24973 3 1 0 4 0 0 0
250 9 3 0 12 0 0 0
2500 29 47 10 66 0.344827586206897 0.212765957446809 0.151515151515152
25058 2 1 1 2 0.5 1 0.5
2506 3 1 1 3 0.333333333333333 1 0.333333333333333
25061 25 2 1 26 0.04 0.5 0.0384615384615385
2510 16 7 3 20 0.1875 0.428571428571429 0.15
25108 15 4 4 15 0.266666666666667 1 0.266666666666667
25137 7 4 2 9 0.285714285714286 0.5 0.222222222222222
2514 18 4 2 20 0.111111111111111 0.5 0.1
2515 6 1 1 6 0.166666666666667 1 0.166666666666667
25152 46 5 3 48 0.0652173913043478 0.6 0.0625
2516 299 47 33 313 0.110367892976589 0.702127659574468 0.105431309904153
2518 46 8 3 51 0.0652173913043478 0.375 0.0588235294117647
2519 24 3 1 26 0.0416666666666667 0.333333333333333 0.0384615384615385
25192 19 7 4 22 0.210526315789474 0.571428571428571 0.181818181818182
25208 5 1 0 6 0 0 0
25220 14 2 2 14 0.142857142857143 1 0.142857142857143
2523 4 1 1 4 0.25 1 0.25
25232 236 10 10 236 0.0423728813559322 1 0.0423728813559322
2527 10 6 2 14 0.2 0.333333333333333 0.142857142857143
25358 16 7 1 22 0.0625 0.142857142857143 0.0454545454545455
25384 8 2 0 10 0 0 0
25441 10 1 1 10 0.1 1 0.1
25473 4 1 1 4 0.25 1 0.25
2549 3 2 1 4 0.333333333333333 0.5 0.25
25538 2 1 0 3 0 0 0
25560 34 17 13 38 0.382352941176471 0.764705882352941 0.342105263157895
25689 6 2 1 7 0.166666666666667 0.5 0.142857142857143
2594 5 1 0 6 0 0 0
2595 2 1 0 3 0 0 0
2602 2 1 1 2 0.5 1 0.5
2603 30 12 8 34 0.266666666666667 0.666666666666667 0.235294117647059
2607 27 4 4 27 0.148148148148148 1 0.148148148148148
2611 48 10 9 49 0.1875 0.9 0.183673469387755
2614 9 1 1 9 0.111111111111111 1 0.111111111111111
26415 24 3 0 27 0 0 0
26943 141 9 8 142 0.0567375886524823 0.888888888888889 0.0563380281690141
2697 5 1 1 5 0.2 1 0.2
27 2 1 1 2 0.5 1 0.5
27319 24 4 4 24 0.166666666666667 1 0.166666666666667
27446 5 1 0 6 0 0 0
27678 6 1 1 6 0.166666666666667 1 0.166666666666667
27750 15 14 11 18 0.733333333333333 0.785714285714286 0.611111111111111
278 7 7 1 13 0.142857142857143 0.142857142857143 0.0769230769230769
27841 1 1 1 1 1 1 1
2819 25 4 0 29 0 0 0
2847 2 1 1 2 0.5 1 0.5
28472 1 1 1 1 1 1 1
2852 39 3 3 39 0.0769230769230769 1 0.0769230769230769
2857 143 12 8 147 0.0559440559440559 0.666666666666667 0.054421768707483
286 318 51 27 342 0.0849056603773585 0.529411764705882 0.0789473684210526
2861 9 2 2 9 0.222222222222222 1 0.222222222222222
28678 2 1 1 2 0.5 1 0.5
28716 40 1 1 40 0.025 1 0.025
28725 5 1 0 6 0 0 0
28788 46 3 3 46 0.0652173913043478 1 0.0652173913043478
28814 1 1 1 1 1 1 1
2884 6 2 2 6 0.333333333333333 1 0.333333333333333
28855 8 1 1 8 0.125 1 0.125
28857 7 3 2 8 0.285714285714286 0.666666666666667 0.25
2895 9 2 2 9 0.222222222222222 1 0.222222222222222
2905 24 1 0 25 0 0 0
2907 70 5 3 72 0.0428571428571429 0.6 0.0416666666666667
29134 3 1 0 4 0 0 0
2914 559 124 67 616 0.119856887298748 0.540322580645161 0.108766233766234
2915 11 9 1 19 0.0909090909090909 0.111111111111111 0.0526315789473684
292 1 1 1 1 1 1 1
29208 28 2 1 29 0.0357142857142857 0.5 0.0344827586206897
29216 1 2 1 2 1 0.5 0.5
29243 2 1 1 2 0.5 1 0.5
29259 6 4 4 6 0.666666666666667 1 0.666666666666667
293 128 40 32 136 0.25 0.8 0.235294117647059
29317 1 1 1 1 1 1 1
29402 6 1 0 7 0 0 0
29422 20 2 1 21 0.05 0.5 0.0476190476190476
29432 1 1 1 1 1 1 1
29449 4 3 0 7 0 0 0
29452 3 1 0 4 0 0 0
29527 36 6 5 37 0.138888888888889 0.833333333333333 0.135135135135135
29632 7 3 0 10 0 0 0
29636 170 25 24 171 0.141176470588235 0.96 0.140350877192982
29668 31 2 1 32 0.032258064516129 0.5 0.03125
29670 3 1 1 3 0.333333333333333 1 0.333333333333333
29686 298 75 70 303 0.23489932885906 0.933333333333333 0.231023102310231
29748 28 2 2 28 0.0714285714285714 1 0.0714285714285714
29791 39 2 0 41 0 0 0
29838 15 2 1 16 0.0666666666666667 0.5 0.0625
29877 4 3 0 7 0 0 0
3 5 1 0 6 0 0 0
30071 25 82 9 98 0.36 0.109756097560976 0.0918367346938776
30128 4 3 2 5 0.5 0.666666666666667 0.4
30374 2 1 0 3 0 0 0
30653 19 4 2 21 0.105263157894737 0.5 0.0952380952380952
3066 2 2 1 3 0.5 0.5 0.333333333333333
30834 5 2 2 5 0.4 1 0.4
30913 15 3 1 17 0.0666666666666667 0.333333333333333 0.0588235294117647
30947 3 1 1 3 0.333333333333333 1 0.333333333333333
31065 2 2 0 4 0 0 0
31103 3 3 0 6 0 0 0
31127 3 1 1 3 0.333333333333333 1 0.333333333333333
31246 7 1 1 7 0.142857142857143 1 0.142857142857143
31265 1 1 1 1 1 1 1
31283 61 3 2 62 0.0327868852459016 0.666666666666667 0.032258064516129
31309 3 1 1 3 0.333333333333333 1 0.333333333333333
31333 6 2 2 6 0.333333333333333 1 0.333333333333333
31383 18 10 5 23 0.277777777777778 0.5 0.217391304347826
3140 1 1 1 1 1 1 1
31424 11 2 1 12 0.0909090909090909 0.5 0.0833333333333333
31458 38 2 1 39 0.0263157894736842 0.5 0.0256410256410256
31477 44 1 1 44 0.0227272727272727 1 0.0227272727272727
31479 6 1 1 6 0.166666666666667 1 0.166666666666667
31708 4 2 2 4 0.5 1 0.5
31859 2 1 0 3 0 0 0
31985 5 1 0 6 0 0 0
32034 5 2 1 6 0.2 0.5 0.166666666666667
3212 45 1 1 45 0.0222222222222222 1 0.0222222222222222
3213 135 6 6 135 0.0444444444444444 1 0.0444444444444444
3221 1 1 1 1 1 1 1
32361 7 1 1 7 0.142857142857143 1 0.142857142857143
3243 10 5 1 14 0.1 0.2 0.0714285714285714
32459 3 1 1 3 0.333333333333333 1 0.333333333333333
3246 122 20 16 126 0.131147540983607 0.8 0.126984126984127
3248 36 13 7 42 0.194444444444444 0.538461538461538 0.166666666666667
3249 45 8 4 49 0.0888888888888889 0.5 0.0816326530612245
3257 351 155 71 435 0.202279202279202 0.458064516129032 0.163218390804598
3265 59 15 9 65 0.152542372881356 0.6 0.138461538461538
3268 1 1 1 1 1 1 1
3277 101 1 0 102 0 0 0
3292 297 7 5 299 0.0168350168350168 0.714285714285714 0.0167224080267559
32978 3 1 1 3 0.333333333333333 1 0.333333333333333
3301 51 2 1 52 0.0196078431372549 0.5 0.0192307692307692
3303 368 2 1 369 0.00271739130434783 0.5 0.002710027100271
3320 429 11 6 434 0.013986013986014 0.545454545454545 0.0138248847926267
3327 65 12 11 66 0.169230769230769 0.916666666666667 0.166666666666667
3333 142 5 3 144 0.0211267605633803 0.6 0.0208333333333333
3343 16 6 3 19 0.1875 0.5 0.157894736842105
33437 1 8 1 8 1 0.125 0.125
3344 26 13 8 31 0.307692307692308 0.615384615384615 0.258064516129032
3352 62 3 1 64 0.0161290322580645 0.333333333333333 0.015625
3356 1341 29 25 1345 0.0186428038777032 0.862068965517241 0.0185873605947955
33843 25 9 3 31 0.12 0.333333333333333 0.0967741935483871
33956 2 1 1 2 0.5 1 0.5
34081 2 1 1 2 0.5 1 0.5
34159 7 1 1 7 0.142857142857143 1 0.142857142857143
34225 29 2 2 29 0.0689655172413793 1 0.0689655172413793
34243 1 1 1 1 1 1 1
34288 6 3 2 7 0.333333333333333 0.666666666666667 0.285714285714286
34309 25 35 8 52 0.32 0.228571428571429 0.153846153846154
34419 6 4 2 8 0.333333333333333 0.5 0.25
34623 1 1 1 1 1 1 1
34631 2 2 1 3 0.5 0.5 0.333333333333333
34763 61 7 2 66 0.0327868852459016 0.285714285714286 0.0303030303030303
34771 3 2 2 3 0.666666666666667 1 0.666666666666667
35003 2 1 1 2 0.5 1 0.5
35244 17 8 6 19 0.352941176470588 0.75 0.315789473684211
35272 8 1 1 8 0.125 1 0.125
35292 4 1 0 5 0 0 0
35425 6 1 1 6 0.166666666666667 1 0.166666666666667
35485 8 3 3 8 0.375 1 0.375
3549 883 64 46 901 0.0520951302378256 0.71875 0.051054384017758
35492 3 1 1 3 0.333333333333333 1 0.333333333333333
3551 1 1 0 2 0 0 0
3557 84 22 13 93 0.154761904761905 0.590909090909091 0.139784946236559
35612 2 2 0 4 0 0 0
35706 14 4 2 16 0.142857142857143 0.5 0.125
3597 9 1 1 9 0.111111111111111 1 0.111111111111111
3640 4 1 1 4 0.25 1 0.25
3662 13 1 1 13 0.0769230769230769 1 0.0769230769230769
3671 2 1 1 2 0.5 1 0.5
36810 1 1 0 2 0 0 0
3741 234 1 0 235 0 0 0
376 14 1 1 14 0.0714285714285714 1 0.0714285714285714
378 3 1 1 3 0.333333333333333 1 0.333333333333333
3790 2 1 1 2 0.5 1 0.5
38083 2 1 1 2 0.5 1 0.5
38128 1 1 0 2 0 0 0
3825 1 2 0 3 0 0 0
3836 5 8 1 12 0.2 0.125 0.0833333333333333
38986 3 1 1 3 0.333333333333333 1 0.333333333333333
39122 4 1 1 4 0.25 1 0.25
39211 1 1 1 1 1 1 1
39301 2 1 1 2 0.5 1 0.5
39469 160 36 32 164 0.2 0.888888888888889 0.195121951219512
39854 1 1 0 2 0 0 0
3999 1 1 1 1 1 1 1
40220 10 2 2 10 0.2 1 0.2
41075 1 1 0 2 0 0 0
41102 1 11 1 11 1 0.0909090909090909 0.0909090909090909
4134 65 2 0 67 0 0 0
41670 1 1 0 2 0 0 0
41773 1 1 1 1 1 1 1
42 86 2 2 86 0.0232558139534884 1 0.0232558139534884
4436 89 10 9 90 0.101123595505618 0.9 0.1
4538 17 7 4 20 0.235294117647059 0.571428571428571 0.2
4555 1 3 0 4 0 0 0
4589 666 51 46 671 0.0690690690690691 0.901960784313726 0.0685543964232489
4608 3 2 1 4 0.333333333333333 0.5 0.25
4618 16 7 1 22 0.0625 0.142857142857143 0.0454545454545455
4621 25 3 2 26 0.08 0.666666666666667 0.0769230769230769
4645 13 1 1 13 0.0769230769230769 1 0.0769230769230769
4651 29 6 4 31 0.137931034482759 0.666666666666667 0.129032258064516
4673 8 1 1 8 0.125 1 0.125
4675 6 5 2 9 0.333333333333333 0.4 0.222222222222222
4677 4 8 2 10 0.5 0.25 0.2
4678 7 7 2 12 0.285714285714286 0.285714285714286 0.166666666666667
4680 10 6 2 14 0.2 0.333333333333333 0.142857142857143
4685 8 6 3 11 0.375 0.5 0.272727272727273
4688 10 7 3 14 0.3 0.428571428571429 0.214285714285714
4691 8 12 3 17 0.375 0.25 0.176470588235294
4697 1 16 1 16 1 0.0625 0.0625
4702 5 4 2 7 0.4 0.5 0.285714285714286
4713 87 5 4 88 0.0459770114942529 0.8 0.0454545454545455
4716 88 45 12 121 0.136363636363636 0.266666666666667 0.0991735537190083
4717 3 2 2 3 0.666666666666667 1 0.666666666666667
4718 3 5 1 7 0.333333333333333 0.2 0.142857142857143
4721 11 5 0 16 0 0 0
4725 119 31 12 138 0.100840336134454 0.387096774193548 0.0869565217391304
4738 1 1 1 1 1 1 1
4741 11 2 1 12 0.0909090909090909 0.5 0.0833333333333333
4747 8 2 0 10 0 0 0
4750 43 3 1 45 0.0232558139534884 0.333333333333333 0.0222222222222222
4775 44 1 1 44 0.0227272727272727 1 0.0227272727272727
4777 26 7 5 28 0.192307692307692 0.714285714285714 0.178571428571429
4780 25 2 1 26 0.04 0.5 0.0384615384615385
4782 3 1 0 4 0 0 0
4787 9 6 0 15 0 0 0
4788 107 10 4 113 0.0373831775700935 0.4 0.0353982300884956
4795 32 2 1 33 0.03125 0.5 0.0303030303030303
48 1 1 1 1 1 1 1
4818 4 1 0 5 0 0 0
5050 17 2 2 17 0.117647058823529 1 0.117647058823529
513 41 9 6 44 0.146341463414634 0.666666666666667 0.136363636363636
5381 12 3 1 14 0.0833333333333333 0.333333333333333 0.0714285714285714
5385 12 7 4 15 0.333333333333333 0.571428571428571 0.266666666666667
5401 3 1 1 3 0.333333333333333 1 0.333333333333333
5408 29 2 2 29 0.0689655172413793 1 0.0689655172413793
5410 53 5 1 57 0.0188679245283019 0.2 0.0175438596491228
5417 165 32 26 171 0.157575757575758 0.8125 0.152046783625731
5418 8 1 1 8 0.125 1 0.125
5421 3 1 1 3 0.333333333333333 1 0.333333333333333
5430 75 20 17 78 0.226666666666667 0.85 0.217948717948718
5459 218 9 9 218 0.0412844036697248 1 0.0412844036697248
5466 71 2 1 72 0.0140845070422535 0.5 0.0138888888888889
5486 41 2 0 43 0 0 0
5511 166 20 14 172 0.0843373493975904 0.7 0.0813953488372093
553 40 16 12 44 0.3 0.75 0.272727272727273
5533 9 5 1 13 0.111111111111111 0.2 0.0769230769230769
5537 27 2 1 28 0.037037037037037 0.5 0.0357142857142857
5539 31 45 14 62 0.451612903225806 0.311111111111111 0.225806451612903
5549 2 2 2 2 1 1 1
5550 4 3 1 6 0.25 0.333333333333333 0.166666666666667
5568 96 4 3 97 0.03125 0.75 0.0309278350515464
557 4 1 1 4 0.25 1 0.25
559 55 14 13 56 0.236363636363636 0.928571428571429 0.232142857142857
5602 15 3 1 17 0.0666666666666667 0.333333333333333 0.0588235294117647
5609 2 13 0 15 0 0 0
5623 1 3 0 4 0 0 0
5669 31 2 0 33 0 0 0
5693 10 2 0 12 0 0 0
57 20 2 2 20 0.1 1 0.1
5713 121 2 1 122 0.00826446280991736 0.5 0.00819672131147541
577 110 1 1 110 0.00909090909090909 1 0.00909090909090909
6057 5 2 1 6 0.2 0.5 0.166666666666667
6062 8 3 0 11 0 0 0
6066 3 2 1 4 0.333333333333333 0.5 0.25
6083 25 6 4 27 0.16 0.666666666666667 0.148148148148148
6140 115 1 0 116 0 0 0
6149 1 2 0 3 0 0 0
6163 9 1 0 10 0 0 0
6182 1 1 1 1 1 1 1
6263 3 1 1 3 0.333333333333333 1 0.333333333333333
6320 299 1 0 300 0 0 0
6342 4 1 0 5 0 0 0
6360 10 2 2 10 0.2 1 0.2
6435 3 10 0 13 0 0 0
6453 390 47 37 400 0.0948717948717949 0.787234042553192 0.0925
6509 40 7 7 40 0.175 1 0.175
65500 6 1 0 7 0 0 0
6596 23 1 1 23 0.0434782608695652 1 0.0434782608695652
6619 13 1 0 14 0 0 0
6629 2 1 1 2 0.5 1 0.5
6648 24 2 1 25 0.0416666666666667 0.5 0.04
6666 34 20 12 42 0.352941176470588 0.6 0.285714285714286
6667 458 84 81 461 0.176855895196507 0.964285714285714 0.175704989154013
668 36 10 5 41 0.138888888888889 0.5 0.121951219512195
6695 105 16 13 108 0.123809523809524 0.8125 0.12037037037037
6696 7 4 2 9 0.285714285714286 0.5 0.222222222222222
6706 7 3 2 8 0.285714285714286 0.666666666666667 0.25
6730 622 7 6 623 0.00964630225080386 0.857142857142857 0.00963081861958266
6762 139 29 21 147 0.151079136690647 0.724137931034483 0.142857142857143
6770 41 14 8 47 0.195121951219512 0.571428571428571 0.170212765957447
6772 14 4 4 14 0.285714285714286 1 0.285714285714286
6774 76 12 10 78 0.131578947368421 0.833333333333333 0.128205128205128
6775 6 3 2 7 0.333333333333333 0.666666666666667 0.285714285714286
680 51 12 9 54 0.176470588235294 0.75 0.166666666666667
6802 7 2 2 7 0.285714285714286 1 0.285714285714286
6830 144 89 28 205 0.194444444444444 0.314606741573034 0.136585365853659
6881 63 1 1 63 0.0158730158730159 1 0.0158730158730159
6882 4 1 1 4 0.25 1 0.25
6893 4 1 0 5 0 0 0
6895 8 1 1 8 0.125 1 0.125
6939 544 41 19 566 0.0349264705882353 0.463414634146341 0.0335689045936396
7018 2054 8 4 2058 0.00194741966893866 0.5 0.00194363459669582
7019 1 1 1 1 1 1 1
7065 15 3 1 17 0.0666666666666667 0.333333333333333 0.0588235294117647
7066 23 3 3 23 0.130434782608696 1 0.130434782608696
719 9 2 1 10 0.111111111111111 0.5 0.1
7470 32 1 1 32 0.03125 1 0.03125
7500 66 4 2 68 0.0303030303030303 0.5 0.0294117647058824
7514 22 9 5 26 0.227272727272727 0.555555555555556 0.192307692307692
7516 5 1 0 6 0 0 0
7521 5 3 1 7 0.2 0.333333333333333 0.142857142857143
7522 6 6 2 10 0.333333333333333 0.333333333333333 0.2
7530 2 3 0 5 0 0 0
7539 24 11 7 28 0.291666666666667 0.636363636363636 0.25
7570 4 4 1 7 0.25 0.25 0.142857142857143
7575 323 60 56 327 0.173374613003096 0.933333333333333 0.171253822629969
7606 52 2 2 52 0.0384615384615385 1 0.0384615384615385
7610 21 2 1 22 0.0476190476190476 0.5 0.0454545454545455
766 17 5 4 18 0.235294117647059 0.8 0.222222222222222
7660 37 30 16 51 0.432432432432432 0.533333333333333 0.313725490196078
7665 2 1 1 2 0.5 1 0.5
7667 3 1 0 4 0 0 0
7668 9 1 0 10 0 0 0
7670 20 2 1 21 0.05 0.5 0.0476190476190476
7671 4 33 3 34 0.75 0.0909090909090909 0.0882352941176471
7682 11 3 2 12 0.181818181818182 0.666666666666667 0.166666666666667
7687 4 1 1 4 0.25 1 0.25
7753 5 1 0 6 0 0 0
7781 4 3 1 6 0.25 0.333333333333333 0.166666666666667
7786 5 1 0 6 0 0 0
786 44 9 2 51 0.0454545454545455 0.222222222222222 0.0392156862745098
790 1 1 1 1 1 1 1
7949 9 2 0 11 0 0 0
8002 37 4 3 38 0.0810810810810811 0.75 0.0789473684210526
8018 2 1 1 2 0.5 1 0.5
81 17 1 1 17 0.0588235294117647 1 0.0588235294117647
8121 36 6 3 39 0.0833333333333333 0.5 0.0769230769230769
8195 74 8 8 74 0.108108108108108 1 0.108108108108108
8201 9 2 1 10 0.111111111111111 0.5 0.1
8220 515 9 9 515 0.0174757281553398 1 0.0174757281553398
8226 3 3 1 5 0.333333333333333 0.333333333333333 0.2
8237 7 4 2 9 0.285714285714286 0.5 0.222222222222222
8246 148 1 0 149 0 0 0
8256 1 1 1 1 1 1 1
8267 2 1 1 2 0.5 1 0.5
8286 1 1 0 2 0 0 0
8299 8 1 0 9 0 0 0
8319 29 13 9 33 0.310344827586207 0.692307692307692 0.272727272727273
8346 3 1 1 3 0.333333333333333 1 0.333333333333333
8364 10 1 0 11 0 0 0
8365 68 18 13 73 0.191176470588235 0.722222222222222 0.178082191780822
8368 12 2 2 12 0.166666666666667 1 0.166666666666667
8387 12 1 1 12 0.0833333333333333 1 0.0833333333333333
8419 193 4 3 194 0.0155440414507772 0.75 0.0154639175257732
8422 93 8 3 98 0.032258064516129 0.375 0.0306122448979592
8426 236 12 8 240 0.0338983050847458 0.666666666666667 0.0333333333333333
8447 330 16 14 332 0.0424242424242424 0.875 0.0421686746987952
8469 29 10 8 31 0.275862068965517 0.8 0.258064516129032
8473 18 5 1 22 0.0555555555555556 0.2 0.0454545454545455
8481 3 1 0 4 0 0 0
8489 3 2 1 4 0.333333333333333 0.5 0.25
8495 7 1 1 7 0.142857142857143 1 0.142857142857143
8501 32 10 10 32 0.3125 1 0.3125
8508 1 1 1 1 1 1 1
8517 17 1 1 17 0.0588235294117647 1 0.0588235294117647
852 126 1 1 126 0.00793650793650794 1 0.00793650793650794
8527 16 2 2 16 0.125 1 0.125
855 20 1 0 21 0 0 0
8560 66 18 14 70 0.212121212121212 0.777777777777778 0.2
8586 67 6 4 69 0.0597014925373134 0.666666666666667 0.0579710144927536
8591 23 6 3 26 0.130434782608696 0.5 0.115384615384615
8657 82 3 2 83 0.024390243902439 0.666666666666667 0.0240963855421687
8664 6 2 1 7 0.166666666666667 0.5 0.142857142857143
8665 19 14 8 25 0.421052631578947 0.571428571428571 0.32
8674 48 4 3 49 0.0625 0.75 0.0612244897959184
8728 1 1 1 1 1 1 1
8737 35 8 4 39 0.114285714285714 0.5 0.102564102564103
8758 9 6 4 11 0.444444444444444 0.666666666666667 0.363636363636364
8763 132 34 32 134 0.242424242424242 0.941176470588235 0.238805970149254
8767 56 18 13 61 0.232142857142857 0.722222222222222 0.213114754098361
8820 251 30 22 259 0.0876494023904383 0.733333333333333 0.0849420849420849
8881 154 5 4 155 0.025974025974026 0.8 0.0258064516129032
8897 55 10 6 59 0.109090909090909 0.6 0.101694915254237
8903 14 4 0 18 0 0 0
8943 17 3 2 18 0.117647058823529 0.666666666666667 0.111111111111111
8954 21 7 3 25 0.142857142857143 0.428571428571429 0.12
8966 70 1 1 70 0.0142857142857143 1 0.0142857142857143
8970 2 1 1 2 0.5 1 0.5
8975 68 3 2 69 0.0294117647058824 0.666666666666667 0.0289855072463768
8978 4 3 1 6 0.25 0.333333333333333 0.166666666666667
9009 158 12 6 164 0.0379746835443038 0.5 0.0365853658536585
9052 3 2 0 5 0 0 0
9080 11 2 1 12 0.0909090909090909 0.5 0.0833333333333333
9085 5 1 1 5 0.2 1 0.2
9112 8 1 1 8 0.125 1 0.125
9150 30 4 4 30 0.133333333333333 1 0.133333333333333
9153 33 3 3 33 0.0909090909090909 1 0.0909090909090909
9162 2 1 0 3 0 0 0
9264 56 41 9 88 0.160714285714286 0.219512195121951 0.102272727272727
9270 33 8 5 36 0.151515151515152 0.625 0.138888888888889
9299 35 1 1 35 0.0285714285714286 1 0.0285714285714286
9316 36 1 0 37 0 0 0
9327 2 1 0 3 0 0 0
9340 8 4 0 12 0 0 0
9406 1 2 0 3 0 0 0
9416 17 1 0 18 0 0 0
9505 74 4 3 75 0.0405405405405405 0.75 0.04
9541 7 3 0 10 0 0 0
9583 35 1 0 36 0 0 0
9595 10 4 2 12 0.2 0.5 0.166666666666667
9600 6 9 2 13 0.333333333333333 0.222222222222222 0.153846153846154
9607 5 2 0 7 0 0 0
9619 2 2 2 2 1 1 1
9621 3 8 2 9 0.666666666666667 0.25 0.222222222222222
9622 5 1 1 5 0.2 1 0.2
9687 2 1 1 2 0.5 1 0.5
9700 5 2 2 5 0.4 1 0.4
9758 1 1 0 2 0 0 0
9800 34 1 0 35 0 0 0
9821 2 2 2 2 1 1 1
9844 2 1 0 3 0 0 0
9875 3 1 0 4 0 0 0
9901 21 2 0 23 0 0 0
9919 19 1 0 20 0 0 0
9995 3 2 2 3 0.666666666666667 1 0.666666666666667
