#ASN num_v4adj num_v6adj num_intersect(v4v6adj) num_union(adj) fr_v4(num_intersect/num_v4adj) fr_v6(num_intersect/num_v6adj) fr_intersect(num_intersect/num_union)
10013 2 2 1 3 0.5 0.5 0.333333333333333
10015 10 1 0 11 0 0 0
10026 409 7 4 412 0.0097799511002445 0.571428571428571 0.00970873786407767
101 34 9 7 36 0.205882352941176 0.777777777777778 0.194444444444444
10148 1 2 1 2 1 0.5 0.5
102 3 1 1 3 0.333333333333333 1 0.333333333333333
10204 3 5 1 7 0.333333333333333 0.2 0.142857142857143
10217 23 1 1 23 0.0434782608695652 1 0.0434782608695652
10310 153 4 2 155 0.0130718954248366 0.5 0.0129032258064516
10318 3 1 0 4 0 0 0
10343 2 1 1 2 0.5 1 0.5
10405 3 1 0 4 0 0 0
10429 80 2 2 80 0.025 1 0.025
10466 28 3 3 28 0.107142857142857 1 0.107142857142857
10490 34 3 2 35 0.0588235294117647 0.666666666666667 0.0571428571428571
10533 4 3 1 6 0.25 0.333333333333333 0.166666666666667
10569 1 1 1 1 1 1 1
10578 25 4 4 25 0.16 1 0.16
10745 2 7 0 9 0 0 0
10764 12 2 1 13 0.0833333333333333 0.5 0.0769230769230769
10778 5 1 1 5 0.2 1 0.2
10835 10 1 0 11 0 0 0
10848 28 1 1 28 0.0357142857142857 1 0.0357142857142857
10886 41 19 9 51 0.219512195121951 0.473684210526316 0.176470588235294
109 20 3 0 23 0 0 0
10996 5 1 1 5 0.2 1 0.2
1101 1 1 1 1 1 1 1
1103 194 71 67 198 0.345360824742268 0.943661971830986 0.338383838383838
111 2 2 1 3 0.5 0.5 0.333333333333333
11164 80 2 1 81 0.0125 0.5 0.0123456790123457
11170 2 2 0 4 0 0 0
1120 19 4 3 20 0.157894736842105 0.75 0.15
1125 3 3 3 3 1 1 1
1126 41 11 7 45 0.170731707317073 0.636363636363636 0.155555555555556
11274 11 5 5 11 0.454545454545455 1 0.454545454545455
11279 3 1 1 3 0.333333333333333 1 0.333333333333333
11317 8 4 4 8 0.5 1 0.5
11340 8 1 1 8 0.125 1 0.125
1140 33 13 8 38 0.242424242424242 0.615384615384615 0.210526315789474
11457 10 1 0 11 0 0 0
11508 4 1 1 4 0.25 1 0.25
11537 122 55 47 130 0.385245901639344 0.854545454545454 0.361538461538462
11588 5 1 1 5 0.2 1 0.2
11666 222 8 8 222 0.036036036036036 1 0.036036036036036
11686 40 2 2 40 0.05 1 0.05
11734 4 1 0 5 0 0 0
11830 5 1 0 6 0 0 0
11847 5 1 0 6 0 0 0
11960 5 3 3 5 0.6 1 0.6
12 5 1 1 5 0.2 1 0.2
1200 45 15 10 50 0.222222222222222 0.666666666666667 0.2
12008 32 2 2 32 0.0625 1 0.0625
12041 36 19 15 40 0.416666666666667 0.789473684210526 0.375
12046 2 1 1 2 0.5 1 0.5
12111 26 2 2 26 0.0769230769230769 1 0.0769230769230769
1213 10 4 4 10 0.4 1 0.4
1221 118 1 0 119 0 0 0
1224 3 1 1 3 0.333333333333333 1 0.333333333333333
12287 2 1 1 2 0.5 1 0.5
12301 75 1 1 75 0.0133333333333333 1 0.0133333333333333
12303 3 2 1 4 0.333333333333333 0.5 0.25
12306 86 16 13 89 0.151162790697674 0.8125 0.146067415730337
12312 60 16 14 62 0.233333333333333 0.875 0.225806451612903
12322 64 4 4 64 0.0625 1 0.0625
12329 8 1 1 8 0.125 1 0.125
12335 11 1 1 11 0.0909090909090909 1 0.0909090909090909
12337 50 50 22 78 0.44 0.44 0.282051282051282
12347 4 3 2 5 0.5 0.666666666666667 0.4
12350 131 5 5 131 0.0381679389312977 1 0.0381679389312977
12353 5 2 2 5 0.4 1 0.4
12355 37 17 13 41 0.351351351351351 0.764705882352941 0.317073170731707
1237 36 4 2 38 0.0555555555555556 0.5 0.0526315789473684
12371 2 1 0 3 0 0 0
12374 4 1 1 4 0.25 1 0.25
12386 15 3 3 15 0.2 1 0.2
1239 1602 3 0 1605 0 0 0
12399 270 1 1 270 0.0037037037037037 1 0.0037037037037037
12401 13 3 2 14 0.153846153846154 0.666666666666667 0.142857142857143
12414 42 15 12 45 0.285714285714286 0.8 0.266666666666667
12466 2 2 1 3 0.5 0.5 0.333333333333333
1248 21 4 0 25 0 0 0
12496 45 2 1 46 0.0222222222222222 0.5 0.0217391304347826
12502 3 2 1 4 0.333333333333333 0.5 0.25
1251 8 1 1 8 0.125 1 0.125
12533 2 1 0 3 0 0 0
12566 14 4 4 14 0.285714285714286 1 0.285714285714286
1257 106 53 26 133 0.245283018867925 0.490566037735849 0.195488721804511
12573 36 17 13 40 0.361111111111111 0.764705882352941 0.325
12611 46 19 13 52 0.282608695652174 0.684210526315789 0.25
12634 46 17 12 51 0.260869565217391 0.705882352941177 0.235294117647059
12637 67 24 21 70 0.313432835820896 0.875 0.3
12638 2 3 0 5 0 0 0
12654 53 21 13 61 0.245283018867925 0.619047619047619 0.213114754098361
12657 2 1 0 3 0 0 0
12684 4 3 2 5 0.5 0.666666666666667 0.4
12709 1 1 0 2 0 0 0
12714 187 1 1 187 0.0053475935828877 1 0.0053475935828877
1273 296 76 50 322 0.168918918918919 0.657894736842105 0.15527950310559
12731 59 20 14 65 0.23728813559322 0.7 0.215384615384615
12732 20 6 5 21 0.25 0.833333333333333 0.238095238095238
12757 3 1 1 3 0.333333333333333 1 0.333333333333333
12767 13 3 2 14 0.153846153846154 0.666666666666667 0.142857142857143
12769 4 1 1 4 0.25 1 0.25
12779 81 23 15 89 0.185185185185185 0.652173913043478 0.168539325842697
1280 105 41 32 114 0.304761904761905 0.780487804878049 0.280701754385965
12816 1 1 1 1 1 1 1
12817 2 2 2 2 1 1 1
12850 17 5 5 17 0.294117647058824 1 0.294117647058824
12853 2 3 1 4 0.5 0.333333333333333 0.25
12859 566 160 153 573 0.270318021201413 0.95625 0.267015706806283
12871 34 19 11 42 0.323529411764706 0.578947368421053 0.261904761904762
12874 203 2 2 203 0.00985221674876847 1 0.00985221674876847
12895 8 1 1 8 0.125 1 0.125
12902 43 11 8 46 0.186046511627907 0.727272727272727 0.173913043478261
12931 4 3 2 5 0.5 0.666666666666667 0.4
12956 124 11 10 125 0.0806451612903226 0.909090909090909 0.08
12968 147 1 1 147 0.00680272108843537 1 0.00680272108843537
12989 520 37 32 525 0.0615384615384615 0.864864864864865 0.060952380952381
1299 561 51 48 564 0.0855614973262032 0.941176470588235 0.0851063829787234
13030 943 209 202 950 0.214209968186638 0.966507177033493 0.212631578947368
13039 4 1 1 4 0.25 1 0.25
13041 8 2 2 8 0.25 1 0.25
13049 27 1 1 27 0.037037037037037 1 0.037037037037037
13062 13 2 0 15 0 0 0
13092 4 1 1 4 0.25 1 0.25
131 3 1 1 3 0.333333333333333 1 0.333333333333333
13105 21 7 4 24 0.19047619047619 0.571428571428571 0.166666666666667
131075 1 1 1 1 1 1 1
13110 7 2 1 8 0.142857142857143 0.5 0.125
13115 4 2 2 4 0.5 1 0.5
1312 3 2 2 3 0.666666666666667 1 0.666666666666667
13132 22 13 11 24 0.5 0.846153846153846 0.458333333333333
13184 41 17 10 48 0.24390243902439 0.588235294117647 0.208333333333333
13189 29 5 5 29 0.172413793103448 1 0.172413793103448
13193 50 16 13 53 0.26 0.8125 0.245283018867925
13237 514 99 83 530 0.16147859922179 0.838383838383838 0.156603773584906
13272 2 2 2 2 1 1 1
13284 14 7 5 16 0.357142857142857 0.714285714285714 0.3125
13293 22 3 3 22 0.136363636363636 1 0.136363636363636
13301 32 2 2 32 0.0625 1 0.0625
13319 8 5 3 10 0.375 0.6 0.3
13448 6 2 1 7 0.166666666666667 0.5 0.142857142857143
13645 18 3 1 20 0.0555555555555556 0.333333333333333 0.05
13680 44 12 11 45 0.25 0.916666666666667 0.244444444444444
137 23 8 8 23 0.347826086956522 1 0.347826086956522
13714 2 1 1 2 0.5 1 0.5
13810 2 1 1 2 0.5 1 0.5
13855 4 1 0 5 0 0 0
13867 3 1 0 4 0 0 0
13901 2 1 1 2 0.5 1 0.5
13910 4 1 0 5 0 0 0
13911 3 1 0 4 0 0 0
14085 5 2 2 5 0.4 1 0.4
14234 3 1 1 3 0.333333333333333 1 0.333333333333333
14259 27 3 1 29 0.037037037037037 0.333333333333333 0.0344827586206897
14262 3 2 2 3 0.666666666666667 1 0.666666666666667
14277 7 9 3 13 0.428571428571429 0.333333333333333 0.230769230769231
14325 11 2 2 11 0.181818181818182 1 0.181818181818182
14383 10 1 1 10 0.1 1 0.1
14589 21 6 5 22 0.238095238095238 0.833333333333333 0.227272727272727
14595 6 1 0 7 0 0 0
14650 1 2 1 2 1 0.5 0.5
14868 5 1 1 5 0.2 1 0.2
14907 3 3 2 4 0.666666666666667 0.666666666666667 0.5
15169 115 40 26 129 0.226086956521739 0.65 0.201550387596899
15189 5 1 1 5 0.2 1 0.2
15226 3 2 0 5 0 0 0
15373 2 1 1 2 0.5 1 0.5
15412 459 13 11 461 0.0239651416122004 0.846153846153846 0.0238611713665944
15444 264 21 13 272 0.0492424242424242 0.619047619047619 0.0477941176470588
15456 3 3 3 3 1 1 1
15469 1 1 0 2 0 0 0
15474 2 1 1 2 0.5 1 0.5
15480 1 1 1 1 1 1 1
15533 18 2 1 19 0.0555555555555556 0.5 0.0526315789473684
15557 123 1 1 123 0.00813008130081301 1 0.00813008130081301
15589 37 13 5 45 0.135135135135135 0.384615384615385 0.111111111111111
15598 164 27 23 168 0.140243902439024 0.851851851851852 0.136904761904762
15600 55 11 11 55 0.2 1 0.2
15623 36 5 3 38 0.0833333333333333 0.6 0.0789473684210526
15685 36 13 10 39 0.277777777777778 0.769230769230769 0.256410256410256
15694 74 1 1 74 0.0135135135135135 1 0.0135135135135135
15696 2 1 0 3 0 0 0
15725 2 2 1 3 0.5 0.5 0.333333333333333
15726 2 1 1 2 0.5 1 0.5
15744 11 1 1 11 0.0909090909090909 1 0.0909090909090909
15782 14 4 3 15 0.214285714285714 0.75 0.2
15798 2 1 0 3 0 0 0
15805 25 6 6 25 0.24 1 0.24
15830 113 1 0 114 0 0 0
15879 47 27 15 59 0.319148936170213 0.555555555555556 0.254237288135593
15919 9 1 1 9 0.111111111111111 1 0.111111111111111
16004 14 6 5 15 0.357142857142857 0.833333333333333 0.333333333333333
16030 46 12 6 52 0.130434782608696 0.5 0.115384615384615
16034 19 6 2 23 0.105263157894737 0.333333333333333 0.0869565217391304
16065 6 1 1 6 0.166666666666667 1 0.166666666666667
16086 32 21 11 42 0.34375 0.523809523809524 0.261904761904762
16117 3 1 1 3 0.333333333333333 1 0.333333333333333
16128 18 4 3 19 0.166666666666667 0.75 0.157894736842105
16131 42 19 10 51 0.238095238095238 0.526315789473684 0.196078431372549
16150 239 14 12 241 0.0502092050209205 0.857142857142857 0.0497925311203319
16178 6 1 0 7 0 0 0
16186 48 1 1 48 0.0208333333333333 1 0.0208333333333333
16206 14 2 0 16 0 0 0
16210 5 3 3 5 0.6 1 0.6
16215 16 6 5 17 0.3125 0.833333333333333 0.294117647058824
16237 36 9 4 41 0.111111111111111 0.444444444444444 0.0975609756097561
16242 6 1 1 6 0.166666666666667 1 0.166666666666667
16243 62 10 8 64 0.129032258064516 0.8 0.125
16245 26 4 3 27 0.115384615384615 0.75 0.111111111111111
16246 5 4 3 6 0.6 0.75 0.5
16265 81 24 18 87 0.222222222222222 0.75 0.206896551724138
16276 77 1 1 77 0.012987012987013 1 0.012987012987013
16316 5 3 1 7 0.2 0.333333333333333 0.142857142857143
16347 8 1 1 8 0.125 1 0.125
16471 3 1 1 3 0.333333333333333 1 0.333333333333333
1653 27 3 2 28 0.0740740740740741 0.666666666666667 0.0714285714285714
16531 10 1 0 11 0 0 0
1659 10 3 2 11 0.2 0.666666666666667 0.181818181818182
16668 7 4 2 9 0.285714285714286 0.5 0.222222222222222
16724 5 1 1 5 0.2 1 0.2
16807 4 2 0 6 0 0 0
16838 10 1 0 11 0 0 0
16942 2 2 2 2 1 1 1
16993 2 1 0 3 0 0 0
1706 4 1 1 4 0.25 1 0.25
17061 2 1 0 3 0 0 0
17263 9 1 0 10 0 0 0
1741 9 4 3 10 0.333333333333333 0.75 0.3
17412 4 1 0 5 0 0 0
17435 1 3 0 4 0 0 0
17511 13 2 0 15 0 0 0
17529 7 1 1 7 0.142857142857143 1 0.142857142857143
17554 10 3 3 10 0.3 1 0.3
17579 14 13 9 18 0.642857142857143 0.692307692307692 0.5
1759 24 1 1 24 0.0416666666666667 1 0.0416666666666667
1764 43 8 7 44 0.162790697674419 0.875 0.159090909090909
17660 27 7 7 27 0.259259259259259 1 0.259259259259259
17676 38 3 2 39 0.0526315789473684 0.666666666666667 0.0512820512820513
17707 5 2 1 6 0.2 0.5 0.166666666666667
17709 14 1 0 15 0 0 0
17727 6 1 1 6 0.166666666666667 1 0.166666666666667
17741 3 2 1 4 0.333333333333333 0.5 0.25
17832 1 3 0 4 0 0 0
17920 5 1 1 5 0.2 1 0.2
17934 2 2 2 2 1 1 1
17955 3 2 1 4 0.333333333333333 0.5 0.25
1797 3 4 3 4 1 0.75 0.75
1798 3 3 0 6 0 0 0
17990 5 1 1 5 0.2 1 0.2
18059 17 1 0 18 0 0 0
18119 3 1 0 4 0 0 0
18126 3 1 0 4 0 0 0
18146 3 4 1 6 0.333333333333333 0.25 0.166666666666667
18149 4 3 3 4 0.75 1 0.75
18182 3 1 0 4 0 0 0
18185 4 2 1 5 0.25 0.5 0.2
18203 3 3 1 5 0.333333333333333 0.333333333333333 0.2
18206 2 3 1 4 0.5 0.333333333333333 0.25
18218 2 1 1 2 0.5 1 0.5
18266 2 1 0 3 0 0 0
18344 1 2 0 3 0 0 0
1835 11 2 2 11 0.181818181818182 1 0.181818181818182
1836 59 10 9 60 0.152542372881356 0.9 0.15
18366 2 3 1 4 0.5 0.333333333333333 0.25
18422 4 1 1 4 0.25 1 0.25
18508 10 4 3 11 0.3 0.75 0.272727272727273
1853 123 27 26 124 0.211382113821138 0.962962962962963 0.209677419354839
18592 23 11 7 27 0.304347826086957 0.636363636363636 0.259259259259259
18666 2 2 0 4 0 0 0
18750 2 1 1 2 0.5 1 0.5
1880 15 5 3 17 0.2 0.6 0.176470588235294
1881 1 1 1 1 1 1 1
1887 7 1 1 7 0.142857142857143 1 0.142857142857143
1901 41 1 1 41 0.024390243902439 1 0.024390243902439
19021 3 2 1 4 0.333333333333333 0.5 0.25
19073 3 1 0 4 0 0 0
19151 855 172 163 864 0.190643274853801 0.947674418604651 0.188657407407407
1916 101 12 11 102 0.108910891089109 0.916666666666667 0.107843137254902
19192 2 2 2 2 1 1 1
19255 7 8 5 10 0.714285714285714 0.625 0.5
1930 21 7 6 22 0.285714285714286 0.857142857142857 0.272727272727273
19401 46 15 14 47 0.304347826086957 0.933333333333333 0.297872340425532
195 8 3 1 10 0.125 0.333333333333333 0.1
1955 11 4 3 12 0.272727272727273 0.75 0.25
19557 4 1 0 5 0 0 0
19624 4 1 1 4 0.25 1 0.25
196613 2 2 2 2 1 1 1
196621 2 1 1 2 0.5 1 0.5
19782 18 2 2 18 0.111111111111111 1 0.111111111111111
19783 2 1 0 3 0 0 0
19866 2 1 1 2 0.5 1 0.5
20080 16 4 4 16 0.25 1 0.25
20144 34 5 5 34 0.147058823529412 1 0.147058823529412
2018 5 1 1 5 0.2 1 0.2
20312 9 4 3 10 0.333333333333333 0.75 0.3
2042 17 4 3 18 0.176470588235294 0.75 0.166666666666667
20436 2 1 0 3 0 0 0
20473 24 2 1 25 0.0416666666666667 0.5 0.04
20495 65 9 7 67 0.107692307692308 0.777777777777778 0.104477611940299
20507 40 2 2 40 0.05 1 0.05
20547 36 5 4 37 0.111111111111111 0.8 0.108108108108108
20555 4 2 2 4 0.5 1 0.5
20569 10 4 3 11 0.3 0.75 0.272727272727273
20570 4 1 1 4 0.25 1 0.25
20597 3 1 1 3 0.333333333333333 1 0.333333333333333
20608 3 2 0 5 0 0 0
20612 3 1 0 4 0 0 0
20621 3 1 1 3 0.333333333333333 1 0.333333333333333
20633 26 14 9 31 0.346153846153846 0.642857142857143 0.290322580645161
20634 37 1 1 37 0.027027027027027 1 0.027027027027027
20640 247 80 69 258 0.279352226720648 0.8625 0.267441860465116
20650 6 1 1 6 0.166666666666667 1 0.166666666666667
20704 21 5 5 21 0.238095238095238 1 0.238095238095238
20707 2 1 1 2 0.5 1 0.5
20712 12 6 4 14 0.333333333333333 0.666666666666667 0.285714285714286
20718 25 13 3 35 0.12 0.230769230769231 0.0857142857142857
20766 15 1 1 15 0.0666666666666667 1 0.0666666666666667
20773 31 14 10 35 0.32258064516129 0.714285714285714 0.285714285714286
20783 5 2 0 7 0 0 0
20847 34 18 13 39 0.382352941176471 0.722222222222222 0.333333333333333
209 1438 7 6 1439 0.00417246175243394 0.857142857142857 0.00416956219596942
20912 8 6 3 11 0.375 0.5 0.272727272727273
20932 324 12 10 326 0.0308641975308642 0.833333333333333 0.0306748466257669
20953 26 1 1 26 0.0384615384615385 1 0.0384615384615385
20965 46 41 41 46 0.891304347826087 1 0.891304347826087
210 10 1 1 10 0.1 1 0.1
21011 92 16 13 95 0.141304347826087 0.8125 0.136842105263158
21017 1 1 1 1 1 1 1
21042 3 1 1 3 0.333333333333333 1 0.333333333333333
21055 36 8 6 38 0.166666666666667 0.75 0.157894736842105
2107 1 1 1 1 1 1 1
2108 1 1 1 1 1 1 1
2110 43 2 0 45 0 0 0
21155 46 16 12 50 0.260869565217391 0.75 0.24
2116 24 4 4 24 0.166666666666667 1 0.166666666666667
21221 38 12 5 45 0.131578947368421 0.416666666666667 0.111111111111111
21263 36 17 12 41 0.333333333333333 0.705882352941177 0.292682926829268
2128 3 1 1 3 0.333333333333333 1 0.333333333333333
21320 6 1 1 6 0.166666666666667 1 0.166666666666667
21371 44 11 9 46 0.204545454545455 0.818181818181818 0.195652173913043
21385 94 21 15 100 0.159574468085106 0.714285714285714 0.15
21392 41 11 7 45 0.170731707317073 0.636363636363636 0.155555555555556
21396 32 11 9 34 0.28125 0.818181818181818 0.264705882352941
21409 48 1 0 49 0 0 0
21414 73 1 1 73 0.0136986301369863 1 0.0136986301369863
21435 7 2 2 7 0.285714285714286 1 0.285714285714286
21497 10 1 1 10 0.1 1 0.1
21513 9 3 3 9 0.333333333333333 1 0.333333333333333
2152 89 2 2 89 0.0224719101123595 1 0.0224719101123595
2153 39 16 15 40 0.384615384615385 0.9375 0.375
21548 25 1 1 25 0.04 1 0.04
21719 2 1 0 3 0 0 0
21737 7 1 0 8 0 0 0
21844 19 3 3 19 0.157894736842105 1 0.157894736842105
21947 28 3 3 28 0.107142857142857 1 0.107142857142857
21976 20 1 1 20 0.05 1 0.05
2200 44 6 4 46 0.0909090909090909 0.666666666666667 0.0869565217391304
22166 2 1 0 3 0 0 0
22192 3 1 1 3 0.333333333333333 1 0.333333333333333
22284 8 1 0 9 0 0 0
22302 7 1 1 7 0.142857142857143 1 0.142857142857143
22335 35 2 2 35 0.0571428571428571 1 0.0571428571428571
22356 34 2 2 34 0.0588235294117647 1 0.0588235294117647
22388 9 8 8 9 0.888888888888889 1 0.888888888888889
224 4 1 1 4 0.25 1 0.25
22404 2 1 0 3 0 0 0
22438 2 2 1 3 0.5 0.5 0.333333333333333
225 2 1 1 2 0.5 1 0.5
22548 11 4 4 11 0.363636363636364 1 0.363636363636364
226 30 3 3 30 0.1 1 0.1
22767 1 1 1 1 1 1 1
22773 255 1 1 255 0.00392156862745098 1 0.00392156862745098
22779 2 1 1 2 0.5 1 0.5
22829 19 3 3 19 0.157894736842105 1 0.157894736842105
23028 4 2 0 6 0 0 0
23148 233 2 2 233 0.00858369098712446 1 0.00858369098712446
23342 48 8 8 48 0.166666666666667 1 0.166666666666667
23352 34 3 3 34 0.0882352941176471 1 0.0882352941176471
23393 75 1 1 75 0.0133333333333333 1 0.0133333333333333
23456 22 6 4 24 0.181818181818182 0.666666666666667 0.166666666666667
23473 1 1 0 2 0 0 0
23504 29 8 4 33 0.137931034482759 0.5 0.121212121212121
23541 9 1 0 10 0 0 0
23577 3 1 0 4 0 0 0
23596 3 2 2 3 0.666666666666667 1 0.666666666666667
23600 3 1 1 3 0.333333333333333 1 0.333333333333333
23624 2 1 1 2 0.5 1 0.5
23634 6 4 4 6 0.666666666666667 1 0.666666666666667
23637 2 1 0 3 0 0 0
23654 1 1 1 1 1 1 1
23655 19 1 0 20 0 0 0
237 30 1 1 30 0.0333333333333333 1 0.0333333333333333
23709 3 3 2 4 0.666666666666667 0.666666666666667 0.5
23754 4 1 0 5 0 0 0
23774 4 3 2 5 0.5 0.666666666666667 0.4
2381 22 4 4 22 0.181818181818182 1 0.181818181818182
23816 4 1 1 4 0.25 1 0.25
23836 1 1 1 1 1 1 1
23869 2 1 0 3 0 0 0
23889 3 1 1 3 0.333333333333333 1 0.333333333333333
23896 1 1 0 2 0 0 0
23902 2 3 0 5 0 0 0
23910 3 2 1 4 0.333333333333333 0.5 0.25
23911 7 17 5 19 0.714285714285714 0.294117647058824 0.263157894736842
23912 1 1 0 2 0 0 0
23930 27 1 0 28 0 0 0
23962 3 2 0 5 0 0 0
23966 2 1 0 3 0 0 0
24 12 8 5 15 0.416666666666667 0.625 0.333333333333333
24005 3 3 0 6 0 0 0
24066 2 1 0 3 0 0 0
24129 4 3 2 5 0.5 0.666666666666667 0.4
24130 12 2 2 12 0.166666666666667 1 0.166666666666667
24151 10 2 0 12 0 0 0
24175 2 1 1 2 0.5 1 0.5
24211 1 1 1 1 1 1 1
24218 18 2 0 20 0 0 0
24220 6 1 1 6 0.166666666666667 1 0.166666666666667
24226 3 2 0 5 0 0 0
24227 1 1 0 2 0 0 0
24229 4 1 1 4 0.25 1 0.25
24238 8 3 2 9 0.25 0.666666666666667 0.222222222222222
24287 4 3 3 4 0.75 1 0.75
24311 1 1 0 2 0 0 0
24326 15 1 1 15 0.0666666666666667 1 0.0666666666666667
24334 2 1 1 2 0.5 1 0.5
24390 2 1 1 2 0.5 1 0.5
24424 2 1 0 3 0 0 0
24433 1 1 1 1 1 1 1
24475 3 3 3 3 1 1 1
24489 9 7 7 9 0.777777777777778 1 0.777777777777778
24490 10 8 8 10 0.8 1 0.8
24514 7 2 2 7 0.285714285714286 1 0.285714285714286
24541 2 3 1 4 0.5 0.333333333333333 0.25
24557 4 1 1 4 0.25 1 0.25
24586 32 12 6 38 0.1875 0.5 0.157894736842105
24594 20 6 4 22 0.2 0.666666666666667 0.181818181818182
24638 20 1 1 20 0.05 1 0.05
24642 38 9 7 40 0.184210526315789 0.777777777777778 0.175
24679 35 13 9 39 0.257142857142857 0.692307692307692 0.230769230769231
24724 123 21 17 127 0.138211382113821 0.80952380952381 0.133858267716535
24730 56 1 1 56 0.0178571428571429 1 0.0178571428571429
24776 6 2 1 7 0.166666666666667 0.5 0.142857142857143
24785 101 8 6 103 0.0594059405940594 0.75 0.058252427184466
24796 5 2 2 5 0.4 1 0.4
24835 12 1 1 12 0.0833333333333333 1 0.0833333333333333
24863 19 3 2 20 0.105263157894737 0.666666666666667 0.1
24875 235 19 17 237 0.0723404255319149 0.894736842105263 0.0717299578059072
24889 8 5 3 10 0.375 0.6 0.3
24900 1 1 1 1 1 1 1
24940 31 13 11 33 0.354838709677419 0.846153846153846 0.333333333333333
2495 11 1 1 11 0.0909090909090909 1 0.0909090909090909
24963 56 9 8 57 0.142857142857143 0.888888888888889 0.140350877192982
2497 239 56 44 251 0.184100418410042 0.785714285714286 0.175298804780877
24971 22 5 5 22 0.227272727272727 1 0.227272727272727
24973 4 1 0 5 0 0 0
25 2 1 1 2 0.5 1 0.5
250 4 2 1 5 0.25 0.5 0.2
2500 31 29 15 45 0.483870967741935 0.517241379310345 0.333333333333333
2506 2 1 1 2 0.5 1 0.5
25061 37 4 4 37 0.108108108108108 1 0.108108108108108
2510 17 3 2 18 0.117647058823529 0.666666666666667 0.111111111111111
25137 13 4 4 13 0.307692307692308 1 0.307692307692308
2514 13 1 1 13 0.0769230769230769 1 0.0769230769230769
25148 5 1 1 5 0.2 1 0.2
2515 5 1 0 6 0 0 0
25152 66 12 9 69 0.136363636363636 0.75 0.130434782608696
2516 326 36 31 331 0.0950920245398773 0.861111111111111 0.0936555891238671
25164 2 1 1 2 0.5 1 0.5
2518 10 3 3 10 0.3 1 0.3
25182 33 9 7 35 0.212121212121212 0.777777777777778 0.2
2519 26 4 3 27 0.115384615384615 0.75 0.111111111111111
25192 28 12 10 30 0.357142857142857 0.833333333333333 0.333333333333333
25223 3 1 0 4 0 0 0
25234 5 3 2 6 0.4 0.666666666666667 0.333333333333333
2527 9 4 2 11 0.222222222222222 0.5 0.181818181818182
25279 17 5 5 17 0.294117647058824 1 0.294117647058824
25295 2 1 1 2 0.5 1 0.5
25358 12 11 4 19 0.333333333333333 0.363636363636364 0.210526315789474
25384 8 1 0 9 0 0 0
25415 5 1 1 5 0.2 1 0.2
25441 11 1 1 11 0.0909090909090909 1 0.0909090909090909
25466 30 12 10 32 0.333333333333333 0.833333333333333 0.3125
25473 4 1 1 4 0.25 1 0.25
2549 2 1 0 3 0 0 0
25512 25 3 3 25 0.12 1 0.12
25525 56 10 10 56 0.178571428571429 1 0.178571428571429
25538 2 1 0 3 0 0 0
25560 281 73 67 287 0.238434163701068 0.917808219178082 0.233449477351916
25563 3 1 1 3 0.333333333333333 1 0.333333333333333
25588 19 7 2 24 0.105263157894737 0.285714285714286 0.0833333333333333
25596 38 10 8 40 0.210526315789474 0.8 0.2
2561 3 2 2 3 0.666666666666667 1 0.666666666666667
25689 13 2 1 14 0.0769230769230769 0.5 0.0714285714285714
2572 7 1 1 7 0.142857142857143 1 0.142857142857143
2576 2 1 1 2 0.5 1 0.5
25795 2 2 2 2 1 1 1
25818 8 1 0 9 0 0 0
25829 2 1 1 2 0.5 1 0.5
2586 12 1 1 12 0.0833333333333333 1 0.0833333333333333
25933 2 2 0 4 0 0 0
2594 4 1 0 5 0 0 0
2595 1 1 0 2 0 0 0
2602 4 3 3 4 0.75 1 0.75
2603 135 28 22 141 0.162962962962963 0.785714285714286 0.156028368794326
2607 28 8 6 30 0.214285714285714 0.75 0.2
2609 2 1 0 3 0 0 0
2611 56 10 9 57 0.160714285714286 0.9 0.157894736842105
2614 14 1 1 14 0.0714285714285714 1 0.0714285714285714
2637 3 1 1 3 0.333333333333333 1 0.333333333333333
26415 45 8 1 52 0.0222222222222222 0.125 0.0192307692307692
26496 8 1 1 8 0.125 1 0.125
26610 2 1 1 2 0.5 1 0.5
26622 7 1 1 7 0.142857142857143 1 0.142857142857143
26773 8 4 4 8 0.5 1 0.5
26943 219 12 10 221 0.045662100456621 0.833333333333333 0.0452488687782805
2697 7 2 2 7 0.285714285714286 1 0.285714285714286
26978 16 2 0 18 0 0 0
2698 6 2 2 6 0.333333333333333 1 0.333333333333333
27 2 1 1 2 0.5 1 0.5
2714 1 1 1 1 1 1 1
2716 3 1 1 3 0.333333333333333 1 0.333333333333333
27319 23 5 5 23 0.217391304347826 1 0.217391304347826
27400 3 1 1 3 0.333333333333333 1 0.333333333333333
27446 4 1 0 5 0 0 0
27524 51 4 3 52 0.0588235294117647 0.75 0.0576923076923077
27552 8 1 1 8 0.125 1 0.125
27589 11 1 1 11 0.0909090909090909 1 0.0909090909090909
27630 4 1 1 4 0.25 1 0.25
27664 51 4 4 51 0.0784313725490196 1 0.0784313725490196
27678 7 1 0 8 0 0 0
27725 1 1 1 1 1 1 1
27750 17 15 14 18 0.823529411764706 0.933333333333333 0.777777777777778
278 8 7 1 14 0.125 0.142857142857143 0.0714285714285714
27807 12 4 4 12 0.333333333333333 1 0.333333333333333
27817 5 1 1 5 0.2 1 0.2
27841 4 1 1 4 0.25 1 0.25
27924 3 1 1 3 0.333333333333333 1 0.333333333333333
27929 4 2 2 4 0.5 1 0.5
27933 3 1 1 3 0.333333333333333 1 0.333333333333333
28000 1 1 1 1 1 1 1
2819 31 3 2 32 0.0645161290322581 0.666666666666667 0.0625
2828 763 13 12 764 0.0157273918741809 0.923076923076923 0.0157068062827225
28289 3 1 0 4 0 0 0
28324 1 1 0 2 0 0 0
2847 4 3 3 4 0.75 1 0.75
2848 18 1 1 18 0.0555555555555556 1 0.0555555555555556
28499 3 1 0 4 0 0 0
28511 4 2 1 5 0.25 0.5 0.2
2852 73 10 9 74 0.123287671232877 0.9 0.121621621621622
2857 179 27 25 181 0.139664804469274 0.925925925925926 0.138121546961326
286 346 103 59 390 0.170520231213873 0.572815533980582 0.151282051282051
28618 4 2 1 5 0.25 0.5 0.2
28677 3 1 1 3 0.333333333333333 1 0.333333333333333
28678 2 1 1 2 0.5 1 0.5
28697 7 1 0 8 0 0 0
28716 57 1 1 57 0.0175438596491228 1 0.0175438596491228
28717 13 1 1 13 0.0769230769230769 1 0.0769230769230769
28725 4 2 1 5 0.25 0.5 0.2
28753 52 13 10 55 0.192307692307692 0.769230769230769 0.181818181818182
28788 49 12 11 50 0.224489795918367 0.916666666666667 0.22
2884 5 2 2 5 0.4 1 0.4
28855 10 4 4 10 0.4 1 0.4
28857 8 4 4 8 0.5 1 0.5
28878 45 15 11 49 0.244444444444444 0.733333333333333 0.224489795918367
28929 54 10 7 57 0.12962962962963 0.7 0.12280701754386
2895 218 2 1 219 0.00458715596330275 0.5 0.0045662100456621
29009 29 8 6 31 0.206896551724138 0.75 0.193548387096774
2905 29 2 0 31 0 0 0
29066 35 12 8 39 0.228571428571429 0.666666666666667 0.205128205128205
2907 78 4 4 78 0.0512820512820513 1 0.0512820512820513
29113 66 13 11 68 0.166666666666667 0.846153846153846 0.161764705882353
29134 9 4 4 9 0.444444444444444 1 0.444444444444444
2914 647 189 126 710 0.194744976816074 0.666666666666667 0.177464788732394
29147 1 1 1 1 1 1 1
29208 540 153 136 557 0.251851851851852 0.888888888888889 0.244165170556553
29216 1 1 1 1 1 1 1
29222 47 3 3 47 0.0638297872340425 1 0.0638297872340425
29243 2 1 1 2 0.5 1 0.5
29259 3 2 2 3 0.666666666666667 1 0.666666666666667
293 140 19 17 142 0.121428571428571 0.894736842105263 0.119718309859155
29317 1 2 1 2 1 0.5 0.5
29372 1 2 0 3 0 0 0
29396 39 9 7 41 0.179487179487179 0.777777777777778 0.170731707317073
29405 13 2 2 13 0.153846153846154 1 0.153846153846154
29422 21 3 2 22 0.0952380952380952 0.666666666666667 0.0909090909090909
29449 46 18 10 54 0.217391304347826 0.555555555555556 0.185185185185185
29452 23 6 6 23 0.260869565217391 1 0.260869565217391
29488 2 2 2 2 1 1 1
29527 39 10 8 41 0.205128205128205 0.8 0.195121951219512
29542 4 1 1 4 0.25 1 0.25
29608 15 5 5 15 0.333333333333333 1 0.333333333333333
29611 24 7 5 26 0.208333333333333 0.714285714285714 0.192307692307692
29632 41 17 8 50 0.195121951219512 0.470588235294118 0.16
29636 221 38 38 221 0.171945701357466 1 0.171945701357466
29651 14 3 2 15 0.142857142857143 0.666666666666667 0.133333333333333
29655 7 2 2 7 0.285714285714286 1 0.285714285714286
29668 30 1 1 30 0.0333333333333333 1 0.0333333333333333
29670 9 3 2 10 0.222222222222222 0.666666666666667 0.2
29671 3 2 2 3 0.666666666666667 1 0.666666666666667
29686 312 107 94 325 0.301282051282051 0.878504672897196 0.289230769230769
29748 24 10 4 30 0.166666666666667 0.4 0.133333333333333
29791 192 2 1 193 0.00520833333333333 0.5 0.00518134715025907
29838 32 5 5 32 0.15625 1 0.15625
29877 7 2 1 8 0.142857142857143 0.5 0.125
29904 1 1 1 1 1 1 1
3 7 1 0 8 0 0 0
30058 4 1 1 4 0.25 1 0.25
30059 3 3 2 4 0.666666666666667 0.666666666666667 0.5
30071 8 95 6 97 0.75 0.0631578947368421 0.0618556701030928
30128 3 2 1 4 0.333333333333333 0.5 0.25
30129 3 2 2 3 0.666666666666667 1 0.666666666666667
30132 26 45 14 57 0.538461538461538 0.311111111111111 0.245614035087719
30217 5 1 1 5 0.2 1 0.2
30225 1 1 0 2 0 0 0
30340 20 1 1 20 0.05 1 0.05
30374 2 1 0 3 0 0 0
30528 7 4 2 9 0.285714285714286 0.5 0.222222222222222
30653 21 10 7 24 0.333333333333333 0.7 0.291666666666667
30700 4 2 2 4 0.5 1 0.5
30708 1 1 1 1 1 1 1
30781 40 11 11 40 0.275 1 0.275
30795 3 2 2 3 0.666666666666667 1 0.666666666666667
30833 13 2 1 14 0.0769230769230769 0.5 0.0714285714285714
30834 10 3 3 10 0.3 1 0.3
30844 252 4 3 253 0.0119047619047619 0.75 0.0118577075098814
30880 10 2 2 10 0.2 1 0.2
30890 326 1 1 326 0.00306748466257669 1 0.00306748466257669
30975 5 2 0 7 0 0 0
31078 4 1 1 4 0.25 1 0.25
31103 25 14 9 30 0.36 0.642857142857143 0.3
31117 10 4 3 11 0.3 0.75 0.272727272727273
31127 1 2 0 3 0 0 0
31252 16 3 3 16 0.1875 1 0.1875
31261 19 1 0 20 0 0 0
31265 1 1 1 1 1 1 1
31283 145 2 2 145 0.0137931034482759 1 0.0137931034482759
3130 84 2 2 84 0.0238095238095238 1 0.0238095238095238
31333 12 5 5 12 0.416666666666667 1 0.416666666666667
3134 2 1 1 2 0.5 1 0.5
31383 28 8 4 32 0.142857142857143 0.5 0.125
3140 1 1 1 1 1 1 1
31400 12 2 1 13 0.0833333333333333 0.5 0.0769230769230769
31424 16 4 3 17 0.1875 0.75 0.176470588235294
31442 2 1 0 3 0 0 0
31445 59 2 2 59 0.0338983050847458 1 0.0338983050847458
31458 48 10 9 49 0.1875 0.9 0.183673469387755
31477 190 2 2 190 0.0105263157894737 1 0.0105263157894737
31479 4 1 1 4 0.25 1 0.25
31513 4 1 1 4 0.25 1 0.25
31529 49 14 12 51 0.244897959183673 0.857142857142857 0.235294117647059
31615 2 1 0 3 0 0 0
31677 3 2 0 5 0 0 0
31708 20 11 8 23 0.4 0.727272727272727 0.347826086956522
31985 7 1 0 8 0 0 0
32034 5 2 2 5 0.4 1 0.4
3212 23 1 1 23 0.0434782608695652 1 0.0434782608695652
3213 37 12 10 39 0.27027027027027 0.833333333333333 0.256410256410256
3221 1 1 1 1 1 1 1
32329 3 1 1 3 0.333333333333333 1 0.333333333333333
32335 3 1 1 3 0.333333333333333 1 0.333333333333333
32346 1 2 1 2 1 0.5 0.5
32354 17 6 5 18 0.294117647058824 0.833333333333333 0.277777777777778
32361 7 3 2 8 0.285714285714286 0.666666666666667 0.25
3243 16 3 2 17 0.125 0.666666666666667 0.117647058823529
32440 23 1 1 23 0.0434782608695652 1 0.0434782608695652
3248 58 25 18 65 0.310344827586207 0.72 0.276923076923077
3249 55 13 10 58 0.181818181818182 0.769230769230769 0.172413793103448
3257 506 234 121 619 0.239130434782609 0.517094017094017 0.195476575121163
32592 16 3 3 16 0.1875 1 0.1875
3261 28 1 1 28 0.0357142857142857 1 0.0357142857142857
3265 41 16 11 46 0.268292682926829 0.6875 0.239130434782609
3267 336 7 7 336 0.0208333333333333 1 0.0208333333333333
3269 111 1 1 111 0.00900900900900901 1 0.00900900900900901
3277 52 1 1 52 0.0192307692307692 1 0.0192307692307692
32825 2 1 0 3 0 0 0
32890 3 1 0 4 0 0 0
32915 4 1 0 5 0 0 0
3292 412 16 15 413 0.0364077669902913 0.9375 0.036319612590799
32978 2 1 1 2 0.5 1 0.5
33 6 1 0 7 0 0 0
3301 62 5 3 64 0.0483870967741935 0.6 0.046875
3303 482 31 28 485 0.0580912863070539 0.903225806451613 0.0577319587628866
33071 6 2 2 6 0.333333333333333 1 0.333333333333333
33073 6 1 1 6 0.166666666666667 1 0.166666666666667
33080 2 1 1 2 0.5 1 0.5
33189 8 1 1 8 0.125 1 0.125
3320 512 19 14 517 0.02734375 0.736842105263158 0.0270793036750484
3327 108 24 18 114 0.166666666666667 0.75 0.157894736842105
3333 165 4 3 166 0.0181818181818182 0.75 0.0180722891566265
3344 8 5 2 11 0.25 0.4 0.181818181818182
33517 8 2 2 8 0.25 1 0.25
3352 71 3 1 73 0.0140845070422535 0.333333333333333 0.0136986301369863
3356 2263 72 62 2273 0.0273972602739726 0.861111111111111 0.0272767267927849
33597 23 1 1 23 0.0434782608695652 1 0.0434782608695652
3363 2 1 1 2 0.5 1 0.5
33789 1 2 1 2 1 0.5 0.5
33843 47 19 13 53 0.276595744680851 0.684210526315789 0.245283018867925
33876 1 1 1 1 1 1 1
33885 11 2 2 11 0.181818181818182 1 0.181818181818182
33891 45 16 13 48 0.288888888888889 0.8125 0.270833333333333
33926 53 1 0 54 0 0 0
33930 2 1 0 3 0 0 0
34019 8 3 3 8 0.375 1 0.375
34021 8 2 2 8 0.25 1 0.25
34080 6 2 2 6 0.333333333333333 1 0.333333333333333
34081 3 2 2 3 0.666666666666667 1 0.666666666666667
34109 1 1 1 1 1 1 1
34141 28 1 1 28 0.0357142857142857 1 0.0357142857142857
34146 15 2 2 15 0.133333333333333 1 0.133333333333333
34225 43 4 3 44 0.0697674418604651 0.75 0.0681818181818182
34244 5 2 2 5 0.4 1 0.4
34270 37 4 4 37 0.108108108108108 1 0.108108108108108
34288 6 2 1 7 0.166666666666667 0.5 0.142857142857143
34305 73 6 5 74 0.0684931506849315 0.833333333333333 0.0675675675675676
34309 47 102 22 127 0.468085106382979 0.215686274509804 0.173228346456693
34313 22 5 5 22 0.227272727272727 1 0.227272727272727
34372 4 1 1 4 0.25 1 0.25
34419 60 10 9 61 0.15 0.9 0.147540983606557
34427 3 1 1 3 0.333333333333333 1 0.333333333333333
34505 3 2 2 3 0.666666666666667 1 0.666666666666667
34549 8 4 2 10 0.25 0.5 0.2
34554 11 2 1 12 0.0909090909090909 0.5 0.0833333333333333
34567 2 2 1 3 0.5 0.5 0.333333333333333
34602 14 2 1 15 0.0714285714285714 0.5 0.0666666666666667
34631 2 1 1 2 0.5 1 0.5
34683 1 1 1 1 1 1 1
34695 315 47 39 323 0.123809523809524 0.829787234042553 0.120743034055728
34752 2 1 1 2 0.5 1 0.5
34763 73 22 13 82 0.178082191780822 0.590909090909091 0.158536585365854
34781 13 1 1 13 0.0769230769230769 1 0.0769230769230769
34784 3 1 1 3 0.333333333333333 1 0.333333333333333
34863 2 1 0 3 0 0 0
34958 3 1 1 3 0.333333333333333 1 0.333333333333333
34968 33 12 9 36 0.272727272727273 0.75 0.25
34997 9 5 4 10 0.444444444444444 0.8 0.4
35 2 1 0 3 0 0 0
35028 35 11 9 37 0.257142857142857 0.818181818181818 0.243243243243243
35070 7 2 2 7 0.285714285714286 1 0.285714285714286
35087 10 1 1 10 0.1 1 0.1
35244 31 18 13 36 0.419354838709677 0.722222222222222 0.361111111111111
35272 2 2 2 2 1 1 1
35283 6 1 1 6 0.166666666666667 1 0.166666666666667
35320 114 16 12 118 0.105263157894737 0.75 0.101694915254237
35393 7 2 1 8 0.142857142857143 0.5 0.125
35425 15 3 3 15 0.2 1 0.2
35470 4 4 1 7 0.25 0.25 0.142857142857143
35485 2 1 0 3 0 0 0
3549 1288 120 107 1301 0.0830745341614907 0.891666666666667 0.0822444273635665
35492 5 3 3 5 0.6 1 0.6
3551 1 1 0 2 0 0 0
3557 19 6 6 19 0.315789473684211 1 0.315789473684211
35592 7 3 3 7 0.428571428571429 1 0.428571428571429
3561 492 3 3 492 0.00609756097560976 1 0.00609756097560976
35612 5 2 0 7 0 0 0
35706 16 5 2 19 0.125 0.4 0.105263157894737
3582 2 2 1 3 0.5 0.5 0.333333333333333
35826 2 1 1 2 0.5 1 0.5
35908 22 1 1 22 0.0454545454545455 1 0.0454545454545455
3597 10 2 2 10 0.2 1 0.2
36236 13 1 0 14 0 0 0
36252 2 2 2 2 1 1 1
36351 13 4 4 13 0.307692307692308 1 0.307692307692308
36383 2 1 0 3 0 0 0
36384 1 1 1 1 1 1 1
3640 4 1 1 4 0.25 1 0.25
36412 4 2 2 4 0.5 1 0.5
36472 12 5 5 12 0.416666666666667 1 0.416666666666667
3661 6 6 2 10 0.333333333333333 0.333333333333333 0.2
3662 18 10 10 18 0.555555555555556 1 0.555555555555556
36671 2 1 1 2 0.5 1 0.5
36692 38 9 9 38 0.236842105263158 1 0.236842105263158
3676 7 1 1 7 0.142857142857143 1 0.142857142857143
36797 1 1 1 1 1 1 1
36856 10 4 2 12 0.2 0.5 0.166666666666667
36944 6 4 3 7 0.5 0.75 0.428571428571429
3714 4 1 1 4 0.25 1 0.25
3741 87 1 1 87 0.0114942528735632 1 0.0114942528735632
3742 14 2 2 14 0.142857142857143 1 0.142857142857143
3754 40 2 2 40 0.05 1 0.05
376 17 1 1 17 0.0588235294117647 1 0.0588235294117647
378 3 1 1 3 0.333333333333333 1 0.333333333333333
3790 5 1 1 5 0.2 1 0.2
3794 3 1 0 4 0 0 0
38005 2 2 2 2 1 1 1
38018 7 6 5 8 0.714285714285714 0.833333333333333 0.625
38022 32 10 10 32 0.3125 1 0.3125
38082 20 7 7 20 0.35 1 0.35
38128 1 1 0 2 0 0 0
38140 2 1 1 2 0.5 1 0.5
38158 3 2 2 3 0.666666666666667 1 0.666666666666667
38229 1 1 1 1 1 1 1
3825 1 1 0 2 0 0 0
38299 2 1 1 2 0.5 1 0.5
3836 8 2 1 9 0.125 0.5 0.111111111111111
38462 2 1 1 2 0.5 1 0.5
38477 2 1 1 2 0.5 1 0.5
38620 1 1 1 1 1 1 1
38629 1 1 1 1 1 1 1
38639 1 1 1 1 1 1 1
38711 1 1 1 1 1 1 1
38794 9 1 1 9 0.111111111111111 1 0.111111111111111
38819 3 2 2 3 0.666666666666667 1 0.666666666666667
38826 3 1 1 3 0.333333333333333 1 0.333333333333333
38922 11 1 0 12 0 0 0
38930 26 3 1 28 0.0384615384615385 0.333333333333333 0.0357142857142857
39040 8 1 1 8 0.125 1 0.125
39093 1 1 1 1 1 1 1
39122 12 1 0 13 0 0 0
39145 7 3 2 8 0.285714285714286 0.666666666666667 0.25
39211 2 2 1 3 0.5 0.5 0.333333333333333
39301 4 2 1 5 0.25 0.5 0.2
39309 24 1 0 25 0 0 0
393222 1 1 1 1 1 1 1
39326 269 21 17 273 0.0631970260223048 0.80952380952381 0.0622710622710623
39342 2 1 1 2 0.5 1 0.5
3943 3 3 2 4 0.666666666666667 0.666666666666667 0.5
3949 1 2 1 2 1 0.5 0.5
39537 2 1 0 3 0 0 0
39545 2 2 2 2 1 1 1
39556 32 10 8 34 0.25 0.8 0.235294117647059
39560 2 1 1 2 0.5 1 0.5
39570 3 2 1 4 0.333333333333333 0.5 0.25
39602 2 1 0 3 0 0 0
39792 644 27 20 651 0.031055900621118 0.740740740740741 0.0307219662058372
39837 4 2 2 4 0.5 1 0.5
39839 2 1 1 2 0.5 1 0.5
39854 1 2 1 2 1 0.5 0.5
39875 4 1 1 4 0.25 1 0.25
39912 339 3 3 339 0.00884955752212389 1 0.00884955752212389
3999 1 1 1 1 1 1 1
40009 31 6 5 32 0.161290322580645 0.833333333333333 0.15625
40060 8 1 0 9 0 0 0
40068 10 2 2 10 0.2 1 0.2
40193 13 7 5 15 0.384615384615385 0.714285714285714 0.333333333333333
40220 13 5 5 13 0.384615384615385 1 0.384615384615385
40528 5 3 3 5 0.6 1 0.6
40589 2 1 1 2 0.5 1 0.5
40679 2 2 2 2 1 1 1
40832 2 1 1 2 0.5 1 0.5
40912 2 1 1 2 0.5 1 0.5
41012 23 8 6 25 0.260869565217391 0.75 0.24
41045 10 4 3 11 0.3 0.75 0.272727272727273
41075 3 3 0 6 0 0 0
4134 99 2 0 101 0 0 0
4150 4 1 0 5 0 0 0
4158 2 1 1 2 0.5 1 0.5
41589 2 1 1 2 0.5 1 0.5
41670 1 1 1 1 1 1 1
41692 369 76 55 390 0.149051490514905 0.723684210526316 0.141025641025641
41695 3 1 0 4 0 0 0
41698 2 1 1 2 0.5 1 0.5
41711 9 4 2 11 0.222222222222222 0.5 0.181818181818182
41773 4 3 2 5 0.5 0.666666666666667 0.4
41887 9 1 1 9 0.111111111111111 1 0.111111111111111
41913 8 1 1 8 0.125 1 0.125
42 104 4 4 104 0.0384615384615385 1 0.0384615384615385
42096 9 1 1 9 0.111111111111111 1 0.111111111111111
42178 4 1 1 4 0.25 1 0.25
42227 8 3 2 9 0.25 0.666666666666667 0.222222222222222
42579 8 2 2 8 0.25 1 0.25
42585 7 4 2 9 0.285714285714286 0.5 0.222222222222222
42652 41 3 3 41 0.0731707317073171 1 0.0731707317073171
42689 27 8 6 29 0.222222222222222 0.75 0.206896551724138
4270 5 2 2 5 0.4 1 0.4
42732 3 2 2 3 0.666666666666667 1 0.666666666666667
42841 5 2 2 5 0.4 1 0.4
42884 32 1 1 32 0.03125 1 0.03125
42909 12 2 2 12 0.166666666666667 1 0.166666666666667
42937 1 1 1 1 1 1 1
42965 2 1 1 2 0.5 1 0.5
43037 5 1 1 5 0.2 1 0.2
43070 6 1 1 6 0.166666666666667 1 0.166666666666667
4323 1208 6 6 1208 0.00496688741721854 1 0.00496688741721854
43289 2 1 1 2 0.5 1 0.5
43313 3 1 1 3 0.333333333333333 1 0.333333333333333
43383 1 1 1 1 1 1 1
43556 5 1 1 5 0.2 1 0.2
43602 3 3 2 4 0.666666666666667 0.666666666666667 0.5
43751 4 1 0 5 0 0 0
43821 34 18 12 40 0.352941176470588 0.666666666666667 0.3
43843 5 1 1 5 0.2 1 0.2
43892 2 1 0 3 0 0 0
43911 3 3 1 5 0.333333333333333 0.333333333333333 0.2
43948 3 1 1 3 0.333333333333333 1 0.333333333333333
43950 2 1 0 3 0 0 0
44042 35 16 10 41 0.285714285714286 0.625 0.24390243902439
44065 1 1 1 1 1 1 1
44066 29 1 1 29 0.0344827586206897 1 0.0344827586206897
44212 3 1 1 3 0.333333333333333 1 0.333333333333333
44237 30 2 2 30 0.0666666666666667 1 0.0666666666666667
44285 6 1 0 7 0 0 0
44358 2 1 1 2 0.5 1 0.5
4436 144 21 20 145 0.138888888888889 0.952380952380952 0.137931034482759
44489 1 1 1 1 1 1 1
44514 4 2 1 5 0.25 0.5 0.2
44654 5 2 2 5 0.4 1 0.4
44683 2 1 1 2 0.5 1 0.5
44928 1 1 1 1 1 1 1
44980 5 1 1 5 0.2 1 0.2
45131 1 1 1 1 1 1 1
45147 57 2 2 57 0.0350877192982456 1 0.0350877192982456
45177 2 1 0 3 0 0 0
4528 3 1 1 3 0.333333333333333 1 0.333333333333333
4538 52 5 4 53 0.0769230769230769 0.8 0.0754716981132075
45425 4 1 1 4 0.25 1 0.25
45456 1 2 0 3 0 0 0
45459 1 1 0 2 0 0 0
45522 1 1 0 2 0 0 0
4555 1 3 0 4 0 0 0
4557 11 2 2 11 0.181818181818182 1 0.181818181818182
4589 709 102 99 712 0.139633286318759 0.970588235294118 0.139044943820225
4600 5 2 2 5 0.4 1 0.4
4605 1 1 1 1 1 1 1
4608 5 3 1 7 0.2 0.333333333333333 0.142857142857143
46135 12 2 2 12 0.166666666666667 1 0.166666666666667
4618 14 2 1 15 0.0714285714285714 0.5 0.0666666666666667
46208 2 1 1 2 0.5 1 0.5
4621 34 3 3 34 0.0882352941176471 1 0.0882352941176471
4622 1 1 0 2 0 0 0
4635 105 21 19 107 0.180952380952381 0.904761904761905 0.177570093457944
46357 2 1 1 2 0.5 1 0.5
4648 53 1 1 53 0.0188679245283019 1 0.0188679245283019
4651 29 9 7 31 0.241379310344828 0.777777777777778 0.225806451612903
46722 1 1 1 1 1 1 1
4675 6 2 0 8 0 0 0
4677 5 1 1 5 0.2 1 0.2
4680 9 3 1 11 0.111111111111111 0.333333333333333 0.0909090909090909
4685 10 1 1 10 0.1 1 0.1
4691 1 16 1 16 1 0.0625 0.0625
4697 3 7 3 7 1 0.428571428571429 0.428571428571429
4704 6 1 1 6 0.166666666666667 1 0.166666666666667
4711 2 1 0 3 0 0 0
4713 97 11 8 100 0.0824742268041237 0.727272727272727 0.08
4716 50 14 5 59 0.1 0.357142857142857 0.0847457627118644
4717 3 2 2 3 0.666666666666667 1 0.666666666666667
4718 3 2 2 3 0.666666666666667 1 0.666666666666667
47227 2 1 1 2 0.5 1 0.5
4725 123 19 9 133 0.0731707317073171 0.473684210526316 0.0676691729323308
4739 60 12 11 61 0.183333333333333 0.916666666666667 0.180327868852459
4741 8 1 1 8 0.125 1 0.125
47447 2 1 1 2 0.5 1 0.5
4747 5 1 0 6 0 0 0
4750 55 5 0 60 0 0 0
4755 169 1 1 169 0.00591715976331361 1 0.00591715976331361
4761 68 4 2 70 0.0294117647058824 0.5 0.0285714285714286
47617 3 1 1 3 0.333333333333333 1 0.333333333333333
4768 25 1 1 25 0.04 1 0.04
4770 16 3 0 19 0 0 0
4775 57 1 1 57 0.0175438596491228 1 0.0175438596491228
4777 36 6 3 39 0.0833333333333333 0.5 0.0769230769230769
4780 25 3 2 26 0.08 0.666666666666667 0.0769230769230769
4782 3 1 0 4 0 0 0
47862 1 1 1 1 1 1 1
4787 8 5 1 12 0.125 0.2 0.0833333333333333
4788 118 4 4 118 0.0338983050847458 1 0.0338983050847458
47880 3 4 1 6 0.333333333333333 0.25 0.166666666666667
47885 1 2 0 3 0 0 0
4795 37 4 2 39 0.0540540540540541 0.5 0.0512820512820513
4796 3 1 1 3 0.333333333333333 1 0.333333333333333
48039 5 2 2 5 0.4 1 0.4
48053 2 1 1 2 0.5 1 0.5
48173 3 1 1 3 0.333333333333333 1 0.333333333333333
48185 2 2 1 3 0.5 0.5 0.333333333333333
48191 2 1 0 3 0 0 0
48200 1 5 0 6 0 0 0
4826 41 14 13 42 0.317073170731707 0.928571428571429 0.30952380952381
48288 1 1 1 1 1 1 1
4829 4 1 1 4 0.25 1 0.25
48345 26 7 7 26 0.269230769230769 1 0.269230769230769
4844 2 1 1 2 0.5 1 0.5
48451 1 1 1 1 1 1 1
4927 8 3 2 9 0.25 0.666666666666667 0.222222222222222
5050 22 4 4 22 0.181818181818182 1 0.181818181818182
5056 27 2 0 29 0 0 0
513 48 9 9 48 0.1875 1 0.1875
52 2 1 1 2 0.5 1 0.5
5381 12 2 1 13 0.0833333333333333 0.5 0.0769230769230769
5385 16 7 5 18 0.3125 0.714285714285714 0.277777777777778
5400 228 13 10 231 0.043859649122807 0.769230769230769 0.0432900432900433
5401 1 1 1 1 1 1 1
5403 19 6 5 20 0.263157894736842 0.833333333333333 0.25
5408 30 2 1 31 0.0333333333333333 0.5 0.032258064516129
5410 55 8 5 58 0.0909090909090909 0.625 0.0862068965517241
5413 221 2 2 221 0.00904977375565611 1 0.00904977375565611
5418 8 3 2 9 0.25 0.666666666666667 0.222222222222222
5421 3 2 1 4 0.333333333333333 0.5 0.25
5429 16 1 1 16 0.0625 1 0.0625
543 1 1 1 1 1 1 1
5430 76 22 17 81 0.223684210526316 0.772727272727273 0.209876543209877
5432 28 1 0 29 0 0 0
5459 49 13 9 53 0.183673469387755 0.692307692307692 0.169811320754717
5466 77 2 1 78 0.012987012987013 0.5 0.0128205128205128
5486 27 2 0 29 0 0 0
55 3 1 1 3 0.333333333333333 1 0.333333333333333
5511 165 28 22 171 0.133333333333333 0.785714285714286 0.128654970760234
553 49 21 18 52 0.36734693877551 0.857142857142857 0.346153846153846
5537 27 3 2 28 0.0740740740740741 0.666666666666667 0.0714285714285714
5538 7 1 1 7 0.142857142857143 1 0.142857142857143
5539 47 49 20 76 0.425531914893617 0.408163265306122 0.263157894736842
5550 4 2 1 5 0.25 0.5 0.2
5560 8 2 2 8 0.25 1 0.25
5568 230 9 7 232 0.0304347826086957 0.777777777777778 0.0301724137931034
557 5 2 1 6 0.2 0.5 0.166666666666667
558 20 1 1 20 0.05 1 0.05
559 160 56 53 163 0.33125 0.946428571428571 0.325153374233129
5602 27 5 4 28 0.148148148148148 0.8 0.142857142857143
5609 1 8 0 9 0 0 0
5615 20 1 1 20 0.05 1 0.05
5617 206 1 1 206 0.00485436893203883 1 0.00485436893203883
5645 18 6 4 20 0.222222222222222 0.666666666666667 0.2
5661 4 1 1 4 0.25 1 0.25
567 10 2 2 10 0.2 1 0.2
57 24 5 5 24 0.208333333333333 1 0.208333333333333
5707 3 1 1 3 0.333333333333333 1 0.333333333333333
5713 62 2 1 63 0.0161290322580645 0.5 0.0158730158730159
577 123 2 2 123 0.016260162601626 1 0.016260162601626
5786 2 1 1 2 0.5 1 0.5
59 6 2 2 6 0.333333333333333 1 0.333333333333333
600 25 1 1 25 0.04 1 0.04
6057 6 5 4 7 0.666666666666667 0.8 0.571428571428571
6062 10 2 0 12 0 0 0
6066 1 1 0 2 0 0 0
6083 32 14 13 33 0.40625 0.928571428571429 0.393939393939394
6106 2 1 1 2 0.5 1 0.5
6122 10 1 1 10 0.1 1 0.1
6128 260 2 2 260 0.00769230769230769 1 0.00769230769230769
6147 1 6 0 7 0 0 0
6181 42 2 2 42 0.0476190476190476 1 0.0476190476190476
6182 1 1 1 1 1 1 1
6262 1 1 1 1 1 1 1
6263 3 1 1 3 0.333333333333333 1 0.333333333333333
6342 4 1 0 5 0 0 0
6360 9 2 2 9 0.222222222222222 1 0.222222222222222
6366 3 1 1 3 0.333333333333333 1 0.333333333333333
6435 3 7 1 9 0.333333333333333 0.142857142857143 0.111111111111111
6453 527 87 74 540 0.140417457305503 0.850574712643678 0.137037037037037
6456 15 4 3 16 0.2 0.75 0.1875
64603 1 1 0 2 0 0 0
65075 1 1 0 2 0 0 0
6509 28 6 4 30 0.142857142857143 0.666666666666667 0.133333333333333
65104 1 1 1 1 1 1 1
6536 18 2 1 19 0.0555555555555556 0.5 0.0526315789473684
6619 24 6 3 27 0.125 0.5 0.111111111111111
6629 3 1 1 3 0.333333333333333 1 0.333333333333333
6648 44 3 1 46 0.0227272727272727 0.333333333333333 0.0217391304347826
6661 71 1 1 71 0.0140845070422535 1 0.0140845070422535
6666 38 19 11 46 0.289473684210526 0.578947368421053 0.239130434782609
6667 509 108 104 513 0.204322200392927 0.962962962962963 0.202729044834308
6677 50 12 6 56 0.12 0.5 0.107142857142857
668 35 8 3 40 0.0857142857142857 0.375 0.075
6695 216 54 50 220 0.231481481481481 0.925925925925926 0.227272727272727
6702 16 2 2 16 0.125 1 0.125
6706 13 6 5 14 0.384615384615385 0.833333333333333 0.357142857142857
6724 42 18 16 44 0.380952380952381 0.888888888888889 0.363636363636364
6730 559 8 8 559 0.0143112701252236 1 0.0143112701252236
6760 9 1 1 9 0.111111111111111 1 0.111111111111111
6762 175 44 40 179 0.228571428571429 0.909090909090909 0.223463687150838
6770 38 17 8 47 0.210526315789474 0.470588235294118 0.170212765957447
6772 14 5 4 15 0.285714285714286 0.8 0.266666666666667
6774 81 14 13 82 0.160493827160494 0.928571428571429 0.158536585365854
6775 3 1 1 3 0.333333333333333 1 0.333333333333333
680 60 19 16 63 0.266666666666667 0.842105263157895 0.253968253968254
6802 7 2 2 7 0.285714285714286 1 0.285714285714286
681 2 1 1 2 0.5 1 0.5
6830 348 32 22 358 0.0632183908045977 0.6875 0.0614525139664804
6838 1 1 1 1 1 1 1
6881 87 26 25 88 0.28735632183908 0.961538461538462 0.284090909090909
6893 2 1 1 2 0.5 1 0.5
6895 5 1 1 5 0.2 1 0.2
6908 99 20 18 101 0.181818181818182 0.9 0.178217821782178
6911 5 2 1 6 0.2 0.5 0.166666666666667
6939 1022 386 265 1143 0.259295499021526 0.686528497409326 0.231846019247594
6966 3 2 2 3 0.666666666666667 1 0.666666666666667
6968 3 1 1 3 0.333333333333333 1 0.333333333333333
701 2245 20 14 2251 0.00623608017817372 0.7 0.00621945801865837
7012 15 4 3 16 0.2 0.75 0.1875
7018 2227 17 14 2230 0.00628648405927256 0.823529411764706 0.0062780269058296
7019 1 1 1 1 1 1 1
7065 18 3 2 19 0.111111111111111 0.666666666666667 0.105263157894737
7066 17 3 3 17 0.176470588235294 1 0.176470588235294
71 13 2 1 14 0.0769230769230769 0.5 0.0714285714285714
719 13 1 1 13 0.0769230769230769 1 0.0769230769230769
7195 1 1 0 2 0 0 0
72 9 1 0 10 0 0 0
7303 62 2 2 62 0.032258064516129 1 0.032258064516129
7377 3 1 0 4 0 0 0
7385 172 7 6 173 0.0348837209302326 0.857142857142857 0.0346820809248555
7412 1 1 0 2 0 0 0
7470 36 2 2 36 0.0555555555555556 1 0.0555555555555556
7473 135 9 9 135 0.0666666666666667 1 0.0666666666666667
7500 60 10 8 62 0.133333333333333 0.8 0.129032258064516
7503 4 3 0 7 0 0 0
7511 3 1 0 4 0 0 0
7514 22 3 3 22 0.136363636363636 1 0.136363636363636
7516 4 1 0 5 0 0 0
7521 5 2 1 6 0.2 0.5 0.166666666666667
7522 6 5 1 10 0.166666666666667 0.2 0.1
7527 5 1 1 5 0.2 1 0.2
7529 18 2 2 18 0.111111111111111 1 0.111111111111111
7539 24 8 5 27 0.208333333333333 0.625 0.185185185185185
7543 12 2 1 13 0.0833333333333333 0.5 0.0769230769230769
7573 1 1 1 1 1 1 1
7575 215 59 56 218 0.26046511627907 0.949152542372881 0.256880733944954
7594 4 3 2 5 0.5 0.666666666666667 0.4
7599 2 1 0 3 0 0 0
7606 38 5 5 38 0.131578947368421 1 0.131578947368421
7610 20 2 0 22 0 0 0
7629 4 1 0 5 0 0 0
766 17 5 4 18 0.235294117647059 0.8 0.222222222222222
7660 42 19 16 45 0.380952380952381 0.842105263157895 0.355555555555556
7665 2 1 1 2 0.5 1 0.5
7667 6 1 1 6 0.166666666666667 1 0.166666666666667
7668 10 1 1 10 0.1 1 0.1
7670 19 3 2 20 0.105263157894737 0.666666666666667 0.1
7671 3 2 1 4 0.333333333333333 0.5 0.25
7682 9 3 1 11 0.111111111111111 0.333333333333333 0.0909090909090909
7687 3 1 1 3 0.333333333333333 1 0.333333333333333
7693 27 3 2 28 0.0740740740740741 0.666666666666667 0.0714285714285714
7718 12 2 1 13 0.0833333333333333 0.5 0.0769230769230769
7753 7 1 1 7 0.142857142857143 1 0.142857142857143
7781 5 8 3 10 0.6 0.375 0.3
7784 34 4 3 35 0.0882352941176471 0.75 0.0857142857142857
7786 9 2 1 10 0.111111111111111 0.5 0.1
7847 3 1 1 3 0.333333333333333 1 0.333333333333333
786 59 11 9 61 0.152542372881356 0.818181818181818 0.147540983606557
790 1 1 0 2 0 0 0
7902 16 1 1 16 0.0625 1 0.0625
7908 38 3 1 40 0.0263157894736842 0.333333333333333 0.025
7922 66 4 4 66 0.0606060606060606 1 0.0606060606060606
7941 3 1 1 3 0.333333333333333 1 0.333333333333333
7949 10 2 0 12 0 0 0
8001 301 8 8 301 0.026578073089701 1 0.026578073089701
8002 53 6 4 55 0.0754716981132075 0.666666666666667 0.0727272727272727
8018 2 1 0 3 0 0 0
8025 4 1 0 5 0 0 0
8038 1 2 1 2 1 0.5 0.5
8047 24 5 5 24 0.208333333333333 1 0.208333333333333
8092 9 4 4 9 0.444444444444444 1 0.444444444444444
81 28 1 0 29 0 0 0
8121 46 10 6 50 0.130434782608696 0.6 0.12
8158 2 1 1 2 0.5 1 0.5
8201 8 2 2 8 0.25 1 0.25
8218 162 18 17 163 0.104938271604938 0.944444444444444 0.104294478527607
8220 564 12 11 565 0.0195035460992908 0.916666666666667 0.0194690265486726
8224 11 5 4 12 0.363636363636364 0.8 0.333333333333333
8226 3 2 0 5 0 0 0
8237 6 3 3 6 0.5 1 0.5
8240 3 1 0 4 0 0 0
8246 201 1 0 202 0 0 0
8251 10 5 5 10 0.5 1 0.5
8256 1 1 1 1 1 1 1
8262 33 1 1 33 0.0303030303030303 1 0.0303030303030303
8267 2 1 1 2 0.5 1 0.5
8282 10 1 1 10 0.1 1 0.1
8283 6 4 4 6 0.666666666666667 1 0.666666666666667
8299 13 2 0 15 0 0 0
8302 7 1 1 7 0.142857142857143 1 0.142857142857143
8312 7 1 0 8 0 0 0
8319 43 12 11 44 0.255813953488372 0.916666666666667 0.25
8330 10 3 2 11 0.2 0.666666666666667 0.181818181818182
8346 6 2 2 6 0.333333333333333 1 0.333333333333333
8358 13 1 1 13 0.0769230769230769 1 0.0769230769230769
8359 585 33 24 594 0.041025641025641 0.727272727272727 0.0404040404040404
8364 9 1 1 9 0.111111111111111 1 0.111111111111111
8365 112 43 30 125 0.267857142857143 0.697674418604651 0.24
8368 35 8 7 36 0.2 0.875 0.194444444444444
8374 6 2 2 6 0.333333333333333 1 0.333333333333333
8387 17 4 3 18 0.176470588235294 0.75 0.166666666666667
8391 24 14 10 28 0.416666666666667 0.714285714285714 0.357142857142857
8396 1 1 0 2 0 0 0
8419 252 4 4 252 0.0158730158730159 1 0.0158730158730159
8422 101 18 12 107 0.118811881188119 0.666666666666667 0.11214953271028
8426 454 19 16 457 0.0352422907488987 0.842105263157895 0.0350109409190372
8442 31 15 12 34 0.387096774193548 0.8 0.352941176470588
8447 537 26 23 540 0.042830540037244 0.884615384615385 0.0425925925925926
8452 37 2 2 37 0.0540540540540541 1 0.0540540540540541
8468 568 10 9 569 0.0158450704225352 0.9 0.015817223198594
8469 39 17 14 42 0.358974358974359 0.823529411764706 0.333333333333333
8473 28 4 3 29 0.107142857142857 0.75 0.103448275862069
8481 2 1 0 3 0 0 0
8492 374 1 1 374 0.00267379679144385 1 0.00267379679144385
8495 21 3 2 22 0.0952380952380952 0.666666666666667 0.0909090909090909
8501 36 11 11 36 0.305555555555556 1 0.305555555555556
8508 1 1 1 1 1 1 1
8517 18 1 1 18 0.0555555555555556 1 0.0555555555555556
852 154 2 2 154 0.012987012987013 1 0.012987012987013
8527 17 2 2 17 0.117647058823529 1 0.117647058823529
855 28 1 1 28 0.0357142857142857 1 0.0357142857142857
8551 108 1 1 108 0.00925925925925926 1 0.00925925925925926
8560 79 30 24 85 0.30379746835443 0.8 0.282352941176471
8565 15 5 4 16 0.266666666666667 0.8 0.25
8586 66 4 3 67 0.0454545454545455 0.75 0.0447761194029851
8591 41 8 4 45 0.0975609756097561 0.5 0.0888888888888889
8607 26 6 5 27 0.192307692307692 0.833333333333333 0.185185185185185
8648 35 12 7 40 0.2 0.583333333333333 0.175
8657 94 10 8 96 0.0851063829787234 0.8 0.0833333333333333
8664 8 3 2 9 0.25 0.666666666666667 0.222222222222222
8674 59 5 4 60 0.0677966101694915 0.8 0.0666666666666667
8676 4 1 1 4 0.25 1 0.25
8683 29 2 2 29 0.0689655172413793 1 0.0689655172413793
8708 266 5 4 267 0.0150375939849624 0.8 0.0149812734082397
8717 98 5 4 99 0.0408163265306122 0.8 0.0404040404040404
8728 1 1 1 1 1 1 1
8737 32 4 3 33 0.09375 0.75 0.0909090909090909
8758 10 6 4 12 0.4 0.666666666666667 0.333333333333333
8763 151 44 41 154 0.271523178807947 0.931818181818182 0.266233766233766
8767 71 25 19 77 0.267605633802817 0.76 0.246753246753247
8781 32 1 0 33 0 0 0
8804 47 13 10 50 0.212765957446809 0.769230769230769 0.2
8816 17 1 1 17 0.0588235294117647 1 0.0588235294117647
8820 8 4 3 9 0.375 0.75 0.333333333333333
8823 7 1 0 8 0 0 0
8881 591 30 30 591 0.050761421319797 1 0.050761421319797
8895 6 2 2 6 0.333333333333333 1 0.333333333333333
8897 54 12 8 58 0.148148148148148 0.666666666666667 0.137931034482759
8903 12 4 0 16 0 0 0
8928 655 4 4 655 0.00610687022900763 1 0.00610687022900763
8943 17 5 5 17 0.294117647058824 1 0.294117647058824
8954 41 11 8 44 0.195121951219512 0.727272727272727 0.181818181818182
8966 84 1 1 84 0.0119047619047619 1 0.0119047619047619
8970 2 1 1 2 0.5 1 0.5
8978 6 2 2 6 0.333333333333333 1 0.333333333333333
9002 1097 269 248 1118 0.226071103008204 0.921933085501859 0.221824686940966
9008 4 1 1 4 0.25 1 0.25
9009 97 5 3 99 0.0309278350515464 0.6 0.0303030303030303
9022 2 1 1 2 0.5 1 0.5
9026 13 4 4 13 0.307692307692308 1 0.307692307692308
9031 56 4 3 57 0.0535714285714286 0.75 0.0526315789473684
9044 61 19 16 64 0.262295081967213 0.842105263157895 0.25
9080 7 5 2 10 0.285714285714286 0.4 0.2
9085 6 1 1 6 0.166666666666667 1 0.166666666666667
9112 7 1 1 7 0.142857142857143 1 0.142857142857143
9121 251 1 1 251 0.00398406374501992 1 0.00398406374501992
9129 10 1 0 11 0 0 0
9150 29 6 5 30 0.172413793103448 0.833333333333333 0.166666666666667
9153 37 6 6 37 0.162162162162162 1 0.162162162162162
9162 1 1 1 1 1 1 1
9188 4 2 1 5 0.25 0.5 0.2
9231 2 2 1 3 0.5 0.5 0.333333333333333
9264 27 19 8 38 0.296296296296296 0.421052631578947 0.210526315789474
9270 26 3 2 27 0.0769230769230769 0.666666666666667 0.0740740740740741
9299 41 2 1 42 0.024390243902439 0.5 0.0238095238095238
9304 251 8 6 253 0.0239043824701195 0.75 0.0237154150197628
9329 12 2 2 12 0.166666666666667 1 0.166666666666667
9340 2 3 1 4 0.5 0.333333333333333 0.25
9367 3 1 1 3 0.333333333333333 1 0.333333333333333
9406 2 2 1 3 0.5 0.5 0.333333333333333
9431 2 1 1 2 0.5 1 0.5
9433 2 2 1 3 0.5 0.5 0.333333333333333
9445 1 1 1 1 1 1 1
9476 5 2 1 6 0.2 0.5 0.166666666666667
9497 31 6 6 31 0.193548387096774 1 0.193548387096774
9505 109 7 5 111 0.0458715596330275 0.714285714285714 0.045045045045045
9534 7 1 1 7 0.142857142857143 1 0.142857142857143
9541 6 1 0 7 0 0 0
9543 3 1 1 3 0.333333333333333 1 0.333333333333333
9549 3 1 1 3 0.333333333333333 1 0.333333333333333
9555 3 1 0 4 0 0 0
9583 39 2 1 40 0.0256410256410256 0.5 0.025
9584 8 2 1 9 0.125 0.5 0.111111111111111
9595 6 4 2 8 0.333333333333333 0.5 0.25
9600 5 2 1 6 0.2 0.5 0.166666666666667
9601 8 1 1 8 0.125 1 0.125
9607 6 2 1 7 0.166666666666667 0.5 0.142857142857143
9612 2 3 1 4 0.5 0.333333333333333 0.25
9619 2 1 1 2 0.5 1 0.5
9621 2 1 1 2 0.5 1 0.5
9622 8 2 1 9 0.125 0.5 0.111111111111111
9680 30 2 1 31 0.0333333333333333 0.5 0.032258064516129
9700 7 3 2 8 0.285714285714286 0.666666666666667 0.25
9722 43 8 7 44 0.162790697674419 0.875 0.159090909090909
9732 3 2 1 4 0.333333333333333 0.5 0.25
9794 5 1 1 5 0.2 1 0.2
9800 29 2 0 31 0 0 0
9821 5 3 3 5 0.6 1 0.6
9837 34 1 0 35 0 0 0
9896 1 1 1 1 1 1 1
9901 23 4 2 25 0.0869565217391304 0.5 0.08
9919 21 1 0 22 0 0 0
9924 34 1 0 35 0 0 0
9930 19 3 3 19 0.157894736842105 1 0.157894736842105
