#ASN num_v4adj num_v6adj num_intersect(v4v6adj) num_union(adj) fr_v4(num_intersect/num_v4adj) fr_v6(num_intersect/num_v6adj) fr_intersect(num_intersect/num_union)
10013 2 2 1 3 0.5 0.5 0.333333333333333
10015 10 1 0 11 0 0 0
10026 404 5 2 407 0.00495049504950495 0.4 0.00491400491400491
101 32 9 7 34 0.21875 0.777777777777778 0.205882352941176
10148 1 2 1 2 1 0.5 0.5
102 3 1 1 3 0.333333333333333 1 0.333333333333333
10204 3 4 1 6 0.333333333333333 0.25 0.166666666666667
10217 25 1 1 25 0.04 1 0.04
10318 3 1 0 4 0 0 0
10343 2 1 1 2 0.5 1 0.5
10405 3 1 0 4 0 0 0
10429 80 2 1 81 0.0125 0.5 0.0123456790123457
10466 28 3 3 28 0.107142857142857 1 0.107142857142857
10490 31 3 2 32 0.0645161290322581 0.666666666666667 0.0625
10533 1 1 1 1 1 1 1
10569 1 1 1 1 1 1 1
10578 25 4 4 25 0.16 1 0.16
10586 8 2 0 10 0 0 0
10745 2 7 0 9 0 0 0
10778 6 1 1 6 0.166666666666667 1 0.166666666666667
10886 35 19 9 45 0.257142857142857 0.473684210526316 0.2
109 18 4 0 22 0 0 0
10996 4 1 1 4 0.25 1 0.25
1101 1 1 1 1 1 1 1
1103 194 69 66 197 0.34020618556701 0.956521739130435 0.33502538071066
111 2 2 1 3 0.5 0.5 0.333333333333333
11170 1 2 0 3 0 0 0
1120 15 2 0 17 0 0 0
1125 3 3 3 3 1 1 1
1126 36 9 6 39 0.166666666666667 0.666666666666667 0.153846153846154
11274 9 3 3 9 0.333333333333333 1 0.333333333333333
11279 3 1 1 3 0.333333333333333 1 0.333333333333333
11317 7 4 4 7 0.571428571428571 1 0.571428571428571
11340 8 1 1 8 0.125 1 0.125
1140 30 11 8 33 0.266666666666667 0.727272727272727 0.242424242424242
11457 11 1 0 12 0 0 0
11508 3 1 1 3 0.333333333333333 1 0.333333333333333
11537 118 50 43 125 0.364406779661017 0.86 0.344
11588 5 1 1 5 0.2 1 0.2
11590 8 1 0 9 0 0 0
11666 10 5 3 12 0.3 0.6 0.25
11686 43 2 2 43 0.0465116279069767 1 0.0465116279069767
11694 2 1 1 2 0.5 1 0.5
11734 4 1 0 5 0 0 0
11834 4 2 2 4 0.5 1 0.5
11960 5 3 3 5 0.6 1 0.6
12 5 1 1 5 0.2 1 0.2
1200 43 16 11 48 0.255813953488372 0.6875 0.229166666666667
12008 31 1 1 31 0.032258064516129 1 0.032258064516129
12041 43 18 13 48 0.302325581395349 0.722222222222222 0.270833333333333
12046 2 1 1 2 0.5 1 0.5
12111 24 2 2 24 0.0833333333333333 1 0.0833333333333333
1213 10 4 4 10 0.4 1 0.4
1221 120 2 0 122 0 0 0
1224 3 1 1 3 0.333333333333333 1 0.333333333333333
12287 2 1 1 2 0.5 1 0.5
12294 10 1 1 10 0.1 1 0.1
12301 64 1 1 64 0.015625 1 0.015625
12303 3 2 1 4 0.333333333333333 0.5 0.25
12306 87 14 12 89 0.137931034482759 0.857142857142857 0.134831460674157
12312 56 15 12 59 0.214285714285714 0.8 0.203389830508475
12322 59 4 4 59 0.0677966101694915 1 0.0677966101694915
12329 8 2 1 9 0.125 0.5 0.111111111111111
12335 11 1 1 11 0.0909090909090909 1 0.0909090909090909
12337 43 55 21 77 0.488372093023256 0.381818181818182 0.272727272727273
12347 5 3 3 5 0.6 1 0.6
12350 118 5 5 118 0.0423728813559322 1 0.0423728813559322
12353 5 3 1 7 0.2 0.333333333333333 0.142857142857143
12355 32 16 12 36 0.375 0.75 0.333333333333333
1237 36 4 2 38 0.0555555555555556 0.5 0.0526315789473684
12371 2 1 0 3 0 0 0
12386 14 3 3 14 0.214285714285714 1 0.214285714285714
1239 1626 3 1 1628 0.000615006150061501 0.333333333333333 0.000614250614250614
12399 245 1 1 245 0.00408163265306122 1 0.00408163265306122
12401 14 2 1 15 0.0714285714285714 0.5 0.0666666666666667
12414 33 13 10 36 0.303030303030303 0.769230769230769 0.277777777777778
12496 42 1 0 43 0 0 0
12502 3 2 1 4 0.333333333333333 0.5 0.25
1251 8 1 1 8 0.125 1 0.125
12533 2 1 0 3 0 0 0
12566 13 3 3 13 0.230769230769231 1 0.230769230769231
1257 122 49 25 146 0.204918032786885 0.510204081632653 0.171232876712329
12573 30 15 12 33 0.4 0.8 0.363636363636364
12600 20 1 0 21 0 0 0
12611 44 21 14 51 0.318181818181818 0.666666666666667 0.274509803921569
12634 36 14 11 39 0.305555555555556 0.785714285714286 0.282051282051282
12637 67 24 21 70 0.313432835820896 0.875 0.3
12638 2 3 0 5 0 0 0
12654 57 21 15 63 0.263157894736842 0.714285714285714 0.238095238095238
12657 3 1 1 3 0.333333333333333 1 0.333333333333333
12684 4 2 1 5 0.25 0.5 0.2
12709 2 1 0 3 0 0 0
12714 43 1 1 43 0.0232558139534884 1 0.0232558139534884
1273 282 77 51 308 0.180851063829787 0.662337662337662 0.165584415584416
12731 53 20 14 59 0.264150943396226 0.7 0.23728813559322
12732 20 5 4 21 0.2 0.8 0.19047619047619
12757 3 1 1 3 0.333333333333333 1 0.333333333333333
12767 12 3 2 13 0.166666666666667 0.666666666666667 0.153846153846154
12769 4 1 1 4 0.25 1 0.25
12779 79 23 15 87 0.189873417721519 0.652173913043478 0.172413793103448
1280 101 39 30 110 0.297029702970297 0.769230769230769 0.272727272727273
12816 1 1 1 1 1 1 1
12817 2 2 2 2 1 1 1
12850 18 5 5 18 0.277777777777778 1 0.277777777777778
12853 2 2 1 3 0.5 0.5 0.333333333333333
12859 198 38 27 209 0.136363636363636 0.710526315789474 0.129186602870813
12871 34 16 8 42 0.235294117647059 0.5 0.19047619047619
12874 200 2 2 200 0.01 1 0.01
12895 8 1 1 8 0.125 1 0.125
12902 38 9 7 40 0.184210526315789 0.777777777777778 0.175
12931 4 3 2 5 0.5 0.666666666666667 0.4
12956 126 8 8 126 0.0634920634920635 1 0.0634920634920635
12968 144 17 10 151 0.0694444444444444 0.588235294117647 0.0662251655629139
12989 512 34 29 517 0.056640625 0.852941176470588 0.0560928433268859
1299 551 46 44 553 0.0798548094373866 0.956521739130435 0.0795660036166365
13030 934 196 189 941 0.202355460385439 0.964285714285714 0.200850159404888
13039 4 1 1 4 0.25 1 0.25
13041 7 2 2 7 0.285714285714286 1 0.285714285714286
13049 23 1 1 23 0.0434782608695652 1 0.0434782608695652
13062 13 1 0 14 0 0 0
13092 4 1 1 4 0.25 1 0.25
131 3 1 1 3 0.333333333333333 1 0.333333333333333
13105 20 7 4 23 0.2 0.571428571428571 0.173913043478261
13110 6 2 1 7 0.166666666666667 0.5 0.142857142857143
13115 4 2 2 4 0.5 1 0.5
1312 2 1 1 2 0.5 1 0.5
13132 21 12 10 23 0.476190476190476 0.833333333333333 0.434782608695652
13184 37 16 10 43 0.27027027027027 0.625 0.232558139534884
13189 30 6 6 30 0.2 1 0.2
13193 46 14 11 49 0.239130434782609 0.785714285714286 0.224489795918367
13237 507 88 75 520 0.14792899408284 0.852272727272727 0.144230769230769
13272 1 2 1 2 1 0.5 0.5
13284 12 5 3 14 0.25 0.6 0.214285714285714
13293 22 3 3 22 0.136363636363636 1 0.136363636363636
13301 33 3 2 34 0.0606060606060606 0.666666666666667 0.0588235294117647
13319 7 4 3 8 0.428571428571429 0.75 0.375
13332 7 1 1 7 0.142857142857143 1 0.142857142857143
13448 6 2 1 7 0.166666666666667 0.5 0.142857142857143
13645 18 2 1 19 0.0555555555555556 0.5 0.0526315789473684
13680 47 10 9 48 0.191489361702128 0.9 0.1875
137 22 8 8 22 0.363636363636364 1 0.363636363636364
13714 2 1 1 2 0.5 1 0.5
13810 2 1 1 2 0.5 1 0.5
13855 4 1 0 5 0 0 0
13867 3 1 0 4 0 0 0
13901 2 1 1 2 0.5 1 0.5
13910 4 1 0 5 0 0 0
13911 4 1 0 5 0 0 0
14085 5 2 2 5 0.4 1 0.4
14234 3 1 1 3 0.333333333333333 1 0.333333333333333
14259 26 3 1 28 0.0384615384615385 0.333333333333333 0.0357142857142857
14262 4 2 2 4 0.5 1 0.5
14277 7 9 3 13 0.428571428571429 0.333333333333333 0.230769230769231
14325 11 2 2 11 0.181818181818182 1 0.181818181818182
14589 18 6 5 19 0.277777777777778 0.833333333333333 0.263157894736842
14595 2 1 0 3 0 0 0
14650 1 2 1 2 1 0.5 0.5
14868 4 1 0 5 0 0 0
14907 3 3 2 4 0.666666666666667 0.666666666666667 0.5
15169 114 37 25 126 0.219298245614035 0.675675675675676 0.198412698412698
15189 3 1 1 3 0.333333333333333 1 0.333333333333333
15226 3 2 0 5 0 0 0
15373 2 1 1 2 0.5 1 0.5
15412 461 13 12 462 0.0260303687635575 0.923076923076923 0.025974025974026
15444 263 19 12 270 0.0456273764258555 0.631578947368421 0.0444444444444444
15456 3 3 3 3 1 1 1
15469 1 1 0 2 0 0 0
15480 1 1 1 1 1 1 1
15557 117 1 1 117 0.00854700854700855 1 0.00854700854700855
15589 36 13 5 44 0.138888888888889 0.384615384615385 0.113636363636364
15598 144 26 22 148 0.152777777777778 0.846153846153846 0.148648648648649
15600 51 5 4 52 0.0784313725490196 0.8 0.0769230769230769
15623 35 5 4 36 0.114285714285714 0.8 0.111111111111111
15685 30 10 8 32 0.266666666666667 0.8 0.25
15694 63 1 1 63 0.0158730158730159 1 0.0158730158730159
15696 2 1 0 3 0 0 0
15725 2 2 1 3 0.5 0.5 0.333333333333333
15744 10 1 1 10 0.1 1 0.1
15782 15 5 4 16 0.266666666666667 0.8 0.25
15798 2 1 0 3 0 0 0
15805 19 4 3 20 0.157894736842105 0.75 0.15
15879 42 13 11 44 0.261904761904762 0.846153846153846 0.25
15919 9 1 1 9 0.111111111111111 1 0.111111111111111
16004 14 6 5 15 0.357142857142857 0.833333333333333 0.333333333333333
16030 48 11 7 52 0.145833333333333 0.636363636363636 0.134615384615385
16034 21 4 2 23 0.0952380952380952 0.5 0.0869565217391304
16065 7 1 1 7 0.142857142857143 1 0.142857142857143
16086 31 19 10 40 0.32258064516129 0.526315789473684 0.25
16117 3 1 1 3 0.333333333333333 1 0.333333333333333
16128 16 4 3 17 0.1875 0.75 0.176470588235294
16131 41 16 10 47 0.24390243902439 0.625 0.212765957446809
16150 217 10 8 219 0.0368663594470046 0.8 0.0365296803652968
16186 48 1 1 48 0.0208333333333333 1 0.0208333333333333
16206 13 2 0 15 0 0 0
16210 6 3 3 6 0.5 1 0.5
16215 17 6 6 17 0.352941176470588 1 0.352941176470588
16237 30 7 3 34 0.1 0.428571428571429 0.0882352941176471
16242 6 1 1 6 0.166666666666667 1 0.166666666666667
16243 38 6 5 39 0.131578947368421 0.833333333333333 0.128205128205128
16245 27 4 3 28 0.111111111111111 0.75 0.107142857142857
16246 5 4 3 6 0.6 0.75 0.5
16265 80 19 15 84 0.1875 0.789473684210526 0.178571428571429
16276 68 2 2 68 0.0294117647058824 1 0.0294117647058824
16316 5 1 1 5 0.2 1 0.2
16471 3 1 1 3 0.333333333333333 1 0.333333333333333
1653 29 5 4 30 0.137931034482759 0.8 0.133333333333333
16531 8 1 0 9 0 0 0
1654 1 1 0 2 0 0 0
1659 10 3 2 11 0.2 0.666666666666667 0.181818181818182
16668 6 4 2 8 0.333333333333333 0.5 0.25
16724 5 1 1 5 0.2 1 0.2
16807 3 2 0 5 0 0 0
16838 8 1 0 9 0 0 0
16942 2 2 2 2 1 1 1
16993 3 1 0 4 0 0 0
1706 5 1 0 6 0 0 0
17061 2 1 0 3 0 0 0
17263 8 1 0 9 0 0 0
1741 10 5 3 12 0.3 0.6 0.25
17435 1 3 0 4 0 0 0
17511 12 2 0 14 0 0 0
17529 7 1 1 7 0.142857142857143 1 0.142857142857143
17554 11 3 3 11 0.272727272727273 1 0.272727272727273
17579 12 13 9 16 0.75 0.692307692307692 0.5625
1764 44 7 6 45 0.136363636363636 0.857142857142857 0.133333333333333
17660 23 6 6 23 0.260869565217391 1 0.260869565217391
17676 40 3 2 41 0.05 0.666666666666667 0.0487804878048781
17707 6 2 0 8 0 0 0
17709 14 1 0 15 0 0 0
17741 3 2 1 4 0.333333333333333 0.5 0.25
17832 1 11 1 11 1 0.0909090909090909 0.0909090909090909
17920 6 2 2 6 0.333333333333333 1 0.333333333333333
17934 2 2 2 2 1 1 1
17955 3 2 1 4 0.333333333333333 0.5 0.25
1797 2 3 2 3 1 0.666666666666667 0.666666666666667
1798 3 3 0 6 0 0 0
17990 5 1 1 5 0.2 1 0.2
18011 1 1 0 2 0 0 0
18059 13 1 0 14 0 0 0
18119 3 1 0 4 0 0 0
18126 3 1 0 4 0 0 0
18146 3 3 0 6 0 0 0
18149 4 3 3 4 0.75 1 0.75
18182 3 1 0 4 0 0 0
18185 4 2 1 5 0.25 0.5 0.2
18203 3 2 0 5 0 0 0
18206 2 3 1 4 0.5 0.333333333333333 0.25
18218 2 1 1 2 0.5 1 0.5
18266 2 1 0 3 0 0 0
18344 1 3 0 4 0 0 0
1835 9 2 2 9 0.222222222222222 1 0.222222222222222
1836 56 9 8 57 0.142857142857143 0.888888888888889 0.140350877192982
18366 2 2 1 3 0.5 0.5 0.333333333333333
18398 29 7 4 32 0.137931034482759 0.571428571428571 0.125
18422 4 1 1 4 0.25 1 0.25
18508 7 3 2 8 0.285714285714286 0.666666666666667 0.25
1853 117 23 22 118 0.188034188034188 0.956521739130435 0.186440677966102
18592 22 11 6 27 0.272727272727273 0.545454545454545 0.222222222222222
18666 2 2 0 4 0 0 0
18750 2 1 1 2 0.5 1 0.5
1879 1 2 1 2 1 0.5 0.5
1880 14 7 5 16 0.357142857142857 0.714285714285714 0.3125
1881 1 1 1 1 1 1 1
1887 6 1 1 6 0.166666666666667 1 0.166666666666667
1901 43 1 1 43 0.0232558139534884 1 0.0232558139534884
19021 2 2 0 4 0 0 0
19151 816 163 152 827 0.186274509803922 0.932515337423313 0.183796856106409
1916 21 12 5 28 0.238095238095238 0.416666666666667 0.178571428571429
19192 3 1 1 3 0.333333333333333 1 0.333333333333333
19255 7 7 4 10 0.571428571428571 0.571428571428571 0.4
1930 21 7 6 22 0.285714285714286 0.857142857142857 0.272727272727273
19401 38 15 12 41 0.315789473684211 0.8 0.292682926829268
195 7 3 1 9 0.142857142857143 0.333333333333333 0.111111111111111
1955 11 4 3 12 0.272727272727273 0.75 0.25
19557 4 1 0 5 0 0 0
196613 2 2 2 2 1 1 1
196621 2 1 1 2 0.5 1 0.5
19782 17 2 2 17 0.117647058823529 1 0.117647058823529
19783 2 1 0 3 0 0 0
19866 2 1 1 2 0.5 1 0.5
20080 13 5 5 13 0.384615384615385 1 0.384615384615385
20144 32 4 4 32 0.125 1 0.125
2018 5 1 1 5 0.2 1 0.2
20312 7 3 2 8 0.285714285714286 0.666666666666667 0.25
2042 18 2 2 18 0.111111111111111 1 0.111111111111111
20436 2 1 0 3 0 0 0
20473 24 5 4 25 0.166666666666667 0.8 0.16
20495 59 10 8 61 0.135593220338983 0.8 0.131147540983607
20507 34 3 3 34 0.0882352941176471 1 0.0882352941176471
20547 38 5 3 40 0.0789473684210526 0.6 0.075
20555 3 1 1 3 0.333333333333333 1 0.333333333333333
20569 12 4 4 12 0.333333333333333 1 0.333333333333333
20570 3 1 1 3 0.333333333333333 1 0.333333333333333
20597 3 1 1 3 0.333333333333333 1 0.333333333333333
20608 3 2 0 5 0 0 0
20612 3 1 0 4 0 0 0
20621 3 1 1 3 0.333333333333333 1 0.333333333333333
20633 25 13 9 29 0.36 0.692307692307692 0.310344827586207
20640 245 80 70 255 0.285714285714286 0.875 0.274509803921569
20650 6 1 1 6 0.166666666666667 1 0.166666666666667
20704 17 4 4 17 0.235294117647059 1 0.235294117647059
20707 2 1 1 2 0.5 1 0.5
20712 14 3 2 15 0.142857142857143 0.666666666666667 0.133333333333333
20718 29 13 3 39 0.103448275862069 0.230769230769231 0.0769230769230769
20766 16 1 1 16 0.0625 1 0.0625
20783 5 2 0 7 0 0 0
20847 30 16 11 35 0.366666666666667 0.6875 0.314285714285714
209 1428 5 4 1429 0.00280112044817927 0.8 0.00279916025192442
20912 7 5 1 11 0.142857142857143 0.2 0.0909090909090909
20932 329 11 9 331 0.027355623100304 0.818181818181818 0.027190332326284
20953 19 1 1 19 0.0526315789473684 1 0.0526315789473684
20965 49 42 42 49 0.857142857142857 1 0.857142857142857
210 10 1 1 10 0.1 1 0.1
21017 1 2 0 3 0 0 0
21042 3 1 1 3 0.333333333333333 1 0.333333333333333
21055 36 5 4 37 0.111111111111111 0.8 0.108108108108108
2107 1 1 1 1 1 1 1
2108 1 1 1 1 1 1 1
2110 45 1 0 46 0 0 0
21155 38 14 10 42 0.263157894736842 0.714285714285714 0.238095238095238
2116 28 3 3 28 0.107142857142857 1 0.107142857142857
21221 34 12 6 40 0.176470588235294 0.5 0.15
21263 34 13 9 38 0.264705882352941 0.692307692307692 0.236842105263158
2128 3 1 1 3 0.333333333333333 1 0.333333333333333
21320 6 1 1 6 0.166666666666667 1 0.166666666666667
21371 44 7 6 45 0.136363636363636 0.857142857142857 0.133333333333333
21385 89 22 15 96 0.168539325842697 0.681818181818182 0.15625
21396 32 8 7 33 0.21875 0.875 0.212121212121212
21409 39 1 1 39 0.0256410256410256 1 0.0256410256410256
21414 73 1 1 73 0.0136986301369863 1 0.0136986301369863
21435 7 2 2 7 0.285714285714286 1 0.285714285714286
21513 6 2 2 6 0.333333333333333 1 0.333333333333333
2152 91 2 2 91 0.021978021978022 1 0.021978021978022
21527 5 1 1 5 0.2 1 0.2
2153 40 14 14 40 0.35 1 0.35
21548 23 1 1 23 0.0434782608695652 1 0.0434782608695652
21719 3 1 0 4 0 0 0
21737 7 1 0 8 0 0 0
21844 18 3 3 18 0.166666666666667 1 0.166666666666667
21864 4 1 1 4 0.25 1 0.25
21947 27 3 3 27 0.111111111111111 1 0.111111111111111
21976 20 1 1 20 0.05 1 0.05
2200 41 6 4 43 0.0975609756097561 0.666666666666667 0.0930232558139535
22166 2 1 0 3 0 0 0
22192 2 1 1 2 0.5 1 0.5
22284 7 1 0 8 0 0 0
22302 7 1 1 7 0.142857142857143 1 0.142857142857143
22335 35 2 2 35 0.0571428571428571 1 0.0571428571428571
22356 29 1 0 30 0 0 0
22388 9 7 7 9 0.777777777777778 1 0.777777777777778
224 5 1 1 5 0.2 1 0.2
22404 2 1 0 3 0 0 0
22438 2 2 1 3 0.5 0.5 0.333333333333333
225 2 1 1 2 0.5 1 0.5
22548 47 3 3 47 0.0638297872340425 1 0.0638297872340425
226 29 3 3 29 0.103448275862069 1 0.103448275862069
22767 1 1 1 1 1 1 1
22779 2 1 1 2 0.5 1 0.5
22829 19 2 2 19 0.105263157894737 1 0.105263157894737
23007 2 1 1 2 0.5 1 0.5
23028 4 2 0 6 0 0 0
23148 188 2 2 188 0.0106382978723404 1 0.0106382978723404
23342 39 6 6 39 0.153846153846154 1 0.153846153846154
23352 34 3 3 34 0.0882352941176471 1 0.0882352941176471
23456 12 5 3 14 0.25 0.6 0.214285714285714
23504 26 8 4 30 0.153846153846154 0.5 0.133333333333333
23541 11 1 0 12 0 0 0
23577 3 1 0 4 0 0 0
23596 3 3 3 3 1 1 1
23600 3 2 2 3 0.666666666666667 1 0.666666666666667
23624 2 1 1 2 0.5 1 0.5
23634 6 4 4 6 0.666666666666667 1 0.666666666666667
23637 2 1 0 3 0 0 0
23654 1 1 1 1 1 1 1
23655 18 2 1 19 0.0555555555555556 0.5 0.0526315789473684
237 33 1 1 33 0.0303030303030303 1 0.0303030303030303
23709 3 2 2 3 0.666666666666667 1 0.666666666666667
23745 13 2 2 13 0.153846153846154 1 0.153846153846154
23754 4 2 0 6 0 0 0
23774 4 3 2 5 0.5 0.666666666666667 0.4
2381 22 3 3 22 0.136363636363636 1 0.136363636363636
23836 1 1 1 1 1 1 1
23869 2 1 0 3 0 0 0
23889 3 1 1 3 0.333333333333333 1 0.333333333333333
23896 1 2 0 3 0 0 0
23902 3 2 0 5 0 0 0
23910 3 6 2 7 0.666666666666667 0.333333333333333 0.285714285714286
23911 7 17 5 19 0.714285714285714 0.294117647058824 0.263157894736842
23912 1 1 0 2 0 0 0
23966 3 1 0 4 0 0 0
24 10 9 5 14 0.5 0.555555555555556 0.357142857142857
24005 3 4 0 7 0 0 0
24130 11 3 2 12 0.181818181818182 0.666666666666667 0.166666666666667
24151 6 3 1 8 0.166666666666667 0.333333333333333 0.125
24175 3 1 1 3 0.333333333333333 1 0.333333333333333
24211 1 1 1 1 1 1 1
24218 19 2 0 21 0 0 0
24220 6 2 2 6 0.333333333333333 1 0.333333333333333
24226 3 2 0 5 0 0 0
24227 1 1 0 2 0 0 0
24229 4 1 1 4 0.25 1 0.25
24238 8 4 3 9 0.375 0.75 0.333333333333333
24287 4 3 3 4 0.75 1 0.75
24311 1 1 0 2 0 0 0
24326 15 1 1 15 0.0666666666666667 1 0.0666666666666667
24334 2 1 1 2 0.5 1 0.5
24390 2 1 1 2 0.5 1 0.5
24424 1 1 0 2 0 0 0
24433 1 1 1 1 1 1 1
24475 3 3 3 3 1 1 1
24489 8 7 7 8 0.875 1 0.875
24490 11 9 9 11 0.818181818181818 1 0.818181818181818
24499 2 1 0 3 0 0 0
24514 6 2 2 6 0.333333333333333 1 0.333333333333333
24541 2 3 1 4 0.5 0.333333333333333 0.25
24557 4 2 1 5 0.25 0.5 0.2
24586 25 11 6 30 0.24 0.545454545454545 0.2
24594 20 4 3 21 0.15 0.75 0.142857142857143
24638 21 1 1 21 0.0476190476190476 1 0.0476190476190476
24642 33 9 8 34 0.242424242424242 0.888888888888889 0.235294117647059
24679 34 13 9 38 0.264705882352941 0.692307692307692 0.236842105263158
24724 119 21 16 124 0.134453781512605 0.761904761904762 0.129032258064516
24730 50 1 1 50 0.02 1 0.02
24776 6 2 1 7 0.166666666666667 0.5 0.142857142857143
24785 87 8 6 89 0.0689655172413793 0.75 0.0674157303370786
24796 5 2 2 5 0.4 1 0.4
24835 11 1 1 11 0.0909090909090909 1 0.0909090909090909
24863 14 2 2 14 0.142857142857143 1 0.142857142857143
24867 28 1 1 28 0.0357142857142857 1 0.0357142857142857
24875 36 18 12 42 0.333333333333333 0.666666666666667 0.285714285714286
24889 12 4 3 13 0.25 0.75 0.230769230769231
24900 1 1 1 1 1 1 1
24940 26 11 9 28 0.346153846153846 0.818181818181818 0.321428571428571
2495 10 1 1 10 0.1 1 0.1
24963 58 7 7 58 0.120689655172414 1 0.120689655172414
2497 237 53 40 250 0.168776371308017 0.754716981132076 0.16
24971 22 5 5 22 0.227272727272727 1 0.227272727272727
25 2 1 1 2 0.5 1 0.5
250 9 2 1 10 0.111111111111111 0.5 0.1
2500 31 28 16 43 0.516129032258065 0.571428571428571 0.372093023255814
2506 2 1 1 2 0.5 1 0.5
25061 38 4 4 38 0.105263157894737 1 0.105263157894737
2510 17 3 2 18 0.117647058823529 0.666666666666667 0.111111111111111
25137 12 3 3 12 0.25 1 0.25
2514 15 1 1 15 0.0666666666666667 1 0.0666666666666667
25148 7 1 1 7 0.142857142857143 1 0.142857142857143
2515 6 2 1 7 0.166666666666667 0.5 0.142857142857143
25152 60 12 9 63 0.15 0.75 0.142857142857143
2516 323 36 32 327 0.0990712074303406 0.888888888888889 0.0978593272171254
25164 2 1 1 2 0.5 1 0.5
2518 11 3 3 11 0.272727272727273 1 0.272727272727273
25182 25 7 5 27 0.2 0.714285714285714 0.185185185185185
2519 27 4 2 29 0.0740740740740741 0.5 0.0689655172413793
25192 26 11 9 28 0.346153846153846 0.818181818181818 0.321428571428571
25220 12 2 2 12 0.166666666666667 1 0.166666666666667
25223 3 1 0 4 0 0 0
25234 6 2 1 7 0.166666666666667 0.5 0.142857142857143
2527 10 4 2 12 0.2 0.5 0.166666666666667
25279 18 4 4 18 0.222222222222222 1 0.222222222222222
25358 14 10 4 20 0.285714285714286 0.4 0.2
25384 9 1 0 10 0 0 0
25415 4 1 1 4 0.25 1 0.25
25441 14 1 1 14 0.0714285714285714 1 0.0714285714285714
25466 26 10 9 27 0.346153846153846 0.9 0.333333333333333
25473 4 1 1 4 0.25 1 0.25
2549 2 1 0 3 0 0 0
25525 49 8 8 49 0.163265306122449 1 0.163265306122449
25538 2 1 0 3 0 0 0
25560 275 81 74 282 0.269090909090909 0.91358024691358 0.26241134751773
25563 3 1 1 3 0.333333333333333 1 0.333333333333333
25588 19 6 3 22 0.157894736842105 0.5 0.136363636363636
25596 34 10 7 37 0.205882352941176 0.7 0.189189189189189
2561 3 2 2 3 0.666666666666667 1 0.666666666666667
25689 9 2 1 10 0.111111111111111 0.5 0.1
2572 7 1 1 7 0.142857142857143 1 0.142857142857143
25795 2 2 2 2 1 1 1
25818 9 1 0 10 0 0 0
25829 2 1 1 2 0.5 1 0.5
2586 10 1 1 10 0.1 1 0.1
25933 3 2 0 5 0 0 0
2594 4 1 0 5 0 0 0
2595 1 1 0 2 0 0 0
2602 5 2 2 5 0.4 1 0.4
2603 68 25 20 73 0.294117647058824 0.8 0.273972602739726
2607 29 8 8 29 0.275862068965517 1 0.275862068965517
2609 3 1 0 4 0 0 0
2611 46 10 9 47 0.195652173913043 0.9 0.191489361702128
2614 14 1 1 14 0.0714285714285714 1 0.0714285714285714
2637 4 1 1 4 0.25 1 0.25
26415 43 8 1 50 0.0232558139534884 0.125 0.02
26496 7 1 1 7 0.142857142857143 1 0.142857142857143
26773 7 3 3 7 0.428571428571429 1 0.428571428571429
26785 2 1 0 3 0 0 0
26943 38 16 12 42 0.315789473684211 0.75 0.285714285714286
2697 6 2 2 6 0.333333333333333 1 0.333333333333333
26978 16 2 0 18 0 0 0
2698 6 2 2 6 0.333333333333333 1 0.333333333333333
27 2 1 1 2 0.5 1 0.5
2714 1 1 1 1 1 1 1
27319 28 5 5 28 0.178571428571429 1 0.178571428571429
27400 3 1 1 3 0.333333333333333 1 0.333333333333333
27446 3 1 0 4 0 0 0
27464 1 1 0 2 0 0 0
27524 51 4 3 52 0.0588235294117647 0.75 0.0576923076923077
27552 7 1 1 7 0.142857142857143 1 0.142857142857143
27589 11 1 1 11 0.0909090909090909 1 0.0909090909090909
27630 4 1 1 4 0.25 1 0.25
27664 52 2 2 52 0.0384615384615385 1 0.0384615384615385
27678 7 1 0 8 0 0 0
27686 2 1 1 2 0.5 1 0.5
27725 1 1 1 1 1 1 1
27750 12 15 12 15 1 0.8 0.8
278 7 7 1 13 0.142857142857143 0.142857142857143 0.0769230769230769
27807 12 9 9 12 0.75 1 0.75
27817 6 1 1 6 0.166666666666667 1 0.166666666666667
27841 3 1 1 3 0.333333333333333 1 0.333333333333333
27891 2 1 1 2 0.5 1 0.5
27892 2 1 1 2 0.5 1 0.5
27924 3 1 1 3 0.333333333333333 1 0.333333333333333
27929 4 2 2 4 0.5 1 0.5
27933 3 1 1 3 0.333333333333333 1 0.333333333333333
28000 1 1 1 1 1 1 1
2819 31 3 2 32 0.0645161290322581 0.666666666666667 0.0625
2828 743 12 11 744 0.0148048452220727 0.916666666666667 0.0147849462365591
28346 2 1 0 3 0 0 0
2847 3 2 2 3 0.666666666666667 1 0.666666666666667
2848 18 1 1 18 0.0555555555555556 1 0.0555555555555556
2852 73 10 9 74 0.123287671232877 0.9 0.121621621621622
2857 177 26 25 178 0.141242937853107 0.961538461538462 0.140449438202247
286 337 104 60 381 0.178041543026706 0.576923076923077 0.15748031496063
28618 4 2 0 6 0 0 0
28677 3 1 1 3 0.333333333333333 1 0.333333333333333
28678 2 1 1 2 0.5 1 0.5
28697 5 1 0 6 0 0 0
28716 57 1 1 57 0.0175438596491228 1 0.0175438596491228
28725 4 2 1 5 0.25 0.5 0.2
28788 43 11 10 44 0.232558139534884 0.909090909090909 0.227272727272727
2884 4 2 2 4 0.5 1 0.5
28855 10 4 4 10 0.4 1 0.4
28857 8 4 4 8 0.5 1 0.5
28878 38 12 10 40 0.263157894736842 0.833333333333333 0.25
28929 53 10 8 55 0.150943396226415 0.8 0.145454545454545
2895 214 3 2 215 0.00934579439252336 0.666666666666667 0.00930232558139535
29009 31 8 5 34 0.161290322580645 0.625 0.147058823529412
2905 29 2 0 31 0 0 0
29066 32 12 8 36 0.25 0.666666666666667 0.222222222222222
2907 80 4 4 80 0.05 1 0.05
29113 60 7 7 60 0.116666666666667 1 0.116666666666667
29134 7 4 4 7 0.571428571428571 1 0.571428571428571
2914 656 180 118 718 0.179878048780488 0.655555555555556 0.164345403899721
29147 1 1 1 1 1 1 1
29208 559 127 108 578 0.193202146690519 0.850393700787402 0.186851211072664
29216 1 1 1 1 1 1 1
29222 50 3 3 50 0.06 1 0.06
29243 2 1 1 2 0.5 1 0.5
29259 5 2 2 5 0.4 1 0.4
293 62 20 15 67 0.241935483870968 0.75 0.223880597014925
29317 2 2 2 2 1 1 1
29372 1 2 0 3 0 0 0
29396 31 7 6 32 0.193548387096774 0.857142857142857 0.1875
29405 13 2 2 13 0.153846153846154 1 0.153846153846154
29422 22 4 2 24 0.0909090909090909 0.5 0.0833333333333333
29449 44 18 10 52 0.227272727272727 0.555555555555556 0.192307692307692
29452 22 6 5 23 0.227272727272727 0.833333333333333 0.217391304347826
29488 1 1 1 1 1 1 1
29527 35 10 8 37 0.228571428571429 0.8 0.216216216216216
29542 5 1 1 5 0.2 1 0.2
29608 15 5 5 15 0.333333333333333 1 0.333333333333333
29611 23 6 5 24 0.217391304347826 0.833333333333333 0.208333333333333
29632 41 16 8 49 0.195121951219512 0.5 0.163265306122449
29636 221 39 39 221 0.176470588235294 1 0.176470588235294
29651 14 4 2 16 0.142857142857143 0.5 0.125
29655 6 2 2 6 0.333333333333333 1 0.333333333333333
29668 31 1 1 31 0.032258064516129 1 0.032258064516129
29670 9 2 2 9 0.222222222222222 1 0.222222222222222
29671 3 1 1 3 0.333333333333333 1 0.333333333333333
29686 314 106 95 325 0.302547770700637 0.89622641509434 0.292307692307692
29748 23 9 4 28 0.173913043478261 0.444444444444444 0.142857142857143
29791 77 2 1 78 0.012987012987013 0.5 0.0128205128205128
29838 32 5 5 32 0.15625 1 0.15625
29877 7 1 1 7 0.142857142857143 1 0.142857142857143
29904 1 1 1 1 1 1 1
3 6 1 0 7 0 0 0
30058 4 1 1 4 0.25 1 0.25
30059 3 3 2 4 0.666666666666667 0.666666666666667 0.5
30071 9 102 6 105 0.666666666666667 0.0588235294117647 0.0571428571428571
30128 3 2 1 4 0.333333333333333 0.5 0.25
30129 3 2 2 3 0.666666666666667 1 0.666666666666667
30132 19 8 8 19 0.421052631578947 1 0.421052631578947
30217 5 1 1 5 0.2 1 0.2
30225 1 1 0 2 0 0 0
30340 16 1 1 16 0.0625 1 0.0625
30374 2 1 0 3 0 0 0
30528 5 3 2 6 0.4 0.666666666666667 0.333333333333333
30653 22 9 6 25 0.272727272727273 0.666666666666667 0.24
30700 4 2 2 4 0.5 1 0.5
30708 1 1 1 1 1 1 1
30781 40 10 10 40 0.25 1 0.25
30795 3 2 2 3 0.666666666666667 1 0.666666666666667
30833 13 2 1 14 0.0769230769230769 0.5 0.0714285714285714
30834 10 3 3 10 0.3 1 0.3
30844 246 4 3 247 0.0121951219512195 0.75 0.0121457489878543
30880 12 1 1 12 0.0833333333333333 1 0.0833333333333333
30975 5 2 0 7 0 0 0
31078 4 1 1 4 0.25 1 0.25
31103 21 14 7 28 0.333333333333333 0.5 0.25
31117 11 5 5 11 0.454545454545455 1 0.454545454545455
31127 3 3 3 3 1 1 1
31246 10 1 1 10 0.1 1 0.1
31252 16 3 3 16 0.1875 1 0.1875
31261 22 1 0 23 0 0 0
31265 1 1 1 1 1 1 1
31283 149 2 2 149 0.0134228187919463 1 0.0134228187919463
31333 13 5 5 13 0.384615384615385 1 0.384615384615385
3134 2 1 1 2 0.5 1 0.5
31383 27 9 6 30 0.222222222222222 0.666666666666667 0.2
3140 1 1 1 1 1 1 1
31400 12 1 1 12 0.0833333333333333 1 0.0833333333333333
31424 14 2 2 14 0.142857142857143 1 0.142857142857143
31442 2 1 0 3 0 0 0
31458 49 9 8 50 0.163265306122449 0.888888888888889 0.16
31477 39 2 1 40 0.0256410256410256 0.5 0.025
31479 4 1 1 4 0.25 1 0.25
31529 47 4 3 48 0.0638297872340425 0.75 0.0625
31530 7 1 1 7 0.142857142857143 1 0.142857142857143
31615 3 1 0 4 0 0 0
31677 3 2 0 5 0 0 0
31708 20 9 7 22 0.35 0.777777777777778 0.318181818181818
31985 7 1 0 8 0 0 0
32034 5 2 2 5 0.4 1 0.4
3212 26 1 1 26 0.0384615384615385 1 0.0384615384615385
3213 40 10 9 41 0.225 0.9 0.219512195121951
3221 1 1 1 1 1 1 1
32329 3 1 1 3 0.333333333333333 1 0.333333333333333
32335 4 1 1 4 0.25 1 0.25
32346 1 1 1 1 1 1 1
32354 15 6 5 16 0.333333333333333 0.833333333333333 0.3125
32361 6 3 2 7 0.333333333333333 0.666666666666667 0.285714285714286
3243 15 3 2 16 0.133333333333333 0.666666666666667 0.125
32440 22 1 1 22 0.0454545454545455 1 0.0454545454545455
3248 54 23 17 60 0.314814814814815 0.739130434782609 0.283333333333333
3249 53 12 8 57 0.150943396226415 0.666666666666667 0.140350877192982
3257 495 224 112 607 0.226262626262626 0.5 0.184514003294893
32592 15 2 2 15 0.133333333333333 1 0.133333333333333
3261 24 1 1 24 0.0416666666666667 1 0.0416666666666667
3265 35 14 10 39 0.285714285714286 0.714285714285714 0.256410256410256
3267 331 7 7 331 0.0211480362537764 1 0.0211480362537764
3269 107 1 1 107 0.00934579439252336 1 0.00934579439252336
3277 47 1 1 47 0.0212765957446809 1 0.0212765957446809
32825 2 1 0 3 0 0 0
32890 2 1 0 3 0 0 0
32915 3 1 0 4 0 0 0
3292 406 26 19 413 0.0467980295566502 0.730769230769231 0.0460048426150121
32978 2 1 1 2 0.5 1 0.5
33 6 1 0 7 0 0 0
3301 64 4 3 65 0.046875 0.75 0.0461538461538462
3303 465 30 27 468 0.0580645161290323 0.9 0.0576923076923077
33073 5 1 1 5 0.2 1 0.2
33189 8 1 1 8 0.125 1 0.125
3320 511 16 11 516 0.0215264187866928 0.6875 0.0213178294573643
3327 116 22 17 121 0.146551724137931 0.772727272727273 0.140495867768595
3333 160 3 3 160 0.01875 1 0.01875
3344 10 6 3 13 0.3 0.5 0.230769230769231
33517 7 1 1 7 0.142857142857143 1 0.142857142857143
3352 65 3 1 67 0.0153846153846154 0.333333333333333 0.0149253731343284
3356 2155 66 55 2166 0.0255220417633411 0.833333333333333 0.0253924284395199
33597 24 1 1 24 0.0416666666666667 1 0.0416666666666667
3363 2 1 1 2 0.5 1 0.5
33843 44 17 12 49 0.272727272727273 0.705882352941177 0.244897959183673
33876 1 1 1 1 1 1 1
33885 13 2 2 13 0.153846153846154 1 0.153846153846154
33891 40 16 13 43 0.325 0.8125 0.302325581395349
33930 2 1 0 3 0 0 0
34019 8 3 3 8 0.375 1 0.375
34021 6 2 2 6 0.333333333333333 1 0.333333333333333
34080 5 2 2 5 0.4 1 0.4
34081 3 2 2 3 0.666666666666667 1 0.666666666666667
34141 25 1 1 25 0.04 1 0.04
34146 15 1 1 15 0.0666666666666667 1 0.0666666666666667
34225 45 4 3 46 0.0666666666666667 0.75 0.0652173913043478
34244 5 2 2 5 0.4 1 0.4
34270 40 4 4 40 0.1 1 0.1
34288 2 2 1 3 0.5 0.5 0.333333333333333
34305 68 15 12 71 0.176470588235294 0.8 0.169014084507042
34309 36 96 19 113 0.527777777777778 0.197916666666667 0.168141592920354
34313 20 5 5 20 0.25 1 0.25
34372 4 1 1 4 0.25 1 0.25
34419 52 10 8 54 0.153846153846154 0.8 0.148148148148148
34427 3 1 1 3 0.333333333333333 1 0.333333333333333
34505 4 3 3 4 0.75 1 0.75
34549 8 4 2 10 0.25 0.5 0.2
34554 12 2 2 12 0.166666666666667 1 0.166666666666667
34567 2 2 1 3 0.5 0.5 0.333333333333333
34602 14 2 1 15 0.0714285714285714 0.5 0.0666666666666667
34631 2 3 1 4 0.5 0.333333333333333 0.25
34683 1 1 1 1 1 1 1
34695 294 43 38 299 0.129251700680272 0.883720930232558 0.127090301003344
34752 2 1 1 2 0.5 1 0.5
34763 66 19 12 73 0.181818181818182 0.631578947368421 0.164383561643836
34784 3 1 1 3 0.333333333333333 1 0.333333333333333
34958 3 1 1 3 0.333333333333333 1 0.333333333333333
34968 26 11 6 31 0.230769230769231 0.545454545454545 0.193548387096774
34997 10 4 3 11 0.3 0.75 0.272727272727273
35 2 1 0 3 0 0 0
35028 34 10 8 36 0.235294117647059 0.8 0.222222222222222
35070 8 2 2 8 0.25 1 0.25
35087 10 1 1 10 0.1 1 0.1
35244 33 20 13 40 0.393939393939394 0.65 0.325
35272 3 2 2 3 0.666666666666667 1 0.666666666666667
35283 7 2 1 8 0.142857142857143 0.5 0.125
35320 117 17 12 122 0.102564102564103 0.705882352941177 0.0983606557377049
35393 8 1 0 9 0 0 0
35425 15 3 3 15 0.2 1 0.2
35432 2 1 1 2 0.5 1 0.5
35470 4 2 1 5 0.25 0.5 0.2
35485 4 1 1 4 0.25 1 0.25
3549 1270 117 102 1285 0.0803149606299213 0.871794871794872 0.0793774319066148
35492 5 3 3 5 0.6 1 0.6
3551 1 1 0 2 0 0 0
3557 20 6 6 20 0.3 1 0.3
35592 6 2 2 6 0.333333333333333 1 0.333333333333333
3561 500 3 3 500 0.006 1 0.006
35612 5 3 0 8 0 0 0
35706 17 6 2 21 0.117647058823529 0.333333333333333 0.0952380952380952
3582 2 2 1 3 0.5 0.5 0.333333333333333
35826 2 1 1 2 0.5 1 0.5
35908 22 1 1 22 0.0454545454545455 1 0.0454545454545455
3597 11 2 2 11 0.181818181818182 1 0.181818181818182
36351 8 1 1 8 0.125 1 0.125
36383 2 1 1 2 0.5 1 0.5
36384 1 1 1 1 1 1 1
3640 5 1 1 5 0.2 1 0.2
36472 11 5 4 12 0.363636363636364 0.8 0.333333333333333
3661 6 6 2 10 0.333333333333333 0.333333333333333 0.2
3662 16 10 10 16 0.625 1 0.625
36671 2 1 1 2 0.5 1 0.5
36692 34 8 8 34 0.235294117647059 1 0.235294117647059
3676 6 1 1 6 0.166666666666667 1 0.166666666666667
36797 1 1 1 1 1 1 1
3681 4 1 1 4 0.25 1 0.25
36856 10 4 2 12 0.2 0.5 0.166666666666667
36944 6 4 3 7 0.5 0.75 0.428571428571429
3714 5 1 1 5 0.2 1 0.2
3741 87 1 1 87 0.0114942528735632 1 0.0114942528735632
3742 15 1 1 15 0.0666666666666667 1 0.0666666666666667
3754 39 2 2 39 0.0512820512820513 1 0.0512820512820513
376 17 1 1 17 0.0588235294117647 1 0.0588235294117647
378 3 1 1 3 0.333333333333333 1 0.333333333333333
3790 4 1 1 4 0.25 1 0.25
38005 2 2 2 2 1 1 1
38018 6 6 5 7 0.833333333333333 0.833333333333333 0.714285714285714
38022 32 9 9 32 0.28125 1 0.28125
38082 19 6 6 19 0.315789473684211 1 0.315789473684211
38128 1 1 0 2 0 0 0
38140 2 1 1 2 0.5 1 0.5
38158 5 2 2 5 0.4 1 0.4
38229 1 1 1 1 1 1 1
3825 1 2 0 3 0 0 0
38299 2 1 1 2 0.5 1 0.5
3836 8 2 1 9 0.125 0.5 0.111111111111111
38457 4 1 0 5 0 0 0
38462 2 1 1 2 0.5 1 0.5
38477 3 2 0 5 0 0 0
38620 1 1 1 1 1 1 1
38629 1 1 1 1 1 1 1
38639 1 1 1 1 1 1 1
38711 1 1 1 1 1 1 1
38794 9 1 1 9 0.111111111111111 1 0.111111111111111
38819 3 2 2 3 0.666666666666667 1 0.666666666666667
39040 8 1 1 8 0.125 1 0.125
39093 2 1 1 2 0.5 1 0.5
39122 10 1 0 11 0 0 0
39145 8 3 3 8 0.375 1 0.375
39211 2 1 1 2 0.5 1 0.5
39301 2 1 0 3 0 0 0
39309 21 2 0 23 0 0 0
39326 76 21 14 83 0.184210526315789 0.666666666666667 0.168674698795181
39342 2 1 1 2 0.5 1 0.5
3943 1 1 0 2 0 0 0
3949 1 1 1 1 1 1 1
39537 2 1 0 3 0 0 0
39556 27 8 5 30 0.185185185185185 0.625 0.166666666666667
39560 2 1 1 2 0.5 1 0.5
39570 2 1 1 2 0.5 1 0.5
39602 1 1 0 2 0 0 0
39792 623 24 18 629 0.028892455858748 0.75 0.0286168521462639
39837 4 1 1 4 0.25 1 0.25
39839 2 1 1 2 0.5 1 0.5
39854 1 1 1 1 1 1 1
39875 4 1 1 4 0.25 1 0.25
39912 330 2 2 330 0.00606060606060606 1 0.00606060606060606
3999 1 1 1 1 1 1 1
40009 24 5 4 25 0.166666666666667 0.8 0.16
40060 8 1 0 9 0 0 0
40068 9 2 2 9 0.222222222222222 1 0.222222222222222
40193 12 7 5 14 0.416666666666667 0.714285714285714 0.357142857142857
40220 13 5 5 13 0.384615384615385 1 0.384615384615385
40490 2 1 1 2 0.5 1 0.5
40528 5 3 3 5 0.6 1 0.6
40589 2 1 1 2 0.5 1 0.5
40679 2 1 1 2 0.5 1 0.5
40832 2 1 1 2 0.5 1 0.5
40912 2 1 1 2 0.5 1 0.5
41012 28 6 4 30 0.142857142857143 0.666666666666667 0.133333333333333
41045 10 4 3 11 0.3 0.75 0.272727272727273
41075 2 3 0 5 0 0 0
4134 102 2 0 104 0 0 0
4150 3 1 0 4 0 0 0
4158 2 1 1 2 0.5 1 0.5
41589 3 1 1 3 0.333333333333333 1 0.333333333333333
41670 1 2 1 2 1 0.5 0.5
41692 377 76 58 395 0.153846153846154 0.763157894736842 0.146835443037975
41695 3 1 0 4 0 0 0
41711 8 4 2 10 0.25 0.5 0.2
41773 4 3 3 4 0.75 1 0.75
41887 2 1 1 2 0.5 1 0.5
41913 9 1 1 9 0.111111111111111 1 0.111111111111111
42 104 2 2 104 0.0192307692307692 1 0.0192307692307692
42096 8 1 1 8 0.125 1 0.125
42178 4 1 1 4 0.25 1 0.25
42227 8 3 2 9 0.25 0.666666666666667 0.222222222222222
42579 6 2 2 6 0.333333333333333 1 0.333333333333333
42585 5 2 1 6 0.2 0.5 0.166666666666667
42652 38 2 2 38 0.0526315789473684 1 0.0526315789473684
42689 29 7 5 31 0.172413793103448 0.714285714285714 0.161290322580645
4270 4 1 1 4 0.25 1 0.25
42732 3 2 2 3 0.666666666666667 1 0.666666666666667
42841 6 3 3 6 0.5 1 0.5
42884 28 1 1 28 0.0357142857142857 1 0.0357142857142857
42909 12 3 2 13 0.166666666666667 0.666666666666667 0.153846153846154
42937 1 1 1 1 1 1 1
42965 1 1 1 1 1 1 1
43037 4 1 1 4 0.25 1 0.25
4323 1152 5 5 1152 0.00434027777777778 1 0.00434027777777778
43289 3 1 1 3 0.333333333333333 1 0.333333333333333
43313 2 1 1 2 0.5 1 0.5
43383 1 1 1 1 1 1 1
43602 3 1 1 3 0.333333333333333 1 0.333333333333333
43751 4 1 0 5 0 0 0
43821 34 15 11 38 0.323529411764706 0.733333333333333 0.289473684210526
43843 3 1 1 3 0.333333333333333 1 0.333333333333333
43911 3 3 1 5 0.333333333333333 0.333333333333333 0.2
43948 3 1 1 3 0.333333333333333 1 0.333333333333333
43950 1 2 0 3 0 0 0
44042 34 13 9 38 0.264705882352941 0.692307692307692 0.236842105263158
44065 1 1 1 1 1 1 1
44212 3 1 1 3 0.333333333333333 1 0.333333333333333
44358 2 1 1 2 0.5 1 0.5
4436 113 21 19 115 0.168141592920354 0.904761904761905 0.165217391304348
44489 1 1 1 1 1 1 1
44654 6 2 2 6 0.333333333333333 1 0.333333333333333
44683 2 1 1 2 0.5 1 0.5
44928 1 1 1 1 1 1 1
44980 2 1 1 2 0.5 1 0.5
45131 1 1 1 1 1 1 1
4528 3 1 1 3 0.333333333333333 1 0.333333333333333
4538 21 6 5 22 0.238095238095238 0.833333333333333 0.227272727272727
45425 5 2 2 5 0.4 1 0.4
4555 1 4 0 5 0 0 0
4557 10 2 2 10 0.2 1 0.2
4589 703 90 86 707 0.122332859174964 0.955555555555556 0.121640735502122
4600 5 2 2 5 0.4 1 0.4
4605 1 1 1 1 1 1 1
4608 6 3 1 8 0.166666666666667 0.333333333333333 0.125
4618 14 2 1 15 0.0714285714285714 0.5 0.0666666666666667
46208 2 1 1 2 0.5 1 0.5
4621 34 3 3 34 0.0882352941176471 1 0.0882352941176471
4622 1 1 0 2 0 0 0
4635 101 22 20 103 0.198019801980198 0.909090909090909 0.194174757281553
46357 2 1 1 2 0.5 1 0.5
4641 5 2 2 5 0.4 1 0.4
4648 53 1 1 53 0.0188679245283019 1 0.0188679245283019
4651 29 7 6 30 0.206896551724138 0.857142857142857 0.2
46722 1 1 1 1 1 1 1
4675 6 2 1 7 0.166666666666667 0.5 0.142857142857143
4677 6 1 1 6 0.166666666666667 1 0.166666666666667
4680 9 3 1 11 0.111111111111111 0.333333333333333 0.0909090909090909
4685 10 3 2 11 0.2 0.666666666666667 0.181818181818182
4691 1 18 1 18 1 0.0555555555555556 0.0555555555555556
4697 3 5 1 7 0.333333333333333 0.2 0.142857142857143
4704 6 1 1 6 0.166666666666667 1 0.166666666666667
4711 2 1 0 3 0 0 0
4713 96 11 7 100 0.0729166666666667 0.636363636363636 0.07
4716 51 14 6 59 0.117647058823529 0.428571428571429 0.101694915254237
4717 3 2 2 3 0.666666666666667 1 0.666666666666667
4718 3 2 2 3 0.666666666666667 1 0.666666666666667
47227 2 1 1 2 0.5 1 0.5
4725 125 20 10 135 0.08 0.5 0.0740740740740741
4739 52 11 9 54 0.173076923076923 0.818181818181818 0.166666666666667
4741 7 1 1 7 0.142857142857143 1 0.142857142857143
4747 3 1 0 4 0 0 0
4750 55 4 0 59 0 0 0
4755 162 1 1 162 0.00617283950617284 1 0.00617283950617284
4761 69 4 3 70 0.0434782608695652 0.75 0.0428571428571429
47617 3 1 1 3 0.333333333333333 1 0.333333333333333
4768 27 1 1 27 0.037037037037037 1 0.037037037037037
4770 16 3 0 19 0 0 0
4775 60 1 1 60 0.0166666666666667 1 0.0166666666666667
4777 36 6 3 39 0.0833333333333333 0.5 0.0769230769230769
4780 27 3 2 28 0.0740740740740741 0.666666666666667 0.0714285714285714
4782 3 1 0 4 0 0 0
4787 9 5 1 13 0.111111111111111 0.2 0.0769230769230769
4788 105 4 4 105 0.0380952380952381 1 0.0380952380952381
47880 2 2 1 3 0.5 0.5 0.333333333333333
47885 1 2 0 3 0 0 0
4795 33 5 2 36 0.0606060606060606 0.4 0.0555555555555556
4796 3 1 1 3 0.333333333333333 1 0.333333333333333
48039 5 2 2 5 0.4 1 0.4
48053 1 1 1 1 1 1 1
48173 2 1 1 2 0.5 1 0.5
48185 1 2 1 2 1 0.5 0.5
48191 1 1 0 2 0 0 0
4826 33 13 12 34 0.363636363636364 0.923076923076923 0.352941176470588
48288 1 1 1 1 1 1 1
4829 4 1 1 4 0.25 1 0.25
4842 6 1 1 6 0.166666666666667 1 0.166666666666667
4844 5 1 1 5 0.2 1 0.2
4927 8 3 2 9 0.25 0.666666666666667 0.222222222222222
5050 21 3 3 21 0.142857142857143 1 0.142857142857143
5056 23 2 0 25 0 0 0
513 49 9 9 49 0.183673469387755 1 0.183673469387755
52 2 1 1 2 0.5 1 0.5
5381 14 2 1 15 0.0714285714285714 0.5 0.0666666666666667
5385 15 7 4 18 0.266666666666667 0.571428571428571 0.222222222222222
5400 233 13 10 236 0.0429184549356223 0.769230769230769 0.0423728813559322
5401 1 1 1 1 1 1 1
5403 19 6 5 20 0.263157894736842 0.833333333333333 0.25
5408 30 3 2 31 0.0666666666666667 0.666666666666667 0.0645161290322581
5410 52 7 4 55 0.0769230769230769 0.571428571428571 0.0727272727272727
5413 221 2 2 221 0.00904977375565611 1 0.00904977375565611
5418 7 1 1 7 0.142857142857143 1 0.142857142857143
5421 3 2 1 4 0.333333333333333 0.5 0.25
543 1 1 1 1 1 1 1
5430 72 23 17 78 0.236111111111111 0.739130434782609 0.217948717948718
5432 28 1 0 29 0 0 0
5459 48 13 10 51 0.208333333333333 0.769230769230769 0.196078431372549
5466 70 2 1 71 0.0142857142857143 0.5 0.0140845070422535
5486 29 2 0 31 0 0 0
55 3 1 1 3 0.333333333333333 1 0.333333333333333
5511 167 27 22 172 0.131736526946108 0.814814814814815 0.127906976744186
553 49 22 19 52 0.387755102040816 0.863636363636364 0.365384615384615
5537 25 3 2 26 0.08 0.666666666666667 0.0769230769230769
5538 5 1 1 5 0.2 1 0.2
5539 44 47 21 70 0.477272727272727 0.446808510638298 0.3
5550 4 2 1 5 0.25 0.5 0.2
5568 236 7 5 238 0.0211864406779661 0.714285714285714 0.0210084033613445
557 5 1 1 5 0.2 1 0.2
558 19 1 1 19 0.0526315789473684 1 0.0526315789473684
559 158 63 53 168 0.335443037974684 0.841269841269841 0.31547619047619
5602 28 5 4 29 0.142857142857143 0.8 0.137931034482759
5609 1 10 0 11 0 0 0
5615 15 1 1 15 0.0666666666666667 1 0.0666666666666667
5617 197 1 1 197 0.0050761421319797 1 0.0050761421319797
5645 14 6 4 16 0.285714285714286 0.666666666666667 0.25
5661 3 1 1 3 0.333333333333333 1 0.333333333333333
567 10 2 2 10 0.2 1 0.2
57 23 5 5 23 0.217391304347826 1 0.217391304347826
5707 3 1 1 3 0.333333333333333 1 0.333333333333333
5713 61 2 1 62 0.0163934426229508 0.5 0.0161290322580645
577 124 2 2 124 0.0161290322580645 1 0.0161290322580645
5786 2 1 1 2 0.5 1 0.5
59 4 1 1 4 0.25 1 0.25
600 28 1 1 28 0.0357142857142857 1 0.0357142857142857
6057 6 5 4 7 0.666666666666667 0.8 0.571428571428571
6062 11 2 0 13 0 0 0
6066 1 1 0 2 0 0 0
6083 31 15 13 33 0.419354838709677 0.866666666666667 0.393939393939394
6106 2 1 1 2 0.5 1 0.5
6122 9 1 1 9 0.111111111111111 1 0.111111111111111
6128 258 1 1 258 0.00387596899224806 1 0.00387596899224806
6147 1 8 0 9 0 0 0
6163 10 1 1 10 0.1 1 0.1
6181 40 2 2 40 0.05 1 0.05
6182 1 1 1 1 1 1 1
6262 1 1 1 1 1 1 1
6263 3 1 1 3 0.333333333333333 1 0.333333333333333
6342 4 1 0 5 0 0 0
6360 9 2 2 9 0.222222222222222 1 0.222222222222222
6366 3 1 1 3 0.333333333333333 1 0.333333333333333
64 2 1 0 3 0 0 0
6435 3 7 1 9 0.333333333333333 0.142857142857143 0.111111111111111
6453 516 85 71 530 0.137596899224806 0.835294117647059 0.133962264150943
6509 24 6 4 26 0.166666666666667 0.666666666666667 0.153846153846154
6536 18 2 1 19 0.0555555555555556 0.5 0.0526315789473684
6619 25 5 4 26 0.16 0.8 0.153846153846154
6629 3 1 1 3 0.333333333333333 1 0.333333333333333
6648 41 3 1 43 0.024390243902439 0.333333333333333 0.0232558139534884
6661 65 1 1 65 0.0153846153846154 1 0.0153846153846154
6666 39 19 11 47 0.282051282051282 0.578947368421053 0.234042553191489
6667 510 108 103 515 0.201960784313725 0.953703703703704 0.2
6677 70 14 4 80 0.0571428571428571 0.285714285714286 0.05
668 34 7 3 38 0.0882352941176471 0.428571428571429 0.0789473684210526
6695 210 54 50 214 0.238095238095238 0.925925925925926 0.233644859813084
6706 13 6 5 14 0.384615384615385 0.833333333333333 0.357142857142857
6724 40 18 16 42 0.4 0.888888888888889 0.380952380952381
6730 563 5 5 563 0.0088809946714032 1 0.0088809946714032
6760 9 1 1 9 0.111111111111111 1 0.111111111111111
6762 173 42 38 177 0.219653179190751 0.904761904761905 0.214689265536723
6770 38 10 6 42 0.157894736842105 0.6 0.142857142857143
6772 15 5 5 15 0.333333333333333 1 0.333333333333333
6774 73 15 14 74 0.191780821917808 0.933333333333333 0.189189189189189
6775 6 2 2 6 0.333333333333333 1 0.333333333333333
680 58 19 16 61 0.275862068965517 0.842105263157895 0.262295081967213
6802 6 2 2 6 0.333333333333333 1 0.333333333333333
681 2 1 1 2 0.5 1 0.5
6830 346 29 18 357 0.0520231213872832 0.620689655172414 0.0504201680672269
6838 1 1 1 1 1 1 1
6881 83 25 24 84 0.289156626506024 0.96 0.285714285714286
6893 2 1 1 2 0.5 1 0.5
6895 5 1 1 5 0.2 1 0.2
6908 93 18 15 96 0.161290322580645 0.833333333333333 0.15625
6911 5 2 1 6 0.2 0.5 0.166666666666667
6939 947 335 242 1040 0.255543822597677 0.722388059701493 0.232692307692308
6966 3 2 2 3 0.666666666666667 1 0.666666666666667
6968 3 1 1 3 0.333333333333333 1 0.333333333333333
701 2665 22 16 2671 0.00600375234521576 0.727272727272727 0.00599026581804568
7012 15 4 3 16 0.2 0.75 0.1875
7018 2205 15 12 2208 0.0054421768707483 0.8 0.00543478260869565
7019 1 1 1 1 1 1 1
7065 16 3 2 17 0.125 0.666666666666667 0.117647058823529
7066 18 2 2 18 0.111111111111111 1 0.111111111111111
71 13 2 1 14 0.0769230769230769 0.5 0.0714285714285714
719 14 1 1 14 0.0714285714285714 1 0.0714285714285714
7195 1 1 0 2 0 0 0
72 8 1 0 9 0 0 0
7377 3 1 0 4 0 0 0
7385 165 7 6 166 0.0363636363636364 0.857142857142857 0.036144578313253
7412 2 1 0 3 0 0 0
7470 36 1 1 36 0.0277777777777778 1 0.0277777777777778
7473 174 9 9 174 0.0517241379310345 1 0.0517241379310345
7500 61 9 8 62 0.131147540983607 0.888888888888889 0.129032258064516
7503 4 3 0 7 0 0 0
7514 24 3 3 24 0.125 1 0.125
7516 4 1 0 5 0 0 0
7521 5 2 1 6 0.2 0.5 0.166666666666667
7522 6 5 1 10 0.166666666666667 0.2 0.1
7529 18 1 1 18 0.0555555555555556 1 0.0555555555555556
7539 22 9 5 26 0.227272727272727 0.555555555555556 0.192307692307692
7543 16 4 3 17 0.1875 0.75 0.176470588235294
7573 1 1 1 1 1 1 1
7575 546 106 103 549 0.188644688644689 0.971698113207547 0.187613843351548
7594 4 3 2 5 0.5 0.666666666666667 0.4
7606 46 6 5 47 0.108695652173913 0.833333333333333 0.106382978723404
7610 17 2 0 19 0 0 0
7629 4 1 0 5 0 0 0
766 16 5 4 17 0.25 0.8 0.235294117647059
7660 41 20 17 44 0.414634146341463 0.85 0.386363636363636
7665 2 1 1 2 0.5 1 0.5
7667 6 1 1 6 0.166666666666667 1 0.166666666666667
7670 20 4 2 22 0.1 0.5 0.0909090909090909
7671 3 2 1 4 0.333333333333333 0.5 0.25
7682 9 3 1 11 0.111111111111111 0.333333333333333 0.0909090909090909
7687 3 1 1 3 0.333333333333333 1 0.333333333333333
7693 27 3 2 28 0.0740740740740741 0.666666666666667 0.0714285714285714
7718 13 2 1 14 0.0769230769230769 0.5 0.0714285714285714
7753 7 1 1 7 0.142857142857143 1 0.142857142857143
7781 4 8 2 10 0.5 0.25 0.2
7784 31 4 3 32 0.0967741935483871 0.75 0.09375
7786 10 2 1 11 0.1 0.5 0.0909090909090909
7847 3 1 1 3 0.333333333333333 1 0.333333333333333
786 57 8 7 58 0.12280701754386 0.875 0.120689655172414
790 1 2 1 2 1 0.5 0.5
7902 16 1 1 16 0.0625 1 0.0625
7922 58 2 2 58 0.0344827586206897 1 0.0344827586206897
7941 3 1 1 3 0.333333333333333 1 0.333333333333333
7949 10 2 0 12 0 0 0
8001 278 7 7 278 0.0251798561151079 1 0.0251798561151079
8002 56 6 4 58 0.0714285714285714 0.666666666666667 0.0689655172413793
8018 2 1 0 3 0 0 0
8047 24 5 5 24 0.208333333333333 1 0.208333333333333
8092 1 1 0 2 0 0 0
81 27 1 0 28 0 0 0
8121 42 11 7 46 0.166666666666667 0.636363636363636 0.152173913043478
8158 2 1 1 2 0.5 1 0.5
8201 6 1 1 6 0.166666666666667 1 0.166666666666667
8218 157 15 15 157 0.0955414012738854 1 0.0955414012738854
8220 559 12 11 560 0.0196779964221825 0.916666666666667 0.0196428571428571
8224 11 6 5 12 0.454545454545455 0.833333333333333 0.416666666666667
8226 2 2 0 4 0 0 0
8237 6 3 3 6 0.5 1 0.5
8246 189 1 0 190 0 0 0
8251 8 5 5 8 0.625 1 0.625
8256 1 1 1 1 1 1 1
8267 2 1 1 2 0.5 1 0.5
8282 8 1 1 8 0.125 1 0.125
8299 12 2 0 14 0 0 0
8302 7 1 1 7 0.142857142857143 1 0.142857142857143
8312 6 1 0 7 0 0 0
8319 38 16 14 40 0.368421052631579 0.875 0.35
8330 9 3 2 10 0.222222222222222 0.666666666666667 0.2
8346 6 2 2 6 0.333333333333333 1 0.333333333333333
8358 15 1 1 15 0.0666666666666667 1 0.0666666666666667
8359 546 32 24 554 0.043956043956044 0.75 0.0433212996389892
8364 11 2 1 12 0.0909090909090909 0.5 0.0833333333333333
8365 107 47 33 121 0.308411214953271 0.702127659574468 0.272727272727273
8368 26 9 5 30 0.192307692307692 0.555555555555556 0.166666666666667
8374 4 1 1 4 0.25 1 0.25
8387 17 4 3 18 0.176470588235294 0.75 0.166666666666667
8391 20 12 7 25 0.35 0.583333333333333 0.28
8396 1 1 0 2 0 0 0
8419 251 3 3 251 0.0119521912350598 1 0.0119521912350598
8422 99 14 8 105 0.0808080808080808 0.571428571428571 0.0761904761904762
8426 442 17 14 445 0.0316742081447964 0.823529411764706 0.0314606741573034
8442 28 17 13 32 0.464285714285714 0.764705882352941 0.40625
8447 516 23 20 519 0.0387596899224806 0.869565217391304 0.0385356454720617
8452 35 2 2 35 0.0571428571428571 1 0.0571428571428571
8468 565 10 9 566 0.015929203539823 0.9 0.0159010600706714
8469 34 17 13 38 0.382352941176471 0.764705882352941 0.342105263157895
8473 31 5 4 32 0.129032258064516 0.8 0.125
8481 2 1 0 3 0 0 0
8495 20 3 2 21 0.1 0.666666666666667 0.0952380952380952
8501 35 12 12 35 0.342857142857143 1 0.342857142857143
8508 1 1 1 1 1 1 1
8517 16 1 1 16 0.0625 1 0.0625
852 149 2 2 149 0.0134228187919463 1 0.0134228187919463
8522 3 2 2 3 0.666666666666667 1 0.666666666666667
855 27 1 1 27 0.037037037037037 1 0.037037037037037
8551 113 1 1 113 0.00884955752212389 1 0.00884955752212389
8560 72 26 22 76 0.305555555555556 0.846153846153846 0.289473684210526
8565 15 4 3 16 0.2 0.75 0.1875
8586 60 2 2 60 0.0333333333333333 1 0.0333333333333333
8591 39 9 4 44 0.102564102564103 0.444444444444444 0.0909090909090909
8607 34 4 3 35 0.0882352941176471 0.75 0.0857142857142857
8648 33 11 6 38 0.181818181818182 0.545454545454545 0.157894736842105
8657 90 4 2 92 0.0222222222222222 0.5 0.0217391304347826
8664 6 2 1 7 0.166666666666667 0.5 0.142857142857143
8674 59 6 5 60 0.0847457627118644 0.833333333333333 0.0833333333333333
8676 4 1 1 4 0.25 1 0.25
8683 24 2 2 24 0.0833333333333333 1 0.0833333333333333
8708 263 4 3 264 0.0114068441064639 0.75 0.0113636363636364
8717 93 4 3 94 0.032258064516129 0.75 0.0319148936170213
8728 1 1 1 1 1 1 1
8737 29 4 2 31 0.0689655172413793 0.5 0.0645161290322581
8758 11 7 6 12 0.545454545454545 0.857142857142857 0.5
8763 152 43 40 155 0.263157894736842 0.930232558139535 0.258064516129032
8767 66 24 18 72 0.272727272727273 0.75 0.25
8781 25 1 0 26 0 0 0
8804 45 11 9 47 0.2 0.818181818181818 0.191489361702128
8816 17 1 1 17 0.0588235294117647 1 0.0588235294117647
8820 11 4 3 12 0.272727272727273 0.75 0.25
8823 7 1 0 8 0 0 0
8881 475 27 26 476 0.0547368421052632 0.962962962962963 0.0546218487394958
8895 7 1 1 7 0.142857142857143 1 0.142857142857143
8897 49 11 8 52 0.163265306122449 0.727272727272727 0.153846153846154
8903 12 4 0 16 0 0 0
8928 673 4 4 673 0.00594353640416048 1 0.00594353640416048
8943 16 5 5 16 0.3125 1 0.3125
8954 35 8 6 37 0.171428571428571 0.75 0.162162162162162
8966 76 1 1 76 0.0131578947368421 1 0.0131578947368421
8970 2 1 1 2 0.5 1 0.5
8978 6 2 2 6 0.333333333333333 1 0.333333333333333
9002 1018 235 229 1024 0.224950884086444 0.974468085106383 0.2236328125
9008 4 1 1 4 0.25 1 0.25
9009 64 2 1 65 0.015625 0.5 0.0153846153846154
9022 2 1 1 2 0.5 1 0.5
9026 14 5 5 14 0.357142857142857 1 0.357142857142857
9031 51 2 2 51 0.0392156862745098 1 0.0392156862745098
9044 64 22 18 68 0.28125 0.818181818181818 0.264705882352941
9080 8 4 3 9 0.375 0.75 0.333333333333333
9085 5 1 1 5 0.2 1 0.2
9112 8 2 1 9 0.125 0.5 0.111111111111111
9129 10 1 0 11 0 0 0
9150 23 4 4 23 0.173913043478261 1 0.173913043478261
9153 38 5 5 38 0.131578947368421 1 0.131578947368421
9162 1 1 1 1 1 1 1
9188 4 2 1 5 0.25 0.5 0.2
9231 2 2 1 3 0.5 0.5 0.333333333333333
9264 24 20 9 35 0.375 0.45 0.257142857142857
9270 24 3 2 25 0.0833333333333333 0.666666666666667 0.08
9299 40 2 1 41 0.025 0.5 0.024390243902439
9304 242 8 7 243 0.0289256198347107 0.875 0.0288065843621399
9316 36 1 1 36 0.0277777777777778 1 0.0277777777777778
9329 12 2 2 12 0.166666666666667 1 0.166666666666667
9340 2 4 1 5 0.5 0.25 0.2
9367 3 1 1 3 0.333333333333333 1 0.333333333333333
9406 2 2 1 3 0.5 0.5 0.333333333333333
9431 2 1 1 2 0.5 1 0.5
9433 3 2 1 4 0.333333333333333 0.5 0.25
9445 1 1 1 1 1 1 1
9476 6 2 1 7 0.166666666666667 0.5 0.142857142857143
9497 27 2 2 27 0.0740740740740741 1 0.0740740740740741
9498 164 2 0 166 0 0 0
9505 101 6 6 101 0.0594059405940594 1 0.0594059405940594
9534 6 1 1 6 0.166666666666667 1 0.166666666666667
9541 7 2 0 9 0 0 0
9543 6 1 1 6 0.166666666666667 1 0.166666666666667
9549 3 1 1 3 0.333333333333333 1 0.333333333333333
9555 3 1 0 4 0 0 0
9583 40 2 1 41 0.025 0.5 0.024390243902439
9584 8 2 1 9 0.125 0.5 0.111111111111111
9595 6 4 2 8 0.333333333333333 0.5 0.25
9600 5 2 1 6 0.2 0.5 0.166666666666667
9607 7 1 0 8 0 0 0
9612 2 1 0 3 0 0 0
9619 2 1 1 2 0.5 1 0.5
9621 3 1 1 3 0.333333333333333 1 0.333333333333333
9622 7 2 1 8 0.142857142857143 0.5 0.125
9680 29 2 1 30 0.0344827586206897 0.5 0.0333333333333333
9700 7 3 2 8 0.285714285714286 0.666666666666667 0.25
9701 3 1 0 4 0 0 0
9722 45 8 7 46 0.155555555555556 0.875 0.152173913043478
9732 3 1 1 3 0.333333333333333 1 0.333333333333333
9758 2 1 0 3 0 0 0
9794 4 1 1 4 0.25 1 0.25
9800 29 2 0 31 0 0 0
9821 5 3 3 5 0.6 1 0.6
9837 33 1 0 34 0 0 0
9844 2 1 0 3 0 0 0
9901 24 6 3 27 0.125 0.5 0.111111111111111
9919 18 1 0 19 0 0 0
9924 31 1 0 32 0 0 0
9930 19 3 2 20 0.105263157894737 0.666666666666667 0.1
