#ASN num_v4adj num_v6adj num_intersect(v4v6adj) num_union(adj) fr_v4(num_intersect/num_v4adj) fr_v6(num_intersect/num_v6adj) fr_intersect(num_intersect/num_union)
10013 3 9 1 11 0.333333333333333 0.111111111111111 0.0909090909090909
10015 14 1 0 15 0 0 0
10204 5 2 1 6 0.2 0.5 0.166666666666667
10318 3 3 0 6 0 0 0
10764 11 2 2 11 0.181818181818182 1 0.181818181818182
109 9 28 1 36 0.111111111111111 0.0357142857142857 0.0277777777777778
1103 148 36 32 152 0.216216216216216 0.888888888888889 0.210526315789474
11340 6 1 0 7 0 0 0
11537 78 28 25 81 0.320512820512821 0.892857142857143 0.308641975308642
1200 26 10 6 30 0.230769230769231 0.6 0.2
1205 1 1 0 2 0 0 0
12111 23 1 1 23 0.0434782608695652 1 0.0434782608695652
1213 5 4 3 6 0.6 0.75 0.5
12199 1 4 0 5 0 0 0
1221 88 4 1 91 0.0113636363636364 0.25 0.010989010989011
12337 31 9 5 35 0.161290322580645 0.555555555555556 0.142857142857143
12353 4 3 1 6 0.25 0.333333333333333 0.166666666666667
12355 3 2 0 5 0 0 0
1237 24 2 2 24 0.0833333333333333 1 0.0833333333333333
12371 2 1 0 3 0 0 0
12401 9 6 1 14 0.111111111111111 0.166666666666667 0.0714285714285714
12414 28 10 8 30 0.285714285714286 0.8 0.266666666666667
1248 5 2 0 7 0 0 0
1251 5 4 1 8 0.2 0.25 0.125
12533 2 5 1 6 0.5 0.2 0.166666666666667
12558 12 3 1 14 0.0833333333333333 0.333333333333333 0.0714285714285714
12565 4 4 0 8 0 0 0
1257 84 7 0 91 0 0 0
12600 8 1 1 8 0.125 1 0.125
12611 25 8 6 27 0.24 0.75 0.222222222222222
12634 27 13 7 33 0.259259259259259 0.538461538461538 0.212121212121212
12638 2 3 0 5 0 0 0
12657 2 2 1 3 0.5 0.5 0.333333333333333
1273 273 7 6 274 0.021978021978022 0.857142857142857 0.0218978102189781
12731 32 7 3 36 0.09375 0.428571428571429 0.0833333333333333
12732 12 2 1 13 0.0833333333333333 0.5 0.0769230769230769
12767 4 1 0 5 0 0 0
12779 59 14 6 67 0.101694915254237 0.428571428571429 0.0895522388059701
12793 168 8 5 171 0.0297619047619048 0.625 0.0292397660818713
12817 2 1 1 2 0.5 1 0.5
12853 1 5 0 6 0 0 0
12859 221 54 48 227 0.217194570135747 0.888888888888889 0.211453744493392
12871 29 14 9 34 0.310344827586207 0.642857142857143 0.264705882352941
12895 4 1 1 4 0.25 1 0.25
12902 32 10 7 35 0.21875 0.7 0.2
12931 3 1 1 3 0.333333333333333 1 0.333333333333333
12956 228 3 3 228 0.0131578947368421 1 0.0131578947368421
12968 52 8 2 58 0.0384615384615385 0.25 0.0344827586206897
1299 297 16 13 300 0.0437710437710438 0.8125 0.0433333333333333
13 3 1 1 3 0.333333333333333 1 0.333333333333333
13039 2 1 1 2 0.5 1 0.5
13046 17 1 1 17 0.0588235294117647 1 0.0588235294117647
13058 2 2 0 4 0 0 0
13110 4 8 1 11 0.25 0.125 0.0909090909090909
13129 162 5 4 163 0.0246913580246914 0.8 0.0245398773006135
13189 20 1 1 20 0.05 1 0.05
13193 25 11 3 33 0.12 0.272727272727273 0.0909090909090909
13272 1 1 1 1 1 1 1
13285 35 1 0 36 0 0 0
13300 1 1 1 1 1 1 1
13645 10 2 0 12 0 0 0
137 10 3 1 12 0.1 0.333333333333333 0.0833333333333333
13944 3 14 0 17 0 0 0
14277 9 9 2 16 0.222222222222222 0.222222222222222 0.125
145 8 12 0 20 0 0 0
14654 2 1 0 3 0 0 0
15180 6 5 0 11 0 0 0
15440 5 1 0 6 0 0 0
15444 253 22 17 258 0.0671936758893281 0.772727272727273 0.0658914728682171
15450 4 3 0 7 0 0 0
15469 1 1 0 2 0 0 0
15498 9 3 0 12 0 0 0
15516 6 2 0 8 0 0 0
15557 47 1 0 48 0 0 0
15589 40 20 2 58 0.05 0.1 0.0344827586206897
15600 34 7 4 37 0.117647058823529 0.571428571428571 0.108108108108108
15623 15 4 1 18 0.0666666666666667 0.25 0.0555555555555556
15685 9 1 1 9 0.111111111111111 1 0.111111111111111
15694 26 1 0 27 0 0 0
15703 76 11 6 81 0.0789473684210526 0.545454545454545 0.0740740740740741
15717 43 5 3 45 0.0697674418604651 0.6 0.0666666666666667
15897 1 2 0 3 0 0 0
16004 9 3 1 11 0.111111111111111 0.333333333333333 0.0909090909090909
16023 4 3 1 6 0.25 0.333333333333333 0.166666666666667
16034 23 6 2 27 0.0869565217391304 0.333333333333333 0.0740740740740741
16086 15 6 4 17 0.266666666666667 0.666666666666667 0.235294117647059
16091 2 1 0 3 0 0 0
16131 29 2 0 31 0 0 0
16186 6 7 1 12 0.166666666666667 0.142857142857143 0.0833333333333333
16215 9 4 3 10 0.333333333333333 0.75 0.3
16237 25 4 2 27 0.08 0.5 0.0740740740740741
16245 11 4 2 13 0.181818181818182 0.5 0.153846153846154
16265 32 1 1 32 0.03125 1 0.03125
1653 28 2 1 29 0.0357142857142857 0.5 0.0344827586206897
16531 6 1 0 7 0 0 0
1659 14 2 1 15 0.0714285714285714 0.5 0.0666666666666667
16713 22 3 2 23 0.0909090909090909 0.666666666666667 0.0869565217391304
16838 7 2 0 9 0 0 0
17263 3 1 0 4 0 0 0
1741 10 3 3 10 0.3 1 0.3
17511 7 3 1 9 0.142857142857143 0.333333333333333 0.111111111111111
17527 4 7 2 9 0.5 0.285714285714286 0.222222222222222
17529 6 1 0 7 0 0 0
17579 7 6 5 8 0.714285714285714 0.833333333333333 0.625
1759 15 1 1 15 0.0666666666666667 1 0.0666666666666667
17709 10 1 0 11 0 0 0
17828 2 1 0 3 0 0 0
17832 5 10 0 15 0 0 0
17934 2 2 1 3 0.5 0.5 0.333333333333333
17935 1 1 0 2 0 0 0
1797 1 2 0 3 0 0 0
1798 4 3 0 7 0 0 0
18098 1 1 0 2 0 0 0
18181 3 1 1 3 0.333333333333333 1 0.333333333333333
18185 6 2 2 6 0.333333333333333 1 0.333333333333333
1835 6 3 2 7 0.333333333333333 0.666666666666667 0.285714285714286
1853 88 16 13 91 0.147727272727273 0.8125 0.142857142857143
18592 20 2 2 20 0.1 1 0.1
18666 2 1 0 3 0 0 0
1897 10 1 1 10 0.1 1 0.1
1916 15 6 2 19 0.133333333333333 0.333333333333333 0.105263157894737
1930 6 14 2 18 0.333333333333333 0.142857142857143 0.111111111111111
195 8 1 1 8 0.125 1 0.125
1955 10 3 1 12 0.1 0.333333333333333 0.0833333333333333
19782 7 1 1 7 0.142857142857143 1 0.142857142857143
20080 11 2 2 11 0.181818181818182 1 0.181818181818182
2042 11 10 1 20 0.0909090909090909 0.1 0.05
20495 80 8 5 83 0.0625 0.625 0.0602409638554217
20569 5 2 1 6 0.2 0.5 0.166666666666667
20612 3 1 0 4 0 0 0
20621 2 1 1 2 0.5 1 0.5
20646 47 12 10 49 0.212765957446809 0.833333333333333 0.204081632653061
20704 14 3 2 15 0.142857142857143 0.666666666666667 0.133333333333333
20712 5 1 0 6 0 0 0
20718 24 3 1 26 0.0416666666666667 0.333333333333333 0.0384615384615385
20745 2 5 0 7 0 0 0
20794 3 3 1 5 0.333333333333333 0.333333333333333 0.2
20834 37 6 1 42 0.027027027027027 0.166666666666667 0.0238095238095238
20847 40 11 9 42 0.225 0.818181818181818 0.214285714285714
209 1109 1 1 1109 0.000901713255184851 1 0.000901713255184851
20900 2 1 0 3 0 0 0
20912 2 2 0 4 0 0 0
20965 40 32 31 41 0.775 0.96875 0.75609756097561
210 9 1 1 9 0.111111111111111 1 0.111111111111111
2107 1 1 1 1 1 1 1
2108 1 1 1 1 1 1 1
2110 37 10 4 43 0.108108108108108 0.4 0.0930232558139535
21119 8 3 0 11 0 0 0
21155 35 16 9 42 0.257142857142857 0.5625 0.214285714285714
21193 3 1 1 3 0.333333333333333 1 0.333333333333333
21202 43 2 2 43 0.0465116279069767 1 0.0465116279069767
21221 27 11 8 30 0.296296296296296 0.727272727272727 0.266666666666667
2128 2 1 1 2 0.5 1 0.5
21385 28 7 4 31 0.142857142857143 0.571428571428571 0.129032258064516
21392 12 2 1 13 0.0833333333333333 0.5 0.0769230769230769
21398 25 4 1 28 0.04 0.25 0.0357142857142857
2153 19 2 2 19 0.105263157894737 1 0.105263157894737
2200 41 5 3 43 0.0731707317073171 0.6 0.0697674418604651
22166 2 1 0 3 0 0 0
22335 26 2 1 27 0.0384615384615385 0.5 0.037037037037037
224 7 3 2 8 0.285714285714286 0.666666666666667 0.25
22548 4 1 0 5 0 0 0
226 15 1 1 15 0.0666666666666667 1 0.0666666666666667
23393 26 3 1 28 0.0384615384615385 0.333333333333333 0.0357142857142857
23774 3 2 1 4 0.333333333333333 0.5 0.25
23787 1 1 1 1 1 1 1
23789 1 1 0 2 0 0 0
2381 18 1 1 18 0.0555555555555556 1 0.0555555555555556
23910 2 1 1 2 0.5 1 0.5
23911 2 2 1 3 0.5 0.5 0.333333333333333
23912 1 1 0 2 0 0 0
24 7 1 1 7 0.142857142857143 1 0.142857142857143
24587 40 12 7 45 0.175 0.583333333333333 0.155555555555556
24723 2 4 0 6 0 0 0
24730 34 6 3 37 0.0882352941176471 0.5 0.0810810810810811
24776 5 2 1 6 0.2 0.5 0.166666666666667
2486 9 1 1 9 0.111111111111111 1 0.111111111111111
24875 46 9 6 49 0.130434782608696 0.666666666666667 0.122448979591837
2497 201 51 34 218 0.169154228855721 0.666666666666667 0.155963302752294
24973 2 1 1 2 0.5 1 0.5
2500 31 47 12 66 0.387096774193548 0.25531914893617 0.181818181818182
2510 14 8 3 19 0.214285714285714 0.375 0.157894736842105
25108 12 2 1 13 0.0833333333333333 0.5 0.0769230769230769
25137 38 6 3 41 0.0789473684210526 0.5 0.0731707317073171
2514 19 5 4 20 0.210526315789474 0.8 0.2
25152 26 5 4 27 0.153846153846154 0.8 0.148148148148148
2516 297 42 30 309 0.101010101010101 0.714285714285714 0.0970873786407767
2518 63 9 6 66 0.0952380952380952 0.666666666666667 0.0909090909090909
2519 26 1 0 27 0 0 0
25208 7 3 0 10 0 0 0
25232 150 8 6 152 0.04 0.75 0.0394736842105263
2527 9 8 3 14 0.333333333333333 0.375 0.214285714285714
25358 12 10 1 21 0.0833333333333333 0.1 0.0476190476190476
25384 8 2 0 10 0 0 0
2549 1 4 0 5 0 0 0
25492 21 3 1 23 0.0476190476190476 0.333333333333333 0.0434782608695652
25538 2 1 0 3 0 0 0
25560 103 9 7 105 0.0679611650485437 0.777777777777778 0.0666666666666667
2586 5 3 0 8 0 0 0
2594 8 1 1 8 0.125 1 0.125
2595 3 2 1 4 0.333333333333333 0.5 0.25
2602 2 2 1 3 0.5 0.5 0.333333333333333
2603 35 11 6 40 0.171428571428571 0.545454545454545 0.15
2607 46 4 1 49 0.0217391304347826 0.25 0.0204081632653061
2609 3 1 0 4 0 0 0
2611 39 9 6 42 0.153846153846154 0.666666666666667 0.142857142857143
2614 10 2 1 11 0.1 0.5 0.0909090909090909
26415 13 2 0 15 0 0 0
27552 4 1 1 4 0.25 1 0.25
278 9 7 1 15 0.111111111111111 0.142857142857143 0.0666666666666667
2819 14 3 0 17 0 0 0
2847 2 3 1 4 0.5 0.333333333333333 0.25
2852 6 3 3 6 0.5 1 0.5
28747 176 2 2 176 0.0113636363636364 1 0.0113636363636364
28788 33 2 2 33 0.0606060606060606 1 0.0606060606060606
28855 8 3 2 9 0.25 0.666666666666667 0.222222222222222
2905 27 2 1 28 0.037037037037037 0.5 0.0357142857142857
2907 59 5 3 61 0.0508474576271186 0.6 0.0491803278688525
2914 733 101 56 778 0.0763983628922237 0.554455445544555 0.0719794344473008
2915 36 9 3 42 0.0833333333333333 0.333333333333333 0.0714285714285714
29188 8 1 0 9 0 0 0
29216 1 3 1 3 1 0.333333333333333 0.333333333333333
29243 2 2 2 2 1 1 1
29259 11 3 2 12 0.181818181818182 0.666666666666667 0.166666666666667
293 113 19 9 123 0.079646017699115 0.473684210526316 0.0731707317073171
29317 1 2 1 2 1 0.5 0.5
29377 1 6 0 7 0 0 0
29422 5 2 2 5 0.4 1 0.4
29449 3 7 2 8 0.666666666666667 0.285714285714286 0.25
29629 8 1 1 8 0.125 1 0.125
29670 1 1 0 2 0 0 0
29686 222 52 46 228 0.207207207207207 0.884615384615385 0.201754385964912
29838 8 3 0 11 0 0 0
3 4 1 0 5 0 0 0
30071 3 26 3 26 1 0.115384615384615 0.115384615384615
30726 7 1 0 8 0 0 0
30727 25 5 2 28 0.08 0.4 0.0714285714285714
31079 1 2 0 3 0 0 0
31103 2 4 0 6 0 0 0
3130 20 1 1 20 0.05 1 0.05
31383 13 8 6 15 0.461538461538462 0.75 0.4
31479 2 1 1 2 0.5 1 0.5
31508 20 5 3 22 0.15 0.6 0.136363636363636
31968 1 1 0 2 0 0 0
3212 25 1 0 26 0 0 0
3221 1 2 1 2 1 0.5 0.5
3243 11 4 1 14 0.0909090909090909 0.25 0.0714285714285714
32459 3 1 1 3 0.333333333333333 1 0.333333333333333
3246 363 39 38 364 0.104683195592287 0.974358974358974 0.104395604395604
3248 8 6 2 12 0.25 0.333333333333333 0.166666666666667
3249 28 2 1 29 0.0357142857142857 0.5 0.0344827586206897
3257 266 127 46 347 0.172932330827068 0.362204724409449 0.132564841498559
3265 52 12 11 53 0.211538461538462 0.916666666666667 0.207547169811321
3274 3 4 0 7 0 0 0
3292 284 8 6 286 0.0211267605633803 0.75 0.020979020979021
32978 1 1 1 1 1 1 1
33 9 13 3 19 0.333333333333333 0.230769230769231 0.157894736842105
3301 29 2 2 29 0.0689655172413793 1 0.0689655172413793
3303 536 26 21 541 0.0391791044776119 0.807692307692308 0.0388170055452865
3320 298 20 8 310 0.0268456375838926 0.4 0.0258064516129032
3327 13 7 2 18 0.153846153846154 0.285714285714286 0.111111111111111
3333 129 24 22 131 0.170542635658915 0.916666666666667 0.16793893129771
3344 44 11 3 52 0.0681818181818182 0.272727272727273 0.0576923076923077
3352 57 7 2 62 0.0350877192982456 0.285714285714286 0.032258064516129
3549 630 39 27 642 0.0428571428571429 0.692307692307692 0.0420560747663551
3557 83 12 9 86 0.108433734939759 0.75 0.104651162790698
3582 4 4 0 8 0 0 0
3597 8 1 1 8 0.125 1 0.125
3662 12 1 1 12 0.0833333333333333 1 0.0833333333333333
3741 155 1 0 156 0 0 0
3748 2 6 1 7 0.5 0.166666666666667 0.142857142857143
3758 30 6 0 36 0 0 0
376 13 1 1 13 0.0769230769230769 1 0.0769230769230769
3776 8 2 0 10 0 0 0
378 3 1 1 3 0.333333333333333 1 0.333333333333333
3786 309 3 1 311 0.00323624595469256 0.333333333333333 0.00321543408360129
3825 1 1 0 2 0 0 0
3836 6 4 0 10 0 0 0
4134 64 1 0 65 0 0 0
42 24 2 2 24 0.0833333333333333 1 0.0833333333333333
4436 90 3 2 91 0.0222222222222222 0.666666666666667 0.021978021978022
4538 16 13 4 25 0.25 0.307692307692308 0.16
4555 1 12 0 13 0 0 0
4589 410 8 7 411 0.0170731707317073 0.875 0.0170316301703163
4608 3 1 1 3 0.333333333333333 1 0.333333333333333
4618 8 8 0 16 0 0 0
4621 25 1 1 25 0.04 1 0.04
4645 17 1 1 17 0.0588235294117647 1 0.0588235294117647
4651 26 2 0 28 0 0 0
4673 7 1 0 8 0 0 0
4675 5 7 2 10 0.4 0.285714285714286 0.2
4677 5 9 2 12 0.4 0.222222222222222 0.166666666666667
4678 5 9 2 12 0.4 0.222222222222222 0.166666666666667
4680 9 7 2 14 0.222222222222222 0.285714285714286 0.142857142857143
4685 8 8 3 13 0.375 0.375 0.230769230769231
4688 11 8 3 16 0.272727272727273 0.375 0.1875
4691 8 16 3 21 0.375 0.1875 0.142857142857143
4694 81 2 2 81 0.0246913580246914 1 0.0246913580246914
4697 1 23 1 23 1 0.0434782608695652 0.0434782608695652
4702 5 5 2 8 0.4 0.4 0.25
4713 84 2 2 84 0.0238095238095238 1 0.0238095238095238
4716 90 44 14 120 0.155555555555556 0.318181818181818 0.116666666666667
4717 4 3 2 5 0.5 0.666666666666667 0.4
4718 3 5 1 7 0.333333333333333 0.2 0.142857142857143
4721 7 6 0 13 0 0 0
4725 93 44 7 130 0.0752688172043011 0.159090909090909 0.0538461538461538
4736 13 1 1 13 0.0769230769230769 1 0.0769230769230769
4741 4 2 0 6 0 0 0
4747 8 1 0 9 0 0 0
4750 35 3 0 38 0 0 0
4774 5 3 2 6 0.4 0.666666666666667 0.333333333333333
4777 28 7 5 30 0.178571428571429 0.714285714285714 0.166666666666667
4780 28 1 1 28 0.0357142857142857 1 0.0357142857142857
4788 54 2 1 55 0.0185185185185185 0.5 0.0181818181818182
4795 13 3 0 16 0 0 0
5050 10 1 1 10 0.1 1 0.1
513 36 5 2 39 0.0555555555555556 0.4 0.0512820512820513
5381 12 4 0 16 0 0 0
5385 10 6 2 14 0.2 0.333333333333333 0.142857142857143
5397 5 1 0 6 0 0 0
5408 31 8 1 38 0.032258064516129 0.125 0.0263157894736842
5410 38 7 1 44 0.0263157894736842 0.142857142857143 0.0227272727272727
5417 158 26 24 160 0.151898734177215 0.923076923076923 0.15
5418 7 2 2 7 0.285714285714286 1 0.285714285714286
5424 9 10 1 18 0.111111111111111 0.1 0.0555555555555556
5430 51 11 5 57 0.0980392156862745 0.454545454545455 0.087719298245614
5459 163 4 4 163 0.0245398773006135 1 0.0245398773006135
5466 58 2 0 60 0 0 0
5486 24 2 0 26 0 0 0
5511 190 39 11 218 0.0578947368421053 0.282051282051282 0.0504587155963303
553 33 9 7 35 0.212121212121212 0.777777777777778 0.2
5539 31 38 10 59 0.32258064516129 0.263157894736842 0.169491525423729
5550 1 1 1 1 1 1 1
5568 62 2 1 63 0.0161290322580645 0.5 0.0158730158730159
559 43 19 12 50 0.27906976744186 0.631578947368421 0.24
5602 17 4 2 19 0.117647058823529 0.5 0.105263157894737
5609 2 19 0 21 0 0 0
5617 66 6 0 72 0 0 0
5623 1 4 0 5 0 0 0
5669 83 3 2 84 0.0240963855421687 0.666666666666667 0.0238095238095238
5693 8 3 2 9 0.25 0.666666666666667 0.222222222222222
6062 8 2 0 10 0 0 0
6066 4 1 0 5 0 0 0
6163 7 2 0 9 0 0 0
6175 1 57 0 58 0 0 0
6342 4 3 0 7 0 0 0
6360 10 1 1 10 0.1 1 0.1
6435 3 23 0 26 0 0 0
6453 268 11 9 270 0.0335820895522388 0.818181818181818 0.0333333333333333
6461 602 10 9 603 0.0149501661129568 0.9 0.0149253731343284
6509 37 7 5 39 0.135135135135135 0.714285714285714 0.128205128205128
6619 12 1 0 13 0 0 0
6661 24 1 1 24 0.0416666666666667 1 0.0416666666666667
6666 28 5 1 32 0.0357142857142857 0.2 0.03125
6667 382 43 41 384 0.107329842931937 0.953488372093023 0.106770833333333
6677 10 1 0 11 0 0 0
668 41 9 3 47 0.0731707317073171 0.333333333333333 0.0638297872340425
6695 68 1 1 68 0.0147058823529412 1 0.0147058823529412
6696 31 8 5 34 0.161290322580645 0.625 0.147058823529412
6706 3 2 1 4 0.333333333333333 0.5 0.25
6722 2 1 0 3 0 0 0
6730 189 7 6 190 0.0317460317460317 0.857142857142857 0.0315789473684211
6772 8 3 2 9 0.25 0.666666666666667 0.222222222222222
680 47 12 5 54 0.106382978723404 0.416666666666667 0.0925925925925926
6830 76 93 21 148 0.276315789473684 0.225806451612903 0.141891891891892
6895 33 1 1 33 0.0303030303030303 1 0.0303030303030303
6939 317 45 13 349 0.0410094637223975 0.288888888888889 0.0372492836676218
7018 1943 4 2 1945 0.00102933607822954 0.5 0.00102827763496144
7065 9 1 1 9 0.111111111111111 1 0.111111111111111
71 11 2 0 13 0 0 0
7500 70 4 3 71 0.0428571428571429 0.75 0.0422535211267606
7514 15 9 4 20 0.266666666666667 0.444444444444444 0.2
7516 6 1 0 7 0 0 0
7521 3 3 1 5 0.333333333333333 0.333333333333333 0.2
7522 4 5 2 7 0.5 0.4 0.285714285714286
7530 3 2 0 5 0 0 0
7539 21 4 3 22 0.142857142857143 0.75 0.136363636363636
7570 10 2 0 12 0 0 0
7575 36 3 3 36 0.0833333333333333 1 0.0833333333333333
7580 1 3 0 4 0 0 0
7610 25 3 2 26 0.08 0.666666666666667 0.0769230769230769
7623 10 2 1 11 0.1 0.5 0.0909090909090909
766 13 4 3 14 0.230769230769231 0.75 0.214285714285714
7660 29 32 15 46 0.517241379310345 0.46875 0.326086956521739
7665 2 1 1 2 0.5 1 0.5
7667 3 5 2 6 0.666666666666667 0.4 0.333333333333333
7668 7 1 1 7 0.142857142857143 1 0.142857142857143
7670 13 2 1 14 0.0769230769230769 0.5 0.0714285714285714
7671 5 37 4 38 0.8 0.108108108108108 0.105263157894737
7682 9 2 0 11 0 0 0
7687 4 2 1 5 0.25 0.5 0.2
7786 5 1 0 6 0 0 0
786 38 14 3 49 0.0789473684210526 0.214285714285714 0.0612244897959184
790 2 6 1 7 0.5 0.166666666666667 0.142857142857143
8002 19 4 0 23 0 0 0
8015 9 1 0 10 0 0 0
8070 1 2 0 3 0 0 0
81 10 2 0 12 0 0 0
8121 69 4 3 70 0.0434782608695652 0.75 0.0428571428571429
8209 1 1 1 1 1 1 1
8220 578 8 6 580 0.0103806228373702 0.75 0.0103448275862069
8237 8 4 0 12 0 0 0
8251 135 1 1 135 0.00740740740740741 1 0.00740740740740741
8256 2 1 1 2 0.5 1 0.5
8267 1 4 1 4 1 0.25 0.25
8319 27 3 2 28 0.0740740740740741 0.666666666666667 0.0714285714285714
8426 213 1 0 214 0 0 0
8447 73 14 5 82 0.0684931506849315 0.357142857142857 0.0609756097560976
8469 26 6 4 28 0.153846153846154 0.666666666666667 0.142857142857143
8472 50 7 2 55 0.04 0.285714285714286 0.0363636363636364
8473 24 1 1 24 0.0416666666666667 1 0.0416666666666667
8501 27 6 6 27 0.222222222222222 1 0.222222222222222
8514 35 5 1 39 0.0285714285714286 0.2 0.0256410256410256
8517 15 1 1 15 0.0666666666666667 1 0.0666666666666667
8554 6 1 1 6 0.166666666666667 1 0.166666666666667
8560 47 12 9 50 0.191489361702128 0.75 0.18
8565 7 1 0 8 0 0 0
8591 15 4 2 17 0.133333333333333 0.5 0.117647058823529
8657 63 4 2 65 0.0317460317460317 0.5 0.0307692307692308
8664 18 4 1 21 0.0555555555555556 0.25 0.0476190476190476
8665 3 2 1 4 0.333333333333333 0.5 0.25
8674 36 1 1 36 0.0277777777777778 1 0.0277777777777778
8676 3 2 0 5 0 0 0
8708 124 7 5 126 0.0403225806451613 0.714285714285714 0.0396825396825397
8728 1 1 1 1 1 1 1
8737 37 6 4 39 0.108108108108108 0.666666666666667 0.102564102564103
8758 6 4 0 10 0 0 0
8763 109 21 18 112 0.165137614678899 0.857142857142857 0.160714285714286
8767 19 3 2 20 0.105263157894737 0.666666666666667 0.1
8781 3 1 1 3 0.333333333333333 1 0.333333333333333
8823 5 1 1 5 0.2 1 0.2
8881 81 1 1 81 0.0123456790123457 1 0.0123456790123457
8903 31 5 2 34 0.0645161290322581 0.4 0.0588235294117647
8921 1 2 0 3 0 0 0
8925 3 1 0 4 0 0 0
8943 8 1 0 9 0 0 0
8954 23 28 5 46 0.217391304347826 0.178571428571429 0.108695652173913
8966 28 1 1 28 0.0357142857142857 1 0.0357142857142857
8970 2 1 1 2 0.5 1 0.5
8973 5 1 0 6 0 0 0
8975 53 2 2 53 0.0377358490566038 1 0.0377358490566038
9044 77 1 1 77 0.012987012987013 1 0.012987012987013
9080 7 1 1 7 0.142857142857143 1 0.142857142857143
9112 2 9 1 10 0.5 0.111111111111111 0.1
9150 25 1 0 26 0 0 0
9186 19 1 0 20 0 0 0
9196 6 1 0 7 0 0 0
9264 57 26 11 72 0.192982456140351 0.423076923076923 0.152777777777778
9270 37 8 5 40 0.135135135135135 0.625 0.125
9316 26 1 0 27 0 0 0
9407 2 4 2 4 1 0.5 0.5
9416 14 1 0 15 0 0 0
9505 45 2 1 46 0.0222222222222222 0.5 0.0217391304347826
9595 7 4 2 9 0.285714285714286 0.5 0.222222222222222
9600 6 10 2 14 0.333333333333333 0.2 0.142857142857143
9607 7 3 0 10 0 0 0
9612 2 3 0 5 0 0 0
9619 2 2 2 2 1 1 1
9621 3 7 1 9 0.333333333333333 0.142857142857143 0.111111111111111
9622 8 1 1 8 0.125 1 0.125
9687 2 1 1 2 0.5 1 0.5
9701 3 1 0 4 0 0 0
9758 1 1 0 2 0 0 0
9821 4 1 1 4 0.25 1 0.25
9844 1 1 0 2 0 0 0
