#ASN num_v4adj num_v6adj num_intersect(v4v6adj) num_union(adj) fr_v4(num_intersect/num_v4adj) fr_v6(num_intersect/num_v6adj) fr_intersect(num_intersect/num_union)
10013 3 8 2 9 0.666666666666667 0.25 0.222222222222222
10015 14 1 0 15 0 0 0
10063 3 1 1 3 0.333333333333333 1 0.333333333333333
101 44 2 2 44 0.0454545454545455 1 0.0454545454545455
10204 8 3 1 10 0.125 0.333333333333333 0.1
10318 3 2 0 5 0 0 0
10343 2 1 1 2 0.5 1 0.5
10480 6 1 1 6 0.166666666666667 1 0.166666666666667
10886 29 2 2 29 0.0689655172413793 1 0.0689655172413793
109 9 13 1 21 0.111111111111111 0.0769230769230769 0.0476190476190476
1103 147 37 33 151 0.224489795918367 0.891891891891892 0.218543046357616
11340 4 1 0 5 0 0 0
11537 74 38 27 85 0.364864864864865 0.710526315789474 0.317647058823529
11990 3 1 0 4 0 0 0
1200 29 8 5 32 0.172413793103448 0.625 0.15625
12008 24 1 1 24 0.0416666666666667 1 0.0416666666666667
12046 2 1 1 2 0.5 1 0.5
12111 26 1 1 26 0.0384615384615385 1 0.0384615384615385
1213 2 2 2 2 1 1 1
12199 1 4 0 5 0 0 0
1221 88 4 1 91 0.0113636363636364 0.25 0.010989010989011
12312 27 1 1 27 0.037037037037037 1 0.037037037037037
12337 32 9 6 35 0.1875 0.666666666666667 0.171428571428571
12353 4 3 0 7 0 0 0
12355 2 1 0 3 0 0 0
1237 28 3 2 29 0.0714285714285714 0.666666666666667 0.0689655172413793
12371 3 1 0 4 0 0 0
12386 10 3 2 11 0.2 0.666666666666667 0.181818181818182
12399 40 1 1 40 0.025 1 0.025
12401 10 4 2 12 0.2 0.5 0.166666666666667
12414 32 13 8 37 0.25 0.615384615384615 0.216216216216216
1251 5 3 1 7 0.2 0.333333333333333 0.142857142857143
12533 2 1 0 3 0 0 0
12565 1 2 0 3 0 0 0
1257 156 6 1 161 0.00641025641025641 0.166666666666667 0.0062111801242236
12600 13 1 1 13 0.0769230769230769 1 0.0769230769230769
12611 26 8 5 29 0.192307692307692 0.625 0.172413793103448
12634 31 13 8 36 0.258064516129032 0.615384615384615 0.222222222222222
12637 3 4 0 7 0 0 0
12638 2 3 0 5 0 0 0
12657 2 2 1 3 0.5 0.5 0.333333333333333
1273 294 59 34 319 0.115646258503401 0.576271186440678 0.106583072100313
12731 28 7 4 31 0.142857142857143 0.571428571428571 0.129032258064516
12732 16 2 2 16 0.125 1 0.125
12741 38 1 0 39 0 0 0
12767 6 1 0 7 0 0 0
12779 63 17 7 73 0.111111111111111 0.411764705882353 0.0958904109589041
12793 224 1 0 225 0 0 0
12816 2 2 2 2 1 1 1
12817 2 1 1 2 0.5 1 0.5
12853 1 5 0 6 0 0 0
12859 258 61 53 266 0.205426356589147 0.868852459016393 0.199248120300752
12871 29 16 9 36 0.310344827586207 0.5625 0.25
12895 4 1 1 4 0.25 1 0.25
12902 32 12 7 37 0.21875 0.583333333333333 0.189189189189189
12931 2 2 0 4 0 0 0
12956 227 5 5 227 0.0220264317180617 1 0.0220264317180617
12968 68 5 2 71 0.0294117647058824 0.4 0.028169014084507
1299 345 21 18 348 0.0521739130434783 0.857142857142857 0.0517241379310345
13 1 1 1 1 1 1 1
13030 443 1 1 443 0.00225733634311512 1 0.00225733634311512
13039 2 1 1 2 0.5 1 0.5
13041 8 2 2 8 0.25 1 0.25
13046 12 1 1 12 0.0833333333333333 1 0.0833333333333333
13092 3 1 1 3 0.333333333333333 1 0.333333333333333
13110 3 3 1 5 0.333333333333333 0.333333333333333 0.2
13115 4 1 0 5 0 0 0
13189 19 1 1 19 0.0526315789473684 1 0.0526315789473684
13193 42 17 7 52 0.166666666666667 0.411764705882353 0.134615384615385
13272 2 1 1 2 0.5 1 0.5
13300 2 1 0 3 0 0 0
13645 97 5 3 99 0.0309278350515464 0.6 0.0303030303030303
137 11 1 1 11 0.0909090909090909 1 0.0909090909090909
13944 2 9 0 11 0 0 0
14277 10 11 2 19 0.2 0.181818181818182 0.105263157894737
145 10 7 0 17 0 0 0
15169 66 3 1 68 0.0151515151515152 0.333333333333333 0.0147058823529412
15440 7 2 0 9 0 0 0
15444 262 18 12 268 0.0458015267175573 0.666666666666667 0.0447761194029851
15469 1 1 0 2 0 0 0
15501 2 2 2 2 1 1 1
15589 36 12 2 46 0.0555555555555556 0.166666666666667 0.0434782608695652
15600 32 8 6 34 0.1875 0.75 0.176470588235294
15623 17 3 2 18 0.117647058823529 0.666666666666667 0.111111111111111
15685 12 2 2 12 0.166666666666667 1 0.166666666666667
15703 68 1 1 68 0.0147058823529412 1 0.0147058823529412
15725 2 3 1 4 0.5 0.333333333333333 0.25
15798 2 1 0 3 0 0 0
16004 9 3 1 11 0.111111111111111 0.333333333333333 0.0909090909090909
16023 4 1 0 5 0 0 0
16034 199 21 17 203 0.085427135678392 0.80952380952381 0.083743842364532
16086 24 7 4 27 0.166666666666667 0.571428571428571 0.148148148148148
16091 1 1 0 2 0 0 0
16128 10 3 3 10 0.3 1 0.3
16131 26 11 4 33 0.153846153846154 0.363636363636364 0.121212121212121
16150 191 9 7 193 0.0366492146596859 0.777777777777778 0.0362694300518135
16186 6 9 1 14 0.166666666666667 0.111111111111111 0.0714285714285714
16215 7 3 2 8 0.285714285714286 0.666666666666667 0.25
16237 25 4 2 27 0.08 0.5 0.0740740740740741
16245 14 4 2 16 0.142857142857143 0.5 0.125
16260 21 1 1 21 0.0476190476190476 1 0.0476190476190476
16265 34 1 1 34 0.0294117647058824 1 0.0294117647058824
16276 48 2 2 48 0.0416666666666667 1 0.0416666666666667
1653 25 2 1 26 0.04 0.5 0.0384615384615385
16531 10 1 0 11 0 0 0
16713 24 2 0 26 0 0 0
16838 7 2 0 9 0 0 0
16942 2 1 0 3 0 0 0
17197 2 1 0 3 0 0 0
17263 4 1 0 5 0 0 0
1741 9 2 2 9 0.222222222222222 1 0.222222222222222
17435 3 1 0 4 0 0 0
17511 8 3 1 10 0.125 0.333333333333333 0.1
17527 3 6 0 9 0 0 0
17529 6 1 0 7 0 0 0
17579 9 6 4 11 0.444444444444444 0.666666666666667 0.363636363636364
1759 22 1 1 22 0.0454545454545455 1 0.0454545454545455
17676 24 2 1 25 0.0416666666666667 0.5 0.04
17709 8 1 0 9 0 0 0
17711 1 1 1 1 1 1 1
17713 3 1 1 3 0.333333333333333 1 0.333333333333333
17716 4 1 1 4 0.25 1 0.25
17828 2 1 0 3 0 0 0
17832 7 12 1 18 0.142857142857143 0.0833333333333333 0.0555555555555556
17843 2 1 1 2 0.5 1 0.5
17934 2 5 1 6 0.5 0.2 0.166666666666667
17935 1 2 0 3 0 0 0
17956 3 1 0 4 0 0 0
1797 2 2 0 4 0 0 0
1798 4 3 0 7 0 0 0
18119 3 1 0 4 0 0 0
18126 3 1 1 3 0.333333333333333 1 0.333333333333333
18185 5 1 1 5 0.2 1 0.2
18266 4 1 1 4 0.25 1 0.25
18288 4 1 1 4 0.25 1 0.25
1835 7 2 2 7 0.285714285714286 1 0.285714285714286
18422 5 1 1 5 0.2 1 0.2
1853 95 12 10 97 0.105263157894737 0.833333333333333 0.103092783505155
18592 21 4 3 22 0.142857142857143 0.75 0.136363636363636
18666 2 2 0 4 0 0 0
1887 5 1 1 5 0.2 1 0.2
1897 1 2 0 3 0 0 0
1916 16 5 2 19 0.125 0.4 0.105263157894737
1930 5 10 2 13 0.4 0.2 0.153846153846154
1942 1 1 1 1 1 1 1
195 8 1 1 8 0.125 1 0.125
1955 10 1 1 10 0.1 1 0.1
19782 7 1 1 7 0.142857142857143 1 0.142857142857143
20080 10 3 2 11 0.2 0.666666666666667 0.181818181818182
20312 8 1 1 8 0.125 1 0.125
2042 10 12 1 21 0.1 0.0833333333333333 0.0476190476190476
2044 14 2 0 16 0 0 0
20473 6 1 0 7 0 0 0
20495 108 9 5 112 0.0462962962962963 0.555555555555556 0.0446428571428571
20569 6 2 1 7 0.166666666666667 0.5 0.142857142857143
20612 4 1 1 4 0.25 1 0.25
20621 2 2 2 2 1 1 1
20640 188 50 40 198 0.212765957446809 0.8 0.202020202020202
20646 55 15 11 59 0.2 0.733333333333333 0.186440677966102
20704 14 4 2 16 0.142857142857143 0.5 0.125
20712 7 1 0 8 0 0 0
20718 23 7 4 26 0.173913043478261 0.571428571428571 0.153846153846154
20745 2 3 0 5 0 0 0
20762 2 1 0 3 0 0 0
20794 3 3 0 6 0 0 0
20834 36 5 3 38 0.0833333333333333 0.6 0.0789473684210526
20847 40 12 8 44 0.2 0.666666666666667 0.181818181818182
209 1148 1 1 1148 0.000871080139372822 1 0.000871080139372822
20900 2 1 0 3 0 0 0
20912 2 3 0 5 0 0 0
20965 42 36 36 42 0.857142857142857 1 0.857142857142857
21055 16 1 1 16 0.0625 1 0.0625
2107 1 1 1 1 1 1 1
2108 1 1 1 1 1 1 1
2110 42 9 4 47 0.0952380952380952 0.444444444444444 0.0851063829787234
21119 8 1 0 9 0 0 0
21155 45 17 10 52 0.222222222222222 0.588235294117647 0.192307692307692
2116 69 1 1 69 0.0144927536231884 1 0.0144927536231884
21193 2 2 1 3 0.5 0.5 0.333333333333333
21221 28 4 2 30 0.0714285714285714 0.5 0.0666666666666667
2128 2 1 1 2 0.5 1 0.5
21385 47 8 5 50 0.106382978723404 0.625 0.1
21501 5 1 0 6 0 0 0
2153 26 6 5 27 0.192307692307692 0.833333333333333 0.185185185185185
2200 45 8 5 48 0.111111111111111 0.625 0.104166666666667
22166 2 1 0 3 0 0 0
22335 24 2 1 25 0.0416666666666667 0.5 0.04
22388 5 3 3 5 0.6 1 0.6
224 6 4 1 9 0.166666666666667 0.25 0.111111111111111
22548 4 2 0 6 0 0 0
226 18 1 1 18 0.0555555555555556 1 0.0555555555555556
22767 1 1 1 1 1 1 1
23393 26 4 2 28 0.0769230769230769 0.5 0.0714285714285714
23600 2 1 1 2 0.5 1 0.5
23624 2 1 1 2 0.5 1 0.5
23634 5 1 1 5 0.2 1 0.2
23774 4 2 1 5 0.25 0.5 0.2
23787 1 1 1 1 1 1 1
2381 23 2 2 23 0.0869565217391304 1 0.0869565217391304
23902 1 2 0 3 0 0 0
23910 1 3 1 3 1 0.333333333333333 0.333333333333333
23911 1 2 1 2 1 0.5 0.5
23912 1 2 0 3 0 0 0
24 9 2 2 9 0.222222222222222 1 0.222222222222222
24252 3 3 2 4 0.666666666666667 0.666666666666667 0.5
24586 11 2 1 12 0.0909090909090909 0.5 0.0833333333333333
24587 52 15 9 58 0.173076923076923 0.6 0.155172413793103
24723 2 1 0 3 0 0 0
24730 32 7 5 34 0.15625 0.714285714285714 0.147058823529412
24776 6 2 1 7 0.166666666666667 0.5 0.142857142857143
24875 28 12 5 35 0.178571428571429 0.416666666666667 0.142857142857143
2497 205 56 40 221 0.195121951219512 0.714285714285714 0.180995475113122
24973 2 1 1 2 0.5 1 0.5
250 3 3 0 6 0 0 0
2500 26 53 12 67 0.461538461538462 0.226415094339623 0.17910447761194
25058 2 2 2 2 1 1 1
251 2 2 1 3 0.5 0.5 0.333333333333333
2510 15 7 3 19 0.2 0.428571428571429 0.157894736842105
25108 14 4 1 17 0.0714285714285714 0.25 0.0588235294117647
25137 37 9 5 41 0.135135135135135 0.555555555555556 0.121951219512195
2514 14 4 3 15 0.214285714285714 0.75 0.2
25152 34 6 3 37 0.0882352941176471 0.5 0.0810810810810811
2516 298 45 31 312 0.104026845637584 0.688888888888889 0.0993589743589744
2518 62 10 5 67 0.0806451612903226 0.5 0.0746268656716418
2519 27 3 0 30 0 0 0
25208 6 2 0 8 0 0 0
25220 17 2 2 17 0.117647058823529 1 0.117647058823529
2523 4 2 1 5 0.25 0.5 0.2
25232 202 9 8 203 0.0396039603960396 0.888888888888889 0.0394088669950739
2527 8 7 2 13 0.25 0.285714285714286 0.153846153846154
25358 15 10 1 24 0.0666666666666667 0.1 0.0416666666666667
25384 9 3 1 11 0.111111111111111 0.333333333333333 0.0909090909090909
2549 2 2 1 3 0.5 0.5 0.333333333333333
25492 2 2 1 3 0.5 0.5 0.333333333333333
25538 2 1 0 3 0 0 0
25560 138 14 9 143 0.0652173913043478 0.642857142857143 0.0629370629370629
2594 7 1 1 7 0.142857142857143 1 0.142857142857143
2595 3 1 1 3 0.333333333333333 1 0.333333333333333
2602 2 2 1 3 0.5 0.5 0.333333333333333
2603 33 10 8 35 0.242424242424242 0.8 0.228571428571429
2607 42 4 2 44 0.0476190476190476 0.5 0.0454545454545455
2609 2 2 0 4 0 0 0
2611 41 12 8 45 0.195121951219512 0.666666666666667 0.177777777777778
2614 11 2 1 12 0.0909090909090909 0.5 0.0833333333333333
26415 14 3 0 17 0 0 0
27133 1 1 0 2 0 0 0
27319 26 1 1 26 0.0384615384615385 1 0.0384615384615385
278 7 7 1 13 0.142857142857143 0.142857142857143 0.0769230769230769
2819 22 3 0 25 0 0 0
2847 2 1 1 2 0.5 1 0.5
2852 7 3 3 7 0.428571428571429 1 0.428571428571429
28678 1 1 1 1 1 1 1
28716 29 3 2 30 0.0689655172413793 0.666666666666667 0.0666666666666667
28725 5 1 1 5 0.2 1 0.2
28788 37 3 3 37 0.0810810810810811 1 0.0810810810810811
28814 1 1 1 1 1 1 1
2895 9 2 2 9 0.222222222222222 1 0.222222222222222
29009 2 1 1 2 0.5 1 0.5
2905 29 2 1 30 0.0344827586206897 0.5 0.0333333333333333
2907 64 7 3 68 0.046875 0.428571428571429 0.0441176470588235
2914 524 116 61 579 0.116412213740458 0.525862068965517 0.105354058721934
2915 33 7 3 37 0.0909090909090909 0.428571428571429 0.0810810810810811
29208 13 1 0 14 0 0 0
29216 1 3 1 3 1 0.333333333333333 0.333333333333333
29243 3 2 2 3 0.666666666666667 1 0.666666666666667
29259 3 3 2 4 0.666666666666667 0.666666666666667 0.5
293 112 21 14 119 0.125 0.666666666666667 0.117647058823529
29317 1 1 0 2 0 0 0
29377 1 5 0 6 0 0 0
29422 4 1 1 4 0.25 1 0.25
29432 1 1 1 1 1 1 1
29449 3 5 1 7 0.333333333333333 0.2 0.142857142857143
29452 7 3 0 10 0 0 0
29527 15 2 2 15 0.133333333333333 1 0.133333333333333
29632 6 1 0 7 0 0 0
29636 17 4 2 19 0.117647058823529 0.5 0.105263157894737
29686 315 59 53 321 0.168253968253968 0.898305084745763 0.165109034267913
29748 18 2 1 19 0.0555555555555556 0.5 0.0526315789473684
29838 8 3 1 10 0.125 0.333333333333333 0.1
30071 6 46 3 49 0.5 0.0652173913043478 0.0612244897959184
30128 3 3 2 4 0.666666666666667 0.666666666666667 0.5
30129 1 2 1 2 1 0.5 0.5
30132 7 2 2 7 0.285714285714286 1 0.285714285714286
302 2 1 0 3 0 0 0
30653 15 2 0 17 0 0 0
31064 3 1 0 4 0 0 0
31103 2 5 0 7 0 0 0
3111 1 1 0 2 0 0 0
31246 7 1 1 7 0.142857142857143 1 0.142857142857143
31265 1 1 1 1 1 1 1
31283 6 2 0 8 0 0 0
31383 14 9 4 19 0.285714285714286 0.444444444444444 0.210526315789474
31458 14 1 0 15 0 0 0
31479 3 1 1 3 0.333333333333333 1 0.333333333333333
31508 25 5 2 28 0.08 0.4 0.0714285714285714
31985 4 1 0 5 0 0 0
3212 32 1 1 32 0.03125 1 0.03125
3213 11 1 0 12 0 0 0
3221 1 1 1 1 1 1 1
3243 11 5 1 15 0.0909090909090909 0.2 0.0666666666666667
32459 2 1 0 3 0 0 0
3246 111 15 13 113 0.117117117117117 0.866666666666667 0.115044247787611
3248 14 3 1 16 0.0714285714285714 0.333333333333333 0.0625
3249 33 3 1 35 0.0303030303030303 0.333333333333333 0.0285714285714286
3257 253 125 50 328 0.197628458498024 0.4 0.152439024390244
3265 37 20 7 50 0.189189189189189 0.35 0.14
3268 1 1 1 1 1 1 1
3274 3 2 0 5 0 0 0
3292 307 11 10 308 0.0325732899022801 0.909090909090909 0.0324675324675325
32978 2 1 1 2 0.5 1 0.5
33 8 14 3 19 0.375 0.214285714285714 0.157894736842105
3301 38 1 1 38 0.0263157894736842 1 0.0263157894736842
3303 571 8 4 575 0.00700525394045534 0.5 0.00695652173913044
3320 361 20 9 372 0.0249307479224377 0.45 0.0241935483870968
3327 16 6 2 20 0.125 0.333333333333333 0.1
3333 142 28 25 145 0.176056338028169 0.892857142857143 0.172413793103448
3343 15 3 3 15 0.2 1 0.2
3344 33 12 7 38 0.212121212121212 0.583333333333333 0.184210526315789
3352 56 3 1 58 0.0178571428571429 0.333333333333333 0.0172413793103448
3356 1287 15 13 1289 0.0101010101010101 0.866666666666667 0.0100853374709077
34243 1 1 1 1 1 1 1
34288 2 3 0 5 0 0 0
34465 6 3 2 7 0.333333333333333 0.666666666666667 0.285714285714286
34623 1 1 1 1 1 1 1
34631 2 2 1 3 0.5 0.5 0.333333333333333
34695 1 1 0 2 0 0 0
34771 3 2 2 3 0.666666666666667 1 0.666666666666667
35086 3 1 1 3 0.333333333333333 1 0.333333333333333
3549 688 44 30 702 0.0436046511627907 0.681818181818182 0.0427350427350427
3557 85 19 14 90 0.164705882352941 0.736842105263158 0.155555555555556
3582 4 3 0 7 0 0 0
3597 9 2 0 11 0 0 0
3661 3 1 0 4 0 0 0
3662 13 1 1 13 0.0769230769230769 1 0.0769230769230769
3741 184 1 0 185 0 0 0
3748 2 4 1 5 0.5 0.25 0.2
3758 33 7 0 40 0 0 0
376 10 1 1 10 0.1 1 0.1
378 2 1 1 2 0.5 1 0.5
3786 299 3 1 301 0.00334448160535117 0.333333333333333 0.00332225913621262
3825 1 1 0 2 0 0 0
3836 7 3 0 10 0 0 0
42 53 2 2 53 0.0377358490566038 1 0.0377358490566038
4436 68 5 4 69 0.0588235294117647 0.8 0.0579710144927536
4538 14 9 4 19 0.285714285714286 0.444444444444444 0.210526315789474
4555 1 7 0 8 0 0 0
4589 481 29 22 488 0.0457380457380457 0.758620689655172 0.0450819672131148
4608 2 1 1 2 0.5 1 0.5
4618 13 6 1 18 0.0769230769230769 0.166666666666667 0.0555555555555556
4621 24 1 1 24 0.0416666666666667 1 0.0416666666666667
4645 15 1 1 15 0.0666666666666667 1 0.0666666666666667
4651 24 5 2 27 0.0833333333333333 0.4 0.0740740740740741
4673 7 1 0 8 0 0 0
4675 6 5 2 9 0.333333333333333 0.4 0.222222222222222
4677 4 9 2 11 0.5 0.222222222222222 0.181818181818182
4678 6 8 2 12 0.333333333333333 0.25 0.166666666666667
4680 9 5 2 12 0.222222222222222 0.4 0.166666666666667
4685 7 6 3 10 0.428571428571429 0.5 0.3
4688 10 8 3 15 0.3 0.375 0.2
4691 7 18 5 20 0.714285714285714 0.277777777777778 0.25
4694 68 2 2 68 0.0294117647058824 1 0.0294117647058824
4697 1 25 1 25 1 0.04 0.04
4702 5 4 2 7 0.4 0.5 0.285714285714286
4713 86 4 4 86 0.0465116279069767 1 0.0465116279069767
4716 100 25 13 112 0.13 0.52 0.116071428571429
4717 4 3 2 5 0.5 0.666666666666667 0.4
4718 4 6 2 8 0.5 0.333333333333333 0.25
4721 9 6 0 15 0 0 0
4725 89 39 9 119 0.101123595505618 0.230769230769231 0.0756302521008403
4741 5 1 0 6 0 0 0
4747 9 2 0 11 0 0 0
4750 35 3 0 38 0 0 0
4774 4 2 2 4 0.5 1 0.5
4777 29 8 6 31 0.206896551724138 0.75 0.193548387096774
4780 23 2 1 24 0.0434782608695652 0.5 0.0416666666666667
4787 7 7 0 14 0 0 0
4788 81 6 3 84 0.037037037037037 0.5 0.0357142857142857
4795 24 2 0 26 0 0 0
5050 10 2 2 10 0.2 1 0.2
513 35 11 6 40 0.171428571428571 0.545454545454545 0.15
517 1 2 0 3 0 0 0
5381 14 4 0 18 0 0 0
5385 11 10 3 18 0.272727272727273 0.3 0.166666666666667
5408 29 2 2 29 0.0689655172413793 1 0.0689655172413793
5410 43 6 1 48 0.0232558139534884 0.166666666666667 0.0208333333333333
5417 156 29 23 162 0.147435897435897 0.793103448275862 0.141975308641975
5418 8 2 2 8 0.25 1 0.25
5424 9 3 1 11 0.111111111111111 0.333333333333333 0.0909090909090909
5430 58 15 10 63 0.172413793103448 0.666666666666667 0.158730158730159
5459 185 7 7 185 0.0378378378378378 1 0.0378378378378378
5466 55 1 0 56 0 0 0
5486 30 2 0 32 0 0 0
5511 175 44 16 203 0.0914285714285714 0.363636363636364 0.0788177339901478
553 35 8 6 37 0.171428571428571 0.75 0.162162162162162
5533 5 2 1 6 0.2 0.5 0.166666666666667
5537 21 2 1 22 0.0476190476190476 0.5 0.0454545454545455
5539 35 35 10 60 0.285714285714286 0.285714285714286 0.166666666666667
5550 3 2 1 4 0.333333333333333 0.5 0.25
5568 83 5 4 84 0.0481927710843374 0.8 0.0476190476190476
559 53 17 15 55 0.283018867924528 0.882352941176471 0.272727272727273
5602 17 4 3 18 0.176470588235294 0.75 0.166666666666667
5609 2 16 0 18 0 0 0
5617 90 2 0 92 0 0 0
5623 1 3 0 4 0 0 0
5669 72 5 3 74 0.0416666666666667 0.6 0.0405405405405405
5693 6 2 1 7 0.166666666666667 0.5 0.142857142857143
6062 8 3 0 11 0 0 0
6066 3 1 0 4 0 0 0
6140 106 1 0 107 0 0 0
6163 8 2 0 10 0 0 0
6320 304 2 1 305 0.00328947368421053 0.5 0.00327868852459016
6342 4 2 0 6 0 0 0
6360 9 1 1 9 0.111111111111111 1 0.111111111111111
6435 3 21 0 24 0 0 0
6453 309 23 21 311 0.0679611650485437 0.91304347826087 0.067524115755627
6461 655 4 4 655 0.00610687022900763 1 0.00610687022900763
6509 36 3 3 36 0.0833333333333333 1 0.0833333333333333
6596 24 1 1 24 0.0416666666666667 1 0.0416666666666667
6619 13 1 1 13 0.0769230769230769 1 0.0769230769230769
6666 28 9 5 32 0.178571428571429 0.555555555555556 0.15625
6667 400 55 52 403 0.13 0.945454545454545 0.129032258064516
6677 10 2 1 11 0.1 0.5 0.0909090909090909
668 39 6 2 43 0.0512820512820513 0.333333333333333 0.0465116279069767
6695 88 2 2 88 0.0227272727272727 1 0.0227272727272727
6696 8 4 2 10 0.25 0.5 0.2
6706 4 2 1 5 0.25 0.5 0.2
6730 542 7 6 543 0.011070110701107 0.857142857142857 0.0110497237569061
6762 134 11 9 136 0.0671641791044776 0.818181818181818 0.0661764705882353
6770 22 3 3 22 0.136363636363636 1 0.136363636363636
6772 8 2 2 8 0.25 1 0.25
6774 62 1 0 63 0 0 0
6775 3 1 1 3 0.333333333333333 1 0.333333333333333
680 47 11 9 49 0.191489361702128 0.818181818181818 0.183673469387755
6802 6 1 1 6 0.166666666666667 1 0.166666666666667
6824 3 1 1 3 0.333333333333333 1 0.333333333333333
6830 61 89 21 129 0.344262295081967 0.235955056179775 0.162790697674419
6881 7 1 0 8 0 0 0
6895 32 1 1 32 0.03125 1 0.03125
6939 491 46 16 521 0.0325865580448065 0.347826086956522 0.0307101727447217
7018 1989 5 3 1991 0.00150829562594268 0.6 0.00150678051230537
7065 10 2 1 11 0.1 0.5 0.0909090909090909
71 9 2 0 11 0 0 0
7470 22 1 1 22 0.0454545454545455 1 0.0454545454545455
7500 69 5 3 71 0.0434782608695652 0.6 0.0422535211267606
7514 20 8 4 24 0.2 0.5 0.166666666666667
7521 3 3 1 5 0.333333333333333 0.333333333333333 0.2
7522 5 6 2 9 0.4 0.333333333333333 0.222222222222222
7530 2 5 0 7 0 0 0
7539 23 10 8 25 0.347826086956522 0.8 0.32
7570 5 1 1 5 0.2 1 0.2
7575 113 9 7 115 0.0619469026548673 0.777777777777778 0.0608695652173913
7610 22 3 2 23 0.0909090909090909 0.666666666666667 0.0869565217391304
766 17 5 3 19 0.176470588235294 0.6 0.157894736842105
7660 30 31 16 45 0.533333333333333 0.516129032258065 0.355555555555556
7665 2 1 1 2 0.5 1 0.5
7667 3 6 3 6 1 0.5 0.5
7668 8 1 1 8 0.125 1 0.125
7670 14 2 2 14 0.142857142857143 1 0.142857142857143
7671 3 36 3 36 1 0.0833333333333333 0.0833333333333333
7682 10 2 1 11 0.1 0.5 0.0909090909090909
7687 4 3 1 6 0.25 0.333333333333333 0.166666666666667
7786 5 1 0 6 0 0 0
786 40 8 3 45 0.075 0.375 0.0666666666666667
790 2 4 1 5 0.5 0.25 0.2
8002 29 3 0 32 0 0 0
8070 1 1 0 2 0 0 0
81 10 1 0 11 0 0 0
8121 22 3 1 24 0.0454545454545455 0.333333333333333 0.0416666666666667
8175 3 2 0 5 0 0 0
8195 33 6 3 36 0.0909090909090909 0.5 0.0833333333333333
8220 640 12 11 641 0.0171875 0.916666666666667 0.0171606864274571
8226 2 1 0 3 0 0 0
8237 8 3 0 11 0 0 0
8246 124 2 1 125 0.00806451612903226 0.5 0.008
8256 2 1 1 2 0.5 1 0.5
8267 2 2 0 4 0 0 0
8319 25 8 5 28 0.2 0.625 0.178571428571429
8364 9 1 1 9 0.111111111111111 1 0.111111111111111
8365 28 10 7 31 0.25 0.7 0.225806451612903
8419 23 4 2 25 0.0869565217391304 0.5 0.08
8426 227 7 4 230 0.0176211453744493 0.571428571428571 0.0173913043478261
8447 256 15 13 258 0.05078125 0.866666666666667 0.0503875968992248
8469 31 6 4 33 0.129032258064516 0.666666666666667 0.121212121212121
8472 37 9 1 45 0.027027027027027 0.111111111111111 0.0222222222222222
8481 3 1 0 4 0 0 0
8501 33 7 7 33 0.212121212121212 1 0.212121212121212
8517 17 1 1 17 0.0588235294117647 1 0.0588235294117647
8527 14 1 1 14 0.0714285714285714 1 0.0714285714285714
8554 7 1 1 7 0.142857142857143 1 0.142857142857143
8560 50 13 9 54 0.18 0.692307692307692 0.166666666666667
8565 6 1 0 7 0 0 0
8586 45 2 2 45 0.0444444444444444 1 0.0444444444444444
8591 24 7 4 27 0.166666666666667 0.571428571428571 0.148148148148148
8657 62 2 1 63 0.0161290322580645 0.5 0.0158730158730159
8664 7 3 0 10 0 0 0
8665 18 9 5 22 0.277777777777778 0.555555555555556 0.227272727272727
8674 39 3 3 39 0.0769230769230769 1 0.0769230769230769
8676 6 1 0 7 0 0 0
8708 162 6 3 165 0.0185185185185185 0.5 0.0181818181818182
8728 1 1 1 1 1 1 1
8737 32 9 5 36 0.15625 0.555555555555556 0.138888888888889
8758 7 4 2 9 0.285714285714286 0.5 0.222222222222222
8763 119 27 24 122 0.201680672268908 0.888888888888889 0.19672131147541
8767 25 6 4 27 0.16 0.666666666666667 0.148148148148148
8781 3 1 1 3 0.333333333333333 1 0.333333333333333
8823 5 1 1 5 0.2 1 0.2
8881 93 1 1 93 0.010752688172043 1 0.010752688172043
8903 5 5 0 10 0 0 0
8921 1 2 0 3 0 0 0
8925 3 1 0 4 0 0 0
8943 11 1 0 12 0 0 0
8954 24 8 4 28 0.166666666666667 0.5 0.142857142857143
8970 2 1 1 2 0.5 1 0.5
8975 56 3 2 57 0.0357142857142857 0.666666666666667 0.0350877192982456
9009 132 13 10 135 0.0757575757575758 0.769230769230769 0.0740740740740741
9044 83 1 1 83 0.0120481927710843 1 0.0120481927710843
9080 6 2 1 7 0.166666666666667 0.5 0.142857142857143
9085 5 1 0 6 0 0 0
9112 4 3 1 6 0.25 0.333333333333333 0.166666666666667
9150 26 2 1 27 0.0384615384615385 0.5 0.037037037037037
9153 38 2 2 38 0.0526315789473684 1 0.0526315789473684
9264 53 78 16 115 0.30188679245283 0.205128205128205 0.139130434782609
9270 33 8 6 35 0.181818181818182 0.75 0.171428571428571
9316 31 1 0 32 0 0 0
9406 1 1 0 2 0 0 0
9416 17 2 0 19 0 0 0
9583 23 1 0 24 0 0 0
9595 8 3 2 9 0.25 0.666666666666667 0.222222222222222
9600 6 9 2 13 0.333333333333333 0.222222222222222 0.153846153846154
9607 6 5 0 11 0 0 0
9612 1 3 0 4 0 0 0
9619 2 2 2 2 1 1 1
9621 2 7 1 8 0.5 0.142857142857143 0.125
9622 4 1 1 4 0.25 1 0.25
9687 2 1 1 2 0.5 1 0.5
9758 2 1 0 3 0 0 0
9821 4 1 1 4 0.25 1 0.25
9844 2 1 0 3 0 0 0
9901 23 2 0 25 0 0 0
9995 3 2 2 3 0.666666666666667 1 0.666666666666667
