#ASN num_v4adj num_v6adj num_intersect(v4v6adj) num_union(adj) fr_v4(num_intersect/num_v4adj) fr_v6(num_intersect/num_v6adj) fr_intersect(num_intersect/num_union)
10013 3 7 2 8 0.666666666666667 0.285714285714286 0.25
10015 11 1 0 12 0 0 0
10063 3 1 1 3 0.333333333333333 1 0.333333333333333
101 42 2 2 42 0.0476190476190476 1 0.0476190476190476
10204 8 3 1 10 0.125 0.333333333333333 0.1
10318 4 2 0 6 0 0 0
10343 2 1 1 2 0.5 1 0.5
10429 25 1 1 25 0.04 1 0.04
10480 6 1 1 6 0.166666666666667 1 0.166666666666667
10586 3 2 0 5 0 0 0
10886 29 2 2 29 0.0689655172413793 1 0.0689655172413793
109 9 13 1 21 0.111111111111111 0.0769230769230769 0.0476190476190476
1103 151 37 33 155 0.218543046357616 0.891891891891892 0.212903225806452
11340 3 2 1 4 0.333333333333333 0.5 0.25
1140 21 2 0 23 0 0 0
11537 74 40 29 85 0.391891891891892 0.725 0.341176470588235
11990 4 1 0 5 0 0 0
1200 30 8 5 33 0.166666666666667 0.625 0.151515151515152
12008 23 1 1 23 0.0434782608695652 1 0.0434782608695652
12046 2 1 1 2 0.5 1 0.5
12111 25 2 2 25 0.08 1 0.08
1213 2 2 2 2 1 1 1
12199 1 4 0 5 0 0 0
1221 93 5 1 97 0.010752688172043 0.2 0.0103092783505155
12312 26 1 1 26 0.0384615384615385 1 0.0384615384615385
12337 34 9 7 36 0.205882352941176 0.777777777777778 0.194444444444444
12353 5 3 0 8 0 0 0
12355 3 1 0 4 0 0 0
1237 27 3 2 28 0.0740740740740741 0.666666666666667 0.0714285714285714
12371 3 1 0 4 0 0 0
12386 8 3 2 9 0.25 0.666666666666667 0.222222222222222
12401 10 4 2 12 0.2 0.5 0.166666666666667
12414 35 13 8 40 0.228571428571429 0.615384615384615 0.2
1251 5 1 1 5 0.2 1 0.2
12533 2 1 0 3 0 0 0
12565 1 2 0 3 0 0 0
1257 160 4 1 163 0.00625 0.25 0.00613496932515337
12600 12 1 1 12 0.0833333333333333 1 0.0833333333333333
12611 30 8 5 33 0.166666666666667 0.625 0.151515151515152
12634 32 12 7 37 0.21875 0.583333333333333 0.189189189189189
12637 3 3 0 6 0 0 0
12638 2 3 0 5 0 0 0
12657 2 2 1 3 0.5 0.5 0.333333333333333
1273 300 60 36 324 0.12 0.6 0.111111111111111
12731 30 6 4 32 0.133333333333333 0.666666666666667 0.125
12732 14 2 1 15 0.0714285714285714 0.5 0.0666666666666667
12741 42 1 0 43 0 0 0
12767 7 1 0 8 0 0 0
12779 61 16 7 70 0.114754098360656 0.4375 0.1
12793 236 1 0 237 0 0 0
12816 1 1 1 1 1 1 1
12817 2 2 2 2 1 1 1
12853 1 5 0 6 0 0 0
12859 261 60 51 270 0.195402298850575 0.85 0.188888888888889
12871 30 16 9 37 0.3 0.5625 0.243243243243243
12895 4 1 1 4 0.25 1 0.25
12902 33 12 8 37 0.242424242424242 0.666666666666667 0.216216216216216
12931 2 2 0 4 0 0 0
12956 184 6 6 184 0.0326086956521739 1 0.0326086956521739
12968 70 6 2 74 0.0285714285714286 0.333333333333333 0.027027027027027
1299 355 20 17 358 0.047887323943662 0.85 0.0474860335195531
13 1 1 1 1 1 1 1
13030 471 1 1 471 0.00212314225053079 1 0.00212314225053079
13039 2 1 1 2 0.5 1 0.5
13041 7 2 2 7 0.285714285714286 1 0.285714285714286
13046 15 1 1 15 0.0666666666666667 1 0.0666666666666667
13092 3 1 1 3 0.333333333333333 1 0.333333333333333
13110 4 6 3 7 0.75 0.5 0.428571428571429
13115 4 1 0 5 0 0 0
13189 22 1 1 22 0.0454545454545455 1 0.0454545454545455
13193 44 18 8 54 0.181818181818182 0.444444444444444 0.148148148148148
13272 2 1 1 2 0.5 1 0.5
13300 1 1 0 2 0 0 0
13645 108 5 3 110 0.0277777777777778 0.6 0.0272727272727273
137 11 1 1 11 0.0909090909090909 1 0.0909090909090909
13944 2 9 0 11 0 0 0
14277 10 12 3 19 0.3 0.25 0.157894736842105
145 10 5 0 15 0 0 0
14654 3 1 0 4 0 0 0
15169 71 4 1 74 0.0140845070422535 0.25 0.0135135135135135
15440 7 2 0 9 0 0 0
15444 261 19 13 267 0.0498084291187739 0.684210526315789 0.048689138576779
15469 1 1 0 2 0 0 0
15501 2 2 2 2 1 1 1
15589 34 9 1 42 0.0294117647058824 0.111111111111111 0.0238095238095238
15600 37 9 7 39 0.189189189189189 0.777777777777778 0.179487179487179
15623 19 4 3 20 0.157894736842105 0.75 0.15
15685 12 3 3 12 0.25 1 0.25
15694 40 1 1 40 0.025 1 0.025
15725 2 3 1 4 0.5 0.333333333333333 0.25
15798 2 1 0 3 0 0 0
15919 6 1 1 6 0.166666666666667 1 0.166666666666667
16004 11 3 2 12 0.181818181818182 0.666666666666667 0.166666666666667
16023 4 1 0 5 0 0 0
16034 208 24 19 213 0.0913461538461538 0.791666666666667 0.0892018779342723
16086 26 7 4 29 0.153846153846154 0.571428571428571 0.137931034482759
16091 1 1 0 2 0 0 0
16128 11 3 3 11 0.272727272727273 1 0.272727272727273
16131 27 9 4 32 0.148148148148148 0.444444444444444 0.125
16150 210 10 6 214 0.0285714285714286 0.6 0.0280373831775701
16186 5 9 1 13 0.2 0.111111111111111 0.0769230769230769
16215 161 28 23 166 0.142857142857143 0.821428571428571 0.13855421686747
16237 24 4 2 26 0.0833333333333333 0.5 0.0769230769230769
16245 13 3 2 14 0.153846153846154 0.666666666666667 0.142857142857143
16265 37 1 1 37 0.027027027027027 1 0.027027027027027
16276 53 2 2 53 0.0377358490566038 1 0.0377358490566038
1653 27 2 1 28 0.037037037037037 0.5 0.0357142857142857
16531 12 1 0 13 0 0 0
1659 14 3 2 15 0.142857142857143 0.666666666666667 0.133333333333333
16713 26 2 0 28 0 0 0
16838 9 2 0 11 0 0 0
16942 2 2 0 4 0 0 0
17197 2 1 0 3 0 0 0
17263 4 1 0 5 0 0 0
1741 9 2 2 9 0.222222222222222 1 0.222222222222222
17435 3 1 0 4 0 0 0
17511 8 2 0 10 0 0 0
17527 3 5 0 8 0 0 0
17529 6 1 0 7 0 0 0
17579 8 8 5 11 0.625 0.625 0.454545454545455
1759 22 1 1 22 0.0454545454545455 1 0.0454545454545455
17676 26 5 2 29 0.0769230769230769 0.4 0.0689655172413793
17709 9 1 0 10 0 0 0
17716 4 1 1 4 0.25 1 0.25
17828 2 1 0 3 0 0 0
17832 6 13 1 18 0.166666666666667 0.0769230769230769 0.0555555555555556
17843 2 1 1 2 0.5 1 0.5
17853 1 1 0 2 0 0 0
17934 2 5 1 6 0.5 0.2 0.166666666666667
17935 1 2 0 3 0 0 0
17956 3 1 0 4 0 0 0
1797 2 3 2 3 1 0.666666666666667 0.666666666666667
1798 4 2 0 6 0 0 0
18015 1 1 1 1 1 1 1
18119 2 1 0 3 0 0 0
18126 3 1 1 3 0.333333333333333 1 0.333333333333333
18185 4 2 1 5 0.25 0.5 0.2
18266 4 1 1 4 0.25 1 0.25
18288 3 1 1 3 0.333333333333333 1 0.333333333333333
1835 7 2 2 7 0.285714285714286 1 0.285714285714286
18422 5 1 1 5 0.2 1 0.2
1853 96 12 10 98 0.104166666666667 0.833333333333333 0.102040816326531
18592 23 5 5 23 0.217391304347826 1 0.217391304347826
18666 2 2 0 4 0 0 0
1887 4 1 1 4 0.25 1 0.25
1897 1 2 0 3 0 0 0
1916 16 5 3 18 0.1875 0.6 0.166666666666667
1930 7 9 3 13 0.428571428571429 0.333333333333333 0.230769230769231
1955 10 1 1 10 0.1 1 0.1
19782 6 1 1 6 0.166666666666667 1 0.166666666666667
20080 9 3 2 10 0.222222222222222 0.666666666666667 0.2
20312 8 1 1 8 0.125 1 0.125
2042 11 11 1 21 0.0909090909090909 0.0909090909090909 0.0476190476190476
20473 5 1 0 6 0 0 0
20495 112 8 5 115 0.0446428571428571 0.625 0.0434782608695652
20569 6 2 1 7 0.166666666666667 0.5 0.142857142857143
20612 3 2 1 4 0.333333333333333 0.5 0.25
20621 2 2 2 2 1 1 1
20640 185 54 42 197 0.227027027027027 0.777777777777778 0.213197969543147
20646 54 15 10 59 0.185185185185185 0.666666666666667 0.169491525423729
20704 14 4 2 16 0.142857142857143 0.5 0.125
20712 7 1 0 8 0 0 0
20718 23 7 4 26 0.173913043478261 0.571428571428571 0.153846153846154
20745 2 4 0 6 0 0 0
20794 3 2 0 5 0 0 0
20834 39 5 3 41 0.0769230769230769 0.6 0.0731707317073171
20847 43 11 8 46 0.186046511627907 0.727272727272727 0.173913043478261
209 1167 1 1 1167 0.000856898029134533 1 0.000856898029134533
20900 1 1 0 2 0 0 0
20912 2 4 0 6 0 0 0
20965 42 37 37 42 0.880952380952381 1 0.880952380952381
210 8 1 1 8 0.125 1 0.125
21055 16 2 1 17 0.0625 0.5 0.0588235294117647
2107 1 1 1 1 1 1 1
2108 1 1 1 1 1 1 1
2110 43 9 4 48 0.0930232558139535 0.444444444444444 0.0833333333333333
21119 7 1 0 8 0 0 0
21155 45 17 9 53 0.2 0.529411764705882 0.169811320754717
2116 71 1 1 71 0.0140845070422535 1 0.0140845070422535
21193 2 2 1 3 0.5 0.5 0.333333333333333
21221 29 10 7 32 0.241379310344828 0.7 0.21875
2128 2 1 1 2 0.5 1 0.5
21385 50 7 5 52 0.1 0.714285714285714 0.0961538461538462
2153 31 7 7 31 0.225806451612903 1 0.225806451612903
21548 12 1 1 12 0.0833333333333333 1 0.0833333333333333
21947 16 2 2 16 0.125 1 0.125
2200 43 7 4 46 0.0930232558139535 0.571428571428571 0.0869565217391304
22166 2 1 0 3 0 0 0
22335 25 1 1 25 0.04 1 0.04
22388 3 3 3 3 1 1 1
224 6 4 1 9 0.166666666666667 0.25 0.111111111111111
22548 4 2 0 6 0 0 0
226 20 1 1 20 0.05 1 0.05
22767 2 1 1 2 0.5 1 0.5
23265 13 1 1 13 0.0769230769230769 1 0.0769230769230769
23393 25 4 2 27 0.08 0.5 0.0740740740740741
23600 2 1 1 2 0.5 1 0.5
23624 2 1 1 2 0.5 1 0.5
23634 5 1 1 5 0.2 1 0.2
23774 4 2 1 5 0.25 0.5 0.2
23787 1 1 1 1 1 1 1
2381 24 3 2 25 0.0833333333333333 0.666666666666667 0.08
23902 1 2 0 3 0 0 0
23910 1 2 1 2 1 0.5 0.5
23911 1 2 1 2 1 0.5 0.5
23912 1 1 0 2 0 0 0
24 8 3 3 8 0.375 1 0.375
24252 3 3 2 4 0.666666666666667 0.666666666666667 0.5
24586 15 5 3 17 0.2 0.6 0.176470588235294
24587 57 15 9 63 0.157894736842105 0.6 0.142857142857143
24724 21 3 3 21 0.142857142857143 1 0.142857142857143
24730 33 7 4 36 0.121212121212121 0.571428571428571 0.111111111111111
24776 6 2 1 7 0.166666666666667 0.5 0.142857142857143
24875 29 12 5 36 0.172413793103448 0.416666666666667 0.138888888888889
2497 205 56 41 220 0.2 0.732142857142857 0.186363636363636
24973 2 1 1 2 0.5 1 0.5
250 2 2 0 4 0 0 0
2500 28 53 12 69 0.428571428571429 0.226415094339623 0.173913043478261
25058 2 2 2 2 1 1 1
251 2 2 1 3 0.5 0.5 0.333333333333333
2510 15 6 3 18 0.2 0.5 0.166666666666667
25108 14 4 1 17 0.0714285714285714 0.25 0.0588235294117647
25137 237 9 8 238 0.0337552742616034 0.888888888888889 0.0336134453781513
2514 14 4 3 15 0.214285714285714 0.75 0.2
25152 34 6 3 37 0.0882352941176471 0.5 0.0810810810810811
2516 297 45 32 310 0.107744107744108 0.711111111111111 0.103225806451613
2518 57 8 4 61 0.0701754385964912 0.5 0.0655737704918033
2519 27 3 0 30 0 0 0
25208 5 1 0 6 0 0 0
25220 17 2 2 17 0.117647058823529 1 0.117647058823529
2523 5 2 2 5 0.4 1 0.4
25232 208 9 8 209 0.0384615384615385 0.888888888888889 0.0382775119617225
2527 9 7 2 14 0.222222222222222 0.285714285714286 0.142857142857143
25358 15 10 1 24 0.0666666666666667 0.1 0.0416666666666667
25384 8 3 1 10 0.125 0.333333333333333 0.1
2549 2 1 1 2 0.5 1 0.5
25492 2 3 1 4 0.5 0.333333333333333 0.25
25538 2 1 0 3 0 0 0
25560 131 13 11 133 0.083969465648855 0.846153846153846 0.0827067669172932
2594 7 1 1 7 0.142857142857143 1 0.142857142857143
2595 4 1 1 4 0.25 1 0.25
2602 2 2 1 3 0.5 0.5 0.333333333333333
2603 37 10 8 39 0.216216216216216 0.8 0.205128205128205
2607 45 4 2 47 0.0444444444444444 0.5 0.0425531914893617
2609 2 2 0 4 0 0 0
2611 41 10 7 44 0.170731707317073 0.7 0.159090909090909
2614 11 2 1 12 0.0909090909090909 0.5 0.0833333333333333
26415 15 3 0 18 0 0 0
27133 1 1 0 2 0 0 0
27750 10 7 7 10 0.7 1 0.7
278 8 7 1 14 0.125 0.142857142857143 0.0714285714285714
2819 22 3 0 25 0 0 0
2847 2 1 1 2 0.5 1 0.5
2852 7 3 3 7 0.428571428571429 1 0.428571428571429
286 307 1 1 307 0.00325732899022801 1 0.00325732899022801
28678 2 1 1 2 0.5 1 0.5
28716 29 3 2 30 0.0689655172413793 0.666666666666667 0.0666666666666667
28725 5 1 1 5 0.2 1 0.2
28788 36 3 3 36 0.0833333333333333 1 0.0833333333333333
28814 1 1 1 1 1 1 1
2895 9 2 2 9 0.222222222222222 1 0.222222222222222
29009 1 1 1 1 1 1 1
2905 27 2 1 28 0.037037037037037 0.5 0.0357142857142857
2907 67 6 4 69 0.0597014925373134 0.666666666666667 0.0579710144927536
2914 522 118 63 577 0.120689655172414 0.533898305084746 0.109185441941075
2915 32 8 3 37 0.09375 0.375 0.0810810810810811
29208 16 1 0 17 0 0 0
29216 1 3 1 3 1 0.333333333333333 0.333333333333333
29243 2 2 1 3 0.5 0.5 0.333333333333333
29259 6 4 2 8 0.333333333333333 0.5 0.25
293 112 22 15 119 0.133928571428571 0.681818181818182 0.126050420168067
29317 1 2 1 2 1 0.5 0.5
29377 1 5 0 6 0 0 0
29422 3 1 1 3 0.333333333333333 1 0.333333333333333
29432 1 1 1 1 1 1 1
29449 3 5 1 7 0.333333333333333 0.2 0.142857142857143
29452 7 3 0 10 0 0 0
29527 16 3 2 17 0.125 0.666666666666667 0.117647058823529
29632 7 1 0 8 0 0 0
29636 16 4 3 17 0.1875 0.75 0.176470588235294
29686 301 60 54 307 0.179401993355482 0.9 0.175895765472313
29748 20 2 1 21 0.05 0.5 0.0476190476190476
29838 13 3 0 16 0 0 0
30071 6 50 4 52 0.666666666666667 0.08 0.0769230769230769
30128 3 2 2 3 0.666666666666667 1 0.666666666666667
30129 3 2 2 3 0.666666666666667 1 0.666666666666667
30132 8 2 2 8 0.25 1 0.25
302 2 1 0 3 0 0 0
30653 15 1 0 16 0 0 0
31064 3 1 0 4 0 0 0
31103 2 5 0 7 0 0 0
3111 1 1 0 2 0 0 0
31246 6 1 1 6 0.166666666666667 1 0.166666666666667
31265 1 1 1 1 1 1 1
31283 8 3 1 10 0.125 0.333333333333333 0.1
31383 16 8 4 20 0.25 0.5 0.2
31458 28 1 0 29 0 0 0
31479 3 1 1 3 0.333333333333333 1 0.333333333333333
31985 5 1 0 6 0 0 0
3212 33 1 1 33 0.0303030303030303 1 0.0303030303030303
3213 20 4 3 21 0.15 0.75 0.142857142857143
3221 1 1 1 1 1 1 1
32361 3 1 0 4 0 0 0
3243 11 4 1 14 0.0909090909090909 0.25 0.0714285714285714
32459 2 1 0 3 0 0 0
3246 123 14 12 125 0.0975609756097561 0.857142857142857 0.096
3248 17 3 1 19 0.0588235294117647 0.333333333333333 0.0526315789473684
3249 35 6 1 40 0.0285714285714286 0.166666666666667 0.025
3257 251 131 52 330 0.207171314741036 0.396946564885496 0.157575757575758
3265 37 20 8 49 0.216216216216216 0.4 0.163265306122449
3268 2 1 1 2 0.5 1 0.5
3274 3 2 0 5 0 0 0
3292 311 13 11 313 0.0353697749196141 0.846153846153846 0.0351437699680511
32978 2 1 1 2 0.5 1 0.5
33 8 14 3 19 0.375 0.214285714285714 0.157894736842105
3301 38 2 1 39 0.0263157894736842 0.5 0.0256410256410256
3303 570 8 4 574 0.00701754385964912 0.5 0.00696864111498258
3320 368 19 9 378 0.0244565217391304 0.473684210526316 0.0238095238095238
3327 17 4 2 19 0.117647058823529 0.5 0.105263157894737
3333 140 31 27 144 0.192857142857143 0.870967741935484 0.1875
3343 19 3 3 19 0.157894736842105 1 0.157894736842105
3344 34 12 7 39 0.205882352941176 0.583333333333333 0.179487179487179
3352 54 3 1 56 0.0185185185185185 0.333333333333333 0.0178571428571429
3356 1280 15 13 1282 0.01015625 0.866666666666667 0.0101404056162246
34243 1 1 1 1 1 1 1
34288 2 3 0 5 0 0 0
34465 7 3 2 8 0.285714285714286 0.666666666666667 0.25
34623 1 1 1 1 1 1 1
34631 2 1 1 2 0.5 1 0.5
34695 2 1 0 3 0 0 0
34771 3 2 2 3 0.666666666666667 1 0.666666666666667
3549 702 50 35 717 0.0498575498575499 0.7 0.0488145048814505
3551 1 1 0 2 0 0 0
3557 91 20 16 95 0.175824175824176 0.8 0.168421052631579
3582 4 3 0 7 0 0 0
3597 8 3 1 10 0.125 0.333333333333333 0.1
3661 3 1 0 4 0 0 0
3662 12 1 1 12 0.0833333333333333 1 0.0833333333333333
3741 166 1 0 167 0 0 0
3748 2 4 1 5 0.5 0.25 0.2
3758 36 6 0 42 0 0 0
376 11 1 1 11 0.0909090909090909 1 0.0909090909090909
378 3 1 1 3 0.333333333333333 1 0.333333333333333
3786 308 3 1 310 0.00324675324675325 0.333333333333333 0.0032258064516129
3825 1 1 0 2 0 0 0
3836 7 4 0 11 0 0 0
42 60 2 2 60 0.0333333333333333 1 0.0333333333333333
4436 72 7 6 73 0.0833333333333333 0.857142857142857 0.0821917808219178
4538 14 9 4 19 0.285714285714286 0.444444444444444 0.210526315789474
4555 1 7 0 8 0 0 0
4589 126 17 11 132 0.0873015873015873 0.647058823529412 0.0833333333333333
4608 2 2 1 3 0.5 0.5 0.333333333333333
4618 16 6 1 21 0.0625 0.166666666666667 0.0476190476190476
4621 24 1 1 24 0.0416666666666667 1 0.0416666666666667
4645 16 1 1 16 0.0625 1 0.0625
4651 24 5 2 27 0.0833333333333333 0.4 0.0740740740740741
4673 8 1 1 8 0.125 1 0.125
4675 6 5 2 9 0.333333333333333 0.4 0.222222222222222
4677 4 8 2 10 0.5 0.25 0.2
4678 6 7 2 11 0.333333333333333 0.285714285714286 0.181818181818182
4680 9 5 2 12 0.222222222222222 0.4 0.166666666666667
4685 7 6 3 10 0.428571428571429 0.5 0.3
4688 10 7 3 14 0.3 0.428571428571429 0.214285714285714
4691 7 14 5 16 0.714285714285714 0.357142857142857 0.3125
4694 66 2 2 66 0.0303030303030303 1 0.0303030303030303
4697 1 23 1 23 1 0.0434782608695652 0.0434782608695652
4702 6 4 2 8 0.333333333333333 0.5 0.25
4713 88 4 4 88 0.0454545454545455 1 0.0454545454545455
4716 103 31 14 120 0.135922330097087 0.451612903225806 0.116666666666667
4717 4 3 2 5 0.5 0.666666666666667 0.4
4718 2 4 0 6 0 0 0
4721 9 6 0 15 0 0 0
4725 92 34 9 117 0.0978260869565217 0.264705882352941 0.0769230769230769
4741 6 1 0 7 0 0 0
4747 11 2 0 13 0 0 0
4750 31 2 0 33 0 0 0
4774 2 2 2 2 1 1 1
4777 30 6 4 32 0.133333333333333 0.666666666666667 0.125
4780 24 2 1 25 0.0416666666666667 0.5 0.04
4787 6 6 0 12 0 0 0
4788 84 7 3 88 0.0357142857142857 0.428571428571429 0.0340909090909091
4795 25 2 0 27 0 0 0
5050 10 2 2 10 0.2 1 0.2
513 35 11 6 40 0.171428571428571 0.545454545454545 0.15
5381 13 4 0 17 0 0 0
5385 12 10 4 18 0.333333333333333 0.4 0.222222222222222
5408 29 2 2 29 0.0689655172413793 1 0.0689655172413793
5410 47 7 1 53 0.0212765957446809 0.142857142857143 0.0188679245283019
5417 170 32 26 176 0.152941176470588 0.8125 0.147727272727273
5418 7 2 2 7 0.285714285714286 1 0.285714285714286
5424 9 3 1 11 0.111111111111111 0.333333333333333 0.0909090909090909
5430 64 15 12 67 0.1875 0.8 0.17910447761194
5459 189 8 8 189 0.0423280423280423 1 0.0423280423280423
5466 55 1 0 56 0 0 0
5486 31 2 0 33 0 0 0
5511 171 40 17 194 0.0994152046783626 0.425 0.0876288659793814
553 37 9 7 39 0.189189189189189 0.777777777777778 0.179487179487179
5533 9 2 1 10 0.111111111111111 0.5 0.1
5537 22 2 1 23 0.0454545454545455 0.5 0.0434782608695652
5539 34 35 11 58 0.323529411764706 0.314285714285714 0.189655172413793
5550 5 3 1 7 0.2 0.333333333333333 0.142857142857143
5568 89 5 4 90 0.0449438202247191 0.8 0.0444444444444444
559 55 17 15 57 0.272727272727273 0.882352941176471 0.263157894736842
5602 16 3 2 17 0.125 0.666666666666667 0.117647058823529
5609 2 13 1 14 0.5 0.0769230769230769 0.0714285714285714
5617 90 3 0 93 0 0 0
5623 1 3 0 4 0 0 0
5669 69 5 3 71 0.0434782608695652 0.6 0.0422535211267606
5693 6 2 1 7 0.166666666666667 0.5 0.142857142857143
5713 29 2 1 30 0.0344827586206897 0.5 0.0333333333333333
6057 4 3 1 6 0.25 0.333333333333333 0.166666666666667
6062 8 3 0 11 0 0 0
6066 3 1 0 4 0 0 0
6140 91 1 0 92 0 0 0
6163 8 2 0 10 0 0 0
6320 295 2 1 296 0.00338983050847458 0.5 0.00337837837837838
6342 4 1 0 5 0 0 0
6360 9 2 2 9 0.222222222222222 1 0.222222222222222
6435 3 18 0 21 0 0 0
6453 325 29 22 332 0.0676923076923077 0.758620689655172 0.0662650602409639
6461 662 4 4 662 0.00604229607250755 1 0.00604229607250755
6509 37 4 4 37 0.108108108108108 1 0.108108108108108
6596 23 1 1 23 0.0434782608695652 1 0.0434782608695652
6619 14 1 1 14 0.0714285714285714 1 0.0714285714285714
6666 26 8 4 30 0.153846153846154 0.5 0.133333333333333
6667 411 58 54 415 0.131386861313869 0.931034482758621 0.130120481927711
668 38 6 2 42 0.0526315789473684 0.333333333333333 0.0476190476190476
6695 98 3 2 99 0.0204081632653061 0.666666666666667 0.0202020202020202
6696 7 3 2 8 0.285714285714286 0.666666666666667 0.25
6706 4 2 1 5 0.25 0.5 0.2
6730 546 8 7 547 0.0128205128205128 0.875 0.0127970749542962
6762 134 16 13 137 0.0970149253731343 0.8125 0.0948905109489051
6770 22 3 3 22 0.136363636363636 1 0.136363636363636
6772 9 4 3 10 0.333333333333333 0.75 0.3
6774 65 1 0 66 0 0 0
6775 4 2 2 4 0.5 1 0.5
680 45 11 9 47 0.2 0.818181818181818 0.191489361702128
6802 7 1 1 7 0.142857142857143 1 0.142857142857143
6830 65 72 18 119 0.276923076923077 0.25 0.151260504201681
6881 7 1 0 8 0 0 0
6895 6 1 1 6 0.166666666666667 1 0.166666666666667
6939 488 45 16 517 0.0327868852459016 0.355555555555556 0.0309477756286267
7018 2018 5 3 2020 0.00148662041625372 0.6 0.00148514851485149
7019 1 1 1 1 1 1 1
7065 10 2 1 11 0.1 0.5 0.0909090909090909
71 9 1 0 10 0 0 0
719 11 1 1 11 0.0909090909090909 1 0.0909090909090909
7470 23 1 1 23 0.0434782608695652 1 0.0434782608695652
7500 67 5 3 69 0.0447761194029851 0.6 0.0434782608695652
7514 19 10 4 25 0.210526315789474 0.4 0.16
7521 3 4 1 6 0.333333333333333 0.25 0.166666666666667
7522 5 6 2 9 0.4 0.333333333333333 0.222222222222222
7530 2 5 0 7 0 0 0
7539 22 8 6 24 0.272727272727273 0.75 0.25
7570 6 4 1 9 0.166666666666667 0.25 0.111111111111111
7575 120 24 20 124 0.166666666666667 0.833333333333333 0.161290322580645
7610 22 4 2 24 0.0909090909090909 0.5 0.0833333333333333
766 17 5 3 19 0.176470588235294 0.6 0.157894736842105
7660 32 32 17 47 0.53125 0.53125 0.361702127659574
7665 2 1 1 2 0.5 1 0.5
7667 3 5 3 5 1 0.6 0.6
7668 9 1 1 9 0.111111111111111 1 0.111111111111111
7670 14 2 2 14 0.142857142857143 1 0.142857142857143
7671 3 37 3 37 1 0.0810810810810811 0.0810810810810811
7682 11 2 1 12 0.0909090909090909 0.5 0.0833333333333333
7687 4 2 1 5 0.25 0.5 0.2
7786 5 1 0 6 0 0 0
786 42 9 3 48 0.0714285714285714 0.333333333333333 0.0625
790 2 4 1 5 0.5 0.25 0.2
8002 25 3 0 28 0 0 0
8070 1 1 0 2 0 0 0
81 10 1 0 11 0 0 0
8121 24 3 1 26 0.0416666666666667 0.333333333333333 0.0384615384615385
8175 2 2 0 4 0 0 0
8195 56 8 5 59 0.0892857142857143 0.625 0.0847457627118644
8220 747 12 12 747 0.0160642570281124 1 0.0160642570281124
8226 2 1 0 3 0 0 0
8237 8 4 1 11 0.125 0.25 0.0909090909090909
8246 126 2 1 127 0.00793650793650794 0.5 0.0078740157480315
8256 2 1 1 2 0.5 1 0.5
8267 2 2 0 4 0 0 0
8286 2 1 0 3 0 0 0
8319 25 9 6 28 0.24 0.666666666666667 0.214285714285714
8364 9 1 1 9 0.111111111111111 1 0.111111111111111
8365 29 10 6 33 0.206896551724138 0.6 0.181818181818182
8419 26 4 2 28 0.0769230769230769 0.5 0.0714285714285714
8426 227 7 4 230 0.0176211453744493 0.571428571428571 0.0173913043478261
8447 283 15 13 285 0.0459363957597173 0.866666666666667 0.0456140350877193
8469 32 7 5 34 0.15625 0.714285714285714 0.147058823529412
8472 30 9 1 38 0.0333333333333333 0.111111111111111 0.0263157894736842
8501 33 7 7 33 0.212121212121212 1 0.212121212121212
8517 17 1 1 17 0.0588235294117647 1 0.0588235294117647
8527 14 2 2 14 0.142857142857143 1 0.142857142857143
8554 8 1 1 8 0.125 1 0.125
8560 54 13 10 57 0.185185185185185 0.769230769230769 0.175438596491228
8565 6 1 0 7 0 0 0
8586 48 2 2 48 0.0416666666666667 1 0.0416666666666667
8591 26 6 4 28 0.153846153846154 0.666666666666667 0.142857142857143
8657 66 3 2 67 0.0303030303030303 0.666666666666667 0.0298507462686567
8664 4 2 0 6 0 0 0
8665 20 8 4 24 0.2 0.5 0.166666666666667
8674 40 3 3 40 0.075 1 0.075
8676 6 1 0 7 0 0 0
8708 167 7 5 169 0.029940119760479 0.714285714285714 0.029585798816568
8728 1 1 1 1 1 1 1
8737 32 9 4 37 0.125 0.444444444444444 0.108108108108108
8758 7 5 2 10 0.285714285714286 0.4 0.2
8763 121 28 25 124 0.206611570247934 0.892857142857143 0.201612903225806
8767 22 4 3 23 0.136363636363636 0.75 0.130434782608696
8781 3 1 1 3 0.333333333333333 1 0.333333333333333
8823 5 1 1 5 0.2 1 0.2
8881 96 1 1 96 0.0104166666666667 1 0.0104166666666667
8903 3 5 0 8 0 0 0
8921 1 1 0 2 0 0 0
8925 3 1 0 4 0 0 0
8943 12 1 0 13 0 0 0
8954 24 6 3 27 0.125 0.5 0.111111111111111
8966 25 1 1 25 0.04 1 0.04
8970 2 1 1 2 0.5 1 0.5
8975 59 3 2 60 0.0338983050847458 0.666666666666667 0.0333333333333333
9009 153 10 7 156 0.0457516339869281 0.7 0.0448717948717949
9044 86 2 2 86 0.0232558139534884 1 0.0232558139534884
9052 3 2 1 4 0.333333333333333 0.5 0.25
9080 7 2 1 8 0.142857142857143 0.5 0.125
9085 6 1 0 7 0 0 0
9112 5 5 2 8 0.4 0.4 0.25
9150 24 2 1 25 0.0416666666666667 0.5 0.04
9153 40 2 2 40 0.05 1 0.05
9264 52 77 17 112 0.326923076923077 0.220779220779221 0.151785714285714
9270 34 8 7 35 0.205882352941176 0.875 0.2
9316 26 1 0 27 0 0 0
9406 1 1 0 2 0 0 0
9416 18 1 0 19 0 0 0
9505 58 3 2 59 0.0344827586206897 0.666666666666667 0.0338983050847458
9583 21 1 0 22 0 0 0
9595 8 3 2 9 0.25 0.666666666666667 0.222222222222222
9600 6 9 2 13 0.333333333333333 0.222222222222222 0.153846153846154
9607 8 1 0 9 0 0 0
9612 2 3 0 5 0 0 0
9619 2 2 2 2 1 1 1
9621 3 7 1 9 0.333333333333333 0.142857142857143 0.111111111111111
9622 5 1 1 5 0.2 1 0.2
9687 2 1 1 2 0.5 1 0.5
9758 2 1 0 3 0 0 0
9821 4 1 1 4 0.25 1 0.25
9844 2 1 0 3 0 0 0
9901 23 2 0 25 0 0 0
9995 3 2 2 3 0.666666666666667 1 0.666666666666667
