174 41135	1
2914 3573	1
2914 50300	1
49544 62370	1
2914 8943	1
1299 15935	1
8928 201958	1
13030 30827	0
1764 197636	1
13030 513	0
2914 49074	1
13030 20773	0
6830 12571	1
13030 31662	1
2914 133421	1
29075 199277	1
2914 12306	1
8928 59545	1
2914 61428	1
2914 101	1
1299 13335	1
2914 23627	1
13030 12576	0
2914 109	1
13030 12578	0
13030 12759	1
2914 394308	1
13030 7473	0
2914 50010	1
33597 64245	0
13030 29636	0
174 13284	1
13030 47631	0
174 394737	1
13030 21396	0
12989 262981	1
2914 49677	1
13030 61287	1
13030 201229	0
27552 32334	1
2914 12850	1
2914 35425	1
1299 46456	1
2914 12859	1
1299 20552	1
2914 54054	1
13030 34019	0
174 16657	1
23352 32780	1
33891 203724	1
2914 40948	1
2914 4641	1
13030 10848	0
1299 39290	1
174 40819	1
2914 38861	1
1299 40028	1
174 32654	1
13030 30132	0
12779 47406	1
13030 31334	0
2914 38040	1
13030 7385	0
1299 7632	1
6830 206567	1
13030 43284	1
2914 61149	1
2914 133142	1
9009 60117	1
49544 42695	1
6802 5421	1
1299 9299	1
8928 31042	1
174 8683	1
174 36820	1
174 61198	1
33891 38955	1
174 54113	1
35369 200970	1
13030 20940	0
13030 52177	1
33891 31424	1
2914 395558	1
33891 12387	1
39326 43219	1
13030 37271	0
13030 202018	0
33891 50673	1
13030 19151	0
2914 55891	1
1299 12035	1
2914 34177	1
13030 21013	1
2914 56647	1
33891 44229	1
174 36024	1
6830 197307	1
2914 19905	1
12989 28640	1
6830 24961	1
6830 203732	1
2914 54104	1
13030 203319	0
13030 4230	0
39326 16174	1
1299 15734	1
1764 13064	1
2914 23629	1
174 51978	1
1299 24785	1
8928 29097	1
1299 56934	1
2914 29606	1
13030 44776	1
2914 47541	1
49544 202954	1
2914 63949	1
1764 201248	1
1299 44217	1
13030 4651	0
2914 42525	1
13030 4657	0
6830 21040	1
174 23889	1
13030 8391	0
174 1886	1
13030 680	0
13030 56662	1
2914 18403	1
13030 2603	0
13030 13768	0
2914 53850	1
2914 28640	1
13030 43727	0
1299 3356	0
13030 9150	0
13030 25577	0
13030 9153	0
2914 9370	1
2914 9371	1
2914 26978	1
174 14746	1
2914 30844	1
8308 15606	1
3292 41164	1
2914 40528	1
13030 8717	0
2914 5650	0
13030 21949	0
1299 206774	1
13030 15830	0
2914 60169	0
13030 5631	0
2914 9595	1
6830 205728	1
13030 200759	1
174 51432	1
2914 60610	1
3292 39554	1
13030 20562	0
33891 20546	1
49605 12654	1
3303 8300	1
1299 14061	1
13030 58308	0
39326 44980	1
2914 29904	1
13030 29141	0
2914 263525	1
1299 23550	1
2914 47169	1
2914 8151	1
2914 134387	1
1764 25522	1
2914 36944	1
13030 394530	0
1299 63399	1
2914 27435	1
33891 20940	1
3303 15398	1
13030 9022	0
13030 8001	0
174 22132	1
13030 12360	0
2914 33132	1
1299 12709	1
13030 29550	0
2914 36459	1
1299 15419	1
13030 40676	0
13030 206291	1
13030 34934	0
2914 9957	1
13030 47836	0
174 48285	1
6830 41670	1
12989 265187	1
13030 49605	0
174 3491	0
23352 19255	1
1299 11172	1
1764 8596	1
13030 47869	0
2914 9009	1
2914 14210	1
2914 9002	1
3303 12620	1
2914 10204	1
1299 6939	0
13030 49024	0
39326 51918	1
174 48518	1
1299 203928	1
2914 60793	1
49544 203708	1
2914 206747	1
13030 20704	1
2914 199524	1
29075 9036	1
12989 32590	1
13030 46489	0
13030 45352	0
2914 174	0
2914 35788	1
13030 7713	0
1299 197248	1
13030 8309	0
2914 8447	1
1299 29551	1
2914 6663	1
13030 29608	0
2914 6661	1
2914 6660	1
2914 3213	1
13030 12741	0
13030 197981	0
174 30737	1
13030 21385	0
174 206310	1
29075 16073	1
174 6762	0
13030 41103	0
2914 8	1
2914 45147	1
2914 53591	1
2914 54489	1
13030 3292	0
2914 23473	1
1299 34304	1
2914 44444	1
13030 21345	0
2914 35699	1
174 39780	1
1299 31863	1
13030 48885	1
13030 31543	0
13030 34790	0
39326 50888	1
2914 42579	1
2914 16030	1
1299 5603	1
2914 12200	1
1299 5605	1
13030 12637	0
2914 6895	0
6830 8453	1
6830 9108	1
174 54555	1
13030 29049	0
25394 42034	1
1299 203329	1
8928 197036	1
1299 2818	1
174 199290	1
2914 38895	1
174 32489	1
174 395748	1
1299 8462	1
33891 43957	1
27552 27382	1
9009 197529	1
39326 59410	1
13030 202109	0
2914 38258	1
2914 18973	1
1299 6739	1
2914 197595	1
13030 37468	0
12779 42669	1
2914 38525	1
6830 12344	1
2914 29748	1
174 46642	1
2914 13649	1
1299 10912	1
2914 58587	1
1299 10910	1
174 44527	1
1299 7738	1
13030 1853	0
2914 13647	1
8928 15919	1
13030 20953	0
1299 31877	1
33891 48918	1
12989 6169	1
6830 16267	1
13030 8544	0
5400 15518	1
2914 1103	0
2914 38322	1
13030 41913	0
6830 47269	1
1299 11776	1
2914 2635	1
2914 56630	1
8218 59944	1
2914 19930	1
13030 4004	0
39326 35266	1
13030 51945	0
1299 13807	1
2914 54113	1
2914 59432	1
13030 199811	1
43404 51410	1
13030 8529	0
13030 15743	0
2914 28725	1
13030 55081	0
13030 53828	0
2914 10745	1
2914 29636	1
12989 262454	1
2914 63956	1
2914 34209	1
2914 20080	1
6830 197742	1
3292 197332	1
2914 5009	1
1299 19169	1
13030 1273	0
9009 60912	1
6830 6890	1
12989 62651	1
2914 33788	1
13030 23393	0
2914 45543	1
33891 5539	1
13030 4826	0
2914 135391	1
2914 32787	1
1299 29948	1
2914 8708	1
1299 3342	1
1299 12189	1
174 40185	1
13030 9145	0
174 33422	1
8928 35579	1
174 37674	1
1299 32098	1
2914 20394	1
13030 4739	0
13030 5603	0
2914 132111	1
13030 5607	0
13030 24724	0
2914 9498	1
13030 24875	0
48112 206763	1
2914 52320	1
13030 786	0
2914 196881	1
2914 26496	1
13030 32098	0
1299 202069	1
13030 8928	0
1299 62943	1
1299 8262	1
51945 5607	0
1299 6830	0
174 198082	1
2914 47172	1
2914 14061	1
12779 21176	1
1299 16509	1
1764 28771	1
13030 12355	1,0
13030 12350	0
2914 26558	1
13030 13193	0
12859 34942	1
1299 14616	1
2914 19024	1
12779 207028	1
1299 264788	1
2914 30640	1
8928 60475	1
174 20836	1
2914 18210	1
174 30350	1
13030 17676	0
1836 197742	1
13030 62454	1
13030 35320	0
33891 60574	1
2914 34555	1
2914 8365	1
174 26398	1
12989 262706	1
1299 35805	1
2914 8528	1
2914 8529	1
174 12222	1
2914 201175	1
2914 14537	1
13030 39326	0
13030 48526	0
33891 51839	1
1299 50309	1
174 29607	1
1299 48971	1
174 16921	1
6830 23520	1
13030 29838	0
1299 209	0
2914 41000	1
13030 20712	0
2914 53059	1
8928 34080	1
13030 35788	0
2914 15133	1
13030 43407	0
2914 8455	1
2914 57976	1
1299 29014	1
2914 14492	1
1299 393676	1
6830 200506	1
174 395111	1
33891 30823	1
6830 47727	1
2914 8560	1
13030 226	0
13030 31229	0
2914 23467	1
2914 41135	1
1299 35599	1
2914 15008	1
1299 264763	1
2914 2828	0
1299 5582	1
174 25710	1
1299 51167	1
1299 20771	1
2914 30781	1
6830 39790	1
13030 29056	1
174 43519	1
1299 5617	1
2914 7473	0
25180 41951	1
8308 58307	1
1299 13124	1
8928 44776	1
25394 201824	1
2914 47886	1
6830 31543	1
2914 48635	1
8308 61218	1
2914 22023	1
8928 57119	1
1299 20485	1
12637 31076	1
13030 7908	0
174 18747	1
13030 43996	0
13030 202119	0
2914 54588	1
174 13319	1
51945 56730	1
1299 24909	1
2914 6057	1
2914 7500	0
2914 7503	1
2914 38082	1
2914 7505	1
1764 199236	1
2914 7506	1
1299 61157	1
27552 395213	1
13030 45629	0
2914 11767	1
6830 196810	1
2914 6908	1
33891 38938	1
2914 6459	1
174 46639	1
174 203596	1
2914 54290	1
13030 34781	1
1299 30811	1
2914 6453	0
13030 20847	0
8928 15924	1
1764 16172	1
13030 8554	0
13030 8551	0
1299 11742	1
33891 202524	1
13030 62217	0
8928 35311	1
8928 30937	1
174 199625	1
1299 39651	1
29075 25057	1
2914 55532	1
1299 40581	1
13030 20811	0
12989 28667	1
174 36792	1
29691 49489	1
33597 62874	0
6830 28676	1
13030 4589	0
2914 16970	1
2914 44568	1
2914 53907	1
2914 24176	1
1299 46489	1
2914 28716	1
2914 24173	1
174 60458	1
1299 207161	1
13030 42585	1
1299 2116	1
13030 197426	0
2914 35847	1
1299 28952	1
13030 1248	0
13030 62320	1
13030 24642	0
13030 1241	0
2914 20099	1
13030 15589	0
1299 12182	1
6830 197964	1
13030 24482	0
6830 47420	1
1299 24589	1
1299 44788	1
1299 18351	1
13030 29119	0
174 201127	1
2914 54876	1
2914 42612	1
1299 44786	1
13030 31641	0
553 202113	1
2914 24778	1
31400 197745	1
2914 15954	1
8732 43267	1
8732 31430	1
2914 35204	1
2914 9153	1
13030 25605	0
13030 8732	0
1853 39837	1
1299 15085	1
6830 41609	1
2914 20473	1
2914 17408	1
174 56910	1
13030 198249	1
2914 44735	1
174 26548	1
1299 714	1
6830 56912	1
2914 262659	1
1299 43578	1
1299 43925	1
1299 14041	1
1299 202053	1
13030 8932	0
51945 21371	0
1299 45899	1
2914 15830	0
13030 49820	1
2914 8607	1
2914 31133	1
2914 4181	1
2914 577	0
13030 42760	1
13030 9044	0
2914 131589	1
2914 9731	1
33891 56719	1
3292 12222	1
2914 14051	1
2914 27552	1
8928 61211	1
2914 3693	1
174 8561	1
6830 59776	1
174 17172	1
174 28458	1
2914 3742	1
2914 3741	1
5400 8968	1
2914 8513	1
13030 47886	0
2914 36236	1
2914 8282	1
13030 28716	0
2914 13005	1
13030 24864	0
1299 203120	1
1299 36040	0
8928 12466	1
13030 34868	0
2914 60142	1
13030 31742	0
13030 34863	0
2914 2907	1
2914 54720	1
8928 6752	1
13030 42831	0
29075 8839	1
2914 11483	1
13030 35028	0
13030 13237	0
2914 4761	1
13030 6866	0
2914 23816	1
174 201536	1
13030 43350	0
1299 40676	1
2914 3238	1
1299 28007	1
1299 28554	1
2914 205848	1
5400 29413	1
13030 39537	0
2914 11666	0
13030 29668	1
1299 5483	1
13030 6461	0
13030 50056	0
2914 33224	1
49544 202625	1
8928 47381	1
6830 39057	1
8732 57629	1
13030 20495	0
2914 45352	1
2914 12041	1
8928 44898	1
13030 44034	0
1299 25512	1
13030 37662	0
2914 198949	1
13030 12654	1
174 46793	1
8928 20917	1
1299 13135	1
12859 197000	1
13030 7029	0
13030 21040	0
1299 9136	1
1299 8448	1
1299 14210	1
33891 62297	1
2914 49229	1
174 16022	1
13030 30781	0
12989 52551	1
8928 41653	1
2914 58431	1
174 4901	1
2914 25091	1
2914 13226	1
8732 8641	1
2914 7516	1
2914 7514	1
1299 9009	1
13030 25358	0
51945 20940	0
174 199385	1
2914 33517	1
33891 8823	1
1299 2906	1,0
33891 200062	1
2914 6939	0
1299 21502	1
1853 42685	1
1764 57763	1
2914 197669	1
2914 59253	1
1764 33890	1
2914 18680	1
2914 18683	1
12989 28294	1
12989 53152	1
2914 202120	1
2914 21396	0
2914 6336	1
2914 20712	1
6830 59970	1
6830 24991	1
3292 206799	1
6830 196978	1
13030 20804	0
1299 21430	1
2914 45903	1
2914 25560	1
2914 39326	1
2914 200561	1
13030 63956	0
174 17400	1
2914 715	1
33597 16552	0
13030 1257	0
2914 1273	0
1299 23520	1
1299 16186	1
33891 198570	1
33891 47692	1
174 55943	1
13030 15598	1
174 207223	1
33891 39878	1
12989 22548	1
12989 42473	1
1299 9829	1
13030 5769	0
13030 8839	0
1299 29632	1
13030 42689	0
13030 812	0
33891 201535	1
2914 24768	1
6830 199554	1
9009 39602	1
174 32939	1
2914 132132	1
2914 9121	1
2914 132134	1
1299 52468	1
2914 16413	1
2914 55803	1
29075 60491	1
29075 20766	1
13030 5403	0
13030 5400	0
13030 2686	0
13030 42	0
6830 6848	1
12989 12041	1
33891 39090	1
2914 15802	1
13030 10674	0
1299 10026	1
2914 24611	1
33891 29298	1
33891 206564	1
1299 62214	1
9009 57217	1
3303 34261	1
2914 34407	1
1299 8201	1
33891 8412	1
174 5511	0
2914 17516	1
13030 33891	0
13030 11096	0
2914 10030	1
2914 40402	1
13030 21219	0
2914 9583	1
33891 196922	1
2914 35574	1
13030 6079	0
2914 133771	1
2914 4150	1
1299 174	0
13030 200023	0
13030 20080	0
174 40893	1
2914 56990	1
8928 47169	1
8928 12715	1
13030 28725	0
2914 9050	1
2914 9052	1
1299 60032	1
2914 28305	1
13030 40193	0
1764 35492	1
9009 9178	1
2914 198018	1
6830 8821	1
2914 60917	1
2914 62240	1
13030 3330	0
6830 39758	1
2914 19318	1
3303 48060	1
13030 46450	0
13030 20738	0
51945 174	-3
1299 35220	1
1764 5403	1
1764 5404	1
13030 199511	1
13030 31025	0
13030 31027	0
13030 28857	1
13030 28855	0
2914 4795	1
13030 6677	0
13030 12337	1,0
2914 34624	1
2914 3356	0
2914 12414	1
2914 3223	1
13030 29670	1
13030 6327	0
13030 41157	0
8928 60481	1
1299 206178	1
174 15830	1
5400 12331	1
13030 31133	0
1299 13046	1
174 13647	1
2914 22626	1
33891 201962	1
2914 7671	1
2914 7670	1
2914 202222	1
13030 49544	0
27552 25623	1
13030 34309	0
8928 1267	1
1299 6453	0
2914 60157	1
2914 2484	1
13030 29076	0
1299 198710	1
2914 12252	1
13030 29075	0
6830 60316	1
6830 61144	1
174 50746	1
174 395774	1
2914 8717	1
2914 13789	1
6830 42882	1
8928 34197	1
1299 2828	0
49544 12506	1
2914 1916	1
2914 39263	1
2914 29006	1
2914 13414	1
1299 46562	1
2914 34442	1
29691 12307	1
2914 49964	1
13030 10310	0
2914 49962	1
13030 34695	0
49544 42494	1
1299 394380	1
174 13335	1
1299 47217	1
8732 49342	1
20764 34123	1
2914 12329	1
2914 44066	1
39326 50292	1
6830 12557	1
2914 7522	1
2914 30848	1
2914 47998	1
13030 19679	0
13030 42177	0
12989 52941	1
174 49463	1
1299 2914	0
29075 28774	1
2914 42831	1
1299 29695	1
2914 25394	1
2914 47314	1
51945 6939	0
12989 28284	1
2914 35916	1
2914 812	1
1299 19754	1
13030 15169	0
6830 44489	1
1299 49435	1
174 60981	1
2914 6327	1
2914 55555	1
174 2734	1
2914 41692	0
13030 47302	1
2914 30548	1
2914 25577	1
33891 62023	1
13030 1798	0
13030 112	0
6830 29056	1
2914 48166	1
12989 52613	1
1299 12849	1
13030 24679	0
174 50632	1
6830 52092	1
2914 60800	1
2914 8866	1
13030 197440	0
174 10326	1
174 60068	1
174 8025	1
12989 53237	1
13030 63949	0
2914 20679	1
8928 8308	1
2914 17554	1
2914 702	0
2914 701	0
2914 17557	1
13030 36692	0
553 34878	1
5400 15495	1
49605 50877	1
2914 24572	1
174 21623	1
174 21627	1
174 21628	1
1299 62489	1
2914 61832	1
2914 27008	1
2914 24592	1
6830 201878	1
2914 394644	1
12989 7162	1
8928 16363	1
1299 2572	1
2914 52075	1
1764 29545	1
174 395512	1
1299 16086	1
13030 8220	0
2914 42455	1
13030 8596	0
1299 15267	1
2914 42459	1
13030 5410	0
13030 5413	0
1299 63199	1
12989 63403	1
13030 8916	0
1299 33517	1
174 60686	1
3292 44123	1
13030 4788	0
2914 54927	1
13030 33873	0
1299 6848	1
1299 3223	1
174 19318	1
39326 30933	1
174 198279	1
13030 9063	0
1299 16552	1
13030 12843	0
2914 10021	1
13030 14413	0
13030 5568	0
13030 8823	0
51945 43531	0
13030 42541	0
13030 559	0
1299 202784	1
13030 60169	0
2914 5410	1
2914 5413	0
12779 44219	1
13030 32590	0
29075 197922	1
13030 199213	0
1299 198930	1
2914 27224	1
2914 63494	1
8308 51675	1
174 200999	1
1764 48362	1
13030 22356	0
13030 20988	1
13030 32934	0
51945 2914	-3
6830 50180	1
13030 29467	0
2914 30740	1
1299 12678	1
2914 33047	1
13030 3327	0
1299 12670	1
2914 393667	1
2914 49024	1
6830 42168	1
1764 760	1
2914 23655	1
13030 49158	0
13030 51290	0
2914 32478	1
2914 34119	1
8928 60362	1
13030 51297	0
13030 6667	0
2914 4780	1
13030 6663	0
13030 12329	1,0
13030 6661	0
2914 14361	1
3292 206377	1
1299 42473	1
2914 4788	1
174 6503	1
2914 3320	0
13030 12322	0
2914 8881	0
6830 58247	1
2914 3257	0
13030 3491	0
1764 42572	1
174 134397	1
13030 31769	0
5400 12853	1
33891 62874	1
1299 47179	1
2914 15562	1
2914 18001	1
2914 18000	1
1299 203968	1
25180 57228	1
1299 29422	1
2914 13335	1
12989 27720	1
2914 2497	1
2914 49687	1
2914 13331	1
2914 37187	1
33891 199803	1
6830 198494	1
1299 47195	1
2914 36618	1
2914 36619	1
2914 7682	1
2914 36616	1
2914 36617	1
13030 21473	0
1299 53334	1
174 12097	1
2914 38639	1
2914 38636	1
1299 48910	1
2914 2603	0
1299 16880	1
2914 38566	1
13030 1239	0
8928 24958	1
1299 29076	1
174 17318	1
2914 50622	1
2914 12337	0
6830 513	1
6830 200986	1
13030 7311	0
13030 35916	0
13030 23939	0
13030 20225	0
13030 25375	1
13030 25376	0
13030 51918	0
2914 39905	1
13030 12713	0
2914 49375	1
1299 8551	1
2914 25369	1
8928 24993	1
8928 13287	1
174 3850	1
8928 15953	1
2914 394028	1
25180 203897	1
12989 53131	1
2914 1412	1
13030 21069	0
1299 6667	0
13030 21263	0
2914 200077	1
1299 32939	1
1299 32934	1
1299 41690	1
6830 203854	1
12989 52840	1
23352 199330	1
6830 34222	1
1299 394151	1
1764 21360	1
174 24603	1
1299 36352	1
6830 42760	1
2914 24295	1
2914 63916	1
1299 53834	1
2914 1257	0
13030 44788	0
13030 8100	0
174 16253	1
13030 15772	0
49544 202905	1
13030 8455	1
6830 57188	1
13030 25182	0
13030 25180	0
13030 61955	0
13030 15576	0
2914 22132	1
13030 20915	0
9009 206372	1
13030 36351	0
2914 20021	1
13030 23114	0
13030 8804	0
1299 3302	1
1299 3300	1
1299 3301	1
2914 43519	1
1299 3308	1
12989 21766	1
13030 1120	0
1299 48328	1
13030 44654	0
2914 24245	1
174 24592	1
1299 19037	1
8928 42160	1
3303 60059	1
13030 8218	0
2914 17944	1
8928 3330	1
6830 203328	1
8928 15735	1
101 73	1
2914 25098	1
2914 8674	1
13030 27589	0
8928 8190	1
33891 43284	1
13030 13335	0
13030 8075	0
174 49367	1
1299 19257	1
13030 25560	0
2914 10013	1
13030 15954	1
51945 1299	-3
2914 17054	1
13030 8674	0
13030 33182	0
33891 197524	1
2914 4134	0
2914 4136	1
2914 133752	1
33891 206583	1
2914 5400	1
5400 201402	1
1764 8787	1
1299 13443	1
3303 201590	1
13030 30933	0
6830 206452	1
6830 43291	1
1299 158	1
2914 135373	1
174 29886	1
8928 42463	1
1299 5521	1
2914 29884	1
49544 62731	1
13030 59605	0
2914 14153	1
12989 262743	1
2914 4557	1
8308 49420	1
2914 10474	1
2914 12654	1
5539 8763	1
2914 12658	1
1299 203774	1
174 206774	1
6830 20940	1
49605 20144	1
2914 16164	1
6830 8913	1
2914 23641	1
13030 59469	0
13030 19551	0
13030 4775	0
13030 62567	0
13030 12310	0
13030 6834	0
6830 12842	1
1299 11019	1
13030 6830	0
13030 12316	0
1299 11014	1
13030 9304	0
2914 11274	1
5400 2856	1
2914 8897	0
13030 11666	0
13030 46786	0
174 201201	1
13030 3265	0
1299 8781	1
13030 3267	0
13030 260	0
101 64247	1
2914 133530	1
2914 46489	1
12989 266480	1
39326 200652	1
2914 33182	1
1299 20115	1
1299 19429	1
1299 31108	1
2914 6830	0
2914 18077	1
174 19453	1
2914 32590	1
6830 56450	1
1299 15211	1
13030 29090	1
6830 61169	1
27552 10653	1
13030 29097	1
2914 15224	1
1764 15655	1
27552 394149	1
1299 43424	1
174 201471	1
1764 206159	1
174 6666	1
174 206278	1
2914 40317	1
1299 8495	1
1299 30821	1
1299 31211	1
2914 58620	1
29075 199167	1
6830 34714	1
2914 38629	1
174 12087	1
1299 7922	0
2914 23352	1
2914 22518	1
174 60735	1
13030 199714	1
2914 23820	1
2914 52877	1
6830 61296	1
174 7922	0
27552 54611	1
1299 11830	1
2914 31742	1
2914 1668	0
174 46699	1
2914 19679	1
13030 61049	0
2914 22773	1
13030 197913	0
2914 25178	1
1299 8769	1
1299 26613	1
13030 50620	0
33891 35223	1
1299 53292	1
13030 286	0
2914 38199	1
13030 197595	0
13030 198288	1
6830 41860	1
1299 6300	1
2914 2686	0
2914 20853	1
49605 201950	1
2914 20857	1
34309 201955	1
13030 60890	1
2914 12902	0
1299 13876	1
174 12533	1
13030 20857	0
2914 16552	1
12989 28625	1
1299 38182	1
8732 44300	1
2914 1880	0
2914 262507	1
1764 9023	1
1299 59605	1
8928 48137	1
2914 25899	1
12883 12593	1
35369 42061	1
13030 8681	0
2914 12637	1
13030 1200	0
2914 34347	1
29075 50618	1
13030 8447	0
13030 25178	0
2914 16880	1
13030 15547	0
2914 19693	1
6830 201179	1
174 203964	1
12637 12654	1
2914 53837	1
2914 21525	1
1299 3842	1
2914 21523	1
2914 11054	1
13030 43142	0
1299 25260	1
13030 49964	0
2914 35244	0
13030 34245	0
2914 17113	1
13030 8400	0
174 60194	1
1299 62597	1
1299 19024	1
2914 40428	1
2914 21321	1
2914 17931	1
1299 12929	1
1299 25384	1
3292 35445	1
34019 44097	1
13030 25563	1
8928 200899	1
39904 202605	1
2914 24642	1
2914 45444	1
1299 395747	1
6802 41352	1
2914 394530	1
12779 39636	1
2914 60781	1
2914 36621	1
2914 30517	1
2914 30282	1
13030 9246	0
13030 15435	0
13030 4323	0
174 20115	1
13030 25795	0
6830 15425	1
13030 24904	0
29075 44583	1
13030 33843	1
13030 33845	0
2914 4128	1
2914 5430	0
1299 4648	1
3303 203732	1
2914 286	0
2914 36143	1
13030 35663	1
13030 12876	0
6830 35613	1
13030 2497	0
2914 4230	1
39326 199909	1
13030 5430	0
8928 199055	1
174 26988	1
2914 62234	1
2914 4058	1
13030 3303	0
3292 201503	1
1299 13789	1
2914 14744	1
2914 14745	1
2914 15699	1
27552 63125	1
2914 48173	1
6830 34964	1
2914 50611	1
9009 57436	1
2914 3491	0
29075 199571	1
5400 20561	1
2914 14340	1
29691 28875	1
49605 43989	1
2914 15169	0
3303 15796	1
13030 12306	1
2914 3302	1
2914 63528	1
2914 3300	1
13030 12301	0
174 47002	1
2914 13901	1
5400 29104	1
174 13613	1
33891 34549	1
1299 48408	1
3303 48789	1
1764 42557	1
13030 61231	0
13030 61232	1
13030 52075	0
1299 202585	1
2914 10913	1
2914 10912	1
2914 198435	1
2914 49544	1
1299 8151	1
2914 6805	0
13030 16178	0
13030 20676	0
13030 29791	0
13030 57928	0
174 19427	1
174 29930	1
2914 8403	1
2914 14589	1
12859 197731	1
174 18640	1
2914 30513	1
13030 7575	0
2914 7784	1
174 35283	1
1299 855	1
6830 61110	1
2914 55388	1
23352 62679	1
174 199270	1
2914 36631	1
2914 36632	1
13030 262148	1
174 60019	1
2914 44679	1
13030 30740	0
51945 207059	1
2914 19506	1
13030 34224	0
2914 46785	1
2914 23367	1
13030 1921	1
2914 31640	1
2914 31769	1
1299 20412	1
13030 8487	0
1299 30962	1
2914 7552	1
2914 30259	1
13030 24218	0
2914 61337	1
1299 30083	1
3303 12776	1
8928 31612	1
8928 197518	1
2914 262227	1
6830 43127	1
3303 202229	1
13030 2906	0
2914 46656	1
12989 54104	1
1299 9680	1
1299 24961	1
1299 6461	0
2914 13354	1
2914 45899	1
1299 27553	1
5539 44450	1
2914 45896	1
2914 131893	1
1299 5518	1
13030 42353	0
553 5501	1
2914 33438	1
1299 5511	0
13030 8535	0
1299 29314	1
13030 33353	0
13030 25220	0
13030 57099	0
174 394458	1
2914 21688	1
1299 50533	1
174 394592	1
2914 62227	1
2914 16463	1
174 7828	1
174 31510	1
174 39832	1
1764 12577	1
13030 39905	0
2914 39386	1
2914 14907	1
13030 48971	0
13030 25164	1
13030 8473	0
13030 15557	0
2914 196752	1
5400 34457	1
13030 3741	0
1299 26558	1
13030 57068	0
6830 9135	1
6830 202237	1
13030 852	0
2914 42004	1
8928 47834	1
39326 8330	1
2914 43531	1
1299 3320	0
13030 199092	1
6830 199511	1
33891 51191	1
13030 8781	0
13030 1103	0
2914 20485	0
8928 25575	1
2914 203507	1
2914 668	0
13030 8271	1
33891 24940	1
8928 197500	1
13030 25091	0
174 41524	1
1299 61255	1
2914 24121	1
6830 34048	1
49544 25820	1
1764 59779	1
13030 50384	0
13030 62177	1
2914 60447	1
6830 204028	1
1299 1680	1
2914 45474	1
8928 57633	1
13030 57633	0
13030 56704	0
13030 13489	0
2914 264005	1
12989 262699	1
8928 196670	1
2914 264009	1
39326 204222	1
13030 8301	0
1299 48299	1
13030 8304	0
13030 8879	1
13030 8308	0
13030 8657	0
6830 21217	1
13030 60157	0
2914 18501	1
6830 50261	1
174 18779	1
2914 4685	1
1299 7162	1
2914 297	0
174 200552	1
2914 293	0
2914 51474	1
13030 8897	0
13030 2486	0
1299 8375	1
2914 10297	1
34019 51257	1
13030 13002	0
2914 10101	1
2914 9304	1
2914 8781	0
1299 6412	1
2914 63408	1
174 47100	1
13030 61337	0
6830 57560	1
1764 8692	1
2914 32448	1
2914 4844	1
174 2149	1
8928 29278	1
13030 51468	0
1764 60587	1
174 12409	1
13030 51269	0
1299 25605	1
6830 199101	1
13030 12993	0
2914 29990	1
2914 36351	1
13030 9329	0
13030 48362	0
174 20940	1
13030 16242	1
2914 23686	1
13030 3209	0
12989 11588	1
39326 36236	1
13030 41412	0
1299 34225	1
13030 35745	0
2914 7819	1
1853 206021	1
2914 3333	0
13030 51395	1
13030 44066	0
2914 278	0
2914 63981	1
1764 39508	1
174 6461	0
2914 36692	1
33891 62336	1
2914 12290	1
3292 204101	1
1764 29287	1
174 9009	1
174 18106	1
2914 36623	1
2914 36622	1
2914 8928	1
2914 36620	1
2914 36627	1
2914 36626	1
2914 36625	1
34019 34958	1
174 26714	1
2914 36629	1
1299 34087	1
13030 51646	0
1299 15958	1
1299 20621	1
3303 33845	1
12779 47316	1
2914 7782	1
2914 12182	1
13030 200921	0
33891 57395	1
174 6713	1
2914 3265	1
2914 18126	1
13030 51483	0
13030 16509	0
2914 3262	0
174 12337	1
1299 41572	1
13030 1916	0
2914 7568	1
2914 39551	1
1299 1759	1
1299 6528	1
2914 13768	1
13030 31424	1
13030 202194	1
101 3807	1
6830 34049	1
2914 2510	1
2914 2514	1
13030 7363	0
2914 2519	1
13030 12731	0
8732 20764	1
174 206652	1
33891 49034	1
2914 59816	1
6830 8758	1
2914 59605	1
13030 2914	0
1299 40191	1
13030 16347	0
174 60688	1
174 50234	1
13030 50763	0
174 17210	1
13030 57976	0
174 14870	1
2914 29467	1
27552 20940	1
49544 202645	1
1299 6327	1
2914 38154	1
27552 3384	1
6830 48218	1
174 18450	1
1299 26496	1
2914 3910	0
174 204018	1
3292 47527	1
174 36131	1
20764 16083	1
6830 206159	1
2914 43304	1
2914 24246	1
2914 29686	1
39904 197895	1
13030 8469	0
13030 8468	0
1299 28931	1
2914 29049	1
13030 39912	1
33891 204038	1
13030 25151	0
1299 197541	1
13030 22652	0
3292 49272	1
174 53889	1
12989 22381	1
1299 61317	1
13030 57119	0
33597 29713	0
2914 25220	1
9009 59727	1
2914 24334	1
2914 203724	1
2914 32934	1
13030 49981	0
13030 49983	1
1764 28857	1
1764 51890	1
27552 7849	1
174 198156	1
13030 33517	0
12989 262354	1
3292 51634	1
33891 39912	1
8732 8595	1
13030 8262	1
174 2914	0
2914 17660	1
174 8990	1
6830 9100	1
13030 27552	0
33891 16316	1
13030 14589	0
174 196689	1
13030 38880	0
1299 49453	1
1299 50702	1
174 395822	1
174 199524	1
3303 12511	1
49544 57088	1
2914 9268	1
1299 24724	1
174 26677	1
2914 9264	0
174 206943	1
3303 60390	1
174 34572	1
1299 45903	1
13030 8319	1
13030 28663	0
2914 57928	1
2914 4694	1
2914 45796	1
2914 4922	1
8928 60706	1
2914 4693	1
174 55064	1
6830 59398	1
6830 48849	1
23352 6169	1
13030 20473	0
2914 18260	1
13030 8881	0
2914 35017	1
13030 5588	0
6830 31079	1,0
33891 21413	1
13030 12859	0
2914 31027	0
13030 48173	0
8928 21277	1
2914 8220	0
2914 55901	1
2914 55900	1
2914 9318	1
174 14797	1
49605 60975	1
3303 12429	1
174 198725	1
2914 11537	0
13030 61323	0
2914 26935	1
13030 20783	0
13030 18978	0
13030 15133	0
1299 8001	1
13030 28792	0
174 62485	1
2914 4589	1
2914 26228	1
13030 3856	0
174 31976	1
13030 714	0
13030 6805	0
2914 34655	1
13030 39104	0
13030 15692	0
13030 38861	0
2914 8683	1
6830 39879	1
8928 60436	1
2914 42	1
174 12181	1
13030 3216	0
2914 11404	1
5400 25054	1
1299 9146	1
2914 28920	1
13030 34953	0
13030 31122	0
2914 46475	1
2914 2852	0
8928 29680	1
1299 54700	1
13030 35425	0
33891 204243	1
174 48260	1
2914 7029	1
1299 46609	1
1299 8523	1
2914 18282	1
13030 41692	0
13030 29208	0
3303 35054	1
1764 30971	1
2914 23783	1
6830 200428	1
2914 12578	1
43100 199422	0
2914 42973	1
13030 2852	0
13030 6772	1
13030 6775	1
13030 6774	0
13030 2856	0
13030 2857	0
1299 12693	1
2914 21949	1
1299 199425	1
2914 19528	1
1299 33828	1
2914 15412	1
2914 3292	1
13030 29680	0
553 42873	1
2914 7979	1
13030 3186	1
49605 42658	1
2914 23308	1
13030 16245	0
174 32638	1
13030 16243	0
6830 48112	1
2914 7575	1
1299 24971	1
2914 12179	1
13030 42184	1
2914 2500	1
8928 26558	1
1299 29066	1
1853 2494	1
174 16531	1
13030 38082	0
2914 41313	1
2914 22781	1
13030 21320	0
13030 21321	0
33891 200086	1
2914 20940	1
2914 38496	1
29691 44919	1
2914 13370	1
13030 31708	0
1299 8752	1
2914 22414	1
2914 6739	1
2914 23944	1
25577 43081	1
2914 23947	1
2914 29452	1
1299 25022	1
13030 30071	0
8928 60587	1
33891 28876	1
2914 6735	1
2914 20804	1
1299 6623	1
13030 34779	0
1299 16265	1
1764 25255	1
2914 3927	1
2914 16509	1
6830 39817	1
13030 20932	0
13030 201891	1
174 54035	1
27552 2734	1
13030 20886	0
2914 14928	1
2914 29037	1
13030 25148	0
13030 47215	0
2914 18915	1
13030 1764	0
2914 6461	0
2914 1299	0
2914 38235	1
33891 34895	1
2914 3303	0
1299 19679	1
2914 21221	0
174 15583	1
33891 16097	1
2914 21554	1
174 30736	1
33891 25504	1
8928 25562	1
2914 16876	1
13030 13122	0
8928 198738	1
2914 28497	1
12779 2594	1
12779 2595	1
2914 9416	1
174 262206	1
174 13819	1
174 1239	0
33891 24961	1
2914 30148	1
2914 394968	1
2914 203568	1
174 37678	1
13030 15623	0
2914 17675	1
101 4193	1
12989 34106	3
1299 3900	1
13030 44981	0
1299 12975	1
2914 12129	1,0
174 50446	1
6830 24641	1
174 37054	1
101 7774	1
1299 6855	1
13030 18106	0
2914 24477	1
33891 48885	1
12859 12654	1
1299 62094	1
174 199843	1
13030 15997	0
1299 2611	1
6830 21232	1
13030 8632	0
2914 61049	1
8308 196826	1
2914 5539	1
1299 19108	1
174 37451	1
13030 39737	0
13030 39309	0
174 51007	1
12989 262719	1
2914 27257	1
2914 41887	1
12989 264525	1
174 196745	1
2914 14282	1
2914 18450	1
174 54819	1
1299 201492	1
13030 26496	0
2914 17709	1
13030 9120	0
13030 5466	0
13030 42605	0
2914 26415	1
174 64396	1
13030 25459	0
2914 9329	1
13030 2110	0
13030 25369	0
13030 20799	0
1299 33554	1
13030 2119	0
49544 202918	1
174 40700	1
174 11798	1
174 56611	1
174 394275	1
1299 14742	1
2914 4862	1
51945 16509	0
174 15695	1
13030 766	0
13030 13285	0
2914 45630	1
2914 64233	1
13030 24940	0
1299 2874	1
2914 11232	1
2914 55805	1
1299 11290	1
13030 14717	0
2914 62597	1
174 42755	1
13030 3223	0
2914 7160	1
2914 4711	1
174 51863	1
2914 4713	1
2914 40913	1
12859 1200	1
49544 203319	1
1299 38930	1
2914 22317	1
2914 32550	1
2914 23774	1
13030 20647	0
174 812	0
2914 3599	1
2914 53180	1
2914 7012	1
1299 197308	1
13030 58511	0
13030 50629	0
13030 29430	1
2914 7019	1
2914 7018	0
13030 6908	0
2914 6762	0
13030 7850	0
13030 12401	0
8928 16154	1
6830 201922	1
2914 8903	0
6830 8608	1
13030 39386	0
8308 207105	1
2914 54500	1
13030 23473	0
23352 20130	1
1299 199926	1
2914 19551	1
6830 201213	1
13030 29691	1
2914 226	1
13030 29695	0
174 34219	1
8928 52030	1
29075 43142	1
13030 12083	0
2914 18149	1
2914 38001	1
2914 31708	1
1299 11878	1
1299 393417	1
2914 12389	1
13030 7342	0
2914 51055	1
1299 29278	1
13030 27970	0
1299 45474	1
2914 13490	1
13030 39651	0
12989 263449	1
13030 12715	0
13030 12714	0
174 201896	1
2914 3842	1
2914 30496	1
1299 42567	1
13030 21351	0
1299 47381	1
2914 9269	1
29075 42929	1
5400 201004	1
6830 33890	1
174 16186	1
1299 53250	1
33891 62359	1
33891 35592	1
8732 35475	1
33891 196954	1
2914 49182	1
1299 200043	1
1299 59908	1
1299 262227	1
33891 62177	1
13030 9050	0
3292 48854	1
13030 52041	0
174 201760	1
6830 197451	1
13030 21232	1
8928 8453	1
6830 29562	1
6830 29560	1
1299 12996	1
6830 43046	1
174 33901	1
12989 53070	1
2914 29208	1
2914 25795	1
13030 197000	1
13030 8315	0
12779 62009	1
2914 262765	1
3292 203383	1
2914 262760	1
1299 27986	1
2914 265389	1
6830 48095	1
2914 1280	1
1299 27458	1
13030 15290	0
2914 13030	0
2914 13037	1
1299 51254	1
2914 19893	1
1299 6762	0
13030 8403	0
6830 12315	1
174 15836	1
33891 207243	1
2914 56595	1
39904 205724	1
2914 2711	1
6830 60199	1
6830 206291	1
6830 43681	1
2914 24319	1
1299 13293	1
1299 30764	1
2914 44239	1
3303 29430	1
13030 42456	0
174 44141	1
1299 19593	1
2914 33606	1
2914 20141	1
2914 132211	1
2914 17645	1
49544 198485	1
2914 60626	1
13030 30870	0
1299 3249	1
2914 133929	1
6830 203420	1
29691 203434	1
1299 199150	1
3292 21293	1
2914 19271	1
13030 15479	1
13030 50858	0
33891 13101	1
2914 9534	1
174 40244	1
174 4893	1
13030 8330	0
2914 5503	1
1299 199524	1
2914 42605	1
13030 6894	0
12883 30128	1
2914 4672	1
2914 4673	1
27552 19165	1
1764 44385	1
2914 4675	1
13030 35625	0
2914 29838	1
2914 29834	1
12989 13926	1
3292 30795	1
2914 8751	1
12989 264005	1
2914 64	1
13030 25460	0
13030 8758	0
13030 34305	0
2914 9621	1
2914 18268	1
101 10430	1
13030 8757	0
1299 18403	1
51945 203421	1
51945 13030	0
2914 27330	1
24989 202108	1
13030 24889	1
174 207096	1
2914 14381	1
1299 46130	1
2914 15570	1
2914 45629	1
2914 4474	1
13030 13124	0
13030 42708	0
27552 22147	1
2914 53340	1
1299 35432	1
12859 1140	1
13030 9031	0
2914 12390	1
13030 41230	0
13030 48218	1
2914 4704	1
2914 14413	1
174 202521	1
2914 46450	1
8928 12570	1
2914 22302	1
1299 32475	1
13030 20634	0
174 25689	1
2914 47447	1
13030 16735	0
1299 47869	1
8928 13182	1
29691 199587	1
174 63008	1
12989 263444	1
1299 7029	1
2914 3727	1
12989 26769	1
174 23028	1
2914 29066	1
174 63007	1
13030 25291	0
33891 8339	1
2914 37271	1
33891 51862	1
13030 12414	0
2914 47872	1
174 25335	1
39326 60899	1
13030 41655	1
12586 206499	1,0
1853 1111	1
13030 16080	0
1299 205824	1
1299 13767	1
29075 31576	1
2914 52579	1
1299 701	0
1299 702	0
1299 24516	1
1299 31080	1
13030 35574	0
13030 35575	0
13030 42612	0
1299 43541	1
29691 57118	1
2914 18888	1
20764 34602	1
2914 7598	1
2914 2526	1
2914 2527	1
2914 44217	1
13030 12703	0
2914 7752	1
174 47443	1
2914 7754	1
2914 33597	1
174 34971	1
13030 18779	0
13030 34288	1
174 47956	1
174 265509	1
2914 22439	1
1299 262589	1
2914 45187	1
2914 202032	1
3292 34941	1
2914 38726	1
174 393857	1
2914 34816	1
174 39295	1
3292 60053	1
6830 12676	1
13030 201701	1
33891 48200	1
33891 51531	1
174 52438	1
1299 394028	1
6830 28972	1
13030 31500	0
1299 20521	1
2914 1764	1
1299 36666	1
174 202623	1
2914 37100	1
6830 201481	1
13030 29006	0
34309 199610	1
2914 3943	1
33891 203776	1
2914 3949	1
174 12942	1
8928 50173	1
1299 1239	0
1299 57052	1
2914 262374	1
13030 16265	0
2914 26223	1
13030 36994	0
2914 45960	1
2914 29017	1
1299 6774	1
13030 41887	1,0
2914 33353	1
2914 31515	1
13030 15516	0
13030 15517	0
1299 49532	1
2914 5541	1
6830 197029	1
6830 196687	1
33597 197495	0
8732 197858	1
13030 200130	0
1764 59789	1
12989 52937	1
33891 59898	1
174 61160	1
174 33481	1
1764 51184	1
174 10732	1
33891 21083	1
1299 27884	1
6830 200155	1
2914 29169	1
13030 1140	0
174 766	1
8928 34290	1
2914 26549	1
13030 15600	0
33891 50629	1
1299 30736	1
2914 31463	1
2914 21371	1
1299 59675	1
6830 5404	1
2914 43376	1
2914 28788	1
2914 45430	1
13030 5645	0
1299 3257	0
2914 44814	1
1299 8280	1
12989 33438	1
2914 56111	1
3303 57370	1
1299 4459	1
2914 132084	1
2914 393220	1
13030 199071	1
2914 393225	1
2914 63997	1
51945 15169	0
1299 63237	1
3292 199470	1
1299 50599	1
2914 17819	1
2914 5511	0
13030 61215	0
2914 10099	1
2914 9299	1
1299 14340	1
2914 9293	1
2914 4648	1
2914 32748	1
174 30462	1
174 196760	1
49605 60501	1
174 22898	1
13030 200781	0
174 22894	1
8928 41935	1
13030 44444	0
1299 48237	1
2914 9619	1
13030 9108	1
33891 33988	1
6830 59675	1
2914 10146	1
6830 42473	1
2914 63199	1
13030 12989	0
8928 29056	1
39326 41489	1
39326 197913	1
13030 8764	0
33891 198967	1
13030 8767	0
2914 5605	1
2914 5607	1
1299 42082	1
49544 60022	1
2914 4809	1
2914 7529	1
174 26353	1
2914 11385	1
13030 59689	0
9009 49909	1
2914 4800	1
1764 207203	1
2914 19151	0
1299 264676	1
5400 15854	1
13030 8966	0
1299 54113	1
1764 8412	1
1299 60893	1
8928 34510	1
13030 12956	0
2914 14627	1
6830 31736	1
13030 48635	0
13030 2734	0
33891 197540	1
27552 18918	1
12859 1132	1
13030 12399	0
2914 198913	1
2914 198440	1
174 201050	1
174 199391	1
29075 13273	1
174 2033	1
13030 24989	0
2914 44946	1
13030 34960	1
2914 30914	1
33891 5404	1
2914 18097	1
2914 18092	1
33891 31103	1
2914 237	0
2914 36086	1
2914 3737	1
12637 8978	1
13030 35369	1
2914 14244	1
29075 198385	1
2914 27566	1
2914 7617	1
23352 61440	1
2914 10674	1
2914 62023	1
2914 8966	1
13030 6724	0
49544 204251	1
2914 8968	1
13030 30844	0
2914 49503	1
2914 133444	1
2914 12496	1
2914 7922	0
2914 198047	1
2914 3327	1
27552 393965	1
2914 35575	1
174 25780	1
2914 3130	1
13030 31084	0
12637 9026	1
13030 12552	0
2914 31727	1
174 34949	1
1299 11854	1
1299 11855	1
8308 197087	1
12779 51300	1
1299 50061	1
2914 55002	1
13030 21371	0
2914 45356	1
13030 29169	0
13030 12779	0
6830 8245	1
6830 51873	1
25577 43950	1
2914 22442	1
1299 12552	1
6830 28919	1
13030 31042	0
174 61098	1
2914 34803	1
13030 9498	0
13030 25074	0
174 8311	1
13030 44843	0
1299 1668	0
13030 43821	1
6830 206128	1
2914 40107	1
1299 6167	1
1299 8966	1
1764 13042	1
13030 12605	0
13030 29017	0
2914 21013	1
6830 20609	1
13030 25279	0
2914 394437	1
6830 34080	1
2914 396370	1
13030 16276	0
6830 48417	1
1299 30693	1
1299 25122	1
1299 30923	1
2914 29009	0
29075 51630	1
13030 37100	0
13030 37105	0
2914 29550	1
29691 199417	1
13030 8426	0
13030 21221	0
13030 8422	0
2914 29791	0
13030 58299	1
174 54480	1
33891 60955	1
6830 41913	1
174 33811	1
12989 17222	1
39326 202020	1
1299 39505	1
6830 198537	1
12989 28202	1
174 36667	1
2914 35994	1
12989 52925	1
33597 53334	0
2914 21743	1
174 44611	1
13030 42473	1,0
174 133530	1
1299 48152	1
1299 7018	0
1853 47515	1
13030 198203	0
9009 3280	1
13030 202932	0
2914 31477	1
2914 31479	1
12989 52697	1
174 27413	1
1299 38726	1
2914 16713	1
13030 57023	0
8928 5669	1
13030 8282	0
23352 29997	1
13030 4258	0
2914 25279	1
33891 16628	1
49605 9026	1
13030 4250	1
12883 8258	1
174 64270	1
2914 28753	1
13030 33132	0
13030 8359	0
13030 8607	0
13030 15498	1
13030 42385	0
174 42695	1
2914 17534	1
2914 27647	1
2914 40185	1
174 200165	1
1299 44239	1
6802 48155	1
2914 199659	1
2914 45510	1
1299 15133	1
13030 15925	0
2914 43639	1
2914 34587	1
34019 35600	1
49544 204059	1
2914 31263	1
8928 21235	1
2914 4250	1
2914 10158	1
13030 9178	1,0
2914 59395	1
2914 9605	1
13030 42652	0
2914 9601	1
174 41480	1
1299 202861	1
1299 19551	1
13030 6776	1
1299 63119	1
174 14288	1
12883 24962	1
1299 196904	1
34019 201080	1
8928 20940	1
13030 33915	0
2914 133613	1
2914 133612	1
34655 50144	1
174 199783	1
174 25509	1
1299 14080	1
6830 50348	1
20764 41349	1
13030 59761	1
174 59778	1
174 198213	1
174 62604	1
13030 49867	1
2914 15701	1
174 62341	1
13030 9002	0
1299 16532	1
2914 4651	1
13030 9009	0
2914 9999	1
2914 4657	1
8928 50974	1
13030 18845	1
13030 12389	0
13030 41095	0
13030 27647	0
33891 25447	1
174 16843	1
13030 23520	0
2914 209	0
13030 6939	0
29691 47639	1
8928 47187	1
2914 12956	0
2914 23520	1
6830 39904	1
6830 39906	1
174 46974	1
174 15083	1
1299 15659	1
2914 10886	0
2914 7602	1
174 46571	1
174 201400	1
2914 12008	1
13030 22822	0
1299 60294	1
2914 198290	1
1299 34164	1
2914 26008	1
174 11963	1
13030 6730	0
13030 23089	0
27552 22989	1
27552 393427	1
13030 20764	0
1299 47605	1
8732 29388	1
2914 15450	1
2914 18379	1
12989 262462	1
174 43383	1
2914 12716	1
13030 35518	1
1299 20940	1,0
13030 59414	1
2914 13443	1
1299 11845	1
2914 13445	1
2914 50533	1
174 64474	1
12989 394506	1
13030 47622	0
174 35953	1
13030 38040	0
2914 38016	1
13030 39063	0
13030 29396	0
1299 20473	1
6830 21466	1
13030 14361	0
1299 48483	1
1299 207023	1
2914 12085	1
13030 43531	0
3303 12333	1
23352 32771	1
13030 31216	0
2914 23454	1
33891 553	1
2914 13536	1
174 19624	1
27552 26167	1
2914 6730	0
13030 35206	1
13030 206264	0
13030 31529	0
13030 34006	0
174 53922	1
13030 15763	0
2914 133045	1
8928 44185	1
2914 56472	1
1299 43639	1
2914 12222	1
2914 44160	1
1299 5377	1
174 394634	1
13030 203724	0
23352 60890	1
13030 23889	0
1299 5610	1
174 60532	1
13030 48943	0
1299 8403	1
2914 13285	1
174 32338	1
8928 23148	1
13030 31451	1
1299 13243	1
174 18712	1
174 42020	1
12779 25309	1
2914 57653	1
34309 56876	1
13030 52320	0
174 201196	1
6830 197798	1
6830 12329	1
2914 51776	1
2914 6067	1
1299 44002	1
6830 60059	1
2914 25291	1
8928 8554	1
2914 35366	1
13030 47447	0
174 25122	1
2914 35985	1
1299 9049	1
6830 196843	1
2914 24989	1
13030 1836	1
1299 7713	1
6830 196845	1
8928 42005	1
5400 206618	1
49544 205999	1
12989 52770	1
1764 1853	1
6830 30720	1
13030 206484	1
2914 12180	1
13030 8560	0
2914 34164	1
2914 17639	1
6830 44453	1
2914 31400	1
13030 62240	0
39326 47227	1
2914 2611	0
13030 60804	1
1299 33951	1
2914 43354	1
2914 24218	1
1299 39605	1
2914 43350	1
12859 61212	1
174 36236	1
1299 14877	1
23352 54825	1
12859 198694	1
1764 51066	1
12859 25152	1
1764 21079	1
2914 133959	1
8928 12222	1
2914 64096	1
13030 199524	0
2914 34224	1
2914 29611	1
2914 1239	0
1299 16700	1
174 19117	1
1299 32748	1
13030 8365	0
13030 11845	0
13030 8368	0
2914 31313	1
2914 35369	1
2914 18779	1
8262 8745	1
13030 41847	0
2914 16347	1
2914 27630	1
1299 36408	1
2914 5713	1
1299 33438	1
174 51790	1
174 56638	1
174 27750	1
13030 8387	0
1299 58010	1
1299 11383	1
2914 29802	1
174 200623	1
2914 51945	1
4589 49793	1
1764 8387	1
27552 33083	1
2914 8767	1
174 197077	1
2914 31273	1
2914 9365	1
1299 31319	1
12859 30132	1
13030 14537	0
6830 59622	1
3292 197519	1
1299 17726	1
1299 35994	1
2914 60171	1
13030 8708	0
13030 33965	1
2914 131157	1
174 29003	1
2914 9381	1
2914 132602	1
1299 13576	1
174 203223	1
1299 4761	1
13030 48484	0
13030 8943	0
13030 9381	0
2914 134396	1
13030 50300	0
2914 134391	1
1299 37148	1
13030 2711	0
13030 59701	0
2914 134399	1
174 18865	1
1299 14413	1
2914 26347	1
1299 45177	1
2914 4755	1
174 2018	1
2914 18712	1
2914 9505	1
13030 60392	1
5400 42848	1
2914 63399	1
12779 33077	1
24989 21948	1
174 31753	1
8928 3264	1
29527 34623	1
13030 51406	0
39904 47767	1
2914 23539	1
13030 30925	0
174 46964	1
174 206988	1
13030 6128	0
174 15095	1
1764 44133	1
13030 59318	0
2914 10217	1
33891 199524	1
13030 34772	0
