174 41135	1
2914 3573	1
2914 50300	1
3549 32934	1
49544 62370	1
3356 12129	1
8220 31084	0
1836 2603	0
1836 43350	0
29608 43930	0
2914 8943	1
174 39642	1
3356 199758	1
8220 3238	0
1836 20764	0
29608 198290	0
8359 59707	1
3549 28068	1
3356 17012	1
4826 9790	1
1764 197636	1
1257 28857	0
1836 39647	0
8359 13249	1
29608 204142	0
3356 7151	1
1836 4635	0
13030 31662	1
2914 133421	1
3356 51551	1
4826 132162	1
1299 6528	1
3257 46887	1
2914 61428	1
3292 56496	1
2914 28305	1
2914 101	1
174 15895	1
3356 17378	1
6830 203732	1
2914 23627	1
174 11855	1
2914 109	1
3257 196674	1
8928 34197	1
5511 6453	0
4826 42473	1
3257 40061	1
8220 47169	0
13030 12759	1
7018 2497	0
3356 19009	1
8220 6453	0
2914 394308	1
1257 12496	0
2914 50010	1
174 200552	1
3356 2497	0
174 13284	1
4826 132405	1
9009 49931	1
29608 50032	0
49544 62731	1
29608 9002	0
3356 3389	1
3356 61266	1
12989 262981	1
7018 27218	1
7018 4269	1
174 263127	1
28917 49029	1
7018 4263	1
7018 4262	1
13030 61287	1
7018 4267	1
7018 4266	1
7018 4265	1
7018 4264	1
3356 16567	1
1257 8447	0
12989 264525	1
8218 20756	1
1299 19429	1
29608 34863	0
2914 16509	1
2914 35425	1
3257 23352	1
7018 64230	1
174 12732	1
1836 30132	0
174 53661	1
29608 2486	0
8218 200077	1
1299 202585	1
1299 20552	1
8220 9304	0
174 25335	1
8220 13193	0
8220 13194	0
8220 52320	0
8220 44160	0
3257 855	1
7018 36610	1
3257 852	1
8220 43406	0
3257 197075	1
4826 132712	1
3549 52361	1
174 4893	1
29608 37100	0
8220 20633	0
3257 11666	1
2914 40948	1
3356 30950	1
2914 9299	1
8218 200836	1
8359 15835	1
8218 201939	1
29608 8304	0
2914 44946	1
2914 38861	1
3356 11537	1
2914 62227	1
2914 25279	1
1257 34385	1
3257 35838	1
7018 3389	1
3356 22062	1
1257 9009	0
2914 38040	1
29691 199417	1
2914 6459	1
1299 7632	1
2914 49074	1
1257 20943	1
8220 8922	0
8220 31708	0
1836 15879	0
6830 206567	1
174 8201	1
3356 22711	1
174 44981	1
3356 22241	1
3549 262683	1
1836 6898	0
1836 24218	0
3356 7843	0
3216 59494	1
1836 4651	0
12859 198694	1
8220 2497	0
3356 13124	1
2914 133142	1
3549 52610	1
3356 46	1
1257 6461	0
15412 60924	1
174 46636	1
49544 42695	1
8220 61244	0
6802 5421	1
174 21554	1
1836 29545	0
1836 29014	0
174 54665	1
3356 11240	1
2914 202032	1
8218 21409	1
174 10439	1
3257 18450	1
3216 12297	1
174 61198	1
8220 39180	0
2914 61049	1
3257 30036	1
3549 17204	1
3356 54413	1
1257 3356	0
3549 28022	1
3549 52985	1
3257 11557	1
13030 52177	1
3356 27281	1
2914 395558	1
15412 45224	1
33891 12387	1
8220 24961	0
3356 29863	1
33891 50673	1
174 11888	1
3257 32621	1
3257 36243	1
3257 28663	1
13030 21013	1
3356 27446	1
3257 62000	1
33891 44229	1
174 11590	1
174 19427	1
2914 19905	1
8220 200561	0
1836 29169	0
12989 28640	1
6830 24961	1
174 13613	1
3257 27978	1
2914 54104	1
1257 42649	0
1887 24597	1
3356 50061	1
174 206652	1
1299 25260	1
3549 28331	1
1257 42708	0
3356 47887	1
2914 23629	1
9503 38037	1
2914 200561	1
8218 198682	1
3549 28114	1
29608 30972	0
3216 201916	1
2914 29606	1
13030 44776	1
8220 29314	0
7018 395231	1
3356 50469	1
15412 18101	1
3356 10397	1
2914 63949	1
174 19108	1
1257 22822	0
3356 26228	1
2914 42525	1
3549 28598	1
8220 202120	0
1257 49770	1
6830 42473	1
3356 42442	1
3356 26225	1
3257 197853	1
3257 16509	1
8220 16080	0
8220 21371	0
3356 31775	1
1257 43012	1
3356 393279	1
174 55081	1
8220 39319	0
1836 49605	0
8220 3302	0
7018 31890	1
2914 18403	1
2914 203724	1
8220 61157	0
2914 53850	1
2914 8717	1
29608 8839	0
6830 16267	1
1299 3356	0
8218 57951	1
3356 14543	1
4826 132895	1
3356 5410	1
2914 9371	1
2914 26978	1
2914 30844	1
3356 15542	1
3549 13813	1
2914 40528	1
4826 63920	1
3356 12000	1
6830 52092	1
1299 206774	1
174 14743	1
7018 21547	1
2914 262760	1
1257 197564	1
3356 15830	1
4826 24324	1
1257 25252	1
3257 206747	1
3356 32726	1
6830 205728	1
8220 35805	0
8220 57653	0
2914 60610	1
3292 39554	1
29608 49605	0
33891 8878	1
49605 12654	1
3303 8300	1
3356 1267	1
8220 199941	0
8220 56704	0
3549 262578	1
174 30961	1
2914 29904	1
1257 2906	0
2914 263525	1
3549 266025	1
3216 39150	1
1836 6667	0
29608 34006	0
2914 8151	1
2914 134387	1
1764 25522	1
7018 26305	1
1836 6661	0
9503 132456	1
174 22911	1
8220 20915	0
174 393417	1
3356 19855	1
7018 63016	1
2914 5605	1
8220 21176	0
33891 20940	1
3303 15398	1
3356 36446	1
3257 48039	1
1273 2200	1
174 7018	0
7018 7287	1
1836 21371	0
8220 25279	0
3216 16345	1
1299 42082	1
3303 61042	1
2914 36459	1
6453 3356	0
4826 23762	1
3356 40548	1
29608 24904	0
8220 12835	0
2914 9957	1
8220 29076	0
29608 200995	0
9009 205763	1
3356 31953	1
8220 15598	0
1299 21976	1
3549 262323	1
3549 53107	1
174 39392	1
12989 265187	1
3356 20473	1
1836 43284	0
174 3491	0
9009 15622	1
1299 11172	1
286 42063	1
7018 394897	1
8220 29551	0
8220 57468	0
3292 48854	1
2914 9009	1
8220 24875	0
3257 200187	1
2914 14210	1
3257 34526	1
3303 12620	1
2914 10204	1
8220 42669	0
286 13005	1
3257 5602	1
1836 1126	0
174 206774	1
174 36792	1
3356 33038	1
174 48518	1
3356 6412	1
174 6300	1
2914 25899	1
3257 22299	1
1257 29009	0
29608 43100	0
2914 60793	1
49544 203708	1
2914 206747	1
3356 26827	1
3356 18501	1
3356 25720	1
8359 28968	1
286 12843	1
29608 15412	0
29608 25152	0
1836 39651	0
29608 42456	0
1836 47869	0
3356 28729	1
8220 35393	0
12989 32590	1
49605 201950	1
3257 6774	1
1853 42685	1
8359 56868	1
4826 9328	1
174 12129	1
4826 9898	1
2914 49677	1
1257 29468	1
8220 202020	0
7018 22906	1
3257 10929	1
2914 8447	1
2914 41000	1
3356 12578	1
8220 31672	0
2914 6663	1
6830 20845	0
2914 6661	1
6453 5511	0
2914 3213	1
3356 40428	1
3356 2485	1
3292 47467	1
3257 11807	1
174 30737	1
1836 29222	0
174 206310	1
174 26714	1
1836 9002	0
174 6762	0
29608 8220	0
1273 31034	1
1836 16347	0
2914 8	1
2914 45147	1
3292 202816	1
2914 53591	1
2914 54489	1
1257 8473	1
3292 198217	1
9503 23869	1
2914 44444	1
7018 2828	0
7018 31949	1
9503 133928	1
3257 7226	1
2914 47169	1
1257 12993	0
3549 28220	1
3257 23342	1
2914 31640	1
8220 12695	0
13030 48885	1
2914 12850	1
8220 9318	0
8220 12693	0
1257 43948	1
174 9505	1
6453 1273	0
3356 11495	1
3549 33182	1
3257 4058	1
2914 16030	1
6667 16302	1
1299 5603	1
2914 12200	1
3356 33490	0
174 42925	1
3356 19104	1
4826 12222	1
3257 10835	1
6830 9108	1
2914 24173	1
286 44891	1
3257 4556	1
1836 42760	0
1257 3491	0
3356 24989	1
29608 44444	0
3356 15085	1
174 395748	1
174 61211	1
1257 44746	1
29608 199396	0
33891 43957	1
3356 15083	1
2914 35916	1
3257 62815	1
1273 62041	1
174 62227	1
174 201682	1
2914 38258	1
8220 702	0
8218 20900	1
1299 6739	1
3356 63439	1
8220 196844	0
1836 200023	0
4181 21864	1
3257 44217	1
3257 32035	1
3257 44212	1
2914 38525	1
3356 45474	1
174 198435	1
174 16735	1
6667 34263	1
3356 36040	1,0
8359 57629	1
8359 8342	1
2914 29748	1
3356 7859	1
174 203924	1
7018 30383	1
1257 6453	0
1836 6805	0
3257 11232	1
3549 52228	1
174 8697	1
3216 48995	1
286 11164	0
8220 5511	-1
174 62597	1
286 44944	1
2914 58587	1
174 44527	1
3549 61712	1
3257 43333	1
8468 199854	1
1299 7738	1
3257 14332	1
1836 29791	0
2914 13647	1
174 9246	1
3549 51762	1
174 21581	1
7018 2386	1
8220 6848	0
1836 15600	0
3356 23520	1
3257 24516	1
174 6971	1
5400 15518	1
3292 59807	1
3356 22343	1
1764 33890	1
3549 61512	1
2914 38322	1
174 198725	1
6830 47269	1
3257 1217	1
2914 2635	1
2914 56630	1
3257 7029	1
1273 55410	1
12859 1132	1
1299 29838	1
3257 201984	1
1764 30971	1
8359 48076	1
2914 54113	1
3257 25780	1
3356 30818	1
8218 197685	1
1836 202194	0
3356 50075	1
3292 49974	1
174 11272	1
29608 39600	0
3257 263735	1
29608 50858	0
4826 135543	1
3257 60758	1
2914 10745	1
174 33517	1
7018 14381	1
2914 29636	1
2914 203568	1
12989 262454	1
2914 63956	1
2914 34209	1
8220 202119	0
6830 197742	1
3292 197332	1
29608 57468	0
2914 5009	1
1299 19169	1
3303 34019	1
2914 33047	1
3356 394897	1
3257 8038	1
6830 6890	1
8359 47586	1
3257 20811	1
3356 394896	1
5511 1239	0
8220 23106	0
8218 39104	1
8218 35369	1
12989 62651	1
8218 201085	1
2914 33788	1
8220 202932	0
174 41108	1
174 56611	1
2914 45543	1
33891 5539	1
3257 45474	1
8220 25369	0
29608 8309	0
3356 200564	1
7018 14654	1
2914 135391	1
174 24958	1
8220 8469	0
8220 8468	0
2914 8708	1
174 24951	1
8220 8462	0
1836 12859	0
174 40185	1
3549 28274	1
3216 203792	1
7018 4473	1
6830 48218	1
174 33422	1
3356 852	1
3356 855	1
1299 32098	1
2914 20394	1
7018 18531	1
8220 42605	0
2914 49024	1
2914 7505	1
2914 132111	1
8220 5432	0
7018 7922	0
3356 54282	1
2914 9498	1
3303 6774	0
8359 12335	1
3257 21534	1
174 30028	1
3356 19419	1
3257 393246	1
3356 57739	1
1836 31662	0
48112 206763	1
2914 62023	1
286 29259	1
3356 31890	1
3356 30548	1
2914 196881	1
2914 26496	1
8218 59944	1
7018 11992	1
3356 1273	0
33891 16246	1
8218 34749	1
4826 15133	1
3356 34407	1
1836 6677	0
4826 24183	1
3356 36692	1
3356 47870	1
174 198082	1
1299 8100	1
29608 34019	0
3257 9009	1
3356 393398	1
2914 14061	1
43100 61026	0
3549 264375	1
12779 21176	1
174 13333	1
3356 43996	1
174 53610	1
8220 1853	0
29691 49489	1
49983 196960	0
1764 28771	1
4826 13335	1
13030 12355	1
3356 31849	1
29608 44902	0
174 17018	1
7018 17338	1
286 8596	1
174 56813	1
3257 62947	1
29608 39063	0
12779 47406	1
8220 12576	0
3257 42673	1
1764 13064	1
3356 30120	1
1836 12731	0
1273 59930	1
29608 35600	0
29608 29246	0
3257 13760	1
3356 14193	1
2914 18210	1
1257 50168	0
174 30350	1
29608 50796	0
3257 13768	1
13030 206291	1
8220 44334	0
13030 62454	1
33891 8741	1
42861 25341	1
3356 5602	1
25091 200759	0
3257 39832	1
8220 20836	0
174 26398	1
3257 22995	1
1836 2119	0
2914 32478	1
8220 50629	0
2914 8529	1
174 206943	1
1257 20940	0
2914 201175	1
2914 14537	1
7018 32629	1
174 11240	1
3356 13767	1
286 57607	1
33891 51839	1
1836 44444	0
3356 12713	1
3356 43995	1
286 202023	0
174 29607	1
1299 48971	1
8220 46786	0
286 9150	1
3549 10753	1
3303 201436	1
1836 198385	0
7018 3491	0
8220 3356	-1
2914 29066	1
1764 207203	1
6830 23520	1
3356 6739	1
7018 394464	1
3549 263009	1
3549 11338	1
286 12480	1
29608 8723	0
174 25273	1
7018 17394	1
3356 1299	0
29608 16191	0
1836 8708	0
4826 9889	1
286 201403	1
4826 9336	1
6667 43382	1
3356 209	0
3356 17310	1
174 48344	1
2914 8455	1
3257 32354	1
3356 8717	1
174 12042	1
8220 31641	0
1299 393676	1
2914 45896	1
3356 7194	1
7018 53508	1
3257 23487	1
3257 12897	1
3257 53587	1
3356 33154	1
174 11807	1
6830 47727	1
8359 43038	1
2914 3327	1
3356 6939	0
3356 32475	1
3356 197949	1
3549 61471	1
4826 133399	1
8220 5631	0
1257 25182	0
3356 22845	1
2914 15008	1
3292 199355	1
1836 201505	0
8218 16347	1
8220 24730	0
8218 199441	1
8220 16276	0
553 5501	1
3257 6327	1
7018 26830	1
2914 9731	1
3356 29668	1
3257 53424	1
3356 16591	1
174 201782	1
8218 8399	1
1836 30844	0
1257 61413	1
2914 30781	1
3303 200925	1
6830 39790	1
13030 29056	1
3356 32777	1
8359 42277	1
8220 38193	0
3303 30786	1
3356 3292	0
1836 8455	0
3356 3728	1
5400 25054	1
174 16724	1
2914 47886	1
6830 31543	1
174 29422	1
3356 8402	1
2914 22023	1
3257 18588	1
1764 42572	1
174 18747	1
1836 48885	0
3257 56595	1
3257 19214	1
3356 22006	1
3257 15782	1
6830 41609	1
3257 44150	1
1836 34695	0
3257 36031	1
2914 262659	1
8220 12779	0
9503 24006	1
8220 197853	0
7018 16793	1
174 53800	1
3257 29551	1
174 50083	1
8220 12578	0
1299 36666	1
3356 18888	1
174 201760	1
2914 6057	1
29608 15169	0
2914 7503	1
2914 38082	1
4826 17477	1
1764 199236	1
174 11081	1
2914 7506	1
3257 8523	1
3257 59605	1
6830 48095	1
1299 13237	1
1836 39309	0
1257 44136	1
3356 57902	1
8220 57902	0
2914 54054	1
3257 4826	1
6830 196810	1
2914 6908	1
3292 198008	1
33891 38938	1
8220 4589	0
29608 5511	-1
3257 43406	1
2914 54290	1
13030 34781	1
8220 31025	0
8220 12684	0
43100 25091	0
3356 18601	1
3356 49485	1
1836 25151	0
3356 2818	1
8220 62455	0
1764 16172	1
3257 31115	1
4826 9878	1
8220 13226	0
12586 49962	1
3356 394128	1
7018 19510	1
3356 34066	1
3356 11067	1
3356 34922	1
3356 22351	1
13030 198249	1
3356 32421	1
7018 6621	1
8928 30937	1
2914 36944	1
3292 34941	1
8218 47841	1
1273 204260	1
2914 55532	1
8220 286	0
8220 4761	0
8218 41090	1
6830 12571	1
12989 28667	1
8220 4766	0
1257 13127	1
1836 35745	0
2914 265389	1
3356 40230	1
1836 31424	0
15600 201436	1
6830 28676	1
3549 265154	1
3356 30622	1
2914 16970	1
29608 60940	0
8220 12931	0
2914 53907	1
174 51007	1
2914 24176	1
1257 3246	1
2914 19271	1
2914 28716	1
1257 15435	0
4826 45261	1
174 47002	1
7018 10837	1
13030 42585	1
1299 2116	1
8218 34993	1
174 8001	1
3356 36204	1
3356 42567	1
2914 35847	1
1257 8339	1
3292 15793	1
1299 28952	1
3356 62821	1
29608 34781	0
13030 62320	1
2914 42831	1
2914 20099	1
4826 38796	1
3356 394895	1
6830 197964	1
3257 8308	1
7018 701	0
3356 24778	1
8218 39444	1
1836 39120	0
33891 38955	1
6830 47420	1
7018 393635	1
3356 26008	1
7018 11471	1
3356 15960	1
1299 18351	1
8220 59605	0
2914 54876	1
3356 8530	1
2914 26558	1
3356 8569	1
553 202113	1
29608 8816	0
29608 41405	0
7018 63366	1
3257 19842	1
3257 17090	1
7018 22787	1
286 8328	1
2914 24778	1
3356 6994	1
174 3663	1
3356 34526	1
3549 28260	1
2914 15562	1
2914 35204	1
1764 59789	1
2914 9153	1
1257 199150	0
1257 57463	0
3356 394968	1
2914 35575	1
3356 201641	1
1836 57866	0
2914 20473	1
2914 17408	1
13030 49820	1
8220 34347	0
8220 35826	0
2914 44735	1
4826 23686	1
29608 49375	0
174 40156	1
2914 18680	1
8220 28716	0
6830 56912	1
3549 28026	1
1836 59761	0
2914 3130	1
3356 20214	0
29608 49463	0
8220 35551	0
2914 42612	1
7018 14738	1
1299 45899	1
7018 5650	1
174 44150	1
286 48918	1
2914 8607	1
2914 31133	1
1764 196697	1
9009 198722	1
2914 4181	1
3356 5769	1
3356 14365	1
3549 28310	1
7018 12956	0
2914 131589	1
3257 18734	1
174 5505	1
3292 12222	1
3491 20928	1
2914 14051	1
3356 36421	1
29608 58453	0
8218 48072	1
2914 27552	1
8218 15436	1
7018 12422	1
12779 207028	1
8220 21221	0
3356 199348	1
3356 199349	1
2914 3693	1
2914 13335	1
1836 9150	0
28917 64432	1
3216 12695	1
3356 13194	1
3356 203759	1
2914 198949	1
6830 59776	1
3257 16128	1
174 16175	1
28917 39153	1
3257 20940	1
174 7767	1
3356 45356	1
3257 12312	1
1273 8402	1
101 11956	1
2914 13331	1
2914 3742	1
2914 3741	1
2914 37187	1
3257 9658	1
2914 8513	1
3356 5588	1
29608 15436	0
15412 9957	1
3356 5610	1
2914 36236	1
286 8928	0
1836 34106	0
2914 8282	1
1853 39837	1
3356 36734	1
174 7363	1
174 47223	1
1257 51307	1
3257 24931	1
3356 37002	1
1299 203120	1
174 6364	1
174 1403	1
3292 201271	1
1836 8608	0
1299 36040	0
29608 29467	0
2914 198018	1
1836 25542	0
3257 10480	1
3356 8529	1
9009 9178	1
1836 50304	0
1257 197440	0
174 43203	1
3549 52720	1
1836 197595	0
3549 262547	1
174 4474	1
2914 54720	1
3257 34764	1
1299 198710	1
3356 20521	1
42861 29053	1
2914 11483	1
8218 60940	1
286 47167	1
29608 197692	0
4826 131107	1
2914 4761	1
29608 199218	0
1836 20080	0
174 201536	1
8220 15518	1
8220 50316	0
1299 28007	1
286 33873	1
9009 49962	1
8218 2072	1
2914 8866	1
8220 28999	0
13030 29668	1
28917 197078	1
6667 34387	1
3356 36994	1
8359 41722	1
286 25459	1
13030 60890	1
3303 44530	0
3257 48832	1
4826 55803	1
3356 262206	1
3549 27833	1
29608 8487	0
2914 33224	1
3356 7506	1
3356 7055	1
3356 42973	1
2914 48635	1
2914 36617	1
3257 23367	1
8218 50535	1
3257 7203	1
3356 34171	1
1836 1103	0
3257 14080	1
2914 45352	1
2914 12041	1
174 16245	1
29608 24776	0
8220 39591	0
3257 62904	1
29608 12670	0
5511 1299	0
3356 21928	1
3356 24592	1
3257 23148	1
3257 7065	1
7018 26153	1
3356 13706	1
174 9299	1
13030 12654	1
174 46793	1
2914 40317	1
1836 33873	0
29608 29513	0
1836 31736	0
7018 18440	1
13030 201891	1
3292 204101	1
4826 133075	1
3549 61792	1
33891 62297	1
3257 38880	1
3257 62833	1
13030 6775	1
174 26803	1
8220 42455	0
8220 16086	0
174 59908	1
2914 49229	1
1836 47622	0
174 16022	1
2914 4862	1
1257 197603	1
1836 34177	0
8218 199483	1
12989 52551	1
8220 25180	0
174 17378	1
2914 58431	1
174 4901	1
2914 25091	1
2914 13226	1
3549 14840	1
1299 12552	1
4826 20940	1
3356 22581	1
8732 8641	1
3356 19541	1
2914 7516	1
2914 7514	1
2914 30640	1
3257 49983	1
29608 44099	0
3257 36483	1
2914 33517	1
2914 30548	1
33891 8823	1
1299 2906	0
33891 200062	1
1836 13250	0
8220 197440	0
1299 21502	1
1836 200130	0
3356 8211	1
4826 7490	1
1836 12306	0
174 54235	1
8220 5578	0
8220 13768	0
8220 8804	0
1836 12902	0
1836 15623	0
3257 31479	1
2914 59253	1
3257 17666	1
1836 35366	0
33891 199524	1
3356 11054	1
1257 8075	0
8220 13237	0
9503 24107	1
2914 38636	1
8262 197216	1
3356 50287	1
3257 8793	1
3356 7922	0
8220 8359	0
2914 20712	1
3549 16814	1
174 199653	1
3356 12824	1
29608 13002	0
7018 11971	1
2914 262507	1
6830 24991	1
3356 293	1
6830 196978	1
15412 30873	1
2914 48173	1
8218 204273	1
2914 45903	1
2914 25560	1
2914 39326	1
3303 29430	1
3257 36007	1
3257 8001	1
3257 39591	1
174 50607	1
3549 25432	1
3356 51055	1
174 3	1
8220 3292	0
174 60019	1
3257 18779	1
1836 6939	0
1836 15133	0
3257 12189	1
174 17400	1
3356 42579	1
5511 11537	0
8220 62009	0
2914 715	1
7018 21528	1
7018 6830	0
286 29063	1
1299 16186	1
33891 198570	1
3257 28707	1
3257 62168	1
174 55943	1
28917 20985	1
3356 4196	1
1299 19693	1
13030 15598	1
174 207223	1
8220 201213	0
8218 199349	1
3356 54113	1
33891 39878	1
2914 11232	1
12989 22548	1
6830 204028	1
29608 31122	0
8220 205801	0
1836 12871	0
3216 199833	1
174 17318	1
2914 47541	1
3549 28250	1
174 13446	1
8218 20144	1
7018 10912	1
3356 49855	1
7018 33069	1
6830 201922	1
6453 9505	0
9009 39602	1
3292 3943	1
6453 4637	0
2914 9121	1
2914 132134	1
1299 52468	1
33891 196922	1
3257 786	1
3356 27257	1
174 1299	0
3356 394976	1
2914 16413	1
29608 31019	0
2914 62597	1
19151 63311	1
2914 203507	1
29075 60491	1
3292 203383	1
3356 15598	1
3549 52532	1
42861 39792	1
6830 6848	1
1257 47708	1
12989 12041	1
3257 23678	1
8220 203201	0
3257 62597	1
174 196674	1
7018 14744	1
29608 12350	0
1764 201248	1
3257 2516	1
8220 12480	0
2914 24611	1
13030 8271	1
1836 59758	0
1257 12041	0
8220 20485	0
1836 57976	0
8218 28774	1
174 42020	1
3303 34261	1
2914 34407	1
6830 199554	1
3549 14868	1
174 14477	1
2914 7160	1
174 5511	0
2914 17516	1
4826 54372	1
2914 10030	1
3356 53907	1
7018 395063	1
2914 40402	1
6830 31736	1
174 31976	1
2914 9583	1
174 12196	1
8220 21320	0
15412 35753	1
1836 199547	0
7018 12989	1
6453 3303	0
3257 12678	1
6830 5769	0
2914 133771	1
2914 4150	1
3549 262318	1
3356 13999	1
1836 48526	0
1257 34622	1
1299 174	0
3257 11814	1
3356 5377	1
8220 56357	0
8218 44000	1
1257 51468	0
174 40893	1
174 19255	1
3356 20681	1
6830 21040	1
3356 4184	1
4826 134503	1
3356 6130	1
3292 56736	1
33891 204038	1
3549 27930	1
2914 9050	1
2914 9052	1
8220 35833	0
3257 53364	1
3257 21724	1
29608 43646	0
7018 12182	1
1764 35492	1
3549 262481	1
3549 262954	1
4826 9443	1
6830 8821	1
2914 60917	1
2914 62240	1
8220 25441	0
286 8487	1
29608 12779	0
3303 48060	1
174 22652	1
3257 21775	1
3257 32934	1
8220 42579	0
3257 32939	1
1764 5403	1
1836 12041	0
3549 263574	1
3356 199483	1
3356 10442	1
3356 40555	1
29608 35717	0
3356 30060	1
1836 59865	0
6453 1239	0
29608 12826	0
13030 28857	1
2914 4795	1
3356 61046	1
3356 13367	0
13030 12337	1
29608 29075	0
2914 34624	1
1257 202064	1
8220 196640	0
1836 1200	0
174 13243	1
2914 10158	1
174 49835	1
8220 20783	0
174 34270	1
1299 20448	1
8220 29037	0
174 13249	1
174 15836	1
174 6735	1
3356 37100	1
3292 201641	1
1299 206178	1
1836 34968	0
8220 44212	0
5400 12331	1
8220 15692	0
29608 201080	0
1836 61955	0
1299 13046	1
174 19679	1
3356 34304	1
2914 22626	1
3356 30764	1
174 13649	1
7018 3719	1
174 394882	1
174 3043	1
3356 203354	1
1257 8240	1
1836 12759	0
2914 7671	1
2914 7670	1
8220 24953	0
8220 12200	0
3257 22557	1
174 206372	1
7018 5511	0
8220 35592	0
3257 12945	1
174 50463	1
174 61969	1
8220 13213	0
2914 60157	1
8359 21497	1
13030 42760	1
29691 199587	1
2914 12252	1
3356 204018	1
1257 19399	0
4826 58666	1
1257 20704	0
6830 28972	1
3356 30914	1
6830 61144	1
174 50746	1
3356 22958	1
8220 20676	0
3292 200139	1
174 395774	1
2914 8966	1
2914 63494	1
8359 13055	1
3356 20093	1
2914 13789	1
286 37271	0
3292 57084	1
6830 42882	1
8220 20473	0
3257 48910	1
7018 7345	1
8220 207028	0
8220 36629	0
286 15943	1
2914 1916	1
3356 22023	1
174 51326	1
3257 1341	1
2914 13414	1
3549 263756	1
6453 1668	0
3356 29049	1
1836 20984	0
29691 12307	1
2914 49964	1
3356 35873	1
2914 49962	1
1257 205970	0
286 42473	0
3257 31688	1
49544 42494	1
174 17557	1
286 15542	1
174 40191	1
3257 19016	1
3549 19889	1
8220 12552	0
7018 4466	1
2914 12329	1
2914 44066	1
7018 81	1
2914 9370	1
8220 26496	0
8220 20804	0
3356 19555	1
2914 7522	1
174 16567	1
2914 30848	1
2914 47998	1
8220 12843	0
2914 15701	1
174 46475	1
2914 394028	1
8220 1273	0
43100 42	0
3257 34164	1
3356 11911	1
3356 3361	1
4826 56199	1
174 36007	1
28917 51147	1
3257 32489	1
2914 25394	1
2914 34555	1
12989 53131	1
8220 38719	0
2914 23816	1
2914 47314	1
3356 8448	1
3257 1216	1
3356 8445	1
3257 1215	1
12989 28284	1
174 54391	1
4826 38883	1
3257 11776	1
2914 812	1
2914 264009	1
1273 199055	1
6830 44489	1
3257 19165	1
3356 8680	1
174 60981	1
3356 32400	1
2914 6327	1
1836 48200	0
2914 55555	1
7018 40772	1
286 41960	1
13030 47302	1
2914 3238	1
3356 44902	1
3356 45177	1
6453 701	0
3257 18786	1
6453 703	0
6453 702	0
2914 25577	1
34019 201080	1
3257 199880	1
8220 51055	0
6830 29056	1
3257 8495	1
3356 15932	1
15412 6517	1
29608 13030	0
3356 6900	1
174 50632	1
3257 2636	1
8220 39537	0
29608 35393	0
3257 14453	1
3356 2906	1,0
174 10326	1
286 56837	1
1257 57208	1
3257 42830	1
174 394437	1
6830 41860	1
174 8025	1
12989 53237	1
7018 33186	1
286 202885	0
2914 20679	1
2914 17554	1
12989 22381	1
2914 17557	1
49544 202918	1
29608 15965	0
553 34878	1
6830 41913	1
5400 15495	1
3356 32248	1
3356 32249	1
49605 50877	1
15412 55644	1
2914 24572	1
174 21623	1
174 21624	1
174 21627	1
3356 54104	1
1257 49605	0
8218 16211	1
12989 17222	1
3356 20836	1
3549 52440	1
3303 60390	1
19151 11686	1
3257 8100	1
7018 109	1
29608 15830	0
43100 26415	0
3356 19940	1
174 197118	1
2914 24592	1
28917 35539	1
3257 49220	1
1273 199291	1
6830 2914	0
1836 15547	0
6830 201878	1
2914 394644	1
8359 41268	1
3356 198484	1
1299 2572	1
3257 20144	1
174 7738	1
12989 28202	1
1257 31500	0
3356 62488	1
7018 25993	1
7018 7912	1
3356 3491	1
3257 793	1
8220 28725	0
174 60688	1
1273 72	1
3257 33280	1
12989 63403	1
1273 9829	1
8359 44579	1
174 60686	1
3292 44123	1
2914 54927	1
8218 39931	1
2914 4685	1
2914 29834	1
9503 18021	1
2914 55891	1
174 19318	1
3356 18540	1
174 198279	1
3356 35753	1
3257 15211	1
29608 34288	0
7018 19783	1
3356 14340	1
2914 19551	1
174 3737	1
3356 58010	1
2914 10021	1
12586 206499	1,0
2914 9595	1
2914 10026	1
8220 61205	0
3356 201287	1
8218 49594	1
174 47794	1
3356 31313	1
1836 25148	0
2914 5410	1
12779 44219	1
3549 28311	1
3356 21948	1
29075 197922	1
3356 40850	1
3257 12337	1
3257 18978	1
6667 790	1
3257 42040	1
1257 48519	0
2914 27224	1
2914 35699	1
3356 17184	1
3356 6453	0
8218 24864	1
4826 9297	1
8220 29518	0
4826 134067	1
174 25843	1
3356 6109	1
3549 20207	1
8218 34391	1
8220 20860	0
3216 31692	1
4826 9503	1
8220 28941	0
3356 41625	1
174 32638	1
1836 198792	0
8359 25372	1
1273 3209	1
286 29263	1
6830 50180	1
174 15935	1
174 28707	1
29608 60032	0
6667 29432	1
4826 58940	1
1836 57928	0
8220 16206	0
8220 204142	0
3356 17183	1
1299 23487	1
29608 43142	0
43100 197685	0
1299 8375	1
101 14221	1
3292 21293	1
1836 59414	0
6830 42168	1
1836 48173	0
1764 760	1
3356 14265	1
3257 23947	1
4826 38456	1
3356 40459	1
2914 23655	1
2914 63916	1
3549 262569	1
3257 25441	1
3257 13335	1
3356 12715	1
1836 25091	0
5400 20561	1
2914 4780	1
33891 201701	1
13030 12329	1
2914 14492	1
2914 14361	1
3292 206377	1
33891 30823	1
2914 4788	1
174 6503	1
3257 393676	1
3549 27810	1
174 25710	1
6830 58247	1
3549 262588	1
286 33854	1
3549 26218	1
3549 28642	1
174 134397	1
174 134395	1
9009 202023	1
6830 201179	1
3356 17072	1
3356 39629	1
1836 22822	0
174 11872	1
29608 8262	0
4826 38826	1
3356 5707	1
174 11878	1
8220 31133	0
3356 2594	1
33891 62874	1
3356 2597	1
8218 48943	1
8220 5602	0
3356 26464	1
3549 263367	1
8220 35266	0
286 21473	0
1836 50763	0
2914 18001	1
2914 18000	1
3257 25286	1
43100 199487	0
3356 29834	1
49544 12506	1
3549 10954	1
8220 8309	0
28917 44812	1
3257 44786	1
8220 6774	0
12989 27720	1
174 17172	1
2914 49687	1
1257 174	0
286 54113	0
1836 2906	0
33891 199803	1
6830 198494	1
174 16178	1
3257 16206	1
3356 40028	1
174 43541	1
7018 26777	1
13030 43821	1
2914 7682	1
5511 174	0
15412 133334	1
1299 29278	1
2914 36616	1
6830 39057	1
286 25542	1
1257 39570	1
25577 39846	1
49544 202905	1
174 2552	1
3257 11019	1
28917 47914	1
8220 199837	0
2914 63408	1
174 12097	1
2914 38639	1
8220 23889	0
3549 61829	1
12637 6734	1
8220 63949	0
2914 31479	1
1299 16880	1
8220 12301	0
2914 38566	1
1299 30999	1
1836 31122	0
3356 29906	1
174 35733	1
2914 33132	1
2914 50622	1
3356 16657	1
1273 47720	1
3257 26167	1
8359 39001	1
1887 12464	1
1836 8315	0
3356 36089	1
8220 20681	0
174 8452	1
3356 35205	1
174 395512	1
8218 198177	1
15600 42346	1
8220 1267	0
2914 39905	1
29608 196983	0
174 32934	1
1836 13237	0
174 21159	1
3257 22317	1
4826 7477	1
174 201050	1
286 30742	1
3356 23099	1
2914 25369	1
2914 21371	1
29075 25057	1
8218 30972	1
8928 13287	1
3257 40193	1
3257 5760	1
6830 50348	1
3257 26803	1
3257 50245	1
3356 2828	0
28917 33927	1
7018 13893	1
2914 199524	1
174 22612	1
2914 1412	1
7018 36351	1
8220 50533	0
8220 12637	0
8359 44895	1
6830 57188	1
8220 203608	0
4826 132126	1
8218 199758	1
4826 132125	1
3257 49895	1
174 14	1
2914 205848	1
6830 203854	1
12989 52840	1
8220 62240	0
3549 27951	1
8220 5396	0
8220 62245	0
8220 5394	0
3257 32780	1
3292 60278	1
1764 21360	1
174 24603	1
174 30600	1
174 59521	1
174 33554	1
7018 10846	1
3356 2914	0
3257 9038	1
3356 60268	1
3257 15919	1
3356 701	0
1257 198093	0
8220 8717	0
3257 63949	1
5400 201004	1
29608 42669	0
1836 42473	0
174 37678	1
286 15598	1
3257 28760	1
13030 8455	1
286 20849	0
4826 133864	1
15412 9155	1
8220 8823	0
2914 22132	1
3356 394192	1
9009 206372	1
3356 26094	1
3356 16692	1
3356 12	1
33891 43350	1
2914 20021	1
3257 16591	1
3356 36529	1
1299 3301	1
3257 42227	1
3356 24785	1
1836 15576	0
174 10026	1
1299 3308	1
3257 51796	1
4826 132331	1
1257 5403	0
3356 8008	1
3356 46429	1
8220 2874	0
2914 24245	1
3257 53767	1
3356 25923	1
2914 49182	1
174 20679	1
3257 200780	1
2914 17944	1
1257 31337	1
174 47902	1
7018 11338	1
174 200999	1
3549 266051	1
7018 4927	1
3549 265264	1
6453 3549	0
3356 35242	1
6830 203328	1
2914 43519	1
8928 15735	1
3257 9044	1
101 73	1
8220 31727	0
2914 8674	1
1764 8596	1
3356 46456	1
33891 43284	1
3549 28347	1
1836 12414	0
3549 50287	1
3549 28343	1
3356 15133	0
29608 43858	0
8220 3257	0
1299 19257	1
29608 205801	0
1273 2529	1
7018 30452	1
2914 10013	1
3257 34525	1
13030 15954	1
4826 24093	1
2914 17054	1
286 47474	1
8220 35297	0
286 24785	1
1257 28726	1
2914 4136	1
2914 133752	1
33891 206583	1
8220 21473	0
3549 262366	1
12989 21766	1
1257 31027	0
1836 25152	0
3303 201590	1
1836 39912	0
2914 23520	1
3549 262375	1
6830 206452	1
6830 43291	1
1299 158	1
4826 18210	1
6830 59622	1
2914 135373	1
4826 55532	1
3257 63157	1
4826 9280	1
174 59675	1
3257 34224	1
8220 29838	0
2914 29884	1
3549 264837	1
1273 3216	1
8218 31167	1
1257 15879	0
8220 51468	0
12989 262743	1
2914 4557	1
174 5662	1
3257 206246	1
174 7352	1
3356 33951	1
2914 10474	1
1764 44753	1
2914 12654	1
5539 8763	1
4826 9268	1
1257 8674	1
1836 36944	0
8220 50352	0
4826 4851	1
3356 39505	1
7018 23005	1
8220 60475	0
8220 35676	0
3356 30013	1
8220 42227	0
6830 20940	1
39904 197895	1
6830 8913	1
1836 24889	0
13030 61232	1
8218 42487	1
3356 12709	1
1273 60297	1
2914 23641	1
1299 207023	1
6453 174	0
3356 196904	1
3257 33333	1
3356 18598	1
4826 18037	1
6830 12842	1
1299 11019	1
1836 44066	0
1299 11014	1
6453 3320	0
3257 22711	1
8220 15456	0
2914 11274	1
1836 8075	0
174 12310	1
5400 2856	1
1299 203928	1
3257 12586	1
8220 29014	0
174 6713	1
12301 206892	1
174 34254	1
3257 7908	1
174 11845	1
3356 19679	1
1836 42093	0
6830 202237	1
2914 60800	1
174 394151	1
3292 42903	1
101 64247	1
49605 42658	1
3356 61081	1
2914 133530	1
2914 46489	1
12989 266480	1
2914 33182	1
12586 206423	1
1836 42	0
1257 8732	0
3356 34144	1
3356 30496	1
3356 203968	1
3292 51634	1
2914 32590	1
1257 8220	0
174 62341	1
1836 8674	0
34309 199610	1
5511 6762	0
29608 199483	0
174 38193	1
5511 3356	0
8218 3330	1
5400 42848	1
174 393533	1
1273 206576	1
2914 15224	1
174 25160	1
3356 19151	1
1764 15655	1
3356 19400	1
3257 34967	1
1764 206159	1
3356 33606	1
174 6666	1
174 6667	1
4826 56284	1
286 198089	1
3356 11847	1
1836 13335	0
8220 39605	0
8359 3327	1
8218 203908	1
2914 58620	1
29608 39905	0
3549 264562	1
29075 199167	1
3257 12083	1
29608 21409	0
3216 50265	1
6830 34714	1
1257 8359	0
2914 38629	1
174 28598	1
174 21743	1
3356 6758	1
2914 23352	1
8220 12310	0
13030 199714	1
2914 23820	1
3549 263405	1
4826 7594	1
2914 52877	1
9503 9733	1
8220 13045	0
1836 6834	0
6830 61296	1
174 201896	1
1836 6830	0
174 7922	0
3356 19804	1
1299 11830	1
2914 31742	1
1836 35223	0
8220 30914	0
8220 34144	0
5511 6830	0
7018 6762	0
1836 16298	0
1836 38082	0
3356 202745	1
3356 12980	1
3257 29140	1
8220 1257	0
2914 22773	1
8218 44902	1
3257 8612	1
3257 14987	1
29608 2613	0
174 32703	1
3356 8820	1
1836 34309	0
33891 35223	1
9009 58273	1
3257 57068	1
1836 34305	0
7018 394956	1
2914 38199	1
3356 11711	1
3356 23226	1
8220 8723	0
12779 12654	1
8220 43061	0
8220 39651	0
13030 198288	1
3356 25562	1
3356 22317	1
1257 41216	1
3257 25003	1
49544 202625	1
2914 20853	1
8220 260	0
7018 13789	1
7018 26344	1
3303 33845	1
34309 201955	1
3257 19108	1
3549 28075	1
8218 57068	1
3356 201232	1
8220 9381	0
174 24711	1
1299 13876	1
174 12533	1
174 20	1
2914 16552	1
12989 28625	1
3549 265490	1
3356 6866	1
174 26	1
3356 42020	1
4826 7604	1
3257 33361	1
3356 29152	1
3356 3549	1,0
3356 4230	1
3356 60819	1
3356 23314	1
286 20940	0
1764 198650	1
1764 9023	1
3257 2611	1
174 24611	1
1273 34164	1
174 21235	1
3257 47869	1
286 50533	0
3356 46698	1
3257 31241	1
1836 559	0
1764 42557	1
3257 39093	1
35369 42061	1
3549 265326	1
3257 18747	1
2914 18683	1
8220 1668	0
2914 12637	1
3257 31080	1
1836 3327	0
12989 28294	1
3257 31084	1
1257 13189	0
8220 9498	0
3257 54652	1
3356 27330	1
15412 9381	1
19151 393950	1
1273 12430	1
174 201127	1
2914 16880	1
7018 10780	1
3356 22796	1
1257 39301	1
1257 39651	0
3292 48564	1
3292 49251	1
8220 39600	0
3257 45753	1
3257 27299	1
2914 49503	1
174 203964	1
43100 34274	0
174 59469	1
174 23267	1
3257 5409	1
3549 264144	1
2914 53837	1
3356 46696	1
3320 2906	1
174 50272	1
2914 9601	1
3356 60068	1
2914 19893	1
1764 28839	1
33891 62336	1
3356 5009	1
3356 45050	1
3549 29591	1
1257 41819	1
3257 41549	1
174 24909	1
8218 8565	1
3257 13730	1
1257 31529	0
3356 36392	1
4826 58620	1
5511 202818	0
3356 46198	1
174 60194	1
3320 174	0
12989 262719	1
8220 58208	0
33891 20546	1
2914 40428	1
2914 21321	1
8220 12348	0
2914 17931	1
1299 12929	1
3257 3367	1
174 1955	1
3292 35445	1
34019 44097	1
13030 25563	1
8928 200899	1
1836 59891	0
39904 202605	1
7018 15084	1
9009 47583	1
2914 24642	1
2914 45444	1
3303 15576	1
3356 14413	1
1299 8966	1
6802 41352	1
1257 32934	0
1836 28876	0
2914 394530	1
12779 39636	1
1273 7160	1
174 199883	1
2914 60781	1
2914 8928	1
3292 16095	1
174 5050	1
8220 41073	0
174 56934	1
174 20115	1
174 20723	1
43100 199483	0
286 42965	0
33891 197524	1
29608 3856	0
6830 15425	1
3257 20984	1
1257 62116	1
13030 33843	1
29608 24482	0
2914 4128	1
3549 11815	1
3356 59872	1
7018 71	1
6830 22773	0
3356 30641	1
2914 36143	1
13030 35663	1
29608 8632	0
3356 198018	1
8220 2914	0
1257 394354	0
6830 35613	1
3356 1313	1
1257 2874	0
1257 39870	1
1257 39871	1
29608 200780	0
3257 22925	1
29608 34177	0
3257 22923	1
3356 5650	1
174 14537	1
174 206497	1
2914 4230	1
8220 15720	0
8220 60157	0
1836 8932	0
174 60532	1
3257 9188	1
3292 200538	1
2914 62234	1
2914 4058	1
1836 20847	0
8220 15734	0
2914 393667	1
2914 14745	1
6830 25506	0
6453 2687	0
6453 2686	0
3257 19551	1
8218 28855	1
3549 61463	1
3257 33494	1
6830 34964	1
8220 29791	0
1764 8787	1
3549 263500	1
3356 25046	1
3356 31863	1
3257 4788	1
3257 47302	1
4826 4770	1
2914 14340	1
49605 43989	1
8218 29104	1
2914 8528	1
3356 394699	1
29608 13414	0
13030 12306	1
2914 3302	1
2914 63528	1
2914 3300	1
8220 57099	0
174 61160	1
1836 197742	1
3549 30383	1
286 12731	1
286 12732	1
3356 36601	1
2914 13901	1
29608 16128	0
8220 15557	0
2914 23473	1
33891 34549	1
1299 48408	1
29608 20940	0
8220 25560	0
3303 48789	1
174 51048	1
2914 60142	1
8220 200043	0
3356 12287	1
1836 21263	0
174 6753	1
174 61098	1
4826 133326	1
8220 34790	0
3356 26978	1
2914 10913	1
2914 10912	1
2914 198435	1
8220 12337	0
28917 39608	1
4826 19551	1
286 30238	1
8220 49024	0
7018 2571	1
33891 31424	1
2914 19318	1
3356 7786	1
3356 12605	1
6453 2119	0
3356 7782	1
8220 51922	0
7018 62675	1
1257 51349	1
174 47264	1
3356 13736	1
2914 42605	1
2914 14589	1
174 19429	1
29608 50620	0
174 34660	1
12859 197731	1
13030 59761	1
5511 6939	0
3292 34848	1
8220 12430	0
29608 198682	0
2914 30513	1
1836 8422	0
28917 28761	1
29608 51405	0
174 35283	1
1836 8426	0
1836 20932	0
2914 55388	1
43100 29467	0
174 11404	1
8220 15958	0
174 62604	1
1836 15958	0
3356 7138	1
13030 49867	1
7018 394896	1
2914 36631	1
2914 36632	1
7018 394895	1
3356 2158	1
8220 29834	0
2914 44679	1
2914 56990	1
174 32629	1
286 39090	1
2914 19506	1
3257 44655	1
8220 12989	0
1836 61287	0
3257 63452	1
3356 12510	1
2914 23367	1
174 60396	1
13030 1921	1
1836 47195	0
1273 59799	1
3356 8147	1
3257 7738	1
3257 52863	1
7018 36204	1
3356 63161	1
2914 31769	1
8220 55799	0
3356 12996	1
2914 7568	1
2914 7552	1
3356 54868	1
1836 56647	0
2914 30259	1
2914 61337	1
3356 33703	1
3356 30811	1
3257 11290	1
3549 264647	1
3303 12776	1
8928 31612	1
8928 197518	1
174 39386	1
3356 62094	1
2914 262227	1
3257 45430	1
8220 1248	0
3303 202229	1
3356 11944	1
33597 62731	0
6830 61110	1
2914 14153	1
3356 22140	1
3356 2631	1
6453 286	0
7018 16527	1
12989 54104	1
174 10297	1
174 53612	1
4826 17492	1
8220 13124	0
2914 13354	1
8220 42708	0
3257 23184	1
3356 11767	1
3356 122	1
2914 45899	1
8220 34407	0
3356 53834	1
8220 31019	0
174 4385	1
5539 44450	1
15600 50262	1
13030 202194	1
2914 131893	1
1299 5518	1
174 34	1
8220 9002	0
2914 33438	1
29608 36629	0
8220 12615	0
174 393676	1
174 13576	1
3356 32479	1
174 20473	1
8220 9009	0
3292 49769	1
174 201201	1
1836 3250	0
3257 8262	1
174 9136	1
1257 60171	0
8220 48484	0
174 394458	1
12586 61430	1
1836 13101	0
8220 766	0
8220 63399	0
1836 29396	0
3356 8966	1
3257 29909	1
8220 48173	0
8218 1764	1
2914 21688	1
3292 198944	1
8218 25593	1
174 61317	1
174 35847	1
1257 1299	0
15412 45630	1
2914 20141	1
3356 8561	1
174 7828	1
7018 395568	1
1836 15772	0
1257 13194	0
174 39832	1
1764 12577	1
8220 8732	0
1257 13193	0
174 28931	1
1257 33891	0
1836 3333	0
2914 13005	1
2914 14907	1
13030 25164	1
3356 61428	1
7018 1226	1
29608 52075	0
25074 20830	1
8218 12727	1
1273 38442	1
3216 56361	1
174 24753	1
5400 34457	1
3257 45629	1
29608 28855	0
8220 196752	0
1257 12714	0
1299 3223	1
6830 9135	1
3356 52004	1
7018 9680	1
5511 7922	1
8220 31655	0
7018 11133	1
3356 39051	1
2914 42004	1
3257 197883	1
3356 47631	1
1299 203329	1
7018 792	1
174 41186	1
2914 43531	1
3356 51167	1
1257 13335	0
8218 197736	1
1836 15516	0
3356 8	1
33891 51191	1
3356 42227	1
8218 57468	1
1764 28848	1
8220 47608	0
3356 51496	1
3549 28299	1
3257 4436	1
2914 10674	1
174 33828	1
174 199290	1
8220 51263	0
3257 30693	1
3356 15734	1
3356 36385	1
2914 38895	1
8359 25535	1
3356 200742	1
33891 29298	1
3356 51018	1
7018 1239	0
3356 26344	1
3257 199799	1
3356 8590	1
3257 394102	1
13030 29090	1
174 30950	1
1836 15557	0
8218 41405	1
8220 196714	1
174 32767	1
2914 24121	1
3356 41135	1
3549 53087	1
3356 62	1
6830 34048	1
1257 34946	1
3257 21351	1
49544 25820	1
3257 17378	1
1257 12552	0
13030 62177	1
2914 60447	1
174 37271	1
174 32489	1
2914 45474	1
29608 48526	0
19151 6536	1
1299 62597	1
3549 3132	1
174 33024	1
3356 29314	1
2914 264005	1
8359 201851	1
3356 19332	1
3216 34241	1
3549 27826	1
3549 28160	1
12989 262699	1
3549 61832	1
174 33597	1
15412 133476	1
1257 12956	0
8220 31042	0
174 20109	1
8359 203674	1
3257 395747	1
174 5391	1
3356 394902	1
13030 8879	1
3356 15399	1
6830 21217	1
1836 12347	0
3356 394756	1
1273 9989	1
3549 52444	1
3356 6717	1
174 16843	1
3356 39290	1
7018 29765	1
3356 20485	1
174 63290	1
3257 196960	1
9503 133532	1
1836 25375	0
3356 30383	1
3356 21775	1
3356 6461	0
174 19214	1
6830 59970	1
1257 2863	1
3356 14904	1
3356 2647	1
8220 20853	0
2914 10297	1
174 62212	1
174 44611	1
9009 197529	1
2914 6660	1
3257 34209	1
3257 43519	1
1836 8928	0
2914 10101	1
3303 29222	1
2914 9304	1
8368 44806	1
174 31845	1
3356 395662	1
174 15247	1
174 47100	1
8220 25376	0
8220 24776	0
7018 17012	1
1836 41692	0
1273 21351	1
3356 30036	1
174 41489	1
6830 57560	1
3356 30030	1
1764 8692	1
7018 209	0
2914 32448	1
2914 4844	1
2914 18973	1
174 2149	1
174 56472	1
3292 198531	1
7018 4152	1
286 42385	0
1764 60587	1
43100 35676	0
4826 9398	1
174 12409	1
3356 20771	1
7018 10913	1
3549 53062	1
1299 23033	1
3257 62551	1
174 33154	1
3549 264035	1
286 42416	1
1257 199121	0
2914 29990	1
2914 36351	1
8218 50858	1
8218 199571	1
3257 62087	1
3356 36617	1
3356 36616	1
2914 15954	1
1257 8681	1
3257 7385	0
13030 16242	1
2914 23686	1
8220 15542	0
8220 25577	0
12779 42669	1
2914 61832	1
12989 11588	1
1299 6667	0
1836 20612	1
174 15083	1
3303 262589	0
1764 48362	1
174 34555	1
8220 60294	0
29608 25091	0
3257 1421	1
3549 52622	1
8220 2603	0
1836 21219	0
19151 8100	1
8220 24993	0
2914 7819	1
286 12337	1
2914 9534	1
3356 31922	1
8220 61231	0
8220 8301	0
3356 12615	1
3292 20681	1
13030 51395	1
174 16657	1
1836 8657	0
1836 2686	0
3356 5511	0
1764 39508	1
174 15945	1
6830 3320	0
174 6461	0
1273 30722	1
2914 36692	1
174 16413	1
2914 132132	1
2914 12290	1
5511 2914	0
1836 10310	0
1764 29287	1
174 9009	1
8218 61221	1
174 35838	1
28917 28775	1
174 43623	1
2914 36621	1
2914 36627	1
2914 36626	1
2914 36625	1
34019 34958	1
2914 36629	1
3356 203262	1
2914 5503	1
174 13591	1
3257 14135	1
8218 49920	1
8220 2119	0
174 39628	1
1836 5400	0
174 201400	1
1257 49079	1
3356 3145	1
1257 10310	0
29608 57902	0
12779 47316	1
2914 7782	1
2914 12182	1
174 42177	1
33891 57395	1
2914 7784	1
3303 12874	1
2914 18126	1
174 42220	1
3356 19770	1
8220 15895	0
1273 714	1
8220 31400	0
1299 30962	1
2914 39551	1
1299 1759	1
3257 36692	1
8220 12041	0
1836 51395	0
2914 13768	1
3356 22557	1
3356 59395	1
101 3807	1
7018 3320	0
2914 2510	1
3257 62887	1
3356 12975	1
2914 2514	1
174 394592	1
1836 29097	0
2914 2519	1
3356 4390	1
174 25098	1
3356 19071	1
2914 39263	1
3257 8922	1
1299 203774	1
2914 198290	1
7018 16539	1
19151 13645	1
2914 59816	1
7018 600	1
3257 51395	1
2914 59605	1
3356 3320	0
8220 5588	0
1836 12355	0
174 17149	1
3356 24867	1
174 11963	1
8220 36994	0
1836 12350	0
3257 29119	1
2914 51474	1
3257 12703	1
7018 394976	1
7018 3257	0
3356 44327	1
174 21889	1
3356 32440	1
2914 29467	1
49544 202645	1
3356 32915	1
3356 45147	1
8218 41653	1
2914 38154	1
19151 20448	1
12989 42473	1
4826 56135	1
29608 197981	0
1273 52019	1
8220 13054	0
8220 28676	0
3356 44788	1
174 14877	1
2914 13649	1
1273 201528	1
3257 10886	0
3257 8928	1
8220 5459	0
3292 47527	1
174 8280	1
3292 49010	1
174 36131	1
3356 3216	1
8220 25068	0
174 61044	1
8220 197426	0
3292 197799	1
1299 14051	1
6830 206159	1
2914 43304	1
3257 45177	1
1836 23106	0
3356 21740	1
1257 2686	0
3257 36236	1
8218 57928	1
2914 29686	1
7018 30325	1
1836 15169	0
3549 28198	1
1836 3303	0
13030 42184	1
3356 9680	1
3292 62210	1
174 32181	1
2914 29049	1
3356 14155	1
3356 58318	1
174 394559	1
1257 33886	0
3292 49278	1
3257 39637	1
174 13977	1
174 36667	1
3292 49272	1
8359 15640	1
174 36394	1
2914 15802	1
3257 27381	1
8359 12695	1
3303 37100	0
2914 25220	1
4826 64044	1
3356 29899	1
8220 203231	0
2914 24334	1
9009 200826	1
8220 8968	0
2914 29838	1
174 20917	1
174 41625	1
174 199421	1
1764 13042	1
2914 45356	1
2914 32934	1
1299 6855	1
3292 199213	1
7018 30037	1
3303 59748	1
2914 24246	1
8220 12897	0
8220 18705	0
8220 8612	0
29608 39104	0
12989 262354	1
29608 132876	0
8218 202604	1
2914 18077	1
8928 50173	1
33891 39912	1
13030 8262	1
174 2914	0
174 55805	1
174 209	0
33891 48918	1
6830 9100	1
29608 60868	0
33891 206564	1
3257 1403	1
174 577	1
33891 16316	1
3549 16397	1
4826 45158	1
174 202053	1
3491 11172	1
8218 35665	1
2914 8403	1
174 196689	1
3356 54372	1
3356 393365	1
6453 6762	0
3257 17149	1
8218 199248	1
1836 41913	0
8220 44814	0
3292 44763	1
174 64233	1
1836 15435	0
174 25222	1
3549 28329	1
3549 28178	1
174 59597	1
3303 12511	1
49544 57088	1
2914 9268	1
8220 3267	0
174 15924	1
33891 196954	1
6830 198537	1
29608 6661	0
286 1136	1
174 3778	1
3356 15224	1
174 56910	1
8220 60522	0
13030 8319	1
1299 10490	1
13030 29430	1
3257 62874	1
7018 29992	1
2914 4694	1
2914 45796	1
2914 4922	1
286 197071	0
8359 57079	1
2914 4693	1
174 55064	1
6830 59398	1
7018 5787	1
8220 61266	0
2914 18260	1
8220 31510	0
2914 35017	1
6830 31079	1,0
1299 5617	1
2914 18268	1
8220 37468	0
1836 6772	0
174 207225	1
1836 6776	0
174 4766	1
2914 53340	1
3257 56286	1
3257 376	1
2914 26549	1
1836 43190	0
8220 30827	0
8359 199524	1
3356 10753	1
2914 55901	1
2914 55900	1
3303 60486	1
2914 9318	1
8220 34863	0
8220 201080	0
3303 12429	1
29608 6939	0
1273 201529	1
174 47443	1
6453 2914	0
3356 5693	1
8220 20886	0
2914 26935	1
1836 43996	0
29608 57734	0
3549 27986	1
2914 51945	1
174 62489	1
2914 26223	1
3292 12935	1
3257 51407	1
2914 4589	1
3356 44217	1
3257 42177	1
2914 26228	1
8928 203148	1
29608 60171	0
3549 52584	1
8218 24992	1
174 19531	1
3549 262726	1
3356 3851	1
2914 34655	1
174 15372	1
2914 19930	1
3356 36629	1
4826 58473	1
174 14178	1
3356 36625	1
4826 134139	1
3356 36627	1
2914 8683	1
6830 39879	1
3257 34922	1
8220 16171	0
3257 6713	1
174 12189	1
5400 15854	1
8220 16174	0
8220 200020	0
2914 42	1
174 12181	1
174 12180	1
2914 11404	1
1836 8220	0
1836 198249	0
3549 27751	1
3356 4637	0
1836 197692	0
29608 43350	0
2914 28920	1
8220 15806	0
29608 37002	0
8220 2611	0
1836 39704	0
8220 12850	0
29608 47406	0
2914 46475	1
19151 25152	1
8220 24989	0
174 31273	1
1257 43922	1
3257 6391	1
174 60458	1
33891 204243	1
3549 262388	1
2914 7029	1
3292 201503	1
2914 18282	1
174 11232	1
29608 16211	0
8220 29119	0
6830 21466	1
1836 21040	0
3356 32703	1
1836 20953	0
3356 12401	1
2914 23783	1
2914 12578	1
3356 33874	1
8220 206701	0
43100 199422	0
29608 57928	0
6830 13237	0
3356 25215	1
19151 36383	1
7018 11870	1
29608 8399	0
8218 57734	1
12883 24962	1
2914 21949	1
29608 8554	0
3356 37084	1
3356 199270	1
2914 19528	1
174 52344	1
1257 55195	0
29608 4651	0
2914 15412	1
6830 8928	0
3257 33459	1
8218 204046	1
3292 199215	1
2914 7979	1
13030 3186	1
1299 7979	1
1257 21195	0
2914 23308	1
4826 56038	1
8732 31430	1
12989 394506	1
3356 2140	1
2914 38016	1
6830 48112	1
286 60522	0
3257 7752	1
4826 56030	1
2914 7575	1
8220 16004	0
3549 14282	1
8220 31216	0
2914 12179	1
3356 7349	1
2914 2500	1
286 48297	0
1299 29066	1
1853 2494	1
3356 29649	1
8220 30781	0
1836 8359	0
4826 135292	1
7018 2687	1
7018 2686	1
7018 2685	1
6830 30720	1
33891 200086	1
2914 20940	1
3356 393423	1
174 12926	1
2914 38496	1
29691 44919	1
3292 206799	1
2914 23454	1
7018 2688	1
2914 13370	1
3257 51865	1
3257 15421	1
2914 22414	1
3549 263891	1
3549 264112	1
1836 33891	0
2914 23944	1
2914 23947	1
8220 197913	0
2914 29452	1
29608 39605	0
3356 101	1
8220 42649	0
2914 24295	1
33891 28876	1
3356 109	1
3303 34893	1
2914 6735	1
3549 264803	1
174 55	1
8220 12670	0
3257 394346	1
8220 29263	0
3356 16509	1
8220 58010	0
3257 33923	1
3257 577	1
2914 28725	1
8220 12316	0
1764 25255	1
2914 3927	1
29608 2484	0
3257 53828	1
8220 8595	0
3549 262605	1
1257 44034	0
1257 53264	0
13030 35206	1
6830 39817	1
3356 29944	1
8220 12709	0
8220 42612	0
3356 29765	1
174 18590	1
8220 47631	0
3549 262773	1
29608 39444	0
6453 6461	0
8218 44994	1
7018 30337	1
3257 44124	1
3257 18717	1
2914 14928	1
2914 29037	1
1836 24482	0
1257 20932	0
2914 18915	1
6830 12956	0
3356 22773	1
1836 51873	0
3356 36271	1
2914 38235	1
3257 41073	1
33891 34895	1
4826 58505	1
3549 27747	1
3549 264931	1
1836 48519	0
1257 31059	0
3549 26610	1
3356 44314	1
3257 9197	1
8220 13414	0
1836 31383	0
174 36671	1
3257 36408	1
8218 200435	1
3257 26375	1
7018 13996	1
7018 10538	1
8220 41230	0
174 16236	1
2914 50611	1
553 42873	1
174 15583	1
33891 16097	1
2914 21554	1
174 30736	1
33891 25504	1
1836 28917	0
3257 16552	1
3257 8151	1
2914 16876	1
8220 202761	0
2914 42579	1
8220 60032	0
7018 55091	1
1836 12989	0
1257 3320	0
3356 15703	1
2914 28497	1
1836 32590	0
12779 2594	1
12779 2595	1
7018 6431	1
2914 9416	1
2914 25098	1
3257 31167	1
6830 34049	1
174 262206	1
1257 198450	1
174 13819	1
2914 42973	1
3257 1280	0
8220 201058	0
174 1239	0
33891 24961	1
2914 30148	1
3356 26365	1
3216 51956	1
2914 16463	1
8220 50372	0
4826 133480	1
2914 17675	1
1257 31424	0
12989 34106	3
29608 206782	0
3303 42	0
3257 197549	1
3257 198949	1
174 30029	1
174 31511	1
1299 12975	1
1257 12578	0
8359 7979	1
174 8530	1
3356 13329	1
8220 56550	0
8220 21309	0
33891 202524	1
6830 24641	1
8218 42924	1
8359 25513	1
174 37054	1
101 7774	1
3549 6306	1
1257 198463	1
174 197500	1
29608 30781	0
2914 24477	1
1887 197982	1
33891 48885	1
8220 3216	0
8220 3213	0
174 19151	1
2914 17660	1
3549 28142	1
6830 21232	1
3356 25853	1
2914 19679	1
7018 174	0
2914 5539	1
8220 12993	0
3356 24582	1
3303 12333	1
1273 39836	1
7018 29705	1
1257 34686	1
3549 266165	1
8220 60610	0
2914 27257	1
12989 6169	1
2914 41887	1
19151 13706	1
2914 4704	1
3257 63119	1
29608 13335	0
7018 196	1
1257 39840	1
6453 3292	0
3257 22915	1
2914 18450	1
8220 47406	0
8220 8400	0
174 60893	1
2914 15699	1
174 48305	1
9009 61281	1
2914 17709	1
174 49435	1
3257 44914	1
8218 15826	1
43100 61394	0
2914 26415	1
3549 26592	1
3356 15065	1
2914 9329	1
3257 3842	1
174 40913	1
174 29825	1
174 51432	1
9009 202527	1
9009 203443	1
8928 44898	1
174 39781	1
174 394275	1
8359 44677	1
8220 37662	0
1299 14742	1
3491 14080	1
3257 12252	1
5408 202640	1
8359 50222	1
7018 40912	1
174 34949	1
1257 32590	0
3356 1216	1
3356 1217	1
2914 45630	1
3356 1215	1
3257 35993	1
3549 52714	1
1257 34756	0
1836 13768	0
3356 3713	1
174 62160	1
3257 35994	1
2914 64233	1
8220 6682	0
9503 55759	1
8220 15412	0
3356 13247	1
2914 55805	1
3257 19752	1
5511 10764	0
2914 55803	1
174 42755	1
174 196724	1
286 42344	1
3257 11074	1
33891 8412	1
2914 4711	1
2914 4713	1
2914 40913	1
4826 9822	1
7018 1906	1
49544 203319	1
1257 6830	0
1836 25220	0
1836 41549	0
1299 38930	1
3356 30742	1
2914 22317	1
3257 33597	1
1764 51890	1
3356 62021	1
13030 199511	1
2914 32550	1
3356 7753	1
2914 23774	1
3549 52488	1
3356 7754	1
174 812	0
2914 3599	1
8220 12849	0
174 25694	1
174 25697	1
6830 199101	1
174 31241	1
2914 53180	1
3257 34006	1
2914 7012	1
2914 32787	1
174 25509	1
3356 6623	1
174 15962	1
3356 6621	1
8220 15703	0
2914 7019	1
3356 200520	1
3356 6368	1
3356 17113	1
6830 200986	1
3216 61131	1
1836 20940	0
13030 42473	1
174 12778	1
174 43291	1
29608 201675	0
1273 9500	1
174 62943	1
33891 201535	1
3303 4739	0
12989 262462	1
8220 15966	0
8218 2486	1
12989 7162	1
6453 2497	0
2914 54500	1
6453 12956	0
29608 8565	0
1257 1239	0
2914 14282	1
34309 56876	1
8220 31319	0
174 61440	1
6830 201213	1
3257 12035	1
13030 29691	1
174 63008	1
3216 197556	1
3292 44764	1
174 34219	1
3257 47537	1
29075 43142	1
174 34748	1
174 3356	0
6830 43127	1
3257 7632	1
3257 57723	1
3356 12079	1
7018 4196	1
2914 38001	1
8359 20895	1
174 17056	1
2914 31708	1
3356 62738	1
3356 49565	1
3257 49964	1
2914 12389	1
286 39063	0
13030 199071	1
2914 51055	1
3549 28646	1
12989 26769	1
174 34967	1
3356 33260	1
2914 13490	1
8218 199708	1
12989 263449	1
8220 1213	0
1836 5524	0
3257 29644	1
29608 29169	0
286 34895	1
2914 3842	1
3356 4878	1
2914 30496	1
4826 133173	1
3257 40191	1
2914 8968	1
3257 15412	1
2914 9269	1
29075 42929	1
8220 29608	0
6830 33890	1
174 16186	1
29608 60444	0
1299 7819	1
3356 11403	1
174 11643	1
33891 62359	1
33891 35592	1
1257 8400	0
1257 20764	0
1836 20495	0
29608 50903	0
8220 9583	0
3257 20850	1
1836 64463	0
3356 4583	1
12586 197071	1
3356 32934	1
3356 203201	1
7018 26380	1
3257 14382	1
174 53428	1
33891 62177	1
29608 199660	0
3257 394354	1
7018 46489	1
3356 12897	1
6830 197451	1
8359 42126	1
3356 22198	1
3356 7979	1
3356 200561	1
3356 58536	1
174 206529	1
29608 55195	0
3356 48483	1
6830 56450	1
6830 29560	1
6830 43046	1
174 33901	1
12989 53070	1
29608 199121	0
15600 8821	1
2914 25795	1
174 43333	1
13030 197000	1
12779 62009	1
8220 137	0
3356 8175	1
174 20618	1
29608 198435	0
3257 11403	1
2914 262765	1
8218 16363	1
3356 11192	1
4826 45881	1
1299 27986	1
8220 6908	0
3257 134386	1
2914 1280	1
1299 27458	1
3356 702	0
8220 8966	0
2914 13037	1
49544 60022	1
3356 22442	1
4826 38719	1
8359 61400	1
7018 21554	1
1299 6762	0
6830 12315	1
3292 49292	1
3356 6498	1
1836 29691	0
1836 29697	0
2914 56595	1
33891 60729	1
3356 42695	1
8220 43100	0
174 2711	1
3292 56828	1
174 39591	1
2914 2711	1
174 201365	1
286 20546	0
6830 60199	1
8220 680	0
6830 43681	1
8220 14413	0
3216 34557	1
7018 17232	1
2914 24319	1
174 43160	1
174 10932	1
1257 13030	0
1299 13293	1
3257 17012	1
8220 19679	0
12989 28239	1
3356 46977	1
8220 2828	0
29608 6758	0
8220 203968	0
3356 23005	1
8220 8365	0
8220 6834	0
3356 376	1
3356 42473	1
3320 3303	1
174 44141	1
29608 112	0
29608 32934	0
3257 54103	1
7018 6939	0
3257 54104	1
8218 12605	1
4826 38809	1
2914 132211	1
13030 41655	1
3257 34270	1
2914 17645	1
3549 16712	1
3356 4058	1
3257 29680	1
2914 42455	1
1836 4589	0
3257 31287	1
2914 60626	1
1299 3249	1
2914 133929	1
286 7018	0
174 50309	1
29608 48519	0
3356 394903	1
3356 10628	1
3356 394901	1
6830 203420	1
29691 203434	1
3216 15930	1
3356 14454	1
3356 5050	1
8220 60169	0
3356 15189	1
8359 28884	1
3549 53181	1
1299 59469	1
3356 46378	1
3356 26570	1
13030 15479	1
8220 25151	0
33891 13101	1
8220 8560	0
9009 205848	1
2914 63981	1
8218 205992	1
8220 3209	0
8220 1680	0
8220 61215	0
29608 47608	0
174 26716	1
174 54555	1
8218 50032	1
6830 48849	1
6830 196845	1
7018 15133	0
7018 15130	1
12883 30128	1
2914 4672	1
2914 4673	1
174 7843	1
3356 48519	1
1764 44385	1
2914 4675	1
3257 51776	1
1836 202018	0
6830 197307	1
3356 35028	1
3257 34279	1
1836 36351	0
5511 3215	1
1299 36459	1
1836 206264	0
3356 46573	1
33891 47692	1
3292 30795	1
2914 8751	1
2914 52579	1
8220 47474	0
286 2906	0
29608 50245	0
2914 64	1
286 201405	1
2914 24768	1
286 9211	1
29608 51754	0
174 31877	1
174 203544	1
33891 21413	1
2914 9621	1
3549 30614	1
7018 63450	1
3257 21321	1
101 10430	1
2914 202222	1
5400 206618	1
7018 7151	1
3257 21740	1
49544 205999	1
174 2116	1
1299 18403	1
3549 28308	1
29608 39122	0
1764 51454	1
49605 60501	1
2914 27330	1
29608 198184	0
7018 237	1
1273 24835	1
33891 25447	1
8220 34245	0
3549 263435	1
8220 61337	0
174 207096	1
29608 22822	0
3257 12287	1
3356 6503	1
1299 46130	1
1299 43948	1
29608 16347	0
2914 45629	1
7018 55196	1
8220 34087	0
174 3329	1
2914 4474	1
8220 201205	0
3356 13443	1
29608 57119	0
3257 11215	1
8220 42456	0
7018 19024	1
3356 13448	1
1299 35432	1
286 8717	0
3257 41495	1
1836 3856	0
3356 8553	1
174 6059	1
8218 202236	1
1836 33845	0
8218 59689	1
2914 12390	1
1836 8758	0
174 32890	1
3356 39642	1
1836 21221	0
2914 14413	1
1836 41552	0
3549 263479	1
3257 56611	1
29608 8400	0
4826 17819	1
2914 46450	1
8220 8708	0
2914 22302	1
3549 203818	1
13030 206484	1
28917 39134	1
3257 33724	1
174 25689	1
3356 20433	1
8220 16024	0
1257 197595	1
3356 29119	1
174 46950	1
2914 226	1
12989 263444	1
3356 41095	1
2914 3727	1
6667 719	1
174 23028	1
3292 50572	1
174 25512	1
174 63007	1
8928 25575	1
3356 44334	1
1273 20940	1
33891 8339	1
2914 37271	1
6830 701	0
33891 51862	1
2914 47872	1
3356 19323	1
3356 30023	1
1273 12386	1
8220 2128	0
3292 21171	1
174 34683	1
3356 207220	1
7018 46875	1
29608 29605	0
8220 47999	0
1836 16276	0
3356 36459	1
7018 7332	1
6830 44453	1
174 52142	1
29608 57976	0
7018 2914	0
9503 7696	1
3356 34087	1
174 34977	1
49605 60975	1
3356 43519	1
174 4637	0
7018 3423	1
29608 53264	0
1299 701	0
7018 20057	1
174 3320	0
8220 29049	0
3356 6984	1
8220 45014	0
286 109	1
7018 4186	1
3356 6762	0
7018 4185	1
7018 3356	0
29691 57118	1
7018 16966	1
7018 16967	1
7018 16961	1
1836 2852	0
1836 34288	0
8220 6461	0
3356 32614	1
2914 7598	1
3356 12337	1
3356 48328	1
2914 2526	1
2914 2527	1
3257 29655	1
2914 7752	1
3356 26613	1
2914 7754	1
2914 33597	1
43100 197036	0
3356 29695	1
3257 7992	1
2914 18501	1
6667 39699	1
8218 44407	1
7018 25923	1
8220 12389	0
174 47956	1
174 265509	1
2914 22439	1
6453 1299	0
8359 33817	1
7018 16567	1
3356 16813	1
3257 10910	1
1836 50673	0
29608 198335	0
174 13490	1
2914 45187	1
174 17113	1
3257 48850	1
1836 29655	0
7018 394901	1
2914 38726	1
7018 394903	1
1257 8437	1
29608 197696	0
3292 60053	1
8220 197595	0
13030 201701	1
8100 22298	1
33891 48200	1
33891 51531	1
6830 8453	1
9503 9303	1
5511 3303	0
7018 20940	1
1299 394028	1
29608 20766	1
3549 265269	1
8359 8470	1
1836 31529	0
174 8895	1
29608 9583	0
2914 1764	1
3549 263857	1
29608 39405	0
3257 803	1
2914 37100	1
6830 201481	1
8220 394354	0
3257 45750	1
1836 12387	0
3257 8769	1
42861 39709	1
3356 327889	1
2914 3943	1
3356 133530	1
8220 20771	0
2914 3949	1
174 12942	1
3257 43266	1
3356 33695	1
174 61097	1
3257 15570	1
8220 5466	0
2914 262374	1
8220 6663	0
1836 31638	0
8220 6661	0
174 32354	1
2914 33606	1
3303 50609	1
3356 766	1
1257 35706	1
8359 57681	1
8220 9680	0
8220 6939	0
2914 29017	1
3356 560	1
3257 35180	1
3356 27364	1
174 32613	1
13030 41887	1
3549 21599	1
3549 53223	1
2914 33353	1
2914 31515	1
3356 32035	1
8220 12470	0
2914 30740	1
3356 36008	1
2914 5541	1
6830 197029	1
6830 196687	1
8220 33808	0
174 16958	1
3257 24953	1
7018 19621	1
9009 47869	1
3356 36003	1
174 10912	1
174 10913	1
174 10910	1
8220 49158	0
12989 52937	1
33891 59898	1
2914 21525	1
7018 18676	1
2914 49544	1
3292 15389	1
3356 72	1
2914 21523	1
13030 262148	1
7018 10771	1
7018 4986	1
7018 394902	1
3356 4136	1
7018 10774	1
174 10732	1
1257 3301	0
33891 21083	1
1257 3306	1
29608 48296	0
8220 8315	0
7018 22571	1
29608 2200	0
8220 51224	0
174 39295	1
3356 11030	1
3257 25973	1
174 44891	1
7018 6453	0
174 200185	1
6830 12676	1
3356 59605	1
174 206278	1
1257 2497	0
174 6189	1
33891 50629	1
8359 62348	1
174 3347	1
2914 31463	1
8218 34173	1
3356 3302	1
174 91	1
1273 204236	1
6830 5404	1
3292 6834	1
2914 43376	1
3257 48305	1
2914 28788	1
2914 45430	1
1764 21079	1
4826 45186	1
8220 29246	0
1299 4922	1
3257 30148	1
3356 20115	0
34019 51257	1
3257 30633	1
174 51790	1
29608 25593	0
2914 44814	1
12989 33438	1
39904 205724	1
1273 43639	1
3257 18119	1
25074 42221	1
2914 56111	1
2914 34224	1
1257 16509	0
3303 57370	1
8220 8551	0
3257 17139	1
8220 8224	0
286 9116	1
3549 28126	1
2914 132084	1
2914 393220	1
2914 393225	1
2914 63997	1
1299 63237	1
3356 11215	1
3292 199470	1
7018 40098	1
2914 17819	1
7018 14182	1
174 20141	1
3356 27381	1
29608 31595	0
7018 11170	1
8220 56630	0
2914 10099	1
2914 4641	1
8220 37002	0
174 35706	1
174 203151	1
174 22693	1
2914 9293	1
8220 21385	0
3257 16668	1
2914 4648	1
2914 32748	1
3356 13135	1
3549 262676	1
286 60805	1
174 22898	1
4826 45500	1
33891 29670	1
3257 2110	1
12989 262706	1
8359 56969	1
2914 11054	1
2914 9619	1
13030 9108	1
33891 33988	1
6830 59675	1
174 59497	1
2914 10146	1
8220 8426	0
8220 3303	0
174 29886	1
2914 63199	1
1299 205824	1
1836 8966	0
174 14746	1
174 14745	1
174 394229	1
1836 42949	0
3356 53857	1
3257 43074	1
2914 31313	1
2914 394968	1
174 49292	1
1836 59824	0
13030 48218	1
2914 27435	1
2914 5607	1
1257 31133	0
3356 13045	1
2914 17113	1
2914 4809	1
2914 7529	1
174 2108	1
6453 3257	0
8359 25086	1
2914 11385	1
8220 35320	0
2914 4800	1
2914 6739	1
3356 1239	0
3356 10780	1
3257 46562	1
3257 63008	1
1836 49983	0
28917 42244	1
174 16253	1
8220 30933	0
8359 199599	1
3356 53297	1
3549 262241	1
6830 12557	1
6667 42343	1
33891 39090	1
29608 7500	0
2914 14627	1
3356 19554	1
174 11403	1
33891 197540	1
174 12182	1
174 50974	1
3292 16245	1
174 47179	1
3257 237	0
9503 45475	1
7018 6325	1
8220 23947	0
3356 13876	1
2914 198913	1
2914 198440	1
174 12178	1
8220 20546	0
174 202042	1
29075 13273	1
3549 262881	1
3303 13489	0
29608 16265	0
8220 34934	0
1257 1853	0
13030 34960	1
174 12956	0
3257 22799	1
33891 5404	1
6830 42005	0
3356 18683	1
2914 18097	1
2914 18092	1
33891 31103	1
20764 56630	1
3549 262401	1
3356 25144	1
1257 197581	1
6453 3491	0
2914 36086	1
8220 35699	0
3356 196870	1
29608 21351	0
2914 3737	1
6830 200506	1
3292 44838	1
13030 35369	1
6667 2586	1
2914 14244	1
8220 15763	0
8220 25460	0
3356 33667	0
6830 6327	0
33891 203776	1
174 34971	1
3356 33662	0
2914 7617	1
3356 33660	0
3257 9821	1
29608 44494	0
286 13054	1
3356 59930	1
1299 264676	1
2914 11767	1
49544 204251	1
3356 33069	1
4826 17732	1
3356 40107	1
3356 16880	1
1273 199516	1
2914 44568	1
3356 21069	1
8220 31334	0
3356 17223	1
2914 133444	1
1257 41848	1
2914 198047	1
3356 7171	1
3356 60476	1
12586 48039	1
1257 702	0
174 34762	1
3257 22822	1
1299 714	1
8220 15589	0
3356 11915	1
286 41108	1
33891 56719	1
2914 31727	1
3292 204171	1
8220 9211	0
174 13536	1
1836 8368	0
3257 200425	1
1836 8365	0
2914 46785	1
3356 22518	1
3356 19021	1
12779 51300	1
1836 33915	0
8220 12390	0
2914 55002	1
3216 25549	1
8220 15830	0
1836 8560	0
3292 42175	1
6830 8245	1
3356 29422	1
6830 51873	1
174 39572	1
29608 2906	0
29608 8218	0
8220 43893	0
2914 22442	1
6453 1280	0
2914 53059	1
174 21277	1
174 13156	1
1257 8426	0
29608 202069	0
3257 7500	1
1836 34442	0
49544 198485	1
2914 34803	1
174 8311	1
174 20836	1
1299 54700	1
3257 46609	1
8220 48297	0
8220 48296	0
8220 48293	0
6830 206128	1
3356 2707	1
1836 34019	0
2914 40107	1
8220 47447	0
1299 6167	1
286 8315	1
3257 23114	1
7018 13880	1
3356 33445	1
8218 45050	1
4826 56178	1
3356 23472	1
3356 4927	1
2914 21013	1
7018 6075	1
4826 58683	1
6830 20609	1
3257 11647	1
3356 3257	0
29608 12876	0
6830 39758	1
3257 11643	1
2914 394437	1
6830 34080	1
1257 30880	0
9503 132264	1
2914 396370	1
1257 20861	1
6830 48417	1
3216 38984	1
33891 201962	1
2914 45960	1
174 48260	1
8220 8764	0
3257 19679	1
8220 8767	0
29608 61205	0
29075 51630	1
2914 29006	1
2914 15133	1
2914 29550	1
8220 9145	0
8220 12732	0
8220 12731	0
8220 8529	0
3356 8732	1
4826 38220	1
3356 7828	1
7018 1299	0
3257 60929	1
7018 33346	1
33891 62023	1
29608 41090	0
8218 8445	1
174 54480	1
33891 60955	1
3257 197308	1
3356 27553	1
8220 50933	0
13030 20988	1
3257 17924	1
174 204050	1
3257 53889	1
3257 36385	1
3549 262847	1
7018 17225	1
7018 17226	1
7018 17227	1
2914 35994	1
12989 52925	1
3356 3495	1
8220 5521	0
8220 2200	0
33597 53334	0
3356 174	0
7018 17228	1
7018 17229	1
174 10929	1
3257 10026	1
2914 57976	1
8220 43995	0
8220 56990	0
3356 8723	1
174 36444	1
174 3685	1
3257 14743	1
1257 36351	0
4826 132347	1
7018 6461	0
6830 39904	1
3257 47956	1
3549 28007	1
9503 56304	1
3257 40676	1
6453 7018	0
1853 47515	1
174 35699	1
9009 3280	1
8359 29072	1
3257 20650	1
3356 50533	1
2914 31477	1
2914 30282	1
2914 34119	1
3356 33659	0
2914 21743	1
3356 714	1
3356 204236	1
2914 16713	1
3257 394935	1
3356 200081	1
1257 49419	1
8220 32787	0
1836 23148	0
1836 43821	0
8928 5669	1
3356 25605	1
3549 53230	1
8359 41938	1
3257 24958	1
33891 16628	1
8220 200780	0
7018 14043	1
3257 30607	1
13030 4250	1
8218 15695	1
1257 15991	1
8220 47217	0
8220 47215	0
8928 42160	1
5511 8928	1
3292 197519	1
1299 49532	1
1273 9269	1
1836 15479	0
7018 10384	1
1273 49229	1
3356 6582	1
4826 24005	1
3257 60068	1
3356 792	1
29608 31424	0
13030 15498	1
12989 264005	1
19151 63271	1
6830 199511	1
33597 197495	0
3356 33152	1
29608 198545	0
2914 17534	1
6453 6830	0
15412 9304	1
2914 27647	1
5511 701	0
3356 54995	1
6802 48155	1
3257 51754	1
2914 199659	1
3257 29066	1
2914 45510	1
13030 33965	1
1836 202032	0
3216 20597	1
2914 43639	1
2914 34587	1
34019 35600	1
8359 42187	1
33891 49034	1
49544 204059	1
3257 20278	1
2914 31263	1
29608 32590	0
2914 4250	1
2914 34347	1
2914 59395	1
2914 9605	1
174 63152	1
174 29003	1
174 14754	1
286 11081	1
8220 44981	0
3549 28226	1
8220 60800	0
174 30893	1
3356 286	0
3549 265399	1
33891 198967	1
3257 20473	1
3292 41164	1
8359 44267	1
4826 24319	1
174 14288	1
3549 52787	1
3356 61221	1
3257 22652	1
3356 31463	1
174 7459	1
2914 133613	1
2914 133612	1
6830 206291	1
3257 24776	1
8218 57103	1
8220 34510	0
3257 264709	1
174 48150	1
3257 197729	1
1299 14080	1
3356 18450	1
2914 12085	1
3356 6566	1
3356 1241	1
1257 1273	0
4826 17766	1
1836 57023	0
174 59778	1
174 198213	1
3257 35491	1
8218 51243	1
1273 33874	1
3549 262273	1
174 11383	1
1836 21232	0
3356 64262	1
3356 12008	1
3257 50083	1
3292 42697	1
3356 14492	1
29608 58308	0
3356 19871	1
7018 262928	1
2914 4651	1
2914 30914	1
2914 9999	1
2914 4657	1
174 34572	1
3257 2734	1
13030 18845	1
174 29901	1
8220 50056	0
12989 52613	1
2914 41135	1
3356 13649	1
6453 2828	0
174 33481	1
3356 394581	1
286 8897	1
174 203055	1
3549 61570	1
3356 21472	1
3549 25751	1
3303 135391	0
8220 42344	0
4826 134393	1
3257 9583	1
3257 13739	1
3257 3255	1
3549 11271	1
29691 47639	1
1273 12541	1
1273 4775	1
8928 47187	1
1257 25255	1
3257 44806	1
3356 14145	1
6830 39906	1
1836 1764	0
3356 6167	1
1836 24875	0
8220 24724	0
9503 132509	1
3257 39392	1
174 15085	1
3356 19905	1
2914 7602	1
174 46571	1
174 25649	1
8220 29680	0
3356 19305	1
9503 45285	1
4826 55923	1
2914 12008	1
174 16281	1
8220 54113	0
1836 1140	0
8218 12826	1
3356 33055	1
2914 26008	1
1836 34868	0
174 6327	1
1299 27884	1
3356 33052	1
3549 263097	1
8218 197036	1
174 28768	1
8928 47216	1
2914 46656	1
3549 262989	1
3356 11133	1
1836 49685	0
8220 3491	0
3257 44454	1
7018 27281	1
3356 7160	1
2914 15450	1
2914 18379	1
1257 714	0
7018 13959	1
174 43383	1
3549 21574	1
174 394028	1
3356 51865	1
3257 393545	1
2914 12716	1
13030 35518	1
8218 51754	1
286 13443	1
13030 59414	1
7018 1668	0
2914 13443	1
174 35425	1
3257 25605	1
2914 13445	1
2914 50533	1
8220 24786	1
174 25003	1
4826 45437	1
3257 51406	1
29608 9036	0
1257 34244	1
3356 61255	1
3356 19019	1
1257 1120	0
3257 11260	1
9009 199462	1
174 202865	1
3257 31147	1
8220 41690	0
3356 13880	1
286 45012	1
29608 15547	0
29608 30889	0
8220 17660	0
3292 203779	1
12989 13926	1
3356 16617	1
174 9070	1
174 25229	1
33891 553	1
3292 201419	1
8220 35205	0
3356 7015	0
2914 13536	1
8220 43833	0
3356 7018	0
6453 5400	0
174 394380	1
3549 19582	1
8218 21360	1
1257 50989	0
3356 200183	1
6830 28919	1
8220 31076	0
3549 264844	1
8220 31078	0
174 53922	1
174 42331	1
6453 1257	0
174 7849	1
3257 205842	1
2914 133045	1
3356 48299	1
2914 56472	1
3356 48294	1
1836 16509	0
2914 12222	1
174 28458	1
2914 44160	1
3356 40285	1
7018 393599	1
1257 1764	0
3356 62947	1
3257 11404	1
29608 59689	0
19151 13703	1
3356 4809	1
3257 54540	1
3257 54543	1
3257 43289	1
8220 20621	0
3257 26554	1
174 13039	1
3257 36666	1
1273 45430	1
3257 7795	1
7018 3379	1
8220 5400	0
8220 42652	0
13030 31451	1
2914 44239	1
174 18712	1
3356 48345	1
8220 57119	0
8220 5409	0
12779 25309	1
2914 57653	1
1836 15716	0
3356 20464	1
8220 5392	0
2914 59432	1
3257 36040	1
3257 19662	1
8220 9153	0
3257 16080	1
174 201196	1
174 16713	1
6830 12329	1
3356 22709	1
174 44993	1
2914 6067	1
6830 60059	1
3356 33544	1
2914 25291	1
174 32869	1
33891 207243	1
3356 394117	1
7018 17233	1
8220 39326	0
7018 17231	1
3257 29854	1
8359 12668	1
174 44185	1
6830 197798	1
2914 35985	1
7018 2158	1
2914 41313	1
1299 9049	1
3356 30021	1
6830 196843	1
174 53454	1
2914 24989	1
1836 31500	0
8220 42831	0
7018 14299	1
3549 28586	1
174 29854	1
1257 29518	0
8220 6866	0
8220 2818	0
12989 52770	1
3257 24514	1
1764 1853	1
3257 48659	1
12586 205942	1
2914 34816	1
174 33260	1
1299 48152	1
3257 32613	1
286 12355	1
2914 12180	1
1299 7029	1
7018 19544	1
174 701	0
2914 34164	1
2914 17639	1
8220 47998	0
2914 31400	1
29608 31638	0
3356 46786	1
5511 3491	0
174 206988	1
3257 5580	1
3216 34329	1
13030 60804	1
3257 15133	1
2914 43354	1
2914 24218	1
25074 44946	1
19151 40015	1
286 31477	1
12859 61212	1
174 36236	1
1836 714	0
1764 51066	1
8220 42689	0
174 41231	1
3356 394935	1
3303 20988	1
8218 35012	1
8342 16083	1
8220 34984	0
2914 133959	1
29608 12684	0
2914 64096	1
174 50234	1
3257 57677	1
7018 10390	1
2914 29611	1
8220 14340	0
174 31753	1
8220 47195	0
7018 11483	1
174 19117	1
9009 57436	1
2914 35366	1
1257 198568	1
174 4230	1
2914 18779	1
1299 8752	1
174 64049	1
174 54290	1
1273 45899	1
29527 34623	1
2914 27008	1
8262 8745	1
2914 27630	1
8218 201932	1
2914 27566	1
2914 5713	1
3356 47605	1
174 7979	1
1299 3342	1
8220 20640	0
174 27750	1
9009 62172	1
174 51796	1
29075 199571	1
28917 62423	1
3257 34762	1
174 200623	1
19151 20278	1
3257 13039	1
1836 6724	0
3257 23655	1
3257 35393	1
2914 8767	1
174 197077	1
2914 31273	1
2914 9365	1
286 34984	1
174 50702	1
3257 19966	1
3549 28210	1
174 19024	1
174 30798	1
3257 40805	1
174 60341	1
12859 30132	1
2914 54588	1
4826 132394	1
3356 16724	1
3356 15029	1
2914 60171	1
3257 8452	1
174 7332	1
3257 25697	1
3257 16086	1
2914 131157	1
3257 206776	1
174 10566	1
4826 60758	1
2914 132602	1
3216 13296	1
29608 49690	0
29608 58208	0
174 15419	1
174 203223	1
174 203596	1
3356 1257	0
3303 15796	1
3549 262266	1
3356 54086	1
1299 15659	1
8928 206701	1
2914 134396	1
286 8224	1
8218 29605	1
2914 134391	1
4826 45671	1
174 54927	1
174 30083	1
2914 134399	1
1257 47872	0
3257 6517	1
3257 35244	1
1299 14413	1
3356 199391	1
2914 4755	1
7018 23318	1
3257 39923	1
2914 18712	1
3356 26496	1
174 15389	1
29608 16080	0
6453 15169	0
2914 9505	1
13030 60392	1
28917 52191	1
8220 64049	0
12779 33077	1
8359 48818	1
24989 21948	1
29608 197422	0
174 61025	1
3356 199339	1
8928 3264	1
3356 7713	1
3216 41798	1
39904 47767	1
174 50446	1
2914 23539	1
29608 35625	0
1764 59779	1
3257 11854	1
4826 134389	1
174 852	1
3257 13213	1
174 46964	1
174 15701	1
8218 34235	1
174 5723	1
1273 31334	1
174 15092	1
8218 29513	1
2914 63399	1
174 15095	1
8220 200781	0
2914 10217	1
174 26375	1
1764 44133	1
